# Frame Contacts
3000 318
3010 343
3020 322
3030 319
3040 320
3050 335
3060 322
3070 331
3080 294
3090 254
3100 294
3110 292
3120 306
3130 283
3140 354
3150 357
3160 316
3170 313
3180 313
3190 320
3200 290
3210 296
3220 223
3230 242
3240 347
3250 281
3260 315
3270 286
3280 270
3290 286
3300 327
3310 254
3320 336
3330 305
3340 317
3350 344
3360 329
3370 336
3380 333
3390 328
3400 423
3410 372
3420 373
3430 385
3440 396
3450 407
3460 333
3470 344
3480 346
3490 334
3500 315
3510 407
3520 347
3530 395
3540 415
3550 366
3560 354
3570 363
3580 353
3590 366
3600 424
3610 351
3620 353
3630 344
3640 364
3650 335
3660 376
3670 358
3680 371
3690 359
3700 282
3710 316
3720 295
3730 302
3740 308
3750 309
3760 330
3770 291
3780 282
3790 324
3800 297
3810 335
3820 306
3830 328
3840 255
3850 267
3860 274
3870 254
3880 292
3890 295
3900 271
3910 295
3920 282
3930 251
3940 248
3950 252
3960 268
3970 273
3980 257
3990 245
4000 284
4010 279
4020 301
4030 298
4040 291
4050 323
4060 298
4070 351
4080 341
4090 309
4100 298
4110 411
4120 345
4130 370
4140 342
4150 363
4160 282
4170 306
4180 240
4190 274
4200 300
4210 312
4220 302
4230 381
4240 370
4250 411
4260 337
4270 373
4280 342
4290 330
4300 329
4310 307
4320 391
4330 377
4340 377
4350 368
4360 374
4370 416
4380 428
4390 381
4400 403
4410 434
4420 340
4430 369
4440 371
4450 392
4460 414
4470 465
4480 376
4490 490
4500 452
4510 406
4520 425
4530 425
4540 485
4550 449
4560 453
4570 407
4580 427
4590 412
4600 483
4610 454
4620 480
4630 469
4640 469
4650 472
4660 515
4670 459
4680 470
4690 473
4700 414
4710 437
4720 473
4730 520
4740 510
4750 519
4760 534
4770 518
4780 512
4790 539
4800 484
4810 508
4820 500
4830 520
4840 470
4850 448
4860 423
4870 405
4880 432
4890 361
4900 363
4910 454
4920 420
4930 467
4940 394
4950 439
4960 391
4970 411
4980 433
4990 448
5000 425
5010 429
5020 443
5030 451
5040 473
5050 544
5060 463
5070 443
5080 428
5090 458
5100 436
5110 446
5120 426
5130 439
5140 416
5150 362
5160 432
5170 392
5180 415
5190 426
5200 426
5210 440
5220 373
5230 393
5240 427
5250 394
5260 375
5270 468
5280 356
5290 487
5300 485
5310 368
5320 418
5330 445
5340 468
5350 412
5360 440
5370 462
5380 499
5390 546
5400 477
5410 506
5420 541
5430 529
5440 490
5450 572
5460 602
5470 517
5480 465
5490 462
5500 479
5510 483
5520 505
5530 475
5540 554
5550 492
5560 477
5570 440
5580 476
5590 523
5600 529
5610 526
5620 506
5630 504
5640 512
5650 531
5660 550
5670 513
5680 499
5690 499
5700 485
5710 418
5720 515
5730 513
5740 445
5750 505
5760 588
5770 573
5780 569
5790 523
5800 492
5810 611
5820 568
5830 555
5840 556
5850 540
5860 506
5870 554
5880 519
5890 568
5900 521
5910 507
5920 507
5930 515
5940 549
5950 541
5960 461
5970 519
5980 581
5990 544
6000 485
6010 546
6020 572
6030 569
6040 544
6050 522
6060 520
6070 557
6080 573
6090 557
6100 539
6110 540
6120 532
6130 538
6140 527
6150 517
6160 546
6170 527
6180 499
6190 568
6200 500
6210 532
6220 657
6230 596
6240 559
6250 497
6260 564
6270 543
6280 578
6290 616
6300 632
6310 565
6320 574
6330 538
6340 584
6350 550
6360 494
6370 465
6380 507
6390 437
6400 496
6410 553
6420 516
6430 543
6440 574
6450 594
6460 498
6470 582
6480 560
6490 538
6500 561
6510 574
6520 586
6530 579
6540 604
6550 561
6560 548
6570 614
6580 565
6590 554
6600 606
6610 619
6620 539
6630 540
6640 510
6650 520
6660 547
6670 542
6680 473
6690 612
6700 584
6710 554
6720 581
6730 607
6740 579
6750 571
6760 509
6770 504
6780 552
6790 485
6800 576
6810 544
6820 511
6830 577
6840 533
6850 531
6860 617
6870 604
6880 488
6890 529
6900 523
6910 556
6920 580
6930 514
6940 517
6950 471
6960 457
6970 436
6980 500
6990 470
7000 414
7010 406
7020 399
7030 373
7040 382
7050 388
7060 365
7070 381
7080 364
7090 409
7100 425
7110 440
7120 376
7130 290
7140 362
7150 331
7160 318
7170 355
7180 380
7190 310
7200 312
7210 313
7220 357
7230 417
7240 355
7250 316
7260 315
7270 296
7280 342
7290 372
7300 378
7310 430
7320 436
7330 477
7340 408
7350 367
7360 408
7370 447
7380 383
7390 425
7400 441
7410 379
7420 432
7430 446
7440 353
7450 350
7460 441
7470 386
7480 399
7490 340
7500 376
7510 369
7520 423
7530 349
7540 397
7550 407
7560 401
7570 409
7580 427
7590 423
7600 437
7610 452
7620 449
7630 468
7640 440
7650 449
7660 428
7670 459
7680 463
7690 487
7700 428
7710 429
7720 473
7730 497
7740 481
7750 416
7760 352
7770 401
7780 371
7790 401
7800 424
7810 394
7820 427
7830 507
7840 496
7850 483
7860 517
7870 510
7880 561
7890 586
7900 530
7910 477
7920 497
7930 544
7940 544
7950 528
7960 563
7970 526
7980 562
7990 594
8000 555
8010 552
8020 586
8030 586
8040 537
8050 519
8060 584
8070 484
8080 548
8090 549
8100 562
8110 460
8120 373
8130 444
8140 487
8150 476
8160 430
8170 459
8180 480
8190 468
8200 389
8210 395
8220 505
8230 509
8240 464
8250 441
8260 480
8270 509
8280 501
8290 537
8300 483
8310 526
8320 469
8330 499
8340 503
8350 534
8360 570
8370 502
8380 476
8390 465
8400 512
8410 483
8420 544
8430 477
8440 535
8450 478
8460 500
8470 585
8480 538
8490 555
8500 507
8510 529
8520 551
8530 523
8540 592
8550 568
8560 603
8570 592
8580 596
8590 582
8600 625
8610 612
8620 632
8630 588
8640 544
8650 521
8660 553
8670 618
8680 597
8690 519
8700 488
8710 567
8720 559
8730 491
8740 494
8750 519
8760 590
8770 485
8780 573
8790 603
8800 555
8810 603
8820 534
8830 571
8840 560
8850 566
8860 469
8870 498
8880 497
8890 518
8900 530
8910 514
8920 510
8930 492
8940 555
8950 552
8960 571
8970 527
8980 476
8990 478
9000 523
9010 418
9020 566
9030 541
9040 513
9050 511
9060 506
9070 519
9080 525
9090 484
9100 463
9110 502
9120 505
9130 492
9140 494
9150 510
9160 528
9170 499
9180 475
9190 487
9200 418
9210 445
9220 428
9230 386
9240 464
9250 448
9260 426
9270 443
9280 398
9290 415
9300 459
9310 489
9320 455
9330 412
9340 478
9350 462
9360 383
9370 380
9380 383
9390 435
9400 427
9410 442
9420 453
9430 374
9440 417
9450 420
9460 455
9470 324
9480 372
9490 380
9500 396
9510 319
9520 297
9530 347
9540 327
9550 429
9560 455
9570 408
9580 481
9590 445
9600 433
9610 414
9620 433
9630 418
9640 413
9650 507
9660 470
9670 458
9680 419
9690 466
9700 466
9710 506
9720 414
9730 445
9740 507
9750 500
9760 460
9770 411
9780 422
9790 417
9800 430
9810 410
9820 478
9830 443
9840 443
9850 376
9860 386
9870 449
9880 437
9890 407
9900 395
9910 432
9920 415
9930 405
9940 385
9950 404
9960 406
9970 390
9980 417
9990 404
