# Frame Contacts
3000 295
3010 358
3020 386
3030 374
3040 354
3050 328
3060 329
3070 296
3080 313
3090 289
3100 269
3110 288
3120 285
3130 309
3140 332
3150 267
3160 299
3170 276
3180 339
3190 302
3200 331
3210 341
3220 295
3230 324
3240 295
3250 294
3260 332
3270 326
3280 337
3290 354
3300 315
3310 329
3320 288
3330 303
3340 296
3350 298
3360 334
3370 304
3380 291
3390 293
3400 302
3410 325
3420 324
3430 361
3440 325
3450 367
3460 369
3470 365
3480 331
3490 404
3500 357
3510 381
3520 281
3530 351
3540 367
3550 318
3560 337
3570 368
3580 362
3590 285
3600 259
3610 314
3620 285
3630 323
3640 338
3650 361
3660 315
3670 351
3680 313
3690 322
3700 238
3710 249
3720 265
3730 266
3740 222
3750 210
3760 245
3770 261
3780 289
3790 310
3800 290
3810 278
3820 235
3830 250
3840 236
3850 209
3860 213
3870 204
3880 235
3890 253
3900 258
3910 209
3920 309
3930 283
3940 341
3950 286
3960 304
3970 303
3980 309
3990 254
4000 287
4010 271
4020 281
4030 238
4040 202
4050 230
4060 212
4070 215
4080 215
4090 207
4100 224
4110 243
4120 244
4130 258
4140 252
4150 222
4160 191
4170 204
4180 184
4190 224
4200 234
4210 165
4220 150
4230 138
4240 142
4250 180
4260 182
4270 208
4280 202
4290 208
4300 230
4310 222
4320 240
4330 225
4340 201
4350 173
4360 191
4370 220
4380 207
4390 260
4400 293
4410 273
4420 236
4430 230
4440 253
4450 281
4460 280
4470 248
4480 275
4490 260
4500 274
4510 260
4520 243
4530 253
4540 281
4550 274
4560 282
4570 255
4580 255
4590 250
4600 280
4610 232
4620 227
4630 252
4640 263
4650 311
4660 301
4670 332
4680 281
4690 318
4700 349
4710 286
4720 299
4730 296
4740 338
4750 288
4760 280
4770 316
4780 360
4790 276
4800 354
4810 352
4820 256
4830 330
4840 313
4850 289
4860 301
4870 296
4880 280
4890 316
4900 321
4910 304
4920 317
4930 364
4940 328
4950 338
4960 350
4970 315
4980 337
4990 322
5000 339
5010 344
5020 322
5030 313
5040 327
5050 360
5060 366
5070 338
5080 274
5090 363
5100 363
5110 367
5120 346
5130 321
5140 351
5150 357
5160 378
5170 371
5180 337
5190 324
5200 373
5210 347
5220 375
5230 387
5240 386
5250 379
5260 368
5270 386
5280 378
5290 338
5300 322
5310 317
5320 330
5330 363
5340 396
5350 357
5360 361
5370 381
5380 363
5390 412
5400 406
5410 344
5420 345
5430 316
5440 362
5450 385
5460 350
5470 384
5480 354
5490 385
5500 333
5510 362
5520 327
5530 330
5540 390
5550 332
5560 317
5570 330
5580 349
5590 334
5600 348
5610 372
5620 351
5630 377
5640 335
5650 369
5660 341
5670 358
5680 381
5690 348
5700 384
5710 391
5720 345
5730 403
5740 376
5750 378
5760 352
5770 339
5780 366
5790 313
5800 333
5810 266
5820 270
5830 319
5840 331
5850 327
5860 316
5870 301
5880 361
5890 304
5900 342
5910 374
5920 390
5930 344
5940 349
5950 324
5960 340
5970 323
5980 346
5990 347
6000 344
6010 295
6020 341
6030 312
6040 289
6050 353
6060 281
6070 327
6080 336
6090 307
6100 291
6110 266
6120 312
6130 273
6140 328
6150 360
6160 380
6170 354
6180 319
6190 321
6200 363
6210 392
6220 414
6230 351
6240 371
6250 381
6260 391
6270 368
6280 341
6290 379
6300 384
6310 397
6320 368
6330 297
6340 346
6350 396
6360 336
6370 292
6380 331
6390 349
6400 311
6410 350
6420 327
6430 331
6440 330
6450 346
6460 362
6470 334
6480 319
6490 372
6500 361
6510 423
6520 369
6530 305
6540 272
6550 394
6560 345
6570 397
6580 375
6590 398
6600 355
6610 354
6620 361
6630 350
6640 319
6650 322
6660 365
6670 351
6680 363
6690 362
6700 351
6710 326
6720 354
6730 346
6740 353
6750 325
6760 361
6770 338
6780 327
6790 338
6800 264
6810 253
6820 300
6830 272
6840 263
6850 272
6860 251
6870 313
6880 342
6890 364
6900 349
6910 292
6920 369
6930 295
6940 294
6950 316
6960 336
6970 318
6980 327
6990 294
7000 263
7010 256
7020 308
7030 363
7040 335
7050 349
7060 324
7070 261
7080 319
7090 342
7100 306
7110 282
7120 325
7130 351
7140 317
7150 318
7160 257
7170 261
7180 253
7190 286
7200 331
7210 316
7220 236
7230 253
7240 284
7250 310
7260 284
7270 307
7280 310
7290 272
7300 329
7310 287
7320 305
7330 295
7340 304
7350 309
7360 263
7370 286
7380 262
7390 279
7400 256
7410 284
7420 306
7430 313
7440 339
7450 358
7460 320
7470 312
7480 287
7490 308
7500 312
7510 299
7520 328
7530 379
7540 339
7550 324
7560 354
7570 295
7580 316
7590 293
7600 315
7610 314
7620 271
7630 287
7640 324
7650 268
7660 251
7670 286
7680 296
7690 309
7700 287
7710 292
7720 277
7730 294
7740 243
7750 283
7760 234
7770 170
7780 273
7790 240
7800 267
7810 281
7820 247
7830 216
7840 252
7850 288
7860 294
7870 292
7880 275
7890 255
7900 238
7910 254
7920 261
7930 294
7940 313
7950 303
7960 292
7970 264
7980 311
7990 293
8000 338
8010 304
8020 307
8030 313
8040 318
8050 314
8060 303
8070 315
8080 257
8090 273
8100 336
8110 286
8120 248
8130 283
8140 299
8150 274
8160 286
8170 269
8180 296
8190 245
8200 285
8210 245
8220 256
8230 251
8240 289
8250 294
8260 268
8270 287
8280 305
8290 295
8300 288
8310 265
8320 274
8330 301
8340 276
8350 287
8360 323
8370 331
8380 305
8390 276
8400 326
8410 352
8420 364
8430 348
8440 284
8450 365
8460 389
8470 378
8480 320
8490 376
8500 423
8510 390
8520 368
8530 373
8540 361
8550 380
8560 424
8570 468
8580 413
8590 435
8600 414
8610 356
8620 422
8630 399
8640 413
8650 418
8660 376
8670 408
8680 417
8690 386
8700 414
8710 367
8720 369
8730 363
8740 350
8750 352
8760 335
8770 338
8780 362
8790 368
8800 330
8810 367
8820 347
8830 344
8840 365
8850 330
8860 389
8870 378
8880 358
8890 323
8900 337
8910 347
8920 396
8930 344
8940 452
8950 425
8960 420
8970 472
8980 382
8990 457
9000 471
9010 475
9020 421
9030 428
9040 422
9050 387
9060 394
9070 339
9080 358
9090 328
9100 309
9110 335
9120 379
9130 406
9140 362
9150 369
9160 332
9170 348
9180 327
9190 407
9200 384
9210 354
9220 338
9230 304
9240 329
9250 305
9260 322
9270 332
9280 327
9290 397
9300 400
9310 357
9320 362
9330 355
9340 313
9350 360
9360 347
9370 270
9380 314
9390 319
9400 318
9410 382
9420 356
9430 324
9440 346
9450 287
9460 311
9470 317
9480 300
9490 351
9500 338
9510 279
9520 328
9530 271
9540 314
9550 334
9560 279
9570 330
9580 293
9590 280
9600 328
9610 290
9620 296
9630 304
9640 344
9650 338
9660 344
9670 332
9680 325
9690 407
9700 378
9710 359
9720 382
9730 354
9740 360
9750 359
9760 327
9770 334
9780 320
9790 350
9800 369
9810 367
9820 387
9830 354
9840 354
9850 378
9860 398
9870 373
9880 413
9890 420
9900 379
9910 373
9920 395
9930 317
9940 331
9950 324
9960 346
9970 338
9980 355
9990 344
