# Frame Contacts
3000 1456
3010 1427
3020 1474
3030 1493
3040 1469
3050 1508
3060 1434
3070 1443
3080 1465
3090 1413
3100 1466
3110 1402
3120 1407
3130 1332
3140 1483
3150 1493
3160 1474
3170 1485
3180 1416
3190 1449
3200 1448
3210 1483
3220 1333
3230 1345
3240 1507
3250 1429
3260 1454
3270 1434
3280 1363
3290 1436
3300 1445
3310 1387
3320 1518
3330 1432
3340 1416
3350 1430
3360 1482
3370 1446
3380 1484
3390 1433
3400 1561
3410 1514
3420 1453
3430 1503
3440 1502
3450 1478
3460 1537
3470 1520
3480 1443
3490 1459
3500 1447
3510 1518
3520 1464
3530 1526
3540 1550
3550 1399
3560 1478
3570 1537
3580 1435
3590 1406
3600 1567
3610 1425
3620 1472
3630 1466
3640 1455
3650 1467
3660 1411
3670 1496
3680 1496
3690 1507
3700 1392
3710 1435
3720 1451
3730 1458
3740 1424
3750 1489
3760 1496
3770 1383
3780 1382
3790 1447
3800 1390
3810 1458
3820 1452
3830 1450
3840 1382
3850 1383
3860 1406
3870 1442
3880 1441
3890 1447
3900 1484
3910 1471
3920 1368
3930 1324
3940 1340
3950 1269
3960 1392
3970 1382
3980 1346
3990 1418
4000 1515
4010 1397
4020 1450
4030 1394
4040 1463
4050 1443
4060 1435
4070 1506
4080 1463
4090 1448
4100 1418
4110 1551
4120 1527
4130 1520
4140 1380
4150 1520
4160 1362
4170 1376
4180 1368
4190 1285
4200 1369
4210 1381
4220 1398
4230 1474
4240 1465
4250 1478
4260 1397
4270 1467
4280 1462
4290 1449
4300 1372
4310 1423
4320 1462
4330 1446
4340 1463
4350 1356
4360 1433
4370 1535
4380 1542
4390 1492
4400 1544
4410 1580
4420 1454
4430 1485
4440 1477
4450 1525
4460 1540
4470 1557
4480 1458
4490 1577
4500 1558
4510 1502
4520 1476
4530 1475
4540 1579
4550 1504
4560 1493
4570 1369
4580 1455
4590 1494
4600 1538
4610 1496
4620 1491
4630 1576
4640 1562
4650 1560
4660 1535
4670 1544
4680 1536
4690 1548
4700 1498
4710 1514
4720 1527
4730 1629
4740 1586
4750 1538
4760 1657
4770 1625
4780 1690
4790 1565
4800 1547
4810 1634
4820 1634
4830 1643
4840 1575
4850 1534
4860 1546
4870 1514
4880 1627
4890 1509
4900 1540
4910 1546
4920 1528
4930 1662
4940 1526
4950 1593
4960 1473
4970 1584
4980 1558
4990 1545
5000 1511
5010 1537
5020 1594
5030 1557
5040 1600
5050 1739
5060 1588
5070 1586
5080 1536
5090 1597
5100 1542
5110 1570
5120 1465
5130 1601
5140 1574
5150 1535
5160 1543
5170 1465
5180 1525
5190 1539
5200 1510
5210 1596
5220 1479
5230 1542
5240 1532
5250 1537
5260 1528
5270 1643
5280 1581
5290 1635
5300 1588
5310 1455
5320 1523
5330 1499
5340 1555
5350 1536
5360 1550
5370 1572
5380 1655
5390 1677
5400 1603
5410 1622
5420 1690
5430 1649
5440 1567
5450 1701
5460 1733
5470 1652
5480 1544
5490 1528
5500 1563
5510 1509
5520 1582
5530 1540
5540 1626
5550 1522
5560 1543
5570 1544
5580 1505
5590 1606
5600 1658
5610 1532
5620 1545
5630 1555
5640 1579
5650 1621
5660 1600
5670 1527
5680 1612
5690 1603
5700 1562
5710 1422
5720 1589
5730 1520
5740 1500
5750 1602
5760 1671
5770 1627
5780 1593
5790 1594
5800 1610
5810 1735
5820 1668
5830 1603
5840 1696
5850 1660
5860 1603
5870 1657
5880 1581
5890 1647
5900 1589
5910 1555
5920 1531
5930 1602
5940 1628
5950 1602
5960 1591
5970 1581
5980 1623
5990 1649
6000 1544
6010 1642
6020 1673
6030 1654
6040 1620
6050 1592
6060 1643
6070 1613
6080 1633
6090 1669
6100 1603
6110 1651
6120 1612
6130 1542
6140 1566
6150 1517
6160 1599
6170 1613
6180 1593
6190 1644
6200 1600
6210 1597
6220 1721
6230 1666
6240 1571
6250 1534
6260 1604
6270 1634
6280 1552
6290 1605
6300 1659
6310 1599
6320 1624
6330 1594
6340 1600
6350 1578
6360 1524
6370 1509
6380 1607
6390 1443
6400 1549
6410 1591
6420 1595
6430 1578
6440 1627
6450 1574
6460 1515
6470 1571
6480 1636
6490 1556
6500 1627
6510 1647
6520 1654
6530 1596
6540 1627
6550 1624
6560 1629
6570 1669
6580 1608
6590 1618
6600 1778
6610 1741
6620 1566
6630 1619
6640 1604
6650 1593
6660 1602
6670 1605
6680 1530
6690 1674
6700 1646
6710 1637
6720 1681
6730 1711
6740 1663
6750 1632
6760 1584
6770 1544
6780 1654
6790 1576
6800 1711
6810 1656
6820 1620
6830 1621
6840 1557
6850 1537
6860 1638
6870 1626
6880 1472
6890 1531
6900 1561
6910 1564
6920 1608
6930 1489
6940 1553
6950 1564
6960 1471
6970 1481
6980 1552
6990 1433
7000 1419
7010 1425
7020 1388
7030 1381
7040 1410
7050 1398
7060 1348
7070 1434
7080 1363
7090 1449
7100 1433
7110 1467
7120 1418
7130 1345
7140 1395
7150 1372
7160 1306
7170 1364
7180 1366
7190 1301
7200 1338
7210 1304
7220 1397
7230 1404
7240 1363
7250 1355
7260 1362
7270 1367
7280 1365
7290 1367
7300 1464
7310 1421
7320 1420
7330 1455
7340 1504
7350 1343
7360 1484
7370 1473
7380 1475
7390 1420
7400 1467
7410 1418
7420 1451
7430 1487
7440 1380
7450 1365
7460 1458
7470 1418
7480 1430
7490 1394
7500 1331
7510 1393
7520 1398
7530 1407
7540 1462
7550 1538
7560 1484
7570 1522
7580 1509
7590 1446
7600 1505
7610 1467
7620 1482
7630 1523
7640 1482
7650 1545
7660 1506
7670 1577
7680 1562
7690 1589
7700 1485
7710 1469
7720 1483
7730 1539
7740 1564
7750 1450
7760 1365
7770 1461
7780 1434
7790 1402
7800 1457
7810 1437
7820 1455
7830 1581
7840 1497
7850 1436
7860 1575
7870 1504
7880 1604
7890 1603
7900 1562
7910 1455
7920 1575
7930 1632
7940 1558
7950 1573
7960 1615
7970 1536
7980 1618
7990 1590
8000 1572
8010 1538
8020 1586
8030 1588
8040 1621
8050 1571
8060 1551
8070 1531
8080 1582
8090 1548
8100 1558
8110 1468
8120 1375
8130 1510
8140 1447
8150 1537
8160 1469
8170 1472
8180 1560
8190 1449
8200 1385
8210 1418
8220 1509
8230 1508
8240 1505
8250 1486
8260 1548
8270 1596
8280 1579
8290 1568
8300 1505
8310 1531
8320 1475
8330 1539
8340 1543
8350 1558
8360 1601
8370 1494
8380 1486
8390 1459
8400 1543
8410 1548
8420 1599
8430 1521
8440 1564
8450 1498
8460 1561
8470 1619
8480 1605
8490 1562
8500 1538
8510 1555
8520 1588
8530 1651
8540 1678
8550 1578
8560 1658
8570 1526
8580 1635
8590 1592
8600 1581
8610 1608
8620 1629
8630 1613
8640 1468
8650 1532
8660 1587
8670 1594
8680 1532
8690 1450
8700 1429
8710 1597
8720 1543
8730 1470
8740 1459
8750 1471
8760 1584
8770 1443
8780 1513
8790 1536
8800 1477
8810 1596
8820 1570
8830 1622
8840 1516
8850 1548
8860 1516
8870 1449
8880 1554
8890 1577
8900 1548
8910 1533
8920 1499
8930 1515
8940 1590
8950 1591
8960 1660
8970 1565
8980 1490
8990 1458
9000 1547
9010 1430
9020 1590
9030 1619
9040 1534
9050 1483
9060 1606
9070 1513
9080 1556
9090 1532
9100 1461
9110 1528
9120 1605
9130 1551
9140 1526
9150 1555
9160 1543
9170 1599
9180 1529
9190 1454
9200 1454
9210 1446
9220 1474
9230 1357
9240 1485
9250 1517
9260 1361
9270 1477
9280 1437
9290 1424
9300 1419
9310 1498
9320 1395
9330 1385
9340 1466
9350 1493
9360 1433
9370 1469
9380 1394
9390 1462
9400 1447
9410 1392
9420 1485
9430 1433
9440 1412
9450 1472
9460 1435
9470 1397
9480 1432
9490 1418
9500 1456
9510 1371
9520 1292
9530 1378
9540 1368
9550 1464
9560 1534
9570 1444
9580 1545
9590 1507
9600 1496
9610 1427
9620 1457
9630 1424
9640 1402
9650 1490
9660 1487
9670 1482
9680 1451
9690 1507
9700 1512
9710 1609
9720 1534
9730 1516
9740 1545
9750 1588
9760 1592
9770 1511
9780 1517
9790 1529
9800 1471
9810 1445
9820 1532
9830 1552
9840 1425
9850 1395
9860 1412
9870 1500
9880 1523
9890 1535
9900 1445
9910 1448
9920 1439
9930 1462
9940 1452
9950 1526
9960 1397
9970 1426
9980 1467
9990 1472
