# Frame Contacts
3000 425
3010 425
3020 423
3030 398
3040 400
3050 433
3060 343
3070 359
3080 408
3090 427
3100 323
3110 345
3120 394
3130 376
3140 403
3150 348
3160 323
3170 361
3180 387
3190 305
3200 330
3210 289
3220 310
3230 337
3240 296
3250 332
3260 341
3270 332
3280 357
3290 434
3300 338
3310 347
3320 349
3330 362
3340 438
3350 371
3360 359
3370 317
3380 317
3390 370
3400 347
3410 386
3420 366
3430 347
3440 321
3450 414
3460 377
3470 376
3480 431
3490 343
3500 400
3510 412
3520 371
3530 340
3540 335
3550 336
3560 357
3570 295
3580 330
3590 365
3600 308
3610 407
3620 449
3630 382
3640 385
3650 343
3660 414
3670 443
3680 370
3690 427
3700 443
3710 454
3720 432
3730 407
3740 465
3750 438
3760 443
3770 464
3780 437
3790 429
3800 412
3810 448
3820 429
3830 422
3840 357
3850 359
3860 444
3870 377
3880 396
3890 373
3900 386
3910 379
3920 423
3930 354
3940 412
3950 361
3960 399
3970 400
3980 371
3990 355
4000 407
4010 438
4020 466
4030 424
4040 421
4050 412
4060 380
4070 415
4080 389
4090 413
4100 424
4110 380
4120 423
4130 360
4140 415
4150 403
4160 364
4170 400
4180 384
4190 425
4200 415
4210 354
4220 370
4230 388
4240 438
4250 379
4260 387
4270 438
4280 411
4290 412
4300 424
4310 340
4320 363
4330 339
4340 425
4350 390
4360 405
4370 451
4380 393
4390 393
4400 400
4410 435
4420 412
4430 496
4440 425
4450 404
4460 443
4470 412
4480 430
4490 439
4500 452
4510 459
4520 463
4530 451
4540 435
4550 401
4560 456
4570 399
4580 340
4590 340
4600 421
4610 393
4620 393
4630 370
4640 363
4650 352
4660 417
4670 362
4680 332
4690 321
4700 357
4710 349
4720 278
4730 335
4740 308
4750 308
4760 345
4770 307
4780 299
4790 298
4800 279
4810 275
4820 290
4830 351
4840 306
4850 308
4860 313
4870 396
4880 299
4890 320
4900 326
4910 327
4920 356
4930 355
4940 308
4950 358
4960 328
4970 364
4980 344
4990 386
5000 391
5010 389
5020 383
5030 397
5040 379
5050 423
5060 363
5070 398
5080 382
5090 462
5100 384
5110 391
5120 357
5130 340
5140 354
5150 331
5160 354
5170 346
5180 307
5190 366
5200 373
5210 361
5220 353
5230 377
5240 361
5250 387
5260 331
5270 368
5280 340
5290 347
5300 366
5310 323
5320 335
5330 341
5340 369
5350 332
5360 341
5370 332
5380 388
5390 379
5400 373
5410 406
5420 369
5430 408
5440 386
5450 391
5460 406
5470 384
5480 419
5490 427
5500 428
5510 369
5520 433
5530 450
5540 401
5550 404
5560 406
5570 391
5580 389
5590 309
5600 351
5610 335
5620 369
5630 328
5640 366
5650 385
5660 332
5670 383
5680 387
5690 401
5700 407
5710 422
5720 406
5730 425
5740 415
5750 393
5760 360
5770 401
5780 381
5790 365
5800 353
5810 351
5820 356
5830 302
5840 360
5850 372
5860 374
5870 369
5880 344
5890 373
5900 356
5910 358
5920 377
5930 385
5940 368
5950 412
5960 423
5970 441
5980 404
5990 407
6000 411
6010 416
6020 368
6030 397
6040 392
6050 367
6060 360
6070 407
6080 404
6090 346
6100 399
6110 378
6120 393
6130 357
6140 390
6150 390
6160 376
6170 374
6180 378
6190 463
6200 371
6210 426
6220 346
6230 415
6240 435
6250 354
6260 437
6270 425
6280 411
6290 388
6300 364
6310 425
6320 417
6330 430
6340 372
6350 387
6360 380
6370 377
6380 403
6390 382
6400 369
6410 430
6420 354
6430 366
6440 419
6450 430
6460 416
6470 384
6480 364
6490 363
6500 341
6510 333
6520 373
6530 416
6540 318
6550 312
6560 330
6570 300
6580 353
6590 324
6600 312
6610 288
6620 296
6630 316
6640 385
6650 364
6660 413
6670 417
6680 394
6690 350
6700 355
6710 355
6720 314
6730 317
6740 311
6750 349
6760 368
6770 359
6780 289
6790 352
6800 382
6810 303
6820 316
6830 336
6840 313
6850 388
6860 293
6870 263
6880 278
6890 295
6900 230
6910 238
6920 271
6930 268
6940 253
6950 295
6960 277
6970 309
6980 313
6990 314
7000 300
7010 292
7020 347
7030 273
7040 304
7050 281
7060 286
7070 247
7080 230
7090 268
7100 252
7110 265
7120 254
7130 299
7140 303
7150 277
7160 326
7170 355
7180 321
7190 354
7200 298
7210 288
7220 331
7230 321
7240 312
7250 297
7260 282
7270 308
7280 305
7290 285
7300 322
7310 304
7320 351
7330 270
7340 376
7350 317
7360 277
7370 302
7380 312
7390 347
7400 347
7410 338
7420 293
7430 366
7440 313
7450 394
7460 371
7470 343
7480 343
7490 390
7500 324
7510 329
7520 310
7530 266
7540 344
7550 317
7560 354
7570 325
7580 334
7590 306
7600 319
7610 324
7620 316
7630 289
7640 334
7650 298
7660 280
7670 308
7680 242
7690 284
7700 267
7710 249
7720 313
7730 257
7740 247
7750 247
7760 266
7770 339
7780 288
7790 339
7800 378
7810 339
7820 332
7830 359
7840 305
7850 331
7860 333
7870 387
7880 353
7890 328
7900 365
7910 338
7920 390
7930 369
7940 334
7950 388
7960 364
7970 395
7980 400
7990 418
8000 353
8010 369
8020 330
8030 359
8040 379
8050 365
8060 375
8070 350
8080 314
8090 369
8100 399
8110 363
8120 348
8130 314
8140 337
8150 336
8160 315
8170 357
8180 393
8190 459
8200 402
8210 396
8220 336
8230 380
8240 398
8250 411
8260 396
8270 397
8280 427
8290 428
8300 399
8310 418
8320 415
8330 338
8340 369
8350 290
8360 336
8370 314
8380 279
8390 297
8400 286
8410 346
8420 303
8430 306
8440 290
8450 299
8460 332
8470 263
8480 294
8490 252
8500 280
8510 286
8520 293
8530 287
8540 275
8550 261
8560 247
8570 275
8580 254
8590 265
8600 241
8610 319
8620 258
8630 261
8640 288
8650 274
8660 298
8670 288
8680 284
8690 293
8700 321
8710 299
8720 265
8730 293
8740 305
8750 282
8760 297
8770 318
8780 243
8790 282
8800 274
8810 295
8820 271
8830 218
8840 250
8850 201
8860 239
8870 212
8880 302
8890 299
8900 277
8910 286
8920 283
8930 271
8940 299
8950 288
8960 265
8970 289
8980 318
8990 343
9000 324
9010 320
9020 290
9030 308
9040 322
9050 316
9060 316
9070 292
9080 353
9090 326
9100 312
9110 357
9120 313
9130 294
9140 298
9150 301
9160 301
9170 247
9180 221
9190 249
9200 252
9210 269
9220 268
9230 315
9240 291
9250 268
9260 312
9270 347
9280 294
9290 337
9300 298
9310 303
9320 303
9330 264
9340 250
9350 327
9360 325
9370 359
9380 300
9390 336
9400 311
9410 273
9420 323
9430 328
9440 356
9450 355
9460 371
9470 353
9480 335
9490 326
9500 344
9510 392
9520 390
9530 375
9540 351
9550 383
9560 355
9570 376
9580 363
9590 362
9600 362
9610 341
9620 356
9630 343
9640 304
9650 379
9660 333
9670 332
9680 315
9690 360
9700 330
9710 319
9720 372
9730 351
9740 339
9750 330
9760 366
9770 332
9780 313
9790 352
9800 378
9810 338
9820 344
9830 346
9840 322
9850 315
9860 354
9870 304
9880 324
9890 349
9900 388
9910 387
9920 383
9930 383
9940 347
9950 356
9960 345
9970 342
9980 325
9990 319
