# Frame Contacts
3000 989
3010 1006
3020 934
3030 991
3040 1029
3050 989
3060 951
3070 957
3080 929
3090 903
3100 883
3110 945
3120 885
3130 864
3140 900
3150 914
3160 949
3170 981
3180 942
3190 934
3200 965
3210 874
3220 916
3230 971
3240 951
3250 913
3260 952
3270 917
3280 953
3290 957
3300 934
3310 850
3320 921
3330 973
3340 942
3350 975
3360 945
3370 922
3380 964
3390 946
3400 1021
3410 945
3420 966
3430 1008
3440 980
3450 957
3460 1002
3470 1015
3480 903
3490 998
3500 965
3510 1015
3520 934
3530 959
3540 1046
3550 1031
3560 1057
3570 1039
3580 990
3590 960
3600 959
3610 1058
3620 1006
3630 982
3640 937
3650 972
3660 986
3670 862
3680 955
3690 946
3700 1032
3710 983
3720 938
3730 946
3740 978
3750 922
3760 846
3770 878
3780 906
3790 934
3800 977
3810 905
3820 1062
3830 966
3840 918
3850 886
3860 897
3870 1033
3880 954
3890 956
3900 966
3910 975
3920 931
3930 946
3940 983
3950 933
3960 970
3970 963
3980 909
3990 898
4000 930
4010 836
4020 905
4030 862
4040 890
4050 885
4060 883
4070 817
4080 835
4090 831
4100 781
4110 859
4120 808
4130 867
4140 840
4150 849
4160 823
4170 835
4180 780
4190 794
4200 835
4210 835
4220 867
4230 838
4240 863
4250 804
4260 801
4270 810
4280 752
4290 797
4300 801
4310 748
4320 726
4330 819
4340 813
4350 778
4360 785
4370 827
4380 747
4390 811
4400 886
4410 847
4420 818
4430 814
4440 901
4450 848
4460 873
4470 821
4480 756
4490 825
4500 831
4510 825
4520 779
4530 832
4540 839
4550 808
4560 925
4570 833
4580 784
4590 809
4600 821
4610 865
4620 883
4630 813
4640 829
4650 884
4660 812
4670 772
4680 817
4690 739
4700 851
4710 829
4720 866
4730 830
4740 819
4750 905
4760 876
4770 908
4780 804
4790 749
4800 812
4810 856
4820 812
4830 861
4840 813
4850 783
4860 800
4870 793
4880 848
4890 894
4900 885
4910 873
4920 850
4930 804
4940 839
4950 848
4960 858
4970 897
4980 842
4990 863
5000 892
5010 860
5020 873
5030 805
5040 790
5050 861
5060 796
5070 841
5080 878
5090 853
5100 808
5110 847
5120 809
5130 793
5140 801
5150 789
5160 826
5170 736
5180 791
5190 800
5200 797
5210 746
5220 815
5230 822
5240 802
5250 820
5260 840
5270 742
5280 795
5290 797
5300 757
5310 818
5320 872
5330 862
5340 906
5350 864
5360 829
5370 872
5380 817
5390 898
5400 899
5410 875
5420 878
5430 820
5440 840
5450 848
5460 869
5470 814
5480 848
5490 831
5500 862
5510 871
5520 886
5530 897
5540 829
5550 907
5560 906
5570 926
5580 924
5590 875
5600 822
5610 864
5620 881
5630 884
5640 929
5650 871
5660 861
5670 923
5680 835
5690 827
5700 894
5710 804
5720 822
5730 886
5740 917
5750 930
5760 881
5770 850
5780 899
5790 845
5800 861
5810 897
5820 860
5830 885
5840 893
5850 799
5860 763
5870 769
5880 817
5890 807
5900 765
5910 755
5920 851
5930 829
5940 835
5950 792
5960 803
5970 808
5980 790
5990 777
6000 796
6010 818
6020 770
6030 730
6040 752
6050 793
6060 790
6070 799
6080 760
6090 796
6100 881
6110 868
6120 789
6130 828
6140 795
6150 743
6160 808
6170 806
6180 900
6190 866
6200 849
6210 802
6220 847
6230 809
6240 777
6250 805
6260 827
6270 781
6280 817
6290 769
6300 784
6310 810
6320 859
6330 804
6340 814
6350 873
6360 830
6370 829
6380 861
6390 901
6400 812
6410 787
6420 755
6430 825
6440 884
6450 818
6460 873
6470 790
6480 769
6490 856
6500 803
6510 933
6520 823
6530 823
6540 877
6550 856
6560 873
6570 822
6580 822
6590 887
6600 798
6610 817
6620 837
6630 839
6640 791
6650 805
6660 814
6670 816
6680 794
6690 847
6700 876
6710 846
6720 850
6730 831
6740 830
6750 903
6760 857
6770 787
6780 814
6790 842
6800 820
6810 796
6820 881
6830 854
6840 855
6850 800
6860 878
6870 835
6880 741
6890 889
6900 800
6910 923
6920 911
6930 867
6940 920
6950 896
6960 829
6970 1054
6980 948
6990 919
7000 983
7010 905
7020 955
7030 903
7040 976
7050 968
7060 928
7070 949
7080 949
7090 865
7100 848
7110 893
7120 864
7130 845
7140 848
7150 848
7160 880
7170 883
7180 911
7190 949
7200 896
7210 970
7220 920
7230 845
7240 907
7250 937
7260 892
7270 942
7280 986
7290 1022
7300 1000
7310 899
7320 972
7330 957
7340 931
7350 925
7360 913
7370 899
7380 939
7390 943
7400 913
7410 918
7420 898
7430 953
7440 1016
7450 960
7460 972
7470 924
7480 958
7490 947
7500 924
7510 921
7520 1007
7530 1011
7540 975
7550 995
7560 967
7570 1023
7580 1072
7590 930
7600 907
7610 928
7620 898
7630 979
7640 986
7650 949
7660 946
7670 1010
7680 995
7690 1046
7700 1029
7710 988
7720 992
7730 1044
7740 980
7750 987
7760 1022
7770 954
7780 1020
7790 912
7800 967
7810 1047
7820 1040
7830 1080
7840 1075
7850 1023
7860 1069
7870 997
7880 1046
7890 1061
7900 1087
7910 1009
7920 1014
7930 1056
7940 1054
7950 986
7960 1063
7970 1069
7980 1023
7990 1060
8000 993
8010 1045
8020 976
8030 1065
8040 966
8050 992
8060 1048
8070 1034
8080 966
8090 1002
8100 1032
8110 982
8120 1032
8130 1081
8140 1018
8150 1016
8160 1021
8170 961
8180 981
8190 1034
8200 1005
8210 1038
8220 1013
8230 996
8240 1066
8250 996
8260 1051
8270 970
8280 989
8290 997
8300 988
8310 961
8320 1005
8330 976
8340 969
8350 1005
8360 992
8370 1015
8380 908
8390 998
8400 1002
8410 950
8420 997
8430 1004
8440 955
8450 978
8460 1034
8470 991
8480 1020
8490 1012
8500 1039
8510 987
8520 978
8530 934
8540 962
8550 1007
8560 1011
8570 1014
8580 983
8590 994
8600 978
8610 1008
8620 1006
8630 967
8640 988
8650 918
8660 875
8670 967
8680 932
8690 889
8700 961
8710 893
8720 893
8730 933
8740 857
8750 896
8760 921
8770 906
8780 929
8790 900
8800 892
8810 862
8820 998
8830 985
8840 1049
8850 979
8860 947
8870 997
8880 1015
8890 934
8900 986
8910 1001
8920 938
8930 864
8940 986
8950 923
8960 927
8970 968
8980 970
8990 948
9000 951
9010 954
9020 922
9030 894
9040 870
9050 866
9060 871
9070 911
9080 868
9090 969
9100 859
9110 910
9120 830
9130 898
9140 863
9150 852
9160 790
9170 757
9180 813
9190 863
9200 854
9210 865
9220 883
9230 914
9240 753
9250 882
9260 906
9270 869
9280 910
9290 928
9300 822
9310 874
9320 863
9330 927
9340 816
9350 876
9360 855
9370 818
9380 873
9390 895
9400 915
9410 896
9420 938
9430 922
9440 917
9450 887
9460 827
9470 883
9480 926
9490 875
9500 959
9510 939
9520 922
9530 893
9540 957
9550 898
9560 879
9570 890
9580 963
9590 917
9600 893
9610 919
9620 959
9630 1059
9640 983
9650 993
9660 897
9670 930
9680 1014
9690 1027
9700 1063
9710 938
9720 1027
9730 1001
9740 982
9750 972
9760 995
9770 968
9780 935
9790 994
9800 999
9810 976
9820 1027
9830 967
9840 1084
9850 990
9860 974
9870 1011
9880 1003
9890 1028
9900 1043
9910 1000
9920 1067
9930 1020
9940 1030
9950 1013
9960 1024
9970 1009
9980 942
9990 1028
