# Frame Contacts
3000 1264
3010 1233
3020 1145
3030 1214
3040 1261
3050 1310
3060 1248
3070 1251
3080 1251
3090 1214
3100 1178
3110 1304
3120 1227
3130 1308
3140 1260
3150 1340
3160 1305
3170 1287
3180 1346
3190 1379
3200 1283
3210 1283
3220 1315
3230 1283
3240 1259
3250 1347
3260 1338
3270 1372
3280 1262
3290 1298
3300 1309
3310 1238
3320 1251
3330 1324
3340 1279
3350 1342
3360 1308
3370 1364
3380 1412
3390 1337
3400 1321
3410 1392
3420 1291
3430 1250
3440 1286
3450 1205
3460 1217
3470 1320
3480 1282
3490 1323
3500 1359
3510 1296
3520 1188
3530 1145
3540 1280
3550 1300
3560 1251
3570 1263
3580 1243
3590 1225
3600 1299
3610 1200
3620 1218
3630 1306
3640 1380
3650 1283
3660 1400
3670 1260
3680 1300
3690 1392
3700 1364
3710 1282
3720 1361
3730 1297
3740 1245
3750 1310
3760 1327
3770 1316
3780 1398
3790 1321
3800 1313
3810 1332
3820 1315
3830 1380
3840 1343
3850 1302
3860 1354
3870 1339
3880 1380
3890 1340
3900 1330
3910 1365
3920 1332
3930 1421
3940 1400
3950 1338
3960 1314
3970 1437
3980 1308
3990 1334
4000 1387
4010 1291
4020 1308
4030 1310
4040 1273
4050 1248
4060 1333
4070 1354
4080 1340
4090 1317
4100 1354
4110 1281
4120 1336
4130 1371
4140 1404
4150 1377
4160 1278
4170 1286
4180 1261
4190 1199
4200 1329
4210 1209
4220 1201
4230 1139
4240 1255
4250 1252
4260 1289
4270 1286
4280 1301
4290 1353
4300 1321
4310 1392
4320 1374
4330 1353
4340 1304
4350 1286
4360 1290
4370 1448
4380 1481
4390 1339
4400 1478
4410 1445
4420 1444
4430 1369
4440 1406
4450 1424
4460 1402
4470 1478
4480 1412
4490 1310
4500 1416
4510 1408
4520 1302
4530 1278
4540 1344
4550 1363
4560 1332
4570 1484
4580 1365
4590 1427
4600 1511
4610 1419
4620 1542
4630 1607
4640 1439
4650 1429
4660 1517
4670 1484
4680 1481
4690 1437
4700 1410
4710 1406
4720 1306
4730 1403
4740 1451
4750 1473
4760 1499
4770 1466
4780 1479
4790 1411
4800 1489
4810 1563
4820 1453
4830 1417
4840 1483
4850 1496
4860 1529
4870 1431
4880 1444
4890 1435
4900 1415
4910 1461
4920 1486
4930 1480
4940 1522
4950 1539
4960 1433
4970 1341
4980 1439
4990 1450
5000 1442
5010 1480
5020 1417
5030 1406
5040 1377
5050 1341
5060 1463
5070 1669
5080 1545
5090 1438
5100 1473
5110 1426
5120 1433
5130 1430
5140 1393
5150 1387
5160 1507
5170 1493
5180 1438
5190 1517
5200 1442
5210 1474
5220 1430
5230 1409
5240 1424
5250 1454
5260 1400
5270 1423
5280 1417
5290 1378
5300 1421
5310 1438
5320 1458
5330 1332
5340 1404
5350 1382
5360 1418
5370 1454
5380 1495
5390 1448
5400 1392
5410 1493
5420 1425
5430 1416
5440 1438
5450 1366
5460 1443
5470 1322
5480 1388
5490 1328
5500 1362
5510 1349
5520 1293
5530 1355
5540 1391
5550 1382
5560 1430
5570 1496
5580 1570
5590 1398
5600 1437
5610 1486
5620 1497
5630 1414
5640 1420
5650 1560
5660 1577
5670 1480
5680 1462
5690 1364
5700 1423
5710 1337
5720 1380
5730 1422
5740 1347
5750 1459
5760 1388
5770 1335
5780 1438
5790 1439
5800 1322
5810 1379
5820 1225
5830 1230
5840 1265
5850 1335
5860 1328
5870 1366
5880 1286
5890 1305
5900 1370
5910 1283
5920 1362
5930 1376
5940 1337
5950 1333
5960 1360
5970 1365
5980 1372
5990 1394
6000 1281
6010 1357
6020 1404
6030 1402
6040 1368
6050 1443
6060 1345
6070 1404
6080 1318
6090 1369
6100 1378
6110 1244
6120 1302
6130 1312
6140 1269
6150 1352
6160 1356
6170 1329
6180 1250
6190 1306
6200 1300
6210 1274
6220 1251
6230 1157
6240 1276
6250 1355
6260 1325
6270 1272
6280 1264
6290 1344
6300 1307
6310 1279
6320 1260
6330 1365
6340 1311
6350 1377
6360 1358
6370 1312
6380 1324
6390 1351
6400 1414
6410 1310
6420 1287
6430 1221
6440 1237
6450 1233
6460 1256
6470 1220
6480 1269
6490 1299
6500 1304
6510 1371
6520 1254
6530 1245
6540 1211
6550 1274
6560 1253
6570 1235
6580 1198
6590 1292
6600 1339
6610 1249
6620 1272
6630 1262
6640 1240
6650 1185
6660 1229
6670 1077
6680 1202
6690 1215
6700 1181
6710 1073
6720 1139
6730 1167
6740 1146
6750 1161
6760 1155
6770 1174
6780 1163
6790 1211
6800 1155
6810 1053
6820 1245
6830 1177
6840 1294
6850 1229
6860 1137
6870 1133
6880 1205
6890 1203
6900 1216
6910 1190
6920 1180
6930 1182
6940 1235
6950 1194
6960 1188
6970 1178
6980 1172
6990 1186
7000 1156
7010 1177
7020 1143
7030 1266
7040 1281
7050 1217
7060 1221
7070 1209
7080 1242
7090 1182
7100 1184
7110 1160
7120 1227
7130 1271
7140 1179
7150 1204
7160 1250
7170 1248
7180 1198
7190 1231
7200 1255
7210 1209
7220 1203
7230 1193
7240 1147
7250 1232
7260 1133
7270 1149
7280 1203
7290 1168
7300 1276
7310 1147
7320 1247
7330 1233
7340 1225
7350 1260
7360 1254
7370 1180
7380 1059
7390 1180
7400 1173
7410 1180
7420 1177
7430 1270
7440 1153
7450 1093
7460 1099
7470 1037
7480 1093
7490 1164
7500 1075
7510 1065
7520 1076
7530 1231
7540 1200
7550 1083
7560 1152
7570 1090
7580 1191
7590 1213
7600 1227
7610 1183
7620 1214
7630 1216
7640 1255
7650 1239
7660 1246
7670 1148
7680 1236
7690 1311
7700 1248
7710 1350
7720 1432
7730 1434
7740 1405
7750 1456
7760 1335
7770 1342
7780 1317
7790 1354
7800 1413
7810 1525
7820 1412
7830 1393
7840 1397
7850 1313
7860 1336
7870 1361
7880 1363
7890 1374
7900 1313
7910 1416
7920 1356
7930 1477
7940 1448
7950 1489
7960 1377
7970 1401
7980 1428
7990 1431
8000 1510
8010 1376
8020 1428
8030 1377
8040 1469
8050 1497
8060 1507
8070 1456
8080 1386
8090 1365
8100 1370
8110 1381
8120 1506
8130 1433
8140 1450
8150 1430
8160 1425
8170 1378
8180 1344
8190 1336
8200 1424
8210 1417
8220 1422
8230 1483
8240 1441
8250 1492
8260 1357
8270 1427
8280 1482
8290 1384
8300 1334
8310 1377
8320 1372
8330 1386
8340 1452
8350 1374
8360 1345
8370 1294
8380 1304
8390 1402
8400 1361
8410 1393
8420 1347
8430 1339
8440 1396
8450 1422
8460 1397
8470 1358
8480 1341
8490 1325
8500 1365
8510 1455
8520 1370
8530 1331
8540 1305
8550 1329
8560 1389
8570 1387
8580 1371
8590 1390
8600 1414
8610 1334
8620 1284
8630 1408
8640 1369
8650 1411
8660 1444
8670 1443
8680 1415
8690 1418
8700 1424
8710 1343
8720 1311
8730 1464
8740 1381
8750 1362
8760 1437
8770 1362
8780 1353
8790 1290
8800 1292
8810 1413
8820 1317
8830 1308
8840 1365
8850 1385
8860 1313
8870 1281
8880 1321
8890 1345
8900 1392
8910 1264
8920 1407
8930 1345
8940 1373
8950 1361
8960 1252
8970 1380
8980 1286
8990 1359
9000 1402
9010 1447
9020 1415
9030 1508
9040 1419
9050 1407
9060 1408
9070 1415
9080 1351
9090 1352
9100 1343
9110 1417
9120 1474
9130 1510
9140 1473
9150 1489
9160 1424
9170 1363
9180 1405
9190 1445
9200 1499
9210 1435
9220 1388
9230 1356
9240 1312
9250 1339
9260 1399
9270 1359
9280 1382
9290 1376
9300 1337
9310 1325
9320 1343
9330 1371
9340 1350
9350 1432
9360 1414
9370 1468
9380 1455
9390 1393
9400 1380
9410 1439
9420 1354
9430 1405
9440 1390
9450 1304
9460 1342
9470 1428
9480 1384
9490 1454
9500 1362
9510 1339
9520 1424
9530 1390
9540 1366
9550 1317
9560 1461
9570 1327
9580 1441
9590 1282
9600 1346
9610 1214
9620 1328
9630 1321
9640 1312
9650 1331
9660 1341
9670 1320
9680 1327
9690 1324
9700 1325
9710 1353
9720 1370
9730 1205
9740 1310
9750 1264
9760 1310
9770 1361
9780 1330
9790 1331
9800 1374
9810 1348
9820 1406
9830 1461
9840 1423
9850 1427
9860 1447
9870 1432
9880 1402
9890 1377
9900 1288
9910 1444
9920 1345
9930 1314
9940 1321
9950 1462
9960 1448
9970 1433
9980 1417
9990 1482
