# Frame Contacts
3000 557
3010 542
3020 544
3030 564
3040 596
3050 531
3060 579
3070 514
3080 603
3090 601
3100 525
3110 582
3120 639
3130 632
3140 617
3150 626
3160 585
3170 572
3180 578
3190 586
3200 598
3210 623
3220 626
3230 592
3240 597
3250 570
3260 623
3270 601
3280 586
3290 627
3300 610
3310 662
3320 633
3330 637
3340 620
3350 623
3360 595
3370 595
3380 579
3390 589
3400 555
3410 584
3420 566
3430 608
3440 557
3450 537
3460 588
3470 586
3480 600
3490 566
3500 574
3510 596
3520 567
3530 602
3540 560
3550 584
3560 624
3570 542
3580 598
3590 595
3600 559
3610 641
3620 628
3630 577
3640 581
3650 604
3660 602
3670 586
3680 569
3690 561
3700 674
3710 655
3720 627
3730 654
3740 634
3750 599
3760 630
3770 618
3780 579
3790 640
3800 682
3810 648
3820 660
3830 583
3840 598
3850 593
3860 605
3870 619
3880 613
3890 637
3900 635
3910 670
3920 634
3930 618
3940 612
3950 622
3960 568
3970 627
3980 599
3990 592
4000 602
4010 642
4020 702
4030 652
4040 598
4050 645
4060 665
4070 672
4080 647
4090 721
4100 716
4110 659
4120 692
4130 693
4140 651
4150 634
4160 590
4170 576
4180 582
4190 482
4200 555
4210 591
4220 607
4230 598
4240 676
4250 610
4260 634
4270 580
4280 587
4290 627
4300 673
4310 612
4320 605
4330 547
4340 549
4350 577
4360 612
4370 598
4380 610
4390 622
4400 627
4410 648
4420 552
4430 596
4440 574
4450 605
4460 662
4470 557
4480 564
4490 585
4500 586
4510 587
4520 576
4530 594
4540 655
4550 607
4560 638
4570 623
4580 659
4590 606
4600 570
4610 554
4620 597
4630 549
4640 578
4650 579
4660 555
4670 527
4680 603
4690 649
4700 584
4710 555
4720 607
4730 542
4740 600
4750 647
4760 599
4770 570
4780 559
4790 609
4800 642
4810 615
4820 523
4830 493
4840 539
4850 605
4860 563
4870 530
4880 507
4890 518
4900 539
4910 569
4920 582
4930 639
4940 526
4950 609
4960 569
4970 648
4980 606
4990 568
5000 559
5010 644
5020 652
5030 649
5040 613
5050 600
5060 583
5070 607
5080 581
5090 531
5100 576
5110 555
5120 589
5130 629
5140 512
5150 574
5160 559
5170 603
5180 686
5190 628
5200 632
5210 572
5220 521
5230 573
5240 586
5250 554
5260 582
5270 550
5280 646
5290 601
5300 558
5310 534
5320 531
5330 548
5340 513
5350 554
5360 562
5370 575
5380 558
5390 536
5400 596
5410 588
5420 528
5430 588
5440 532
5450 582
5460 529
5470 550
5480 572
5490 471
5500 542
5510 550
5520 572
5530 541
5540 558
5550 583
5560 553
5570 572
5580 532
5590 583
5600 570
5610 615
5620 578
5630 563
5640 562
5650 553
5660 556
5670 566
5680 513
5690 560
5700 511
5710 471
5720 453
5730 471
5740 522
5750 517
5760 480
5770 497
5780 536
5790 552
5800 576
5810 554
5820 525
5830 535
5840 477
5850 435
5860 537
5870 522
5880 463
5890 514
5900 549
5910 611
5920 589
5930 559
5940 614
5950 556
5960 595
5970 545
5980 641
5990 597
6000 576
6010 587
6020 595
6030 646
6040 685
6050 624
6060 639
6070 691
6080 620
6090 590
6100 604
6110 615
6120 585
6130 546
6140 557
6150 566
6160 654
6170 581
6180 604
6190 610
6200 540
6210 631
6220 603
6230 622
6240 596
6250 590
6260 604
6270 610
6280 588
6290 603
6300 609
6310 612
6320 630
6330 590
6340 624
6350 618
6360 617
6370 616
6380 645
6390 574
6400 660
6410 624
6420 649
6430 612
6440 618
6450 603
6460 603
6470 599
6480 607
6490 548
6500 614
6510 606
6520 607
6530 587
6540 591
6550 557
6560 567
6570 594
6580 609
6590 617
6600 664
6610 559
6620 618
6630 552
6640 555
6650 594
6660 595
6670 566
6680 643
6690 615
6700 627
6710 613
6720 528
6730 615
6740 664
6750 662
6760 572
6770 619
6780 564
6790 594
6800 562
6810 620
6820 597
6830 621
6840 645
6850 580
6860 668
6870 647
6880 612
6890 631
6900 603
6910 598
6920 643
6930 611
6940 609
6950 667
6960 673
6970 637
6980 676
6990 654
7000 631
7010 623
7020 548
7030 621
7040 585
7050 648
7060 667
7070 624
7080 673
7090 627
7100 671
7110 635
7120 608
7130 617
7140 652
7150 656
7160 675
7170 672
7180 671
7190 732
7200 673
7210 645
7220 604
7230 636
7240 608
7250 636
7260 593
7270 636
7280 626
7290 642
7300 596
7310 612
7320 606
7330 635
7340 582
7350 560
7360 570
7370 587
7380 590
7390 623
7400 603
7410 643
7420 629
7430 569
7440 700
7450 637
7460 660
7470 613
7480 620
7490 578
7500 608
7510 627
7520 578
7530 558
7540 592
7550 590
7560 615
7570 633
7580 564
7590 662
7600 585
7610 576
7620 565
7630 601
7640 600
7650 581
7660 592
7670 635
7680 586
7690 575
7700 576
7710 599
7720 601
7730 588
7740 611
7750 588
7760 604
7770 617
7780 611
7790 622
7800 564
7810 567
7820 605
7830 602
7840 547
7850 521
7860 509
7870 578
7880 498
7890 493
7900 612
7910 505
7920 608
7930 522
7940 561
7950 579
7960 605
7970 569
7980 558
7990 594
8000 577
8010 593
8020 605
8030 638
8040 630
8050 543
8060 586
8070 639
8080 617
8090 607
8100 618
8110 611
8120 635
8130 655
8140 600
8150 560
8160 630
8170 581
8180 563
8190 578
8200 647
8210 578
8220 650
8230 620
8240 540
8250 638
8260 591
8270 591
8280 591
8290 546
8300 521
8310 586
8320 556
8330 638
8340 616
8350 642
8360 636
8370 606
8380 616
8390 570
8400 530
8410 585
8420 595
8430 557
8440 620
8450 552
8460 552
8470 587
8480 602
8490 612
8500 591
8510 617
8520 593
8530 594
8540 583
8550 536
8560 639
8570 541
8580 627
8590 679
8600 627
8610 660
8620 672
8630 711
8640 659
8650 648
8660 616
8670 638
8680 620
8690 552
8700 664
8710 631
8720 634
8730 626
8740 644
8750 681
8760 625
8770 653
8780 628
8790 632
8800 631
8810 650
8820 511
8830 568
8840 651
8850 596
8860 654
8870 659
8880 565
8890 574
8900 642
8910 567
8920 630
8930 613
8940 577
8950 560
8960 556
8970 597
8980 590
8990 558
9000 578
9010 626
9020 532
9030 612
9040 635
9050 569
9060 559
9070 554
9080 610
9090 595
9100 571
9110 613
9120 658
9130 656
9140 688
9150 625
9160 625
9170 687
9180 587
9190 619
9200 623
9210 705
9220 699
9230 721
9240 665
9250 632
9260 668
9270 650
9280 646
9290 682
9300 592
9310 622
9320 592
9330 528
9340 530
9350 562
9360 622
9370 579
9380 605
9390 706
9400 606
9410 664
9420 668
9430 638
9440 607
9450 732
9460 664
9470 682
9480 689
9490 666
9500 642
9510 639
9520 665
9530 627
9540 700
9550 681
9560 591
9570 681
9580 763
9590 658
9600 688
9610 681
9620 708
9630 687
9640 620
9650 620
9660 706
9670 615
9680 580
9690 555
9700 602
9710 648
9720 622
9730 654
9740 664
9750 630
9760 644
9770 686
9780 662
9790 643
9800 646
9810 605
9820 618
9830 604
9840 627
9850 656
9860 592
9870 550
9880 609
9890 501
9900 606
9910 612
9920 620
9930 640
9940 575
9950 646
9960 681
9970 654
9980 726
9990 764
