# Frame Contacts
3000 737
3010 669
3020 669
3030 711
3040 664
3050 738
3060 756
3070 698
3080 736
3090 704
3100 704
3110 684
3120 760
3130 698
3140 685
3150 741
3160 748
3170 698
3180 666
3190 758
3200 681
3210 668
3220 719
3230 726
3240 728
3250 675
3260 757
3270 721
3280 719
3290 761
3300 767
3310 706
3320 726
3330 706
3340 739
3350 848
3360 730
3370 735
3380 754
3390 683
3400 715
3410 730
3420 732
3430 633
3440 732
3450 716
3460 666
3470 778
3480 773
3490 769
3500 721
3510 704
3520 702
3530 737
3540 702
3550 666
3560 616
3570 749
3580 717
3590 641
3600 637
3610 785
3620 732
3630 723
3640 741
3650 707
3660 666
3670 731
3680 628
3690 692
3700 669
3710 662
3720 664
3730 692
3740 709
3750 762
3760 673
3770 748
3780 748
3790 669
3800 696
3810 739
3820 745
3830 711
3840 748
3850 670
3860 662
3870 713
3880 723
3890 833
3900 798
3910 751
3920 734
3930 704
3940 715
3950 729
3960 807
3970 766
3980 801
3990 741
4000 774
4010 756
4020 709
4030 762
4040 747
4050 808
4060 832
4070 763
4080 813
4090 722
4100 704
4110 707
4120 731
4130 752
4140 715
4150 753
4160 745
4170 739
4180 778
4190 675
4200 840
4210 778
4220 823
4230 798
4240 847
4250 832
4260 906
4270 806
4280 726
4290 726
4300 768
4310 709
4320 772
4330 713
4340 670
4350 730
4360 683
4370 634
4380 699
4390 624
4400 660
4410 664
4420 689
4430 629
4440 664
4450 662
4460 654
4470 679
4480 634
4490 617
4500 682
4510 725
4520 653
4530 642
4540 673
4550 661
4560 742
4570 698
4580 656
4590 626
4600 635
4610 782
4620 705
4630 678
4640 728
4650 707
4660 814
4670 741
4680 723
4690 756
4700 703
4710 702
4720 789
4730 747
4740 701
4750 759
4760 686
4770 713
4780 747
4790 743
4800 731
4810 711
4820 746
4830 776
4840 780
4850 727
4860 840
4870 782
4880 762
4890 847
4900 807
4910 671
4920 789
4930 748
4940 856
4950 826
4960 820
4970 894
4980 824
4990 841
5000 807
5010 771
5020 693
5030 717
5040 724
5050 737
5060 723
5070 743
5080 716
5090 722
5100 724
5110 694
5120 700
5130 696
5140 668
5150 659
5160 680
5170 616
5180 677
5190 724
5200 746
5210 669
5220 663
5230 688
5240 714
5250 618
5260 680
5270 687
5280 644
5290 667
5300 705
5310 755
5320 711
5330 658
5340 704
5350 685
5360 652
5370 674
5380 747
5390 777
5400 745
5410 739
5420 747
5430 803
5440 768
5450 797
5460 784
5470 767
5480 766
5490 829
5500 767
5510 800
5520 734
5530 686
5540 722
5550 703
5560 681
5570 663
5580 710
5590 744
5600 695
5610 715
5620 690
5630 766
5640 806
5650 726
5660 655
5670 780
5680 716
5690 735
5700 745
5710 719
5720 743
5730 679
5740 718
5750 714
5760 699
5770 709
5780 631
5790 678
5800 692
5810 696
5820 636
5830 684
5840 723
5850 765
5860 721
5870 695
5880 752
5890 863
5900 813
5910 783
5920 815
5930 841
5940 765
5950 838
5960 737
5970 710
5980 736
5990 784
6000 858
6010 828
6020 824
6030 829
6040 820
6050 835
6060 798
6070 780
6080 813
6090 848
6100 796
6110 788
6120 769
6130 791
6140 796
6150 762
6160 797
6170 746
6180 803
6190 829
6200 807
6210 772
6220 818
6230 801
6240 780
6250 766
6260 754
6270 762
6280 785
6290 764
6300 767
6310 816
6320 740
6330 695
6340 752
6350 705
6360 793
6370 759
6380 759
6390 756
6400 737
6410 706
6420 750
6430 811
6440 786
6450 797
6460 781
6470 770
6480 825
6490 867
6500 903
6510 897
6520 880
6530 843
6540 863
6550 739
6560 823
6570 847
6580 794
6590 878
6600 878
6610 782
6620 804
6630 775
6640 766
6650 777
6660 849
6670 798
6680 756
6690 843
6700 855
6710 833
6720 907
6730 870
6740 943
6750 889
6760 781
6770 801
6780 759
6790 797
6800 828
6810 870
6820 918
6830 896
6840 928
6850 896
6860 865
6870 917
6880 887
6890 813
6900 816
6910 771
6920 793
6930 757
6940 776
6950 738
6960 773
6970 761
6980 880
6990 948
7000 891
7010 900
7020 889
7030 852
7040 873
7050 822
7060 795
7070 818
7080 814
7090 835
7100 823
7110 794
7120 819
7130 915
7140 860
7150 831
7160 853
7170 802
7180 851
7190 872
7200 873
7210 874
7220 906
7230 778
7240 925
7250 857
7260 841
7270 932
7280 904
7290 883
7300 916
7310 853
7320 886
7330 838
7340 897
7350 883
7360 898
7370 904
7380 869
7390 896
7400 952
7410 981
7420 955
7430 912
7440 927
7450 911
7460 857
7470 876
7480 900
7490 916
7500 974
7510 892
7520 924
7530 808
7540 820
7550 818
7560 848
7570 806
7580 813
7590 771
7600 754
7610 747
7620 768
7630 717
7640 701
7650 762
7660 715
7670 703
7680 774
7690 769
7700 715
7710 661
7720 752
7730 678
7740 751
7750 765
7760 738
7770 727
7780 745
7790 639
7800 736
7810 712
7820 729
7830 693
7840 685
7850 684
7860 670
7870 659
7880 665
7890 705
7900 683
7910 646
7920 679
7930 729
7940 695
7950 662
7960 703
7970 713
7980 722
7990 665
8000 739
8010 768
8020 804
8030 769
8040 781
8050 791
8060 790
8070 792
8080 731
8090 742
8100 743
8110 707
8120 781
8130 751
8140 715
8150 723
8160 685
8170 694
8180 740
8190 762
8200 720
8210 704
8220 786
8230 751
8240 763
8250 710
8260 774
8270 731
8280 728
8290 785
8300 775
8310 867
8320 738
8330 872
8340 831
8350 868
8360 769
8370 714
8380 711
8390 699
8400 690
8410 736
8420 694
8430 728
8440 726
8450 694
8460 686
8470 640
8480 604
8490 623
8500 609
8510 658
8520 743
8530 652
8540 673
8550 720
8560 696
8570 693
8580 713
8590 619
8600 651
8610 658
8620 661
8630 705
8640 735
8650 720
8660 698
8670 750
8680 804
8690 803
8700 857
8710 961
8720 875
8730 927
8740 932
8750 874
8760 889
8770 839
8780 777
8790 839
8800 858
8810 905
8820 859
8830 884
8840 861
8850 846
8860 795
8870 854
8880 877
8890 867
8900 818
8910 915
8920 949
8930 869
8940 893
8950 873
8960 849
8970 860
8980 860
8990 843
9000 739
9010 755
9020 784
9030 770
9040 793
9050 795
9060 751
9070 798
9080 859
9090 880
9100 779
9110 793
9120 818
9130 814
9140 778
9150 758
9160 807
9170 743
9180 801
9190 754
9200 757
9210 748
9220 746
9230 885
9240 831
9250 834
9260 925
9270 891
9280 917
9290 906
9300 938
9310 907
9320 896
9330 800
9340 835
9350 899
9360 908
9370 897
9380 954
9390 941
9400 933
9410 877
9420 891
9430 862
9440 973
9450 868
9460 836
9470 830
9480 825
9490 817
9500 834
9510 781
9520 807
9530 812
9540 773
9550 751
9560 776
9570 806
9580 795
9590 805
9600 745
9610 809
9620 847
9630 815
9640 825
9650 800
9660 780
9670 830
9680 733
9690 760
9700 790
9710 818
9720 844
9730 755
9740 841
9750 860
9760 846
9770 824
9780 848
9790 798
9800 747
9810 752
9820 766
9830 835
9840 803
9850 837
9860 885
9870 843
9880 800
9890 872
9900 932
9910 876
9920 768
9930 827
9940 786
9950 787
9960 819
9970 788
9980 857
9990 912
