# Frame Contacts
3000 221
3010 198
3020 222
3030 283
3040 228
3050 276
3060 298
3070 267
3080 263
3090 237
3100 214
3110 285
3120 247
3130 209
3140 300
3150 241
3160 207
3170 181
3180 207
3190 201
3200 261
3210 267
3220 216
3230 215
3240 190
3250 280
3260 273
3270 277
3280 312
3290 367
3300 297
3310 294
3320 314
3330 334
3340 313
3350 388
3360 381
3370 398
3380 377
3390 413
3400 383
3410 366
3420 389
3430 367
3440 389
3450 403
3460 404
3470 387
3480 411
3490 359
3500 466
3510 399
3520 387
3530 383
3540 413
3550 393
3560 403
3570 403
3580 397
3590 392
3600 391
3610 380
3620 426
3630 407
3640 438
3650 428
3660 424
3670 390
3680 424
3690 364
3700 376
3710 346
3720 338
3730 350
3740 289
3750 385
3760 336
3770 260
3780 334
3790 337
3800 334
3810 378
3820 332
3830 370
3840 357
3850 358
3860 372
3870 380
3880 406
3890 384
3900 272
3910 299
3920 276
3930 340
3940 316
3950 336
3960 361
3970 304
3980 339
3990 345
4000 362
4010 296
4020 337
4030 366
4040 334
4050 339
4060 378
4070 319
4080 392
4090 341
4100 318
4110 344
4120 359
4130 352
4140 393
4150 405
4160 451
4170 458
4180 449
4190 494
4200 458
4210 445
4220 367
4230 366
4240 401
4250 429
4260 444
4270 415
4280 426
4290 387
4300 418
4310 398
4320 449
4330 433
4340 405
4350 503
4360 485
4370 461
4380 523
4390 567
4400 558
4410 530
4420 499
4430 479
4440 484
4450 485
4460 497
4470 424
4480 532
4490 468
4500 490
4510 467
4520 456
4530 503
4540 560
4550 520
4560 563
4570 497
4580 527
4590 536
4600 638
4610 550
4620 574
4630 536
4640 548
4650 561
4660 606
4670 580
4680 522
4690 481
4700 438
4710 437
4720 518
4730 557
4740 569
4750 517
4760 514
4770 444
4780 525
4790 494
4800 525
4810 515
4820 573
4830 500
4840 479
4850 470
4860 412
4870 417
4880 408
4890 395
4900 390
4910 345
4920 427
4930 351
4940 392
4950 400
4960 494
4970 435
4980 453
4990 462
5000 468
5010 448
5020 446
5030 410
5040 431
5050 473
5060 427
5070 442
5080 430
5090 410
5100 421
5110 467
5120 456
5130 456
5140 438
5150 531
5160 570
5170 485
5180 524
5190 508
5200 544
5210 467
5220 572
5230 490
5240 538
5250 556
5260 572
5270 571
5280 540
5290 521
5300 576
5310 579
5320 518
5330 513
5340 535
5350 552
5360 446
5370 509
5380 481
5390 449
5400 493
5410 500
5420 464
5430 476
5440 446
5450 474
5460 567
5470 542
5480 500
5490 476
5500 497
5510 469
5520 488
5530 513
5540 563
5550 525
5560 435
5570 445
5580 484
5590 496
5600 504
5610 523
5620 512
5630 489
5640 509
5650 503
5660 537
5670 476
5680 498
5690 526
5700 487
5710 528
5720 548
5730 525
5740 546
5750 566
5760 569
5770 512
5780 427
5790 480
5800 469
5810 497
5820 522
5830 542
5840 505
5850 444
5860 432
5870 452
5880 485
5890 444
5900 454
5910 420
5920 435
5930 391
5940 417
5950 420
5960 470
5970 449
5980 375
5990 421
6000 457
6010 462
6020 469
6030 442
6040 418
6050 442
6060 385
6070 450
6080 428
6090 443
6100 450
6110 420
6120 437
6130 458
6140 426
6150 424
6160 414
6170 407
6180 494
6190 462
6200 433
6210 415
6220 437
6230 427
6240 398
6250 443
6260 444
6270 456
6280 451
6290 404
6300 437
6310 416
6320 427
6330 386
6340 409
6350 376
6360 443
6370 425
6380 411
6390 375
6400 377
6410 378
6420 446
6430 425
6440 411
6450 406
6460 349
6470 374
6480 443
6490 421
6500 380
6510 406
6520 364
6530 423
6540 401
6550 380
6560 390
6570 355
6580 370
6590 329
6600 305
6610 288
6620 328
6630 307
6640 291
6650 288
6660 303
6670 345
6680 339
6690 327
6700 318
6710 360
6720 384
6730 396
6740 358
6750 359
6760 339
6770 386
6780 445
6790 371
6800 385
6810 386
6820 415
6830 424
6840 453
6850 435
6860 378
6870 413
6880 345
6890 429
6900 460
6910 451
6920 444
6930 408
6940 388
6950 397
6960 413
6970 405
6980 391
6990 420
7000 428
7010 423
7020 408
7030 405
7040 437
7050 429
7060 405
7070 414
7080 444
7090 442
7100 465
7110 399
7120 427
7130 443
7140 492
7150 508
7160 521
7170 484
7180 469
7190 500
7200 531
7210 527
7220 490
7230 426
7240 477
7250 523
7260 521
7270 522
7280 504
7290 463
7300 486
7310 497
7320 502
7330 495
7340 512
7350 482
7360 529
7370 525
7380 439
7390 471
7400 471
7410 455
7420 459
7430 504
7440 484
7450 543
7460 504
7470 461
7480 502
7490 511
7500 486
7510 459
7520 449
7530 464
7540 482
7550 472
7560 474
7570 473
7580 510
7590 497
7600 503
7610 493
7620 511
7630 456
7640 461
7650 523
7660 496
7670 484
7680 439
7690 490
7700 476
7710 541
7720 485
7730 489
7740 450
7750 420
7760 470
7770 422
7780 422
7790 393
7800 423
7810 441
7820 463
7830 468
7840 444
7850 421
7860 497
7870 530
7880 529
7890 498
7900 468
7910 443
7920 451
7930 479
7940 445
7950 462
7960 426
7970 435
7980 425
7990 446
8000 400
8010 427
8020 397
8030 407
8040 491
8050 493
8060 469
8070 514
8080 439
8090 469
8100 463
8110 483
8120 499
8130 584
8140 464
8150 433
8160 424
8170 452
8180 405
8190 344
8200 383
8210 335
8220 319
8230 394
8240 361
8250 427
8260 395
8270 403
8280 364
8290 417
8300 361
8310 396
8320 359
8330 496
8340 429
8350 367
8360 410
8370 449
8380 325
8390 406
8400 393
8410 363
8420 383
8430 345
8440 379
8450 353
8460 350
8470 367
8480 364
8490 350
8500 396
8510 354
8520 389
8530 351
8540 375
8550 355
8560 361
8570 376
8580 409
8590 377
8600 370
8610 416
8620 423
8630 455
8640 445
8650 478
8660 334
8670 367
8680 361
8690 347
8700 375
8710 442
8720 438
8730 413
8740 446
8750 435
8760 472
8770 498
8780 473
8790 415
8800 437
8810 450
8820 477
8830 458
8840 428
8850 460
8860 449
8870 421
8880 455
8890 421
8900 436
8910 396
8920 358
8930 371
8940 384
8950 430
8960 448
8970 465
8980 481
8990 479
9000 460
9010 433
9020 430
9030 429
9040 431
9050 347
9060 406
9070 379
9080 420
9090 417
9100 409
9110 384
9120 355
9130 425
9140 408
9150 410
9160 436
9170 367
9180 386
9190 406
9200 463
9210 405
9220 397
9230 435
9240 447
9250 390
9260 456
9270 415
9280 413
9290 470
9300 413
9310 436
9320 409
9330 364
9340 452
9350 457
9360 411
9370 464
9380 481
9390 510
9400 489
9410 491
9420 494
9430 558
9440 488
9450 559
9460 501
9470 524
9480 543
9490 496
9500 459
9510 427
9520 467
9530 458
9540 451
9550 490
9560 462
9570 471
9580 497
9590 467
9600 465
9610 465
9620 487
9630 490
9640 393
9650 435
9660 437
9670 539
9680 437
9690 433
9700 461
9710 477
9720 458
9730 506
9740 430
9750 469
9760 473
9770 416
9780 489
9790 501
9800 470
9810 467
9820 457
9830 428
9840 477
9850 498
9860 485
9870 468
9880 517
9890 475
9900 449
9910 398
9920 461
9930 380
9940 483
9950 467
9960 399
9970 489
9980 518
9990 474
