# Frame Contacts
3000 282
3010 287
3020 264
3030 248
3040 267
3050 246
3060 245
3070 258
3080 228
3090 250
3100 308
3110 253
3120 247
3130 265
3140 243
3150 250
3160 262
3170 250
3180 248
3190 215
3200 219
3210 265
3220 200
3230 257
3240 256
3250 242
3260 270
3270 243
3280 289
3290 261
3300 278
3310 238
3320 287
3330 217
3340 243
3350 229
3360 244
3370 258
3380 234
3390 281
3400 191
3410 211
3420 221
3430 258
3440 249
3450 271
3460 221
3470 258
3480 266
3490 254
3500 255
3510 229
3520 259
3530 253
3540 206
3550 219
3560 216
3570 240
3580 212
3590 225
3600 223
3610 260
3620 287
3630 269
3640 242
3650 305
3660 288
3670 255
3680 294
3690 295
3700 294
3710 323
3720 291
3730 273
3740 314
3750 292
3760 336
3770 308
3780 309
3790 293
3800 265
3810 246
3820 295
3830 267
3840 262
3850 304
3860 241
3870 287
3880 264
3890 271
3900 290
3910 282
3920 302
3930 278
3940 274
3950 276
3960 291
3970 294
3980 277
3990 309
4000 291
4010 311
4020 265
4030 282
4040 266
4050 295
4060 321
4070 294
4080 285
4090 290
4100 290
4110 327
4120 291
4130 251
4140 303
4150 264
4160 325
4170 294
4180 317
4190 268
4200 255
4210 266
4220 240
4230 278
4240 263
4250 284
4260 278
4270 270
4280 251
4290 234
4300 279
4310 281
4320 312
4330 292
4340 279
4350 253
4360 252
4370 215
4380 235
4390 301
4400 234
4410 231
4420 282
4430 298
4440 285
4450 307
4460 259
4470 219
4480 239
4490 299
4500 283
4510 267
4520 244
4530 316
4540 302
4550 295
4560 272
4570 263
4580 239
4590 282
4600 280
4610 252
4620 277
4630 285
4640 276
4650 290
4660 315
4670 294
4680 262
4690 251
4700 295
4710 247
4720 245
4730 275
4740 237
4750 266
4760 311
4770 274
4780 310
4790 237
4800 208
4810 154
4820 207
4830 206
4840 216
4850 225
4860 290
4870 251
4880 229
4890 271
4900 235
4910 208
4920 219
4930 236
4940 189
4950 214
4960 229
4970 234
4980 227
4990 241
5000 201
5010 217
5020 220
5030 256
5040 251
5050 246
5060 219
5070 230
5080 244
5090 286
5100 267
5110 259
5120 223
5130 250
5140 206
5150 252
5160 243
5170 295
5180 262
5190 289
5200 349
5210 287
5220 255
5230 339
5240 296
5250 291
5260 326
5270 332
5280 306
5290 294
5300 284
5310 289
5320 312
5330 273
5340 233
5350 274
5360 333
5370 283
5380 306
5390 304
5400 326
5410 351
5420 329
5430 286
5440 326
5450 312
5460 322
5470 334
5480 303
5490 311
5500 290
5510 327
5520 304
5530 297
5540 339
5550 308
5560 307
5570 322
5580 359
5590 341
5600 323
5610 312
5620 339
5630 351
5640 306
5650 310
5660 314
5670 360
5680 301
5690 368
5700 319
5710 305
5720 290
5730 374
5740 331
5750 351
5760 352
5770 364
5780 337
5790 326
5800 276
5810 325
5820 341
5830 352
5840 342
5850 365
5860 355
5870 373
5880 297
5890 379
5900 444
5910 418
5920 406
5930 412
5940 374
5950 397
5960 418
5970 446
5980 395
5990 392
6000 361
6010 387
6020 425
6030 438
6040 442
6050 504
6060 467
6070 398
6080 399
6090 385
6100 419
6110 466
6120 436
6130 433
6140 446
6150 413
6160 426
6170 448
6180 457
6190 466
6200 391
6210 416
6220 370
6230 417
6240 389
6250 410
6260 480
6270 423
6280 421
6290 454
6300 452
6310 397
6320 414
6330 435
6340 404
6350 461
6360 493
6370 429
6380 413
6390 475
6400 438
6410 478
6420 452
6430 493
6440 485
6450 509
6460 478
6470 441
6480 478
6490 497
6500 496
6510 496
6520 464
6530 429
6540 443
6550 383
6560 446
6570 474
6580 532
6590 475
6600 495
6610 471
6620 492
6630 504
6640 502
6650 464
6660 535
6670 536
6680 465
6690 473
6700 532
6710 461
6720 515
6730 460
6740 505
6750 420
6760 514
6770 491
6780 476
6790 501
6800 458
6810 469
6820 413
6830 427
6840 364
6850 426
6860 393
6870 375
6880 374
6890 422
6900 449
6910 374
6920 374
6930 376
6940 372
6950 401
6960 438
6970 434
6980 367
6990 361
7000 367
7010 405
7020 342
7030 357
7040 334
7050 397
7060 334
7070 414
7080 390
7090 365
7100 382
7110 374
7120 394
7130 403
7140 402
7150 422
7160 427
7170 383
7180 383
7190 391
7200 389
7210 383
7220 412
7230 356
7240 390
7250 394
7260 364
7270 370
7280 398
7290 405
7300 383
7310 378
7320 389
7330 387
7340 382
7350 369
7360 417
7370 402
7380 403
7390 408
7400 386
7410 383
7420 378
7430 389
7440 336
7450 309
7460 366
7470 386
7480 400
7490 371
7500 398
7510 427
7520 434
7530 362
7540 374
7550 374
7560 457
7570 439
7580 431
7590 399
7600 402
7610 382
7620 380
7630 403
7640 390
7650 371
7660 345
7670 377
7680 406
7690 426
7700 450
7710 428
7720 405
7730 390
7740 434
7750 355
7760 397
7770 363
7780 413
7790 370
7800 393
7810 428
7820 398
7830 362
7840 361
7850 371
7860 346
7870 354
7880 401
7890 421
7900 394
7910 434
7920 403
7930 408
7940 403
7950 428
7960 356
7970 417
7980 405
7990 371
8000 392
8010 358
8020 362
8030 409
8040 424
8050 438
8060 476
8070 415
8080 460
8090 421
8100 411
8110 386
8120 372
8130 377
8140 399
8150 405
8160 416
8170 414
8180 346
8190 430
8200 385
8210 422
8220 383
8230 396
8240 438
8250 410
8260 444
8270 512
8280 419
8290 383
8300 390
8310 396
8320 437
8330 393
8340 340
8350 348
8360 358
8370 364
8380 363
8390 357
8400 336
8410 318
8420 343
8430 399
8440 373
8450 339
8460 425
8470 390
8480 294
8490 319
8500 352
8510 419
8520 290
8530 353
8540 381
8550 365
8560 427
8570 350
8580 375
8590 374
8600 388
8610 316
8620 371
8630 383
8640 421
8650 452
8660 390
8670 359
8680 417
8690 468
8700 401
8710 407
8720 372
8730 433
8740 427
8750 436
8760 434
8770 391
8780 405
8790 383
8800 417
8810 443
8820 420
8830 393
8840 383
8850 387
8860 391
8870 401
8880 415
8890 379
8900 383
8910 369
8920 429
8930 395
8940 389
8950 353
8960 416
8970 350
8980 396
8990 404
9000 369
9010 379
9020 367
9030 305
9040 338
9050 396
9060 355
9070 380
9080 361
9090 346
9100 349
9110 340
9120 350
9130 291
9140 291
9150 289
9160 301
9170 266
9180 315
9190 315
9200 310
9210 311
9220 309
9230 295
9240 355
9250 331
9260 309
9270 336
9280 314
9290 292
9300 283
9310 301
9320 356
9330 366
9340 317
9350 294
9360 282
9370 281
9380 315
9390 356
9400 324
9410 385
9420 337
9430 358
9440 345
9450 299
9460 352
9470 328
9480 331
9490 396
9500 429
9510 442
9520 388
9530 376
9540 395
9550 374
9560 380
9570 413
9580 416
9590 433
9600 407
9610 405
9620 460
9630 454
9640 452
9650 483
9660 436
9670 435
9680 304
9690 274
9700 341
9710 343
9720 302
9730 319
9740 270
9750 306
9760 370
9770 337
9780 347
9790 374
9800 315
9810 291
9820 318
9830 336
9840 337
9850 337
9860 357
9870 342
9880 359
9890 349
9900 364
9910 368
9920 344
9930 360
9940 309
9950 385
9960 349
9970 380
9980 354
9990 369
