# Frame Contacts
3000 330
3010 296
3020 321
3030 349
3040 346
3050 378
3060 295
3070 349
3080 317
3090 332
3100 307
3110 323
3120 309
3130 364
3140 360
3150 282
3160 310
3170 327
3180 315
3190 370
3200 286
3210 285
3220 328
3230 347
3240 351
3250 316
3260 332
3270 334
3280 304
3290 355
3300 338
3310 323
3320 322
3330 314
3340 390
3350 379
3360 364
3370 400
3380 376
3390 385
3400 370
3410 369
3420 383
3430 386
3440 325
3450 325
3460 406
3470 362
3480 376
3490 360
3500 316
3510 329
3520 304
3530 266
3540 382
3550 339
3560 278
3570 362
3580 314
3590 284
3600 345
3610 316
3620 342
3630 308
3640 333
3650 313
3660 316
3670 337
3680 324
3690 310
3700 299
3710 336
3720 357
3730 325
3740 315
3750 279
3760 334
3770 239
3780 272
3790 291
3800 296
3810 304
3820 296
3830 275
3840 271
3850 270
3860 268
3870 284
3880 274
3890 272
3900 261
3910 336
3920 311
3930 286
3940 322
3950 324
3960 320
3970 301
3980 341
3990 319
4000 307
4010 310
4020 290
4030 278
4040 280
4050 302
4060 258
4070 353
4080 373
4090 336
4100 380
4110 289
4120 406
4130 348
4140 348
4150 386
4160 362
4170 340
4180 332
4190 330
4200 338
4210 330
4220 347
4230 303
4240 273
4250 276
4260 325
4270 300
4280 285
4290 238
4300 237
4310 236
4320 240
4330 243
4340 240
4350 284
4360 277
4370 260
4380 289
4390 333
4400 288
4410 328
4420 359
4430 346
4440 278
4450 338
4460 315
4470 329
4480 341
4490 300
4500 297
4510 282
4520 270
4530 277
4540 305
4550 354
4560 286
4570 331
4580 338
4590 337
4600 339
4610 307
4620 332
4630 337
4640 309
4650 410
4660 399
4670 355
4680 365
4690 388
4700 364
4710 383
4720 374
4730 397
4740 406
4750 393
4760 479
4770 484
4780 424
4790 420
4800 510
4810 455
4820 498
4830 436
4840 351
4850 422
4860 408
4870 411
4880 442
4890 402
4900 408
4910 365
4920 436
4930 405
4940 463
4950 403
4960 412
4970 391
4980 525
4990 459
5000 383
5010 390
5020 413
5030 397
5040 425
5050 474
5060 453
5070 498
5080 485
5090 496
5100 467
5110 455
5120 448
5130 425
5140 441
5150 487
5160 435
5170 461
5180 450
5190 409
5200 487
5210 435
5220 491
5230 515
5240 483
5250 503
5260 457
5270 413
5280 466
5290 462
5300 489
5310 453
5320 440
5330 495
5340 398
5350 437
5360 466
5370 483
5380 391
5390 468
5400 461
5410 457
5420 436
5430 489
5440 448
5450 417
5460 434
5470 435
5480 400
5490 398
5500 399
5510 392
5520 437
5530 474
5540 405
5550 413
5560 443
5570 456
5580 425
5590 505
5600 463
5610 494
5620 447
5630 437
5640 430
5650 406
5660 417
5670 413
5680 441
5690 467
5700 431
5710 439
5720 448
5730 438
5740 444
5750 455
5760 440
5770 456
5780 415
5790 439
5800 420
5810 371
5820 496
5830 460
5840 393
5850 441
5860 464
5870 424
5880 456
5890 501
5900 459
5910 437
5920 492
5930 463
5940 462
5950 441
5960 482
5970 513
5980 456
5990 464
6000 480
6010 443
6020 421
6030 437
6040 492
6050 469
6060 405
6070 500
6080 452
6090 376
6100 361
6110 435
6120 378
6130 473
6140 503
6150 441
6160 394
6170 398
6180 388
6190 458
6200 425
6210 471
6220 428
6230 435
6240 367
6250 372
6260 439
6270 425
6280 478
6290 454
6300 455
6310 472
6320 441
6330 509
6340 423
6350 446
6360 470
6370 408
6380 498
6390 418
6400 389
6410 403
6420 349
6430 428
6440 473
6450 456
6460 467
6470 460
6480 415
6490 411
6500 399
6510 399
6520 412
6530 435
6540 481
6550 470
6560 427
6570 525
6580 427
6590 420
6600 503
6610 514
6620 462
6630 458
6640 414
6650 427
6660 508
6670 501
6680 463
6690 474
6700 497
6710 456
6720 443
6730 501
6740 500
6750 494
6760 468
6770 515
6780 507
6790 466
6800 489
6810 473
6820 493
6830 429
6840 487
6850 452
6860 469
6870 468
6880 442
6890 526
6900 483
6910 481
6920 448
6930 484
6940 497
6950 447
6960 542
6970 481
6980 496
6990 511
7000 518
7010 470
7020 458
7030 498
7040 493
7050 492
7060 494
7070 524
7080 503
7090 492
7100 499
7110 476
7120 504
7130 469
7140 451
7150 477
7160 463
7170 509
7180 482
7190 493
7200 462
7210 492
7220 520
7230 497
7240 415
7250 457
7260 450
7270 495
7280 490
7290 484
7300 471
7310 472
7320 440
7330 461
7340 442
7350 435
7360 463
7370 429
7380 438
7390 447
7400 455
7410 511
7420 512
7430 506
7440 498
7450 549
7460 497
7470 510
7480 443
7490 518
7500 533
7510 546
7520 457
7530 448
7540 451
7550 500
7560 522
7570 460
7580 449
7590 451
7600 426
7610 452
7620 367
7630 473
7640 424
7650 449
7660 467
7670 480
7680 464
7690 429
7700 531
7710 542
7720 503
7730 504
7740 482
7750 473
7760 495
7770 496
7780 462
7790 528
7800 479
7810 498
7820 481
7830 501
7840 422
7850 466
7860 472
7870 478
7880 431
7890 452
7900 464
7910 485
7920 449
7930 454
7940 504
7950 454
7960 419
7970 505
7980 477
7990 412
8000 426
8010 497
8020 470
8030 488
8040 448
8050 477
8060 454
8070 448
8080 478
8090 518
8100 481
8110 482
8120 452
8130 493
8140 448
8150 480
8160 426
8170 459
8180 439
8190 421
8200 425
8210 492
8220 481
8230 457
8240 471
8250 458
8260 449
8270 416
8280 441
8290 413
8300 392
8310 390
8320 453
8330 373
8340 364
8350 381
8360 327
8370 348
8380 395
8390 341
8400 335
8410 349
8420 360
8430 396
8440 369
8450 366
8460 377
8470 337
8480 424
8490 450
8500 420
8510 365
8520 414
8530 447
8540 397
8550 432
8560 425
8570 384
8580 411
8590 404
8600 405
8610 401
8620 439
8630 455
8640 462
8650 407
8660 381
8670 469
8680 489
8690 477
8700 422
8710 470
8720 463
8730 430
8740 477
8750 486
8760 457
8770 519
8780 468
8790 474
8800 519
8810 493
8820 485
8830 449
8840 424
8850 445
8860 424
8870 471
8880 529
8890 519
8900 514
8910 502
8920 467
8930 500
8940 468
8950 452
8960 468
8970 412
8980 455
8990 418
9000 448
9010 386
9020 439
9030 468
9040 462
9050 443
9060 450
9070 453
9080 482
9090 459
9100 465
9110 450
9120 474
9130 379
9140 428
9150 440
9160 395
9170 483
9180 435
9190 410
9200 486
9210 446
9220 444
9230 410
9240 412
9250 437
9260 443
9270 476
9280 443
9290 495
9300 467
9310 466
9320 479
9330 488
9340 502
9350 526
9360 522
9370 524
9380 560
9390 476
9400 452
9410 436
9420 485
9430 503
9440 437
9450 457
9460 478
9470 431
9480 523
9490 478
9500 511
9510 476
9520 487
9530 459
9540 448
9550 483
9560 521
9570 514
9580 536
9590 512
9600 514
9610 579
9620 567
9630 506
9640 449
9650 443
9660 469
9670 458
9680 478
9690 462
9700 435
9710 470
9720 425
9730 431
9740 427
9750 399
9760 456
9770 481
9780 459
9790 426
9800 411
9810 408
9820 457
9830 489
9840 441
9850 413
9860 448
9870 411
9880 484
9890 443
9900 417
9910 452
9920 413
9930 402
9940 403
9950 429
9960 425
9970 435
9980 536
9990 447
