# Frame Contacts
3000 327
3010 315
3020 334
3030 256
3040 318
3050 300
3060 304
3070 288
3080 315
3090 321
3100 309
3110 330
3120 298
3130 416
3140 345
3150 361
3160 322
3170 351
3180 342
3190 330
3200 279
3210 279
3220 331
3230 286
3240 329
3250 346
3260 325
3270 275
3280 273
3290 303
3300 312
3310 317
3320 403
3330 387
3340 330
3350 353
3360 378
3370 364
3380 400
3390 375
3400 374
3410 374
3420 443
3430 394
3440 388
3450 414
3460 384
3470 360
3480 398
3490 318
3500 347
3510 317
3520 325
3530 286
3540 329
3550 321
3560 260
3570 313
3580 281
3590 315
3600 287
3610 283
3620 276
3630 290
3640 309
3650 270
3660 267
3670 238
3680 203
3690 219
3700 219
3710 216
3720 248
3730 247
3740 243
3750 203
3760 271
3770 243
3780 202
3790 223
3800 239
3810 244
3820 236
3830 185
3840 164
3850 173
3860 162
3870 186
3880 170
3890 160
3900 142
3910 147
3920 161
3930 201
3940 198
3950 231
3960 195
3970 165
3980 163
3990 199
4000 201
4010 221
4020 222
4030 196
4040 196
4050 233
4060 194
4070 204
4080 182
4090 206
4100 142
4110 182
4120 192
4130 190
4140 198
4150 183
4160 175
4170 138
4180 159
4190 218
4200 212
4210 207
4220 267
4230 238
4240 312
4250 331
4260 253
4270 273
4280 284
4290 239
4300 249
4310 261
4320 277
4330 241
4340 270
4350 285
4360 245
4370 308
4380 272
4390 291
4400 298
4410 233
4420 295
4430 183
4440 156
4450 188
4460 192
4470 161
4480 148
4490 161
4500 157
4510 146
4520 140
4530 149
4540 150
4550 148
4560 186
4570 181
4580 176
4590 221
4600 136
4610 211
4620 182
4630 158
4640 251
4650 185
4660 147
4670 135
4680 163
4690 143
4700 144
4710 163
4720 195
4730 172
4740 178
4750 123
4760 116
4770 125
4780 202
4790 140
4800 134
4810 220
4820 199
4830 197
4840 212
4850 243
4860 213
4870 206
4880 268
4890 259
4900 253
4910 231
4920 262
4930 275
4940 240
4950 234
4960 194
4970 215
4980 202
4990 224
5000 168
5010 152
5020 172
5030 161
5040 191
5050 195
5060 197
5070 135
5080 112
5090 145
5100 178
5110 198
5120 204
5130 261
5140 242
5150 243
5160 175
5170 184
5180 200
5190 282
5200 275
5210 242
5220 266
5230 288
5240 215
5250 274
5260 201
5270 242
5280 260
5290 266
5300 257
5310 285
5320 268
5330 276
5340 242
5350 268
5360 252
5370 241
5380 235
5390 213
5400 228
5410 210
5420 258
5430 235
5440 246
5450 196
5460 287
5470 265
5480 242
5490 247
5500 245
5510 240
5520 241
5530 243
5540 239
5550 269
5560 263
5570 285
5580 286
5590 298
5600 300
5610 294
5620 263
5630 252
5640 280
5650 268
5660 289
5670 316
5680 336
5690 312
5700 305
5710 312
5720 315
5730 309
5740 248
5750 283
5760 194
5770 271
5780 255
5790 247
5800 340
5810 326
5820 335
5830 308
5840 285
5850 314
5860 199
5870 260
5880 310
5890 255
5900 280
5910 313
5920 328
5930 258
5940 267
5950 301
5960 258
5970 279
5980 311
5990 237
6000 294
6010 265
6020 272
6030 268
6040 268
6050 302
6060 245
6070 278
6080 310
6090 298
6100 311
6110 279
6120 321
6130 260
6140 288
6150 321
6160 342
6170 313
6180 328
6190 346
6200 357
6210 372
6220 302
6230 315
6240 314
6250 251
6260 238
6270 263
6280 266
6290 252
6300 265
6310 215
6320 209
6330 239
6340 232
6350 183
6360 183
6370 189
6380 193
6390 199
6400 201
6410 230
6420 254
6430 279
6440 251
6450 248
6460 275
6470 267
6480 270
6490 225
6500 330
6510 208
6520 228
6530 286
6540 293
6550 284
6560 294
6570 303
6580 334
6590 314
6600 339
6610 309
6620 279
6630 305
6640 274
6650 273
6660 256
6670 256
6680 263
6690 277
6700 265
6710 266
6720 270
6730 265
6740 259
6750 262
6760 261
6770 254
6780 285
6790 247
6800 220
6810 272
6820 282
6830 253
6840 267
6850 276
6860 272
6870 249
6880 259
6890 250
6900 286
6910 278
6920 296
6930 245
6940 313
6950 286
6960 288
6970 282
6980 262
6990 285
7000 266
7010 248
7020 204
7030 229
7040 269
7050 250
7060 289
7070 229
7080 227
7090 266
7100 278
7110 308
7120 284
7130 262
7140 290
7150 309
7160 218
7170 262
7180 219
7190 205
7200 158
7210 258
7220 258
7230 237
7240 209
7250 239
7260 260
7270 240
7280 202
7290 233
7300 223
7310 218
7320 201
7330 163
7340 174
7350 191
7360 218
7370 202
7380 217
7390 242
7400 268
7410 223
7420 231
7430 254
7440 253
7450 200
7460 204
7470 271
7480 229
7490 233
7500 251
7510 225
7520 222
7530 224
7540 278
7550 233
7560 237
7570 218
7580 207
7590 216
7600 184
7610 205
7620 213
7630 220
7640 204
7650 148
7660 188
7670 212
7680 227
7690 193
7700 177
7710 174
7720 156
7730 168
7740 167
7750 150
7760 158
7770 161
7780 136
7790 99
7800 140
7810 127
7820 133
7830 125
7840 106
7850 104
7860 157
7870 160
7880 115
7890 149
7900 140
7910 148
7920 128
7930 92
7940 150
7950 186
7960 187
7970 167
7980 152
7990 161
8000 148
8010 182
8020 178
8030 130
8040 164
8050 203
8060 212
8070 261
8080 262
8090 265
8100 229
8110 277
8120 291
8130 312
8140 295
8150 305
8160 245
8170 238
8180 226
8190 295
8200 254
8210 270
8220 316
8230 365
8240 271
8250 291
8260 277
8270 351
8280 360
8290 475
8300 438
8310 422
8320 400
8330 462
8340 427
8350 440
8360 468
8370 436
8380 479
8390 492
8400 442
8410 435
8420 473
8430 453
8440 425
8450 456
8460 450
8470 486
8480 489
8490 447
8500 539
8510 493
8520 443
8530 495
8540 492
8550 455
8560 424
8570 436
8580 507
8590 460
8600 484
8610 458
8620 465
8630 424
8640 463
8650 448
8660 400
8670 398
8680 426
8690 438
8700 477
8710 463
8720 434
8730 412
8740 406
8750 382
8760 477
8770 444
8780 438
8790 457
8800 423
8810 505
8820 419
8830 343
8840 387
8850 383
8860 455
8870 403
8880 368
8890 450
8900 356
8910 403
8920 425
8930 358
8940 395
8950 444
8960 403
8970 384
8980 406
8990 349
9000 299
9010 455
9020 429
9030 445
9040 377
9050 366
9060 401
9070 413
9080 426
9090 394
9100 342
9110 356
9120 372
9130 375
9140 369
9150 378
9160 384
9170 362
9180 369
9190 328
9200 384
9210 361
9220 384
9230 399
9240 374
9250 326
9260 399
9270 414
9280 410
9290 406
9300 378
9310 375
9320 357
9330 354
9340 376
9350 326
9360 343
9370 280
9380 324
9390 340
9400 331
9410 306
9420 342
9430 327
9440 344
9450 278
9460 307
9470 343
9480 344
9490 300
9500 361
9510 327
9520 348
9530 343
9540 398
9550 402
9560 425
9570 370
9580 347
9590 380
9600 419
9610 374
9620 369
9630 377
9640 410
9650 372
9660 340
9670 412
9680 359
9690 388
9700 416
9710 327
9720 343
9730 355
9740 389
9750 353
9760 393
9770 403
9780 415
9790 407
9800 372
9810 349
9820 377
9830 364
9840 320
9850 323
9860 392
9870 354
9880 374
9890 351
9900 369
9910 413
9920 419
9930 376
9940 351
9950 355
9960 377
9970 345
9980 342
9990 390
