# Frame Contacts
3000 1000
3010 1034
3020 966
3030 994
3040 1082
3050 1072
3060 1020
3070 1007
3080 1001
3090 980
3100 961
3110 1018
3120 1056
3130 972
3140 1076
3150 1035
3160 1023
3170 1012
3180 1062
3190 1083
3200 1025
3210 1105
3220 1042
3230 1110
3240 1098
3250 1039
3260 1015
3270 1061
3280 1015
3290 1017
3300 1149
3310 1085
3320 1086
3330 1119
3340 1029
3350 1078
3360 1120
3370 1070
3380 1069
3390 983
3400 1066
3410 1079
3420 1060
3430 975
3440 1102
3450 1062
3460 1063
3470 1138
3480 1103
3490 1061
3500 1149
3510 1014
3520 1121
3530 1161
3540 1111
3550 1094
3560 1106
3570 1158
3580 1068
3590 1149
3600 1138
3610 1153
3620 1163
3630 1184
3640 1223
3650 1189
3660 1165
3670 1053
3680 1080
3690 1083
3700 1125
3710 1144
3720 1115
3730 1086
3740 1046
3750 1078
3760 1082
3770 1027
3780 1099
3790 1204
3800 1080
3810 1015
3820 1112
3830 1111
3840 1137
3850 1028
3860 997
3870 1029
3880 1064
3890 1124
3900 1091
3910 1065
3920 1176
3930 1204
3940 1129
3950 1068
3960 1046
3970 1043
3980 1071
3990 1030
4000 1024
4010 1075
4020 1126
4030 1039
4040 1064
4050 1069
4060 1007
4070 1012
4080 1011
4090 1060
4100 1030
4110 1067
4120 1039
4130 1081
4140 1069
4150 1051
4160 1072
4170 1055
4180 1083
4190 1055
4200 1067
4210 986
4220 1021
4230 1000
4240 1059
4250 1056
4260 1096
4270 1122
4280 1049
4290 1077
4300 1079
4310 1056
4320 1049
4330 1019
4340 955
4350 987
4360 920
4370 968
4380 1004
4390 949
4400 992
4410 903
4420 937
4430 931
4440 977
4450 967
4460 958
4470 966
4480 978
4490 1030
4500 972
4510 993
4520 860
4530 902
4540 884
4550 995
4560 955
4570 991
4580 955
4590 918
4600 950
4610 885
4620 886
4630 935
4640 981
4650 1018
4660 991
4670 1007
4680 942
4690 929
4700 946
4710 875
4720 970
4730 885
4740 858
4750 870
4760 881
4770 862
4780 865
4790 825
4800 891
4810 823
4820 813
4830 912
4840 730
4850 858
4860 914
4870 821
4880 864
4890 888
4900 884
4910 845
4920 901
4930 892
4940 851
4950 912
4960 949
4970 973
4980 940
4990 1003
5000 1028
5010 990
5020 987
5030 998
5040 1047
5050 967
5060 1013
5070 931
5080 1008
5090 978
5100 856
5110 949
5120 960
5130 985
5140 1079
5150 940
5160 927
5170 895
5180 985
5190 912
5200 876
5210 830
5220 928
5230 953
5240 917
5250 935
5260 930
5270 927
5280 1038
5290 949
5300 937
5310 989
5320 888
5330 931
5340 875
5350 966
5360 986
5370 966
5380 1009
5390 1003
5400 963
5410 846
5420 1046
5430 1058
5440 971
5450 1002
5460 934
5470 1030
5480 1034
5490 987
5500 1009
5510 1023
5520 971
5530 943
5540 1023
5550 992
5560 961
5570 944
5580 1018
5590 924
5600 904
5610 925
5620 963
5630 1005
5640 961
5650 1045
5660 995
5670 938
5680 1039
5690 967
5700 983
5710 932
5720 1047
5730 994
5740 975
5750 927
5760 963
5770 933
5780 1003
5790 1042
5800 1012
5810 1009
5820 978
5830 1002
5840 1014
5850 1010
5860 986
5870 947
5880 927
5890 956
5900 913
5910 890
5920 922
5930 939
5940 935
5950 905
5960 958
5970 954
5980 939
5990 899
6000 896
6010 1011
6020 955
6030 941
6040 840
6050 932
6060 885
6070 859
6080 896
6090 870
6100 996
6110 903
6120 899
6130 885
6140 933
6150 904
6160 901
6170 915
6180 902
6190 881
6200 932
6210 957
6220 867
6230 868
6240 819
6250 902
6260 900
6270 894
6280 860
6290 1000
6300 970
6310 928
6320 1019
6330 998
6340 1001
6350 1053
6360 1075
6370 1025
6380 1010
6390 1050
6400 1029
6410 1065
6420 948
6430 989
6440 977
6450 940
6460 934
6470 930
6480 969
6490 960
6500 1019
6510 1005
6520 936
6530 963
6540 1029
6550 1047
6560 1130
6570 1172
6580 1158
6590 1196
6600 1155
6610 1111
6620 1189
6630 1200
6640 1220
6650 1173
6660 1176
6670 1147
6680 1149
6690 1133
6700 1099
6710 1147
6720 1073
6730 1076
6740 1102
6750 1130
6760 1034
6770 1111
6780 1195
6790 1097
6800 1064
6810 1047
6820 1065
6830 1077
6840 1238
6850 1060
6860 1103
6870 1010
6880 1007
6890 1011
6900 961
6910 1030
6920 974
6930 1011
6940 1068
6950 1035
6960 970
6970 1091
6980 974
6990 1070
7000 1042
7010 1093
7020 1139
7030 1225
7040 1048
7050 1148
7060 1131
7070 1074
7080 1079
7090 1026
7100 982
7110 1042
7120 932
7130 948
7140 911
7150 963
7160 908
7170 880
7180 955
7190 955
7200 939
7210 1003
7220 970
7230 943
7240 1047
7250 1117
7260 1116
7270 1011
7280 1051
7290 1021
7300 920
7310 979
7320 945
7330 928
7340 879
7350 944
7360 978
7370 1039
7380 1094
7390 1011
7400 1028
7410 1079
7420 1100
7430 1063
7440 1086
7450 1096
7460 1018
7470 1098
7480 1099
7490 1088
7500 1157
7510 1124
7520 1186
7530 1057
7540 1048
7550 998
7560 1113
7570 1049
7580 1087
7590 1159
7600 1003
7610 1107
7620 1065
7630 1105
7640 1078
7650 986
7660 984
7670 1031
7680 1039
7690 1099
7700 1138
7710 1108
7720 1112
7730 1030
7740 1051
7750 1077
7760 1158
7770 1071
7780 1092
7790 1007
7800 977
7810 997
7820 1031
7830 1065
7840 1076
7850 1034
7860 1069
7870 985
7880 1090
7890 1039
7900 1072
7910 1034
7920 1061
7930 1112
7940 1061
7950 1023
7960 1012
7970 1044
7980 1004
7990 1050
8000 1077
8010 945
8020 1018
8030 985
8040 1059
8050 981
8060 1107
8070 978
8080 1057
8090 977
8100 992
8110 1021
8120 930
8130 1058
8140 975
8150 1069
8160 1069
8170 1035
8180 989
8190 962
8200 978
8210 1025
8220 1004
8230 1068
8240 1027
8250 1010
8260 954
8270 1009
8280 947
8290 963
8300 981
8310 930
8320 956
8330 1042
8340 1045
8350 993
8360 1035
8370 1018
8380 1024
8390 1034
8400 978
8410 983
8420 1069
8430 963
8440 1049
8450 1059
8460 1041
8470 1059
8480 1101
8490 1064
8500 1065
8510 1059
8520 1082
8530 1082
8540 1039
8550 1012
8560 1004
8570 907
8580 1023
8590 988
8600 933
8610 952
8620 1020
8630 1064
8640 994
8650 1045
8660 1044
8670 1044
8680 966
8690 996
8700 1089
8710 907
8720 975
8730 968
8740 924
8750 950
8760 982
8770 956
8780 972
8790 972
8800 1025
8810 965
8820 918
8830 931
8840 880
8850 1034
8860 906
8870 977
8880 945
8890 942
8900 916
8910 969
8920 926
8930 909
8940 885
8950 846
8960 1018
8970 946
8980 935
8990 1028
9000 1055
9010 1056
9020 1079
9030 1002
9040 936
9050 902
9060 939
9070 927
9080 927
9090 1085
9100 938
9110 1025
9120 1065
9130 1109
9140 1051
9150 1015
9160 988
9170 1017
9180 966
9190 1128
9200 1070
9210 1030
9220 1043
9230 958
9240 1048
9250 1049
9260 981
9270 980
9280 1006
9290 929
9300 951
9310 1011
9320 866
9330 904
9340 857
9350 934
9360 915
9370 976
9380 876
9390 992
9400 931
9410 970
9420 971
9430 929
9440 964
9450 995
9460 952
9470 856
9480 908
9490 918
9500 954
9510 917
9520 907
9530 956
9540 951
9550 1006
9560 965
9570 998
9580 962
9590 967
9600 921
9610 859
9620 871
9630 915
9640 932
9650 938
9660 937
9670 974
9680 971
9690 918
9700 1029
9710 1050
9720 1093
9730 1056
9740 1029
9750 977
9760 1058
9770 1023
9780 1046
9790 1022
9800 1022
9810 963
9820 1049
9830 975
9840 1029
9850 1019
9860 1137
9870 1058
9880 1084
9890 1063
9900 1117
9910 1083
9920 1002
9930 1108
9940 1070
9950 1067
9960 1131
9970 1101
9980 1108
9990 1119
