# Frame Contacts
30000 45
30010 47
30020 52
30030 38
30040 42
30050 48
30060 52
30070 46
30080 45
30090 33
30100 45
30110 63
30120 41
30130 56
30140 38
30150 43
30160 47
30170 43
30180 44
30190 38
30200 55
30210 55
30220 42
30230 49
30240 48
30250 65
30260 46
30270 52
30280 46
30290 46
30300 53
30310 62
30320 50
30330 38
30340 50
30350 37
30360 38
30370 34
30380 37
30390 46
30400 46
30410 48
30420 51
30430 46
30440 47
30450 43
30460 44
30470 34
30480 44
30490 38
30500 50
30510 74
30520 93
30530 59
30540 36
30550 39
30560 30
30570 37
30580 33
30590 26
30600 35
30610 30
30620 59
30630 63
30640 31
30650 23
30660 16
30670 16
30680 24
30690 23
30700 20
30710 21
30720 22
30730 28
30740 25
30750 24
30760 22
30770 19
30780 26
30790 27
30800 24
30810 20
30820 18
30830 26
30840 25
30850 16
30860 18
30870 28
30880 26
30890 33
30900 28
30910 27
30920 51
30930 43
30940 47
30950 60
30960 36
30970 46
30980 48
30990 28
31000 49
31010 38
31020 63
31030 53
31040 41
31050 40
31060 54
31070 32
31080 54
31090 43
31100 39
31110 19
31120 20
31130 21
31140 28
31150 26
31160 25
31170 29
31180 35
31190 34
31200 33
31210 37
31220 43
31230 39
31240 43
31250 41
31260 45
31270 33
31280 32
31290 40
31300 40
31310 32
31320 36
31330 18
31340 23
31350 30
31360 31
31370 32
31380 41
31390 32
31400 33
31410 34
31420 32
31430 40
31440 39
31450 39
31460 47
31470 30
31480 32
31490 41
31500 29
31510 43
31520 36
31530 45
31540 34
31550 31
31560 33
31570 37
31580 41
31590 39
31600 40
31610 41
31620 40
31630 32
31640 38
31650 36
31660 46
31670 39
31680 39
31690 41
31700 33
31710 33
31720 39
31730 41
31740 38
31750 30
31760 32
31770 34
31780 33
31790 29
31800 43
31810 28
31820 33
31830 32
31840 32
31850 33
31860 36
31870 33
31880 38
31890 36
31900 27
31910 32
31920 30
31930 38
31940 40
31950 31
31960 26
31970 43
31980 39
31990 30
32000 38
32010 27
32020 39
32030 46
32040 42
32050 39
32060 43
32070 46
32080 36
32090 45
32100 53
32110 39
32120 43
32130 44
32140 41
32150 47
32160 47
32170 46
32180 42
32190 42
32200 43
32210 43
32220 53
32230 58
32240 46
32250 45
32260 46
32270 45
32280 54
32290 53
32300 49
32310 42
32320 46
32330 48
32340 46
32350 48
32360 35
32370 43
32380 44
32390 44
32400 47
32410 54
32420 46
32430 56
32440 54
32450 45
32460 53
32470 44
32480 50
32490 47
32500 53
32510 39
32520 47
32530 46
32540 38
32550 42
32560 42
32570 41
32580 40
32590 42
32600 33
32610 42
32620 41
32630 42
32640 42
32650 46
32660 50
32670 41
32680 40
32690 40
32700 42
32710 38
32720 40
32730 51
32740 51
32750 39
32760 34
32770 39
32780 29
32790 35
32800 33
32810 35
32820 41
32830 37
32840 41
32850 29
32860 33
32870 38
32880 42
32890 32
32900 37
32910 41
32920 38
32930 30
32940 40
32950 35
32960 34
32970 35
32980 43
32990 48
33000 41
33010 46
33020 44
33030 31
33040 37
33050 45
33060 39
33070 45
33080 31
33090 39
33100 53
33110 44
33120 44
33130 50
33140 42
33150 28
33160 48
33170 50
33180 46
33190 36
33200 45
33210 44
33220 26
33230 27
33240 33
33250 33
33260 37
33270 38
33280 31
33290 24
33300 25
33310 26
33320 42
33330 20
33340 25
33350 29
33360 25
33370 32
33380 24
33390 28
33400 32
33410 32
33420 29
33430 37
33440 31
33450 32
33460 26
33470 26
33480 18
33490 35
33500 34
33510 24
33520 25
33530 42
33540 30
33550 29
33560 24
33570 26
33580 34
33590 20
33600 34
33610 24
33620 22
33630 29
33640 26
33650 26
33660 36
33670 34
33680 28
33690 30
33700 38
33710 34
33720 25
33730 39
33740 26
33750 27
33760 32
33770 26
33780 28
33790 30
33800 29
33810 37
33820 24
33830 24
33840 22
33850 39
33860 40
33870 37
33880 41
33890 39
33900 34
33910 36
33920 33
33930 46
33940 30
33950 34
33960 33
33970 47
33980 36
33990 37
34000 41
34010 40
34020 31
34030 52
34040 35
34050 32
34060 51
34070 35
34080 44
34090 47
34100 48
34110 31
34120 25
34130 49
34140 35
34150 26
34160 31
34170 39
34180 47
34190 33
34200 26
34210 28
34220 40
34230 35
34240 30
34250 36
34260 37
34270 38
34280 38
34290 23
34300 25
34310 34
34320 30
34330 33
34340 39
34350 33
34360 36
34370 39
34380 34
34390 38
34400 39
34410 40
34420 35
34430 37
34440 38
34450 32
34460 29
34470 40
34480 32
34490 22
34500 33
34510 25
34520 29
34530 40
34540 27
34550 35
34560 25
34570 37
34580 25
34590 27
34600 21
34610 39
34620 27
34630 28
34640 39
34650 39
34660 37
34670 32
34680 35
34690 41
34700 41
34710 35
34720 37
34730 39
34740 31
34750 35
34760 41
34770 41
34780 47
34790 48
34800 54
34810 48
34820 45
34830 51
34840 52
34850 61
34860 50
34870 50
34880 34
34890 57
34900 45
34910 60
34920 44
34930 52
34940 40
34950 55
34960 48
34970 57
34980 63
34990 57
35000 55
35010 46
35020 34
35030 34
35040 37
35050 40
35060 38
35070 42
35080 38
35090 38
35100 37
35110 24
35120 30
35130 38
35140 32
35150 25
35160 46
35170 40
35180 35
35190 34
35200 39
35210 38
35220 36
35230 48
35240 36
35250 34
35260 33
35270 45
35280 32
35290 39
35300 37
35310 24
35320 37
35330 32
35340 31
35350 35
35360 37
35370 43
35380 28
35390 37
35400 43
35410 35
35420 61
35430 42
35440 38
35450 38
35460 48
35470 40
35480 39
35490 26
35500 36
35510 34
35520 34
35530 36
35540 50
35550 48
35560 37
35570 35
35580 34
35590 35
35600 43
35610 41
35620 37
35630 39
35640 47
35650 33
35660 38
35670 36
35680 46
35690 33
35700 48
35710 19
35720 29
35730 26
35740 34
35750 23
35760 21
35770 33
35780 31
35790 29
35800 15
35810 13
35820 20
35830 19
35840 18
35850 15
35860 17
35870 35
35880 34
35890 24
35900 16
35910 13
35920 28
35930 22
35940 16
35950 30
35960 51
35970 65
35980 83
35990 64
36000 64
36010 50
36020 79
36030 71
36040 66
36050 51
36060 60
36070 59
36080 65
36090 58
36100 62
36110 55
36120 68
36130 63
36140 61
36150 51
36160 22
36170 35
36180 21
36190 24
36200 15
36210 26
36220 32
36230 23
36240 42
36250 38
36260 36
36270 43
36280 32
36290 40
36300 43
36310 33
36320 42
36330 46
36340 52
36350 49
36360 48
36370 47
36380 61
36390 59
36400 50
36410 45
36420 40
36430 40
36440 45
36450 50
36460 65
36470 44
36480 57
36490 57
36500 54
36510 56
36520 45
36530 39
36540 37
36550 39
36560 44
36570 38
36580 34
36590 42
36600 63
36610 59
36620 47
36630 49
36640 60
36650 54
36660 54
36670 30
36680 43
36690 30
36700 54
36710 55
36720 59
36730 51
36740 51
36750 41
36760 39
36770 46
36780 42
36790 51
36800 70
36810 59
36820 39
36830 49
36840 65
36850 57
36860 57
36870 58
36880 40
36890 48
36900 43
36910 49
36920 49
36930 59
36940 56
36950 76
36960 41
36970 37
36980 44
36990 70
37000 70
37010 51
37020 51
37030 77
37040 51
37050 54
37060 48
37070 58
37080 56
37090 37
37100 62
37110 59
37120 59
37130 57
37140 52
37150 59
37160 54
37170 44
37180 64
37190 53
37200 44
37210 42
37220 64
37230 56
37240 39
37250 47
37260 46
37270 41
37280 36
37290 55
37300 43
37310 50
37320 41
37330 48
37340 40
37350 41
37360 44
37370 47
37380 23
37390 21
37400 33
37410 30
37420 30
37430 25
37440 34
37450 23
37460 27
37470 41
37480 38
37490 33
37500 23
37510 22
37520 22
37530 21
37540 21
37550 19
37560 20
37570 18
37580 19
37590 18
37600 15
37610 15
37620 18
37630 26
37640 25
37650 22
37660 26
37670 18
37680 35
37690 23
37700 23
37710 32
37720 36
37730 34
37740 31
37750 31
37760 35
37770 22
37780 20
37790 32
37800 37
37810 43
37820 29
37830 24
37840 19
37850 15
37860 27
37870 19
37880 17
37890 18
37900 16
37910 22
37920 15
37930 33
37940 43
37950 22
37960 37
37970 39
37980 31
37990 31
38000 40
38010 33
38020 27
38030 21
38040 32
38050 41
38060 24
38070 24
38080 19
38090 12
38100 18
38110 13
38120 23
38130 20
38140 26
38150 24
38160 26
38170 27
38180 30
38190 32
38200 39
38210 29
38220 50
38230 35
38240 33
38250 26
38260 28
38270 35
38280 32
38290 37
38300 30
38310 30
38320 32
38330 35
38340 28
38350 36
38360 30
38370 32
38380 32
38390 24
38400 32
38410 31
38420 31
38430 44
38440 33
38450 28
38460 30
38470 26
38480 28
38490 28
38500 33
38510 39
38520 29
38530 35
38540 31
38550 28
38560 38
38570 36
38580 33
38590 36
38600 42
38610 32
38620 32
38630 43
38640 31
38650 34
38660 37
38670 19
38680 28
38690 23
38700 16
38710 28
38720 23
38730 26
38740 23
38750 28
38760 32
38770 16
38780 24
38790 18
38800 20
38810 15
38820 20
38830 17
38840 22
38850 26
38860 29
38870 23
38880 20
38890 20
38900 23
38910 28
38920 22
38930 21
38940 31
38950 22
38960 45
38970 37
38980 33
38990 40
39000 24
39010 37
39020 43
39030 47
39040 41
39050 48
39060 59
39070 37
39080 47
39090 28
39100 38
39110 31
39120 38
39130 16
39140 43
39150 35
39160 51
39170 52
39180 50
39190 53
39200 60
39210 58
39220 58
39230 55
39240 41
39250 72
39260 41
39270 48
39280 47
39290 40
39300 49
39310 43
39320 45
39330 46
39340 48
39350 32
39360 45
39370 37
39380 49
39390 55
39400 45
39410 47
39420 42
39430 43
39440 40
39450 46
39460 40
39470 38
39480 42
39490 39
39500 37
39510 43
39520 33
39530 59
39540 51
39550 44
39560 43
39570 44
39580 59
39590 27
39600 71
39610 44
39620 49
39630 43
39640 44
39650 68
39660 61
39670 52
39680 43
39690 41
39700 55
39710 52
39720 45
39730 50
39740 55
39750 47
39760 46
39770 53
39780 42
39790 44
39800 40
39810 43
39820 48
39830 57
39840 53
39850 50
39860 66
39870 74
39880 53
39890 39
39900 51
39910 42
39920 36
39930 30
39940 46
39950 30
39960 43
39970 45
39980 50
39990 40
40000 53
40010 48
40020 44
40030 53
40040 57
40050 43
40060 52
40070 50
40080 70
40090 35
40100 54
40110 52
40120 38
40130 37
40140 48
40150 45
40160 53
40170 39
40180 49
40190 40
40200 42
40210 46
40220 34
40230 40
40240 28
40250 36
40260 44
40270 29
40280 31
40290 36
40300 38
40310 28
40320 30
40330 37
40340 35
40350 30
40360 35
40370 59
40380 65
40390 68
40400 23
40410 63
40420 75
40430 51
40440 41
40450 70
40460 71
40470 73
40480 76
40490 75
40500 86
40510 79
40520 73
40530 70
40540 78
40550 71
40560 73
40570 73
40580 62
40590 65
40600 58
40610 68
40620 77
40630 75
40640 69
40650 77
40660 64
40670 63
40680 81
40690 80
40700 75
40710 70
40720 75
40730 81
40740 90
40750 71
40760 101
40770 81
40780 92
40790 58
40800 70
40810 74
40820 68
40830 65
40840 82
40850 63
40860 70
40870 85
40880 81
40890 69
40900 76
40910 89
40920 77
40930 79
40940 77
40950 83
40960 86
40970 80
40980 66
40990 84
41000 72
41010 71
41020 85
41030 86
41040 79
41050 80
41060 83
41070 66
41080 76
41090 70
41100 71
41110 72
41120 82
41130 73
41140 98
41150 91
41160 81
41170 89
41180 82
41190 79
41200 75
41210 72
41220 77
41230 78
41240 84
41250 71
41260 63
41270 72
41280 87
41290 82
41300 77
41310 80
41320 77
41330 68
41340 71
41350 76
41360 77
41370 70
41380 87
41390 74
41400 81
41410 80
41420 73
41430 72
41440 78
41450 70
41460 76
41470 76
41480 77
41490 75
41500 74
41510 71
41520 65
41530 80
41540 74
41550 72
41560 81
41570 63
41580 65
41590 66
41600 68
41610 76
41620 78
41630 68
41640 74
41650 74
41660 72
41670 85
41680 65
41690 70
41700 87
41710 75
41720 61
41730 79
41740 74
41750 67
41760 75
41770 77
41780 79
41790 80
41800 80
41810 73
41820 76
41830 74
41840 66
41850 73
41860 81
41870 74
41880 68
41890 74
41900 73
41910 61
41920 74
41930 69
41940 74
41950 71
41960 91
41970 74
41980 103
41990 91
42000 75
42010 62
42020 79
42030 79
42040 72
42050 69
42060 78
42070 70
42080 72
42090 68
42100 81
42110 93
42120 73
42130 83
42140 70
42150 78
42160 70
42170 87
42180 80
42190 80
42200 55
42210 31
42220 88
42230 68
42240 72
42250 77
42260 80
42270 70
42280 80
42290 79
42300 77
42310 74
42320 72
42330 88
42340 78
42350 72
42360 80
42370 71
42380 55
42390 54
42400 59
42410 71
42420 74
42430 50
42440 48
42450 78
42460 78
42470 94
42480 52
42490 68
42500 95
42510 67
42520 74
42530 70
42540 63
42550 66
42560 65
42570 78
42580 84
42590 66
42600 80
42610 71
42620 78
42630 61
42640 61
42650 62
42660 66
42670 65
42680 57
42690 68
42700 79
42710 82
42720 82
42730 83
42740 76
42750 70
42760 78
42770 73
42780 88
42790 48
42800 59
42810 48
42820 63
42830 46
42840 47
42850 49
42860 50
42870 37
42880 45
42890 61
42900 46
42910 34
42920 42
42930 27
42940 43
42950 40
42960 40
42970 16
42980 23
42990 39
43000 51
43010 34
43020 49
43030 54
43040 32
43050 34
43060 37
43070 48
43080 41
43090 52
43100 63
43110 49
43120 52
43130 44
43140 46
43150 45
43160 45
43170 48
43180 49
43190 48
43200 54
43210 52
43220 62
43230 54
43240 33
43250 54
43260 49
43270 46
43280 53
43290 49
43300 51
43310 40
43320 47
43330 41
43340 44
43350 47
43360 46
43370 55
43380 52
43390 55
43400 46
43410 43
43420 42
43430 47
43440 36
43450 55
43460 45
43470 51
43480 54
43490 44
43500 54
43510 42
43520 47
43530 50
43540 44
43550 52
43560 50
43570 39
43580 57
43590 55
43600 61
43610 44
43620 48
43630 33
43640 70
43650 46
43660 43
43670 40
43680 50
43690 46
43700 24
43710 30
43720 40
43730 45
43740 51
43750 45
43760 46
43770 47
43780 45
43790 39
43800 38
43810 49
43820 38
43830 50
43840 36
43850 47
43860 50
43870 36
43880 45
43890 30
43900 43
43910 27
43920 20
43930 16
43940 13
43950 27
43960 32
43970 27
43980 17
43990 36
44000 37
44010 28
44020 34
44030 27
44040 28
44050 38
44060 47
44070 38
44080 41
44090 44
44100 43
44110 44
44120 49
44130 29
44140 29
44150 41
44160 39
44170 32
44180 49
44190 41
44200 49
44210 47
44220 51
44230 47
44240 46
44250 34
44260 34
44270 24
44280 35
44290 38
44300 32
44310 40
44320 36
44330 43
44340 47
44350 35
44360 15
44370 35
44380 18
44390 22
44400 23
44410 20
44420 20
44430 23
44440 19
44450 24
44460 18
44470 28
44480 28
44490 32
44500 27
44510 15
44520 26
44530 26
44540 22
44550 29
44560 22
44570 21
44580 20
44590 44
44600 16
44610 24
44620 40
44630 29
44640 22
44650 37
44660 21
44670 19
44680 19
44690 11
44700 24
44710 24
44720 25
44730 32
44740 26
44750 35
44760 34
44770 38
44780 36
44790 26
44800 40
44810 41
44820 32
44830 37
44840 41
44850 56
44860 39
44870 46
44880 39
44890 49
44900 47
44910 42
44920 28
44930 39
44940 47
44950 44
44960 39
44970 23
44980 26
44990 25
45000 22
45010 49
45020 39
45030 26
45040 32
45050 34
45060 31
45070 18
45080 33
45090 32
45100 29
45110 34
45120 40
45130 41
45140 38
45150 28
45160 31
45170 29
45180 27
45190 35
45200 18
45210 28
45220 24
45230 29
45240 27
45250 23
45260 33
45270 23
45280 11
45290 15
45300 13
45310 17
45320 20
45330 16
45340 19
45350 66
45360 24
45370 24
45380 15
45390 19
45400 18
45410 21
45420 41
45430 38
45440 39
45450 47
45460 43
45470 49
45480 53
45490 37
45500 44
45510 35
45520 45
45530 56
45540 44
45550 38
45560 56
45570 33
45580 42
45590 36
45600 44
45610 37
45620 41
45630 40
45640 33
45650 32
45660 62
45670 35
45680 42
45690 37
45700 32
45710 27
45720 29
45730 32
45740 47
45750 43
45760 54
45770 32
45780 42
45790 26
45800 37
45810 47
45820 44
45830 52
45840 39
45850 49
45860 39
45870 56
45880 50
45890 48
45900 50
45910 56
45920 44
45930 48
45940 42
45950 35
45960 53
45970 47
45980 40
45990 56
46000 52
46010 39
46020 35
46030 48
46040 50
46050 41
46060 34
46070 51
46080 41
46090 31
46100 48
46110 39
46120 39
46130 29
46140 33
46150 35
46160 32
46170 39
46180 28
46190 49
46200 30
46210 58
46220 37
46230 42
46240 42
46250 41
46260 75
46270 49
46280 35
46290 34
46300 53
46310 50
46320 47
46330 44
46340 30
46350 26
46360 44
46370 38
46380 52
46390 43
46400 30
46410 38
46420 50
46430 33
46440 43
46450 44
46460 45
46470 35
46480 48
46490 45
46500 42
46510 45
46520 40
46530 45
46540 42
46550 42
46560 42
46570 44
46580 50
46590 49
46600 53
46610 41
46620 52
46630 37
46640 32
46650 42
46660 48
46670 41
46680 33
46690 37
46700 44
46710 35
46720 40
46730 40
46740 32
46750 52
46760 43
46770 37
46780 49
46790 48
46800 53
46810 47
46820 35
46830 48
46840 30
46850 43
46860 32
46870 41
46880 37
46890 24
46900 26
46910 27
46920 22
46930 18
46940 25
46950 20
46960 35
46970 25
46980 37
46990 9
47000 31
47010 30
47020 19
47030 36
47040 25
47050 43
47060 27
47070 20
47080 17
47090 44
47100 43
47110 24
47120 25
47130 37
47140 49
47150 33
47160 35
47170 39
47180 28
47190 28
47200 30
47210 35
47220 49
47230 38
47240 50
47250 53
47260 31
47270 32
47280 35
47290 42
47300 46
47310 44
47320 34
47330 47
47340 43
47350 47
47360 46
47370 35
47380 43
47390 37
47400 33
47410 38
47420 46
47430 27
47440 44
47450 34
47460 39
47470 37
47480 39
47490 36
47500 37
47510 35
47520 46
47530 38
47540 36
47550 38
47560 33
47570 40
47580 47
47590 34
47600 46
47610 37
47620 42
47630 37
47640 51
47650 50
47660 51
47670 37
47680 50
47690 45
47700 36
47710 40
47720 23
47730 43
47740 46
47750 45
47760 42
47770 43
47780 53
47790 47
47800 38
47810 52
47820 47
47830 39
47840 37
47850 36
47860 35
47870 43
47880 40
47890 35
47900 32
47910 47
47920 41
47930 38
47940 40
47950 22
47960 25
47970 29
47980 34
47990 34
48000 33
48010 30
48020 31
48030 29
48040 39
48050 33
48060 32
48070 45
48080 43
48090 48
48100 40
48110 67
48120 67
48130 73
48140 33
48150 27
48160 24
48170 36
48180 53
48190 34
48200 36
48210 37
48220 40
48230 43
48240 36
48250 33
48260 36
48270 30
48280 34
48290 39
48300 33
48310 38
48320 29
48330 52
48340 29
48350 23
48360 26
48370 22
48380 24
48390 38
48400 38
48410 32
48420 29
48430 31
48440 29
48450 40
48460 43
48470 40
48480 40
48490 36
48500 36
48510 42
48520 40
48530 36
48540 31
48550 37
48560 35
48570 39
48580 53
48590 58
48600 41
48610 41
48620 62
48630 48
48640 40
48650 33
48660 39
48670 56
48680 46
48690 35
48700 58
48710 50
48720 40
48730 64
48740 55
48750 36
48760 43
48770 54
48780 35
48790 39
48800 32
48810 40
48820 46
48830 41
48840 37
48850 46
48860 38
48870 37
48880 48
48890 40
48900 60
48910 44
48920 43
48930 52
48940 48
48950 53
48960 46
48970 58
48980 54
48990 53
49000 35
49010 32
49020 32
49030 39
49040 41
49050 37
49060 50
49070 43
49080 44
49090 45
49100 42
49110 31
49120 26
49130 19
49140 19
49150 22
49160 34
49170 30
49180 23
49190 40
49200 44
49210 54
49220 62
49230 43
49240 45
49250 48
49260 34
49270 37
49280 32
49290 29
49300 52
49310 49
49320 46
49330 43
49340 36
49350 43
49360 50
49370 50
49380 47
49390 55
49400 43
49410 48
49420 50
49430 46
49440 31
49450 42
49460 42
49470 43
49480 37
49490 52
49500 47
49510 31
49520 38
49530 35
49540 37
49550 32
49560 31
49570 66
49580 71
49590 79
49600 76
49610 81
49620 72
49630 82
49640 80
49650 71
49660 75
49670 87
49680 79
49690 75
49700 75
49710 71
49720 73
49730 85
49740 73
49750 77
49760 78
49770 77
49780 65
49790 71
49800 69
49810 68
49820 76
49830 82
49840 73
49850 73
49860 78
49870 58
49880 74
49890 62
49900 83
49910 94
49920 74
49930 67
49940 73
49950 75
49960 78
49970 76
49980 75
49990 74
50000 90
50010 70
50020 34
50030 49
50040 26
50050 40
50060 29
50070 29
50080 14
50090 34
50100 49
50110 44
50120 46
50130 34
50140 37
50150 54
50160 40
50170 50
50180 50
50190 39
50200 49
50210 36
50220 42
50230 46
50240 49
50250 35
50260 36
50270 42
50280 42
50290 50
50300 37
50310 30
50320 54
50330 35
50340 33
50350 37
50360 28
50370 37
50380 39
50390 40
50400 37
50410 35
50420 45
50430 39
50440 32
50450 32
50460 32
50470 35
50480 47
50490 47
50500 25
50510 41
50520 57
50530 32
50540 42
50550 56
50560 44
50570 33
50580 43
50590 41
50600 43
50610 51
50620 40
50630 45
50640 31
50650 36
50660 40
50670 39
50680 36
50690 34
50700 42
50710 37
50720 45
50730 48
50740 37
50750 40
50760 36
50770 46
50780 45
50790 38
50800 30
50810 27
50820 47
50830 49
50840 47
50850 27
50860 45
50870 41
50880 47
50890 45
50900 50
50910 34
50920 53
50930 36
50940 33
50950 42
50960 26
50970 45
50980 50
50990 47
51000 46
51010 37
51020 36
51030 24
51040 34
51050 67
51060 49
51070 52
51080 52
51090 44
51100 36
51110 34
51120 38
51130 49
51140 37
51150 38
51160 25
51170 36
51180 40
51190 42
51200 39
51210 31
51220 41
51230 35
51240 38
51250 45
51260 39
51270 34
51280 44
51290 48
51300 49
51310 36
51320 28
51330 43
51340 38
51350 48
51360 47
51370 38
51380 40
51390 43
51400 36
51410 27
51420 39
51430 34
51440 43
51450 49
51460 47
51470 31
51480 52
51490 38
51500 45
51510 39
51520 39
51530 41
51540 54
51550 41
51560 35
51570 34
51580 37
51590 49
51600 22
51610 28
51620 30
51630 16
51640 28
51650 33
51660 35
51670 43
51680 40
51690 29
51700 40
51710 49
51720 34
51730 27
51740 32
51750 46
51760 36
51770 42
51780 36
51790 47
51800 25
51810 28
51820 29
51830 26
51840 19
51850 29
51860 41
51870 19
51880 37
51890 41
51900 38
51910 25
51920 44
51930 38
51940 43
51950 32
51960 55
51970 45
51980 41
51990 25
52000 29
52010 43
52020 36
52030 35
52040 49
52050 39
52060 37
52070 35
52080 42
52090 35
52100 36
52110 51
52120 55
52130 43
52140 50
52150 41
52160 44
52170 45
52180 43
52190 42
52200 21
52210 54
52220 41
52230 68
52240 40
52250 44
52260 26
52270 48
52280 53
52290 48
52300 40
52310 57
52320 55
52330 56
52340 37
52350 45
52360 54
52370 45
52380 51
52390 47
52400 45
52410 50
52420 50
52430 43
52440 36
52450 40
52460 50
52470 33
52480 44
52490 25
52500 41
52510 50
52520 60
52530 47
52540 60
52550 49
52560 50
52570 46
52580 50
52590 41
52600 25
52610 33
52620 30
52630 42
52640 31
52650 33
52660 33
52670 36
52680 44
52690 38
52700 62
52710 47
52720 48
52730 49
52740 40
52750 62
52760 46
52770 43
52780 49
52790 39
52800 41
52810 54
52820 51
52830 53
52840 47
52850 52
52860 54
52870 41
52880 50
52890 47
52900 47
52910 46
52920 45
52930 51
52940 29
52950 37
52960 37
52970 25
52980 34
52990 47
53000 31
53010 39
53020 51
53030 49
53040 39
53050 52
53060 41
53070 49
53080 40
53090 47
53100 36
53110 47
53120 42
53130 48
53140 52
53150 41
53160 49
53170 38
53180 47
53190 45
53200 44
53210 36
53220 31
53230 24
53240 22
53250 36
53260 32
53270 27
53280 38
53290 22
53300 49
53310 40
53320 35
53330 33
53340 44
53350 32
53360 30
53370 36
53380 29
53390 50
53400 42
53410 33
53420 29
53430 41
53440 33
53450 37
53460 36
53470 34
53480 32
53490 20
53500 37
53510 41
53520 36
53530 38
53540 38
53550 40
53560 32
53570 28
53580 47
53590 37
53600 30
53610 32
53620 35
53630 37
53640 37
53650 41
53660 33
53670 32
53680 25
53690 31
53700 42
53710 47
53720 40
53730 39
53740 43
53750 42
53760 48
53770 37
53780 44
53790 42
53800 53
53810 44
53820 48
53830 38
53840 38
53850 37
53860 46
53870 60
53880 53
53890 39
53900 40
53910 48
53920 47
53930 38
53940 39
53950 43
53960 32
53970 44
53980 37
53990 38
54000 38
54010 27
54020 46
54030 32
54040 29
54050 38
54060 34
54070 46
54080 24
54090 36
54100 22
54110 41
54120 26
54130 38
54140 33
54150 33
54160 39
54170 33
54180 38
54190 41
54200 30
54210 39
54220 36
54230 31
54240 28
54250 28
54260 39
54270 27
54280 26
54290 27
54300 33
54310 39
54320 47
54330 37
54340 34
54350 27
54360 21
54370 27
54380 20
54390 30
54400 17
54410 27
54420 39
54430 31
54440 36
54450 35
54460 34
54470 36
54480 40
54490 48
54500 53
54510 58
54520 36
54530 34
54540 44
54550 31
54560 41
54570 53
54580 81
54590 71
54600 78
54610 77
54620 75
54630 89
54640 75
54650 76
54660 70
54670 35
54680 39
54690 26
54700 44
54710 30
54720 91
54730 74
54740 75
54750 73
54760 72
54770 78
54780 83
54790 72
54800 80
54810 75
54820 73
54830 84
54840 76
54850 76
54860 80
54870 76
54880 67
54890 68
54900 60
54910 68
54920 62
54930 63
54940 56
54950 58
54960 67
54970 54
54980 74
54990 63
55000 66
55010 62
55020 76
55030 54
55040 79
55050 80
55060 61
55070 73
55080 71
55090 76
55100 76
55110 56
55120 63
55130 77
55140 82
55150 55
55160 85
55170 76
55180 65
55190 76
55200 77
55210 66
55220 90
55230 69
55240 69
55250 77
55260 50
55270 55
55280 77
55290 61
55300 74
55310 85
55320 84
55330 67
55340 82
55350 60
55360 75
55370 74
55380 71
55390 64
55400 74
55410 74
55420 75
55430 75
55440 68
55450 84
55460 77
55470 76
55480 77
55490 77
55500 81
55510 82
55520 74
55530 72
55540 72
55550 73
55560 73
55570 71
55580 63
55590 74
55600 75
55610 70
55620 77
55630 72
55640 70
55650 72
55660 87
55670 72
55680 78
55690 77
55700 69
55710 77
55720 68
55730 74
55740 73
55750 78
55760 78
55770 79
55780 81
55790 85
55800 67
55810 73
55820 70
55830 67
55840 65
55850 25
55860 27
55870 36
55880 28
55890 39
55900 24
55910 29
55920 43
55930 49
55940 39
55950 47
55960 31
55970 42
55980 51
55990 45
56000 44
56010 53
56020 43
56030 62
56040 47
56050 39
56060 45
56070 53
56080 47
56090 57
56100 73
56110 51
56120 53
56130 45
56140 33
56150 41
56160 56
56170 55
56180 36
56190 39
56200 38
56210 46
56220 48
56230 47
56240 53
56250 42
56260 48
56270 53
56280 45
56290 38
56300 45
56310 37
56320 46
56330 45
56340 46
56350 46
56360 47
56370 51
56380 43
56390 41
56400 43
56410 49
56420 50
56430 42
56440 36
56450 58
56460 50
56470 51
56480 47
56490 45
56500 64
56510 52
56520 36
56530 54
56540 52
56550 42
56560 39
56570 48
56580 47
56590 46
56600 41
56610 51
56620 52
56630 52
56640 53
56650 50
56660 45
56670 45
56680 52
56690 45
56700 35
56710 43
56720 58
56730 57
56740 40
56750 56
56760 51
56770 59
56780 38
56790 39
56800 51
56810 56
56820 31
56830 43
56840 53
56850 53
56860 53
56870 50
56880 45
56890 53
56900 46
56910 57
56920 50
56930 55
56940 56
56950 55
56960 59
56970 51
56980 49
56990 62
57000 30
57010 29
57020 39
57030 33
57040 30
57050 38
57060 34
57070 42
57080 83
57090 84
57100 84
57110 60
57120 72
57130 79
57140 81
57150 62
57160 75
57170 53
57180 76
57190 74
57200 65
57210 61
57220 81
57230 73
57240 79
57250 79
57260 78
57270 86
57280 79
57290 87
57300 70
57310 76
57320 87
57330 69
57340 73
57350 59
57360 84
57370 73
57380 56
57390 65
57400 55
57410 70
57420 78
57430 72
57440 72
57450 73
57460 79
57470 80
57480 68
57490 87
57500 65
57510 73
57520 62
57530 81
57540 75
57550 57
57560 65
57570 66
57580 76
57590 83
57600 78
57610 73
57620 67
57630 78
57640 87
57650 77
57660 78
57670 82
57680 79
57690 78
57700 80
57710 64
57720 88
57730 70
57740 88
57750 75
57760 72
57770 63
57780 84
57790 79
57800 65
57810 81
57820 70
57830 72
57840 73
57850 77
57860 81
57870 87
57880 76
57890 63
57900 67
57910 72
57920 73
57930 65
57940 63
57950 71
57960 75
57970 74
57980 82
57990 61
58000 73
58010 61
58020 77
58030 54
58040 58
58050 68
58060 68
58070 57
58080 65
58090 65
58100 68
58110 67
58120 55
58130 69
58140 60
58150 75
58160 63
58170 74
58180 92
58190 89
58200 83
58210 78
58220 71
58230 77
58240 80
58250 82
58260 72
58270 75
58280 78
58290 85
58300 69
58310 79
58320 80
58330 83
58340 79
58350 81
58360 62
58370 68
58380 78
58390 81
58400 83
58410 80
58420 74
58430 59
58440 65
58450 78
58460 81
58470 74
58480 62
58490 59
58500 63
58510 86
58520 72
58530 89
58540 80
58550 87
58560 82
58570 84
58580 77
58590 70
58600 79
58610 63
58620 82
58630 79
58640 84
58650 70
58660 41
58670 50
58680 39
58690 18
58700 29
58710 32
58720 52
58730 60
58740 54
58750 39
58760 43
58770 45
58780 58
58790 42
58800 52
58810 44
58820 38
58830 52
58840 52
58850 42
58860 48
58870 49
58880 36
58890 54
58900 40
58910 44
58920 55
58930 46
58940 47
58950 43
58960 38
58970 51
58980 27
58990 38
59000 54
59010 43
59020 53
59030 75
59040 73
59050 85
59060 58
59070 45
59080 59
59090 56
59100 51
59110 67
59120 53
59130 69
59140 55
59150 63
59160 44
59170 42
59180 36
59190 43
59200 41
59210 54
59220 44
59230 43
59240 39
59250 34
59260 35
59270 48
59280 51
59290 57
59300 44
59310 56
59320 40
59330 50
59340 43
59350 37
59360 51
59370 60
59380 58
59390 61
59400 41
59410 43
59420 50
59430 50
59440 55
59450 47
59460 56
59470 51
59480 44
59490 58
59500 49
59510 69
59520 42
59530 41
59540 49
59550 42
59560 52
59570 56
59580 51
59590 59
59600 57
59610 49
59620 54
59630 53
59640 61
59650 52
59660 50
59670 38
59680 59
59690 57
59700 53
59710 48
59720 41
59730 53
59740 55
59750 53
59760 51
59770 39
59780 50
59790 32
59800 54
59810 52
59820 37
59830 50
59840 61
59850 44
59860 70
59870 56
59880 48
59890 52
59900 52
59910 53
59920 49
59930 53
59940 52
59950 73
59960 53
59970 74
59980 50
59990 48
60000 45
60010 67
60020 46
60030 59
60040 54
60050 49
60060 51
60070 56
60080 62
60090 59
60100 47
60110 61
60120 50
60130 60
60140 40
60150 51
60160 63
60170 51
60180 30
60190 57
60200 69
60210 55
60220 61
60230 49
60240 47
60250 62
60260 51
60270 45
60280 38
60290 42
60300 52
60310 49
60320 51
60330 55
60340 38
60350 58
60360 42
60370 47
60380 62
60390 42
60400 62
60410 44
60420 42
60430 40
60440 35
60450 42
60460 47
60470 50
60480 50
60490 47
60500 40
60510 49
60520 56
60530 64
60540 56
60550 48
60560 55
60570 70
60580 57
60590 54
60600 58
60610 44
60620 32
60630 34
60640 32
60650 46
60660 41
60670 50
60680 35
60690 42
60700 49
60710 38
60720 41
60730 45
60740 56
60750 46
60760 43
60770 49
60780 40
60790 43
60800 45
60810 53
60820 53
60830 53
60840 46
60850 51
60860 43
60870 37
60880 51
60890 40
60900 44
60910 41
60920 41
60930 47
60940 43
60950 47
60960 50
60970 38
60980 44
60990 47
61000 62
61010 53
61020 47
61030 50
61040 43
61050 51
61060 44
61070 51
61080 39
61090 49
61100 42
61110 45
61120 53
61130 41
61140 53
61150 37
61160 42
61170 58
61180 45
61190 34
61200 49
61210 36
61220 53
61230 84
61240 93
61250 75
61260 63
61270 89
61280 66
61290 67
61300 73
61310 80
61320 75
61330 63
61340 89
61350 79
61360 79
61370 71
61380 73
61390 76
61400 77
61410 80
61420 81
61430 73
61440 84
61450 60
61460 76
61470 71
61480 61
61490 56
61500 66
61510 36
61520 32
61530 47
61540 44
61550 50
61560 54
61570 34
61580 59
61590 57
61600 62
61610 44
61620 38
61630 47
61640 47
61650 59
61660 46
61670 57
61680 56
61690 53
61700 43
61710 46
61720 49
61730 49
61740 64
61750 39
61760 42
61770 62
61780 52
61790 55
61800 60
61810 58
61820 52
61830 47
61840 39
61850 38
61860 52
61870 39
61880 40
61890 24
61900 51
61910 48
61920 54
61930 47
61940 40
61950 62
61960 57
61970 52
61980 46
61990 55
62000 43
62010 46
62020 43
62030 68
62040 35
62050 61
62060 52
62070 37
62080 38
62090 45
62100 59
62110 56
62120 41
62130 55
62140 46
62150 58
62160 55
62170 37
62180 47
62190 39
62200 42
62210 44
62220 42
62230 41
62240 47
62250 47
62260 59
62270 36
62280 28
62290 35
62300 31
62310 48
62320 42
62330 41
62340 44
62350 49
62360 45
62370 50
62380 78
62390 56
62400 75
62410 35
62420 31
62430 40
62440 41
62450 52
62460 31
62470 42
62480 37
62490 44
62500 42
62510 60
62520 39
62530 37
62540 44
62550 36
62560 57
62570 39
62580 58
62590 57
62600 46
62610 42
62620 37
62630 35
62640 47
62650 47
62660 52
62670 55
62680 48
62690 50
62700 64
62710 57
62720 45
62730 48
62740 54
62750 50
62760 47
62770 53
62780 63
62790 57
62800 46
62810 46
62820 55
62830 52
62840 50
62850 46
62860 47
62870 34
62880 45
62890 57
62900 50
62910 55
62920 55
62930 43
62940 57
62950 64
62960 32
62970 45
62980 41
62990 42
63000 49
63010 55
63020 31
63030 31
63040 33
63050 45
63060 43
63070 43
63080 40
63090 48
63100 42
63110 47
63120 51
63130 36
63140 49
63150 48
63160 40
63170 38
63180 39
63190 35
63200 46
63210 47
63220 41
63230 42
63240 44
63250 57
63260 45
63270 63
63280 53
63290 56
63300 51
63310 38
63320 41
63330 39
63340 44
63350 45
63360 48
63370 61
63380 61
63390 49
63400 57
63410 52
63420 60
63430 55
63440 62
63450 47
63460 49
63470 43
63480 50
63490 48
63500 50
63510 45
63520 65
63530 53
63540 47
63550 41
63560 47
63570 37
63580 45
63590 56
63600 51
63610 46
63620 48
63630 56
63640 32
63650 63
63660 50
63670 40
63680 55
63690 50
63700 32
63710 59
63720 56
63730 46
63740 39
63750 61
63760 58
63770 40
63780 44
63790 46
63800 40
63810 37
63820 47
63830 44
63840 47
63850 52
63860 40
63870 47
63880 63
63890 51
63900 63
63910 33
63920 46
63930 63
63940 48
63950 38
63960 72
63970 47
63980 45
63990 54
64000 53
64010 55
64020 70
64030 67
64040 58
64050 68
64060 57
64070 35
64080 50
64090 59
64100 52
64110 64
64120 61
64130 51
64140 50
64150 37
64160 43
64170 46
64180 45
64190 58
64200 46
64210 60
64220 50
64230 43
64240 38
64250 41
64260 58
64270 40
64280 46
64290 50
64300 51
64310 47
64320 49
64330 36
64340 41
64350 36
64360 48
64370 45
64380 47
64390 55
64400 37
64410 47
64420 38
64430 44
64440 50
64450 36
64460 56
64470 25
64480 15
64490 27
64500 29
64510 26
64520 37
64530 64
64540 57
64550 48
64560 57
64570 59
64580 52
64590 39
64600 46
64610 58
64620 58
64630 49
64640 57
64650 55
64660 38
64670 56
64680 48
64690 37
64700 57
64710 53
64720 51
64730 44
64740 40
64750 42
64760 45
64770 48
64780 38
64790 58
64800 56
64810 45
64820 52
64830 38
64840 37
64850 46
64860 50
64870 42
64880 45
64890 42
64900 37
64910 35
64920 27
64930 36
64940 31
64950 46
64960 51
64970 37
64980 33
64990 37
65000 31
65010 30
65020 37
65030 34
65040 29
65050 33
65060 38
65070 34
65080 73
65090 43
65100 33
65110 40
65120 36
65130 40
65140 32
65150 38
65160 31
65170 35
65180 36
65190 46
65200 39
65210 35
65220 38
65230 71
65240 52
65250 64
65260 54
65270 36
65280 47
65290 28
65300 35
65310 47
65320 45
65330 45
65340 49
65350 34
65360 32
65370 46
65380 50
65390 39
65400 43
65410 36
65420 38
65430 51
65440 40
65450 56
65460 35
65470 50
65480 49
65490 56
65500 48
65510 33
65520 35
65530 41
65540 36
65550 43
65560 45
65570 36
65580 47
65590 42
65600 39
65610 51
65620 42
65630 46
65640 48
65650 40
65660 43
65670 41
65680 47
65690 44
65700 53
65710 50
65720 35
65730 40
65740 50
65750 55
65760 55
65770 54
65780 55
65790 57
65800 62
65810 61
65820 59
65830 44
65840 57
65850 49
65860 55
65870 60
65880 52
65890 58
65900 53
65910 39
65920 45
65930 51
65940 53
65950 56
65960 41
65970 41
65980 46
65990 38
66000 48
66010 56
66020 54
66030 47
66040 48
66050 37
66060 49
66070 35
66080 62
66090 52
66100 47
66110 48
66120 49
66130 50
66140 47
66150 46
66160 47
66170 45
66180 39
66190 51
66200 37
66210 44
66220 51
66230 42
66240 53
66250 38
66260 41
66270 45
66280 40
66290 40
66300 44
66310 41
66320 52
66330 47
66340 36
66350 35
66360 45
66370 34
66380 35
66390 38
66400 41
66410 51
66420 46
66430 58
66440 51
66450 50
66460 40
66470 40
66480 59
66490 54
66500 45
66510 46
66520 46
66530 42
66540 19
66550 37
66560 36
66570 48
66580 41
66590 39
66600 49
66610 51
66620 46
66630 49
66640 41
66650 51
66660 45
66670 32
66680 35
66690 48
66700 44
66710 41
66720 54
66730 47
66740 43
66750 58
66760 45
66770 47
66780 52
66790 51
66800 32
66810 44
66820 52
66830 42
66840 39
66850 37
66860 47
66870 37
66880 54
66890 60
66900 60
66910 34
66920 39
66930 27
66940 53
66950 37
66960 54
66970 59
66980 40
66990 57
67000 38
67010 41
67020 31
67030 51
67040 35
67050 53
67060 34
67070 37
67080 37
67090 31
67100 31
67110 45
67120 32
67130 27
67140 43
67150 36
67160 44
67170 41
67180 27
67190 45
67200 34
67210 33
67220 31
67230 37
67240 25
67250 42
67260 52
67270 44
67280 44
67290 45
67300 45
67310 56
67320 42
67330 38
67340 33
67350 44
67360 34
67370 45
67380 38
67390 33
67400 40
67410 31
67420 39
67430 55
67440 31
67450 37
67460 28
67470 38
67480 48
67490 48
67500 44
67510 36
67520 47
67530 50
67540 44
67550 46
67560 60
67570 44
67580 56
67590 50
67600 36
67610 47
67620 46
67630 45
67640 36
67650 43
67660 47
67670 59
67680 50
67690 52
67700 44
67710 47
67720 39
67730 55
67740 62
67750 48
67760 35
67770 46
67780 52
67790 51
67800 60
67810 53
67820 59
67830 46
67840 59
67850 52
67860 21
67870 49
67880 55
67890 53
67900 42
67910 41
67920 43
67930 85
67940 71
67950 75
67960 79
67970 76
67980 74
67990 75
68000 79
68010 78
68020 77
68030 81
68040 75
68050 77
68060 69
68070 75
68080 72
68090 61
68100 75
68110 43
68120 35
68130 41
68140 28
68150 49
68160 34
68170 40
68180 40
68190 28
68200 43
68210 35
68220 34
68230 44
68240 42
68250 28
68260 31
68270 31
68280 34
68290 34
68300 23
68310 30
68320 33
68330 34
68340 32
68350 36
68360 29
68370 26
68380 29
68390 37
68400 23
68410 32
68420 21
68430 29
68440 32
68450 59
68460 45
68470 58
68480 62
68490 30
68500 68
68510 49
68520 56
68530 54
68540 66
68550 49
68560 83
68570 83
68580 78
68590 67
68600 60
68610 70
68620 81
68630 80
68640 72
68650 77
68660 83
68670 77
68680 88
68690 76
68700 80
68710 75
68720 83
68730 85
68740 72
68750 94
68760 79
68770 89
68780 74
68790 64
68800 79
68810 65
68820 80
68830 74
68840 77
68850 79
68860 76
68870 77
68880 73
68890 64
68900 78
68910 82
68920 70
68930 80
68940 59
68950 66
68960 79
68970 64
68980 72
68990 72
69000 67
69010 77
69020 75
69030 67
69040 79
69050 69
69060 64
69070 80
69080 72
69090 70
69100 93
69110 69
69120 72
69130 45
69140 59
69150 70
69160 76
69170 54
69180 37
69190 78
69200 75
69210 32
69220 25
69230 35
69240 50
69250 63
69260 57
69270 57
69280 85
69290 71
69300 80
69310 68
69320 82
69330 45
69340 53
69350 66
69360 63
69370 71
69380 74
69390 75
69400 69
69410 65
69420 75
69430 83
69440 77
69450 73
69460 72
69470 80
69480 77
69490 76
69500 72
69510 87
69520 79
69530 80
69540 82
69550 84
69560 68
69570 78
69580 70
69590 69
69600 83
69610 83
69620 76
69630 66
69640 82
69650 63
69660 71
69670 77
69680 72
69690 57
69700 54
69710 57
69720 58
69730 70
69740 52
69750 59
69760 53
69770 34
69780 40
69790 30
69800 51
69810 47
69820 38
69830 45
69840 46
69850 52
69860 33
69870 42
69880 58
69890 38
69900 38
69910 46
69920 38
69930 43
69940 51
69950 38
69960 39
69970 42
69980 50
69990 61
70000 54
70010 59
70020 49
70030 49
70040 42
70050 39
70060 42
70070 34
70080 39
70090 48
70100 23
70110 47
70120 39
70130 42
70140 40
70150 54
70160 36
70170 32
70180 30
70190 44
70200 29
70210 36
70220 51
70230 47
70240 43
70250 49
70260 43
70270 46
70280 44
70290 48
70300 23
70310 43
70320 42
70330 33
70340 47
70350 36
70360 40
70370 52
70380 42
70390 35
70400 46
70410 49
70420 32
70430 36
70440 48
70450 45
70460 46
70470 49
70480 50
70490 42
70500 33
70510 52
70520 39
70530 55
70540 50
70550 42
70560 50
70570 51
70580 53
70590 51
70600 38
70610 55
70620 42
70630 58
70640 42
70650 43
70660 44
70670 48
70680 42
70690 44
70700 56
70710 43
70720 59
70730 48
70740 45
70750 53
70760 59
70770 75
70780 51
70790 46
70800 35
70810 63
70820 60
70830 53
70840 60
70850 60
70860 55
70870 70
70880 39
70890 47
70900 38
70910 43
70920 32
70930 45
70940 43
70950 37
70960 43
70970 53
70980 41
70990 24
71000 41
71010 52
71020 56
71030 35
71040 49
71050 47
71060 46
71070 31
71080 43
71090 35
71100 32
71110 46
71120 36
71130 26
71140 36
71150 47
71160 34
71170 47
71180 38
71190 39
71200 47
71210 44
71220 37
71230 53
71240 41
71250 51
71260 55
71270 48
71280 43
71290 41
71300 44
71310 50
71320 49
71330 41
71340 45
71350 54
71360 56
71370 52
71380 54
71390 44
71400 60
71410 40
71420 55
71430 50
71440 59
71450 46
71460 46
71470 41
71480 43
71490 34
71500 34
71510 37
71520 42
71530 33
71540 38
71550 33
71560 39
71570 39
71580 29
71590 44
71600 35
71610 25
71620 41
71630 21
71640 33
71650 52
71660 37
71670 42
71680 48
71690 42
71700 52
71710 66
71720 40
71730 44
71740 41
71750 57
71760 44
71770 25
71780 28
71790 13
71800 34
71810 16
71820 31
71830 35
71840 45
71850 43
71860 41
71870 48
71880 42
71890 31
71900 26
71910 28
71920 32
71930 34
71940 37
71950 37
71960 39
71970 41
71980 34
71990 38
72000 47
72010 36
72020 39
72030 39
72040 34
72050 50
72060 29
72070 42
72080 49
72090 52
72100 45
72110 53
72120 41
72130 42
72140 51
72150 52
72160 43
72170 48
72180 51
72190 46
72200 29
72210 47
72220 38
72230 34
72240 46
72250 42
72260 46
72270 46
72280 49
72290 43
72300 52
72310 23
72320 18
72330 43
72340 36
72350 35
72360 40
72370 35
72380 33
72390 31
72400 37
72410 45
72420 59
72430 34
72440 38
72450 45
72460 41
72470 32
72480 36
72490 26
72500 38
72510 32
72520 31
72530 28
72540 31
72550 46
72560 19
72570 20
72580 37
72590 28
72600 38
72610 34
72620 22
72630 34
72640 32
72650 32
72660 40
72670 31
72680 23
72690 52
72700 49
72710 36
72720 59
72730 48
72740 57
72750 42
72760 48
72770 55
72780 70
72790 79
72800 83
72810 57
72820 72
72830 66
72840 68
72850 80
72860 74
72870 77
72880 87
72890 74
72900 74
72910 84
72920 75
72930 65
72940 69
72950 76
72960 79
72970 87
72980 76
72990 77
73000 87
73010 75
73020 72
73030 83
73040 81
73050 74
73060 76
73070 69
73080 68
73090 60
73100 69
73110 72
73120 76
73130 74
73140 83
73150 82
73160 80
73170 73
73180 71
73190 67
73200 46
73210 60
73220 55
73230 60
73240 47
73250 68
73260 62
73270 63
73280 58
73290 62
73300 68
73310 57
73320 58
73330 39
73340 45
73350 47
73360 49
73370 39
73380 58
73390 50
73400 42
73410 53
73420 42
73430 45
73440 51
73450 43
73460 43
73470 36
73480 39
73490 43
73500 58
73510 36
73520 56
73530 42
73540 54
73550 42
73560 36
73570 43
73580 55
73590 35
73600 45
73610 47
73620 49
73630 44
73640 45
73650 52
73660 50
73670 29
73680 45
73690 57
73700 40
73710 56
73720 43
73730 50
73740 48
73750 54
73760 46
73770 52
73780 62
73790 46
73800 53
73810 53
73820 36
73830 43
73840 49
73850 45
73860 58
73870 41
73880 42
73890 42
73900 41
73910 38
73920 31
73930 43
73940 30
73950 35
73960 42
73970 46
73980 48
73990 48
74000 44
74010 52
74020 47
74030 44
74040 44
74050 34
74060 51
74070 33
74080 56
74090 50
74100 39
74110 38
74120 31
74130 52
74140 51
74150 44
74160 51
74170 46
74180 48
74190 41
74200 45
74210 46
74220 43
74230 35
74240 53
74250 49
74260 46
74270 41
74280 49
74290 35
74300 42
74310 40
74320 50
74330 43
74340 51
74350 44
74360 44
74370 61
74380 62
74390 43
74400 56
74410 59
74420 50
74430 58
74440 55
74450 53
74460 40
74470 37
74480 51
74490 49
74500 55
74510 56
74520 52
74530 46
74540 54
74550 38
74560 44
74570 45
74580 54
74590 39
74600 40
74610 38
74620 49
74630 63
74640 49
74650 42
74660 50
74670 31
74680 50
74690 47
74700 58
74710 46
74720 31
74730 44
74740 57
74750 53
74760 46
74770 39
74780 49
74790 53
74800 44
74810 52
74820 53
74830 37
74840 44
74850 46
74860 45
74870 59
74880 40
74890 39
74900 58
74910 42
74920 38
74930 55
74940 56
74950 49
74960 37
74970 38
74980 36
74990 46
75000 47
75010 52
75020 56
75030 65
75040 59
75050 49
75060 47
75070 38
75080 56
75090 55
75100 55
75110 53
75120 48
75130 31
75140 38
75150 56
75160 45
75170 41
75180 59
75190 48
75200 39
75210 55
75220 49
75230 52
75240 56
75250 50
75260 43
75270 44
75280 54
75290 51
75300 51
75310 49
75320 37
75330 49
75340 38
75350 33
75360 50
75370 54
75380 58
75390 50
75400 46
75410 43
75420 32
75430 48
75440 43
75450 35
75460 33
75470 37
75480 33
75490 50
75500 41
75510 38
75520 33
75530 24
75540 44
75550 40
75560 46
75570 41
75580 45
75590 41
75600 50
75610 56
75620 41
75630 67
75640 63
75650 60
75660 42
75670 62
75680 55
75690 53
75700 50
75710 51
75720 39
75730 40
75740 37
75750 27
75760 37
75770 16
75780 24
75790 39
75800 48
75810 30
75820 48
75830 37
75840 43
75850 39
75860 31
75870 40
75880 46
75890 39
75900 55
75910 49
75920 40
75930 48
75940 36
75950 32
75960 40
75970 45
75980 46
75990 45
76000 53
76010 42
76020 34
76030 50
76040 38
76050 53
76060 42
76070 37
76080 58
76090 50
76100 41
76110 52
76120 37
76130 39
76140 54
76150 41
76160 50
76170 35
76180 48
76190 42
76200 38
76210 54
76220 39
76230 48
76240 48
76250 36
76260 42
76270 52
76280 48
76290 52
76300 54
76310 53
76320 48
76330 52
76340 44
76350 52
76360 29
76370 44
76380 41
76390 44
76400 50
76410 53
76420 45
76430 51
76440 43
76450 49
76460 46
76470 47
76480 46
76490 40
76500 42
76510 55
76520 52
76530 52
76540 50
76550 47
76560 45
76570 38
76580 26
76590 51
76600 41
76610 49
76620 49
76630 38
76640 54
76650 36
76660 50
76670 29
76680 32
76690 39
76700 52
76710 66
76720 51
76730 62
76740 37
76750 35
76760 47
76770 59
76780 50
76790 44
76800 39
76810 47
76820 49
76830 56
76840 38
76850 49
76860 37
76870 47
76880 46
76890 31
76900 60
76910 44
76920 50
76930 33
76940 50
76950 60
76960 59
76970 40
76980 40
76990 33
77000 35
77010 35
77020 46
77030 46
77040 44
77050 50
77060 47
77070 50
77080 52
77090 49
77100 48
77110 42
77120 44
77130 38
77140 49
77150 46
77160 54
77170 31
77180 47
77190 46
77200 58
77210 61
77220 35
77230 41
77240 43
77250 41
77260 47
77270 57
77280 46
77290 46
77300 55
77310 51
77320 47
77330 40
77340 47
77350 47
77360 53
77370 50
77380 46
77390 30
77400 47
77410 38
77420 41
77430 46
77440 39
77450 38
77460 33
77470 51
77480 44
77490 48
77500 35
77510 46
77520 43
77530 42
77540 47
77550 42
77560 57
77570 39
77580 31
77590 56
77600 47
77610 43
77620 44
77630 39
77640 45
77650 34
77660 42
77670 38
77680 41
77690 47
77700 50
77710 40
77720 41
77730 48
77740 51
77750 40
77760 34
77770 48
77780 57
77790 41
77800 51
77810 38
77820 49
77830 53
77840 49
77850 51
77860 39
77870 37
77880 38
77890 47
77900 38
77910 42
77920 44
77930 38
77940 50
77950 50
77960 38
77970 38
77980 36
77990 38
78000 52
78010 49
78020 37
78030 42
78040 36
78050 42
78060 49
78070 46
78080 48
78090 48
78100 48
78110 42
78120 47
78130 53
78140 53
78150 46
78160 61
78170 47
78180 50
78190 35
78200 39
78210 51
78220 52
78230 52
78240 44
78250 39
78260 44
78270 45
78280 43
78290 42
78300 49
78310 45
78320 47
78330 52
78340 51
78350 54
78360 45
78370 36
78380 41
78390 40
78400 38
78410 55
78420 37
78430 40
78440 47
78450 47
78460 36
78470 31
78480 38
78490 33
78500 40
78510 38
78520 37
78530 29
78540 37
78550 42
78560 35
78570 46
78580 45
78590 45
78600 45
78610 40
78620 31
78630 22
78640 14
78650 27
78660 43
78670 40
78680 40
78690 46
78700 42
78710 41
78720 32
78730 39
78740 45
78750 39
78760 49
78770 49
78780 38
78790 40
78800 42
78810 44
78820 35
78830 44
78840 48
78850 49
78860 42
78870 49
78880 49
78890 36
78900 42
78910 34
78920 43
78930 46
78940 66
78950 35
78960 27
78970 37
78980 45
78990 53
79000 42
79010 47
79020 36
79030 50
79040 47
79050 48
79060 41
79070 43
79080 41
79090 28
79100 43
79110 46
79120 56
79130 43
79140 51
79150 47
79160 50
79170 48
79180 47
79190 36
79200 44
79210 61
79220 44
79230 33
79240 46
79250 38
79260 46
79270 42
79280 54
79290 53
79300 42
79310 36
79320 46
79330 43
79340 50
79350 46
79360 39
79370 44
79380 47
79390 47
79400 42
79410 43
79420 49
79430 47
79440 45
79450 54
79460 51
79470 32
79480 44
79490 48
79500 44
79510 41
79520 59
79530 27
79540 49
79550 42
79560 32
79570 39
79580 49
79590 48
79600 44
79610 41
79620 37
79630 45
79640 42
79650 39
79660 41
79670 30
79680 48
79690 49
79700 48
79710 35
79720 43
79730 41
79740 51
79750 50
79760 37
79770 37
79780 55
79790 44
79800 48
79810 52
79820 45
79830 58
79840 37
79850 46
79860 44
79870 58
79880 53
79890 55
79900 49
79910 55
79920 50
79930 46
79940 53
79950 48
79960 45
79970 39
79980 49
79990 42
80000 50
80010 47
80020 43
80030 56
80040 45
80050 46
80060 39
80070 49
80080 29
80090 47
80100 49
80110 52
80120 48
80130 51
80140 52
80150 50
80160 44
80170 40
80180 48
80190 47
80200 46
80210 53
80220 48
80230 39
80240 46
80250 47
80260 39
80270 48
80280 51
80290 52
80300 53
80310 50
80320 54
80330 51
80340 47
80350 52
80360 41
80370 50
80380 45
80390 45
80400 44
80410 49
80420 38
80430 41
80440 49
80450 46
80460 49
80470 45
80480 52
80490 32
80500 54
80510 45
80520 40
80530 54
80540 49
80550 51
80560 49
80570 38
80580 45
80590 53
80600 45
80610 45
80620 41
80630 52
80640 37
80650 42
80660 48
80670 47
80680 47
80690 46
80700 47
80710 56
80720 54
80730 42
80740 46
80750 44
80760 49
80770 53
80780 44
80790 44
80800 49
80810 49
80820 41
80830 51
80840 47
80850 39
80860 50
80870 54
80880 36
80890 55
80900 42
80910 43
80920 36
80930 42
80940 41
80950 50
80960 40
80970 48
80980 47
80990 43
81000 53
81010 50
81020 41
81030 48
81040 44
81050 45
81060 40
81070 28
81080 35
81090 42
81100 53
81110 43
81120 46
81130 49
81140 46
81150 47
81160 48
81170 51
81180 48
81190 43
81200 47
81210 51
81220 40
81230 40
81240 44
81250 33
81260 46
81270 44
81280 36
81290 33
81300 39
81310 38
81320 44
81330 41
81340 40
81350 47
81360 55
81370 43
81380 35
81390 36
81400 46
81410 47
81420 42
81430 53
81440 49
81450 53
81460 54
81470 44
81480 49
81490 41
81500 49
81510 46
81520 38
81530 40
81540 41
81550 44
81560 40
81570 44
81580 37
81590 39
81600 37
81610 38
81620 43
81630 48
81640 39
81650 43
81660 41
81670 43
81680 33
81690 50
81700 37
81710 41
81720 41
81730 25
81740 42
81750 41
81760 45
81770 52
81780 44
81790 44
81800 34
81810 43
81820 44
81830 34
81840 41
81850 41
81860 34
81870 46
81880 57
81890 44
81900 24
81910 50
81920 46
81930 49
81940 53
81950 45
81960 40
81970 40
81980 58
81990 42
82000 55
82010 43
82020 47
82030 51
82040 47
82050 50
82060 47
82070 34
82080 46
82090 50
82100 51
82110 42
82120 50
82130 58
82140 52
82150 45
82160 46
82170 43
82180 46
82190 43
82200 44
82210 45
82220 50
82230 48
82240 47
82250 53
82260 46
82270 49
82280 47
82290 41
82300 47
82310 42
82320 47
82330 42
82340 53
82350 46
82360 43
82370 42
82380 53
82390 45
82400 50
82410 51
82420 50
82430 46
82440 47
82450 41
82460 54
82470 42
82480 36
82490 61
82500 47
82510 49
82520 49
82530 50
82540 58
82550 55
82560 51
82570 45
82580 43
82590 52
82600 57
82610 45
82620 61
82630 41
82640 47
82650 45
82660 47
82670 44
82680 50
82690 50
82700 74
82710 49
82720 51
82730 50
82740 38
82750 30
82760 47
82770 26
82780 44
82790 45
82800 39
82810 49
82820 36
82830 40
82840 57
82850 38
82860 41
82870 46
82880 50
82890 46
82900 53
82910 46
82920 52
82930 51
82940 65
82950 36
82960 57
82970 61
82980 66
82990 52
83000 40
83010 49
83020 49
83030 60
83040 45
83050 64
83060 53
83070 50
83080 47
83090 49
83100 43
83110 52
83120 48
83130 38
83140 36
83150 54
83160 53
83170 50
83180 37
83190 49
83200 46
83210 39
83220 40
83230 43
83240 32
83250 20
83260 27
83270 30
83280 33
83290 28
83300 26
83310 18
83320 21
83330 24
83340 20
83350 44
83360 26
83370 43
83380 33
83390 39
83400 48
83410 28
83420 39
83430 43
83440 30
83450 36
83460 37
83470 39
83480 31
83490 24
83500 57
83510 51
83520 24
83530 38
83540 20
83550 19
83560 21
83570 26
83580 17
83590 41
83600 58
83610 59
83620 32
83630 44
83640 56
83650 51
83660 46
83670 43
83680 31
83690 30
83700 51
83710 22
83720 26
83730 15
83740 13
83750 34
83760 32
83770 43
83780 42
83790 33
83800 43
83810 49
83820 43
83830 43
83840 24
83850 34
83860 54
83870 38
83880 33
83890 37
83900 43
83910 43
83920 37
83930 47
83940 44
83950 38
83960 16
83970 37
83980 38
83990 66
84000 41
84010 38
84020 54
84030 51
84040 34
84050 59
84060 54
84070 43
84080 77
84090 44
84100 61
84110 37
84120 32
84130 30
84140 47
84150 29
84160 55
84170 38
84180 44
84190 34
84200 61
84210 61
84220 67
84230 52
84240 70
84250 66
84260 59
84270 73
84280 78
84290 64
84300 47
84310 66
84320 43
84330 44
84340 53
84350 40
84360 65
84370 36
84380 58
84390 47
84400 49
84410 77
84420 70
84430 54
84440 50
84450 53
84460 57
84470 54
84480 45
84490 58
84500 66
84510 61
84520 63
84530 54
84540 49
84550 67
84560 72
84570 45
84580 79
84590 48
84600 84
84610 51
84620 55
84630 70
84640 52
84650 62
84660 43
84670 56
84680 56
84690 56
84700 50
84710 42
84720 57
84730 56
84740 34
84750 21
84760 43
84770 32
84780 28
84790 24
84800 29
84810 38
84820 33
84830 35
84840 48
84850 39
84860 32
84870 56
84880 37
84890 50
84900 45
84910 51
84920 35
84930 46
84940 29
84950 43
84960 38
84970 40
84980 46
84990 30
85000 35
85010 46
85020 42
85030 26
85040 32
85050 60
85060 67
85070 53
85080 47
85090 49
85100 33
85110 54
85120 67
85130 40
85140 46
85150 47
85160 46
85170 48
85180 42
85190 19
85200 36
85210 31
85220 25
85230 23
85240 41
85250 45
85260 53
85270 42
85280 52
85290 49
85300 50
85310 29
85320 38
85330 40
85340 41
85350 37
85360 51
85370 42
85380 47
85390 50
85400 69
85410 65
85420 58
85430 38
85440 53
85450 46
85460 46
85470 59
85480 29
85490 44
85500 52
85510 55
85520 52
85530 59
85540 64
85550 39
85560 34
85570 25
85580 42
85590 52
85600 48
85610 38
85620 58
85630 58
85640 57
85650 44
85660 65
85670 57
85680 54
85690 52
85700 79
85710 66
85720 50
85730 64
85740 42
85750 41
85760 49
85770 54
85780 42
85790 47
85800 53
85810 37
85820 43
85830 41
85840 46
85850 40
85860 47
85870 47
85880 39
85890 37
85900 36
85910 49
85920 52
85930 40
85940 55
85950 50
85960 51
85970 40
85980 41
85990 50
86000 48
86010 38
86020 46
86030 65
86040 44
86050 45
86060 49
86070 45
86080 48
86090 38
86100 49
86110 37
86120 56
86130 41
86140 51
86150 49
86160 32
86170 40
86180 53
86190 48
86200 50
86210 55
86220 57
86230 50
86240 50
86250 41
86260 45
86270 54
86280 37
86290 61
86300 39
86310 55
86320 59
86330 48
86340 59
86350 54
86360 44
86370 35
86380 40
86390 43
86400 50
86410 47
86420 36
86430 55
86440 43
86450 44
86460 35
86470 54
86480 57
86490 36
86500 45
86510 55
86520 58
86530 50
86540 58
86550 35
86560 47
86570 37
86580 43
86590 41
86600 42
86610 59
86620 41
86630 57
86640 32
86650 44
86660 48
86670 53
86680 55
86690 41
86700 47
86710 60
86720 54
86730 56
86740 47
86750 57
86760 60
86770 59
86780 51
86790 52
86800 51
86810 41
86820 49
86830 38
86840 50
86850 53
86860 46
86870 24
86880 51
86890 52
86900 51
86910 43
86920 44
86930 48
86940 67
86950 47
86960 52
86970 47
86980 43
86990 78
87000 59
87010 56
87020 43
87030 55
87040 60
87050 56
87060 69
87070 58
87080 70
87090 46
87100 42
87110 46
87120 30
87130 51
87140 36
87150 50
87160 25
87170 40
87180 34
87190 48
87200 41
87210 36
87220 40
87230 46
87240 32
87250 40
87260 53
87270 50
87280 47
87290 50
87300 48
87310 51
87320 49
87330 44
87340 56
87350 44
87360 37
87370 35
87380 38
87390 47
87400 37
87410 45
87420 69
87430 49
87440 34
87450 26
87460 48
87470 58
87480 45
87490 40
87500 43
87510 41
87520 38
87530 39
87540 52
87550 53
87560 53
87570 39
87580 45
87590 49
87600 33
87610 50
87620 59
87630 61
87640 53
87650 56
87660 50
87670 59
87680 59
87690 57
87700 43
87710 47
87720 47
87730 40
87740 47
87750 46
87760 53
87770 49
87780 58
87790 36
87800 37
87810 63
87820 56
87830 59
87840 41
87850 50
87860 49
87870 55
87880 45
87890 45
87900 48
87910 67
87920 41
87930 56
87940 34
87950 65
87960 39
87970 52
87980 50
87990 57
88000 50
88010 38
88020 49
88030 53
88040 50
88050 45
88060 51
88070 41
88080 34
88090 59
88100 21
88110 36
88120 31
88130 33
88140 44
88150 47
88160 29
88170 30
88180 55
88190 43
88200 49
88210 39
88220 41
88230 56
88240 33
88250 35
88260 46
88270 30
88280 48
88290 60
88300 43
88310 51
88320 47
88330 51
88340 53
88350 46
88360 43
88370 57
88380 50
88390 51
88400 44
88410 48
88420 56
88430 44
88440 62
88450 47
88460 29
88470 24
88480 51
88490 57
88500 55
88510 55
88520 47
88530 47
88540 45
88550 38
88560 43
88570 54
88580 35
88590 43
88600 49
88610 54
88620 47
88630 54
88640 66
88650 43
88660 60
88670 39
88680 38
88690 73
88700 40
88710 49
88720 43
88730 56
88740 66
88750 56
88760 62
88770 50
88780 44
88790 43
88800 41
88810 51
88820 39
88830 42
88840 44
88850 58
88860 42
88870 42
88880 46
88890 47
88900 39
88910 41
88920 54
88930 51
88940 56
88950 37
88960 40
88970 36
88980 48
88990 37
89000 49
89010 56
89020 39
89030 38
89040 54
89050 30
89060 52
89070 42
89080 51
89090 26
89100 33
89110 40
89120 19
89130 39
89140 52
89150 57
89160 44
89170 49
89180 50
89190 43
89200 34
89210 37
89220 35
89230 46
89240 30
89250 49
89260 47
89270 41
89280 35
89290 20
89300 38
89310 53
89320 39
89330 54
89340 42
89350 54
89360 60
89370 52
89380 42
89390 45
89400 55
89410 48
89420 45
89430 48
89440 48
89450 37
89460 45
89470 50
89480 77
89490 63
89500 48
89510 82
89520 61
89530 54
89540 38
89550 53
89560 47
89570 57
89580 56
89590 49
89600 51
89610 52
89620 42
89630 44
89640 34
89650 45
89660 46
89670 48
89680 38
89690 41
89700 46
89710 40
89720 35
89730 52
89740 54
89750 52
89760 38
89770 50
89780 42
89790 53
89800 53
89810 46
89820 37
89830 41
89840 28
89850 51
89860 41
89870 48
89880 46
89890 37
89900 50
89910 43
89920 51
89930 72
89940 48
89950 46
89960 58
89970 33
89980 45
89990 44
90000 51
90010 32
90020 49
90030 56
90040 51
90050 60
90060 47
90070 41
90080 49
90090 48
90100 46
90110 47
90120 39
90130 36
90140 62
90150 57
90160 33
90170 46
90180 43
90190 46
90200 41
90210 47
90220 44
90230 36
90240 56
90250 45
90260 41
90270 47
90280 38
90290 25
90300 32
90310 33
90320 38
90330 28
90340 24
90350 27
90360 63
90370 32
90380 48
90390 52
90400 50
90410 39
90420 31
90430 31
90440 46
90450 47
90460 52
90470 42
90480 35
90490 50
90500 54
90510 65
90520 59
90530 53
90540 58
90550 36
90560 55
90570 59
90580 52
90590 47
90600 49
90610 57
90620 43
90630 45
90640 56
90650 38
90660 44
90670 36
90680 54
90690 56
90700 61
90710 39
90720 47
90730 44
90740 50
90750 45
90760 23
90770 43
90780 45
90790 46
90800 40
90810 48
90820 29
90830 49
90840 52
90850 42
90860 48
90870 46
90880 59
90890 59
90900 47
90910 30
90920 42
90930 49
90940 39
90950 39
90960 50
90970 44
90980 32
90990 35
91000 44
91010 48
91020 53
91030 39
91040 55
91050 45
91060 50
91070 52
91080 47
91090 44
91100 42
91110 41
91120 40
91130 30
91140 28
91150 26
91160 31
91170 33
91180 37
91190 29
91200 51
91210 50
91220 64
91230 36
91240 53
91250 63
91260 53
91270 55
91280 49
91290 60
91300 60
91310 62
91320 54
91330 50
91340 41
91350 50
91360 49
91370 47
91380 48
91390 53
91400 39
91410 50
91420 53
91430 57
91440 57
91450 39
91460 44
91470 45
91480 53
91490 55
91500 62
91510 48
91520 65
91530 39
91540 55
91550 68
91560 51
91570 54
91580 55
91590 54
91600 47
91610 63
91620 50
91630 53
91640 43
91650 53
91660 68
91670 56
91680 55
91690 55
91700 52
91710 50
91720 53
91730 52
91740 24
91750 45
91760 41
91770 40
91780 47
91790 54
91800 51
91810 32
91820 43
91830 62
91840 53
91850 45
91860 18
91870 39
91880 38
91890 39
91900 55
91910 55
91920 32
91930 51
91940 29
91950 53
91960 64
91970 62
91980 56
91990 45
92000 48
92010 28
92020 36
92030 50
92040 33
92050 41
92060 48
92070 27
92080 32
92090 44
92100 37
92110 42
92120 53
92130 40
92140 54
92150 43
92160 43
92170 45
92180 45
92190 56
92200 52
92210 50
92220 63
92230 42
92240 54
92250 51
92260 35
92270 47
92280 59
92290 53
92300 54
92310 39
92320 56
92330 49
92340 41
92350 52
92360 51
92370 51
92380 37
92390 53
92400 41
92410 47
92420 43
92430 49
92440 50
92450 33
92460 37
92470 54
92480 52
92490 49
92500 38
92510 50
92520 46
92530 51
92540 29
92550 53
92560 26
92570 37
92580 47
92590 34
92600 39
92610 43
92620 42
92630 35
92640 43
92650 46
92660 35
92670 46
92680 55
92690 52
92700 61
92710 43
92720 58
92730 46
92740 42
92750 39
92760 36
92770 44
92780 38
92790 0
92800 0
92810 34
92820 56
92830 51
92840 42
92850 46
92860 42
92870 60
92880 42
92890 46
92900 56
92910 39
92920 46
92930 40
92940 41
92950 46
92960 56
92970 41
92980 52
92990 51
93000 30
93010 43
93020 35
93030 49
93040 43
93050 21
93060 35
93070 39
93080 43
93090 49
93100 31
93110 54
93120 46
93130 41
93140 43
93150 54
93160 50
93170 49
93180 33
93190 37
93200 29
93210 32
93220 43
93230 27
93240 35
93250 42
93260 42
93270 32
93280 23
93290 33
93300 36
93310 29
93320 37
93330 34
93340 37
93350 35
93360 35
93370 36
93380 39
93390 33
93400 27
93410 37
93420 46
93430 40
93440 44
93450 42
93460 41
93470 33
93480 0
93490 0
93500 52
93510 37
93520 38
93530 46
93540 44
93550 44
93560 46
93570 37
93580 53
93590 48
93600 44
93610 46
93620 47
93630 42
93640 41
93650 47
93660 48
93670 49
93680 35
93690 38
93700 56
93710 38
93720 32
93730 35
93740 46
93750 39
93760 63
93770 50
93780 26
93790 40
93800 54
93810 35
93820 60
93830 52
93840 47
93850 56
93860 46
93870 50
93880 51
93890 48
93900 51
93910 34
93920 38
93930 39
93940 36
93950 40
93960 44
93970 50
93980 29
93990 45
94000 36
94010 54
94020 37
94030 41
94040 49
94050 53
94060 36
94070 50
94080 35
94090 53
94100 67
94110 63
94120 52
94130 55
94140 59
94150 37
94160 52
94170 62
94180 40
94190 57
94200 45
94210 59
94220 37
94230 42
94240 43
94250 54
94260 61
94270 35
94280 45
94290 47
94300 52
94310 49
94320 40
94330 41
94340 51
94350 46
94360 46
94370 34
94380 44
94390 28
94400 39
94410 49
94420 32
94430 26
94440 38
94450 17
94460 32
94470 42
94480 21
94490 26
94500 36
94510 36
94520 47
94530 41
94540 35
94550 34
94560 23
94570 42
94580 36
94590 43
94600 56
94610 36
94620 47
94630 34
94640 44
94650 47
94660 53
94670 42
94680 46
94690 47
94700 48
94710 51
94720 49
94730 49
94740 43
94750 49
94760 50
94770 53
94780 35
94790 29
94800 32
94810 24
94820 44
94830 36
94840 31
94850 25
94860 33
94870 39
94880 27
94890 43
94900 54
94910 53
94920 48
94930 48
94940 57
94950 58
94960 56
94970 66
94980 45
94990 46
95000 26
95010 41
95020 26
95030 44
95040 39
95050 45
95060 31
95070 34
95080 48
95090 44
95100 39
95110 30
95120 53
95130 52
95140 46
95150 33
95160 46
95170 45
95180 52
95190 53
95200 32
95210 43
95220 51
95230 64
95240 37
95250 44
95260 48
95270 53
95280 37
95290 42
95300 52
95310 46
95320 50
95330 44
95340 46
95350 50
95360 34
95370 53
95380 54
95390 56
95400 53
95410 43
95420 41
95430 49
95440 45
95450 43
95460 40
95470 57
95480 55
95490 46
95500 52
95510 45
95520 53
95530 47
95540 51
95550 0
95560 0
95570 57
95580 51
95590 42
95600 47
95610 49
95620 38
95630 53
95640 56
95650 48
95660 49
95670 36
95680 51
95690 45
95700 51
95710 52
95720 59
95730 47
95740 39
95750 53
95760 50
95770 33
95780 53
95790 51
95800 45
95810 31
95820 29
95830 54
95840 39
95850 35
95860 48
95870 42
95880 42
95890 38
95900 48
95910 37
95920 51
95930 45
95940 43
95950 52
95960 50
95970 40
95980 39
95990 43
96000 51
96010 46
96020 52
96030 54
96040 45
96050 45
96060 48
96070 50
96080 34
96090 42
96100 49
96110 48
96120 60
96130 36
96140 33
96150 46
96160 46
96170 19
96180 33
96190 33
96200 38
96210 40
96220 43
96230 40
96240 43
96250 38
96260 58
96270 48
96280 20
96290 42
96300 50
96310 46
96320 61
96330 48
96340 37
96350 42
96360 42
96370 63
96380 52
96390 35
96400 42
96410 53
96420 59
96430 43
96440 52
96450 41
96460 57
96470 55
96480 36
96490 50
96500 57
96510 60
96520 31
96530 48
96540 42
96550 24
96560 53
96570 42
96580 51
96590 58
96600 48
96610 36
96620 50
96630 36
96640 39
96650 36
96660 52
96670 43
96680 38
96690 40
96700 30
96710 49
96720 38
96730 27
96740 60
96750 65
96760 50
96770 48
96780 72
96790 42
96800 45
96810 43
96820 36
96830 50
96840 38
96850 43
96860 42
96870 49
96880 35
96890 64
96900 40
96910 43
96920 40
96930 32
96940 39
96950 40
96960 37
96970 38
96980 26
96990 41
97000 45
97010 62
97020 71
97030 62
97040 35
97050 58
97060 64
97070 51
97080 69
97090 44
97100 50
97110 39
97120 60
97130 57
97140 50
97150 39
97160 40
97170 54
97180 41
97190 49
97200 36
97210 43
97220 41
97230 47
97240 32
97250 46
97260 55
97270 49
97280 52
97290 56
97300 68
97310 53
97320 48
97330 47
97340 62
97350 53
97360 49
97370 54
97380 49
97390 46
97400 47
97410 63
97420 64
97430 52
97440 54
97450 48
97460 52
97470 67
97480 53
97490 71
97500 47
97510 54
97520 61
97530 29
97540 36
97550 55
97560 51
97570 57
97580 48
97590 44
97600 54
97610 39
97620 48
97630 39
97640 42
97650 45
97660 59
97670 36
97680 57
97690 47
97700 53
97710 49
97720 35
97730 51
97740 40
97750 23
97760 37
97770 40
97780 29
97790 49
97800 36
97810 40
97820 39
97830 47
97840 49
97850 47
97860 21
97870 56
97880 46
97890 53
97900 43
97910 33
97920 36
97930 37
97940 43
97950 38
97960 30
97970 32
97980 20
97990 18
98000 36
98010 42
98020 29
98030 41
98040 22
98050 41
98060 38
98070 43
98080 47
98090 54
98100 44
98110 50
98120 55
98130 41
98140 30
98150 43
98160 35
98170 42
98180 42
98190 43
98200 44
98210 55
98220 45
98230 53
98240 48
98250 76
98260 63
98270 38
98280 47
98290 35
98300 29
98310 40
98320 45
98330 45
98340 42
98350 33
98360 30
98370 41
98380 23
98390 30
98400 27
98410 49
98420 41
98430 20
98440 45
98450 53
98460 46
98470 38
98480 47
98490 42
98500 43
98510 29
98520 41
98530 43
98540 53
98550 37
98560 40
98570 44
98580 35
98590 49
98600 47
98610 37
98620 37
98630 72
98640 46
98650 45
98660 40
98670 41
98680 45
98690 36
98700 45
98710 42
98720 40
98730 48
98740 63
98750 23
98760 42
98770 36
98780 47
98790 42
98800 56
98810 44
98820 51
98830 31
98840 35
98850 42
98860 40
98870 34
98880 43
98890 27
98900 36
98910 30
98920 23
98930 31
98940 44
98950 52
98960 26
98970 44
98980 54
98990 39
99000 43
99010 41
99020 27
99030 31
99040 26
99050 24
99060 32
99070 30
99080 45
99090 36
99100 54
99110 51
99120 57
99130 46
99140 52
99150 44
99160 54
99170 56
99180 27
99190 48
99200 58
99210 27
99220 29
99230 43
99240 38
99250 39
99260 29
99270 51
99280 52
99290 28
99300 18
99310 23
99320 32
99330 32
99340 33
99350 37
99360 29
99370 30
99380 39
99390 35
99400 28
99410 45
99420 42
99430 44
99440 53
99450 45
99460 41
99470 41
99480 48
99490 45
99500 32
99510 35
99520 33
99530 34
99540 35
99550 41
99560 48
99570 16
99580 33
99590 42
99600 40
99610 33
99620 27
99630 30
99640 23
99650 22
99660 26
99670 26
99680 19
99690 31
99700 51
99710 27
99720 49
99730 34
99740 34
99750 20
99760 33
99770 40
99780 42
99790 31
99800 35
99810 50
99820 45
99830 43
99840 42
99850 27
99860 36
99870 42
99880 37
99890 42
99900 34
99910 43
99920 35
99930 18
99940 41
99950 40
99960 47
99970 41
99980 45
99990 36
