# Frame Contacts
30000 21
30010 14
30020 14
30030 15
30040 20
30050 14
30060 8
30070 9
30080 17
30090 15
30100 19
30110 25
30120 21
30130 5
30140 25
30150 11
30160 8
30170 13
30180 11
30190 12
30200 9
30210 21
30220 19
30230 16
30240 19
30250 13
30260 11
30270 13
30280 21
30290 19
30300 15
30310 10
30320 0
30330 0
30340 9
30350 14
30360 5
30370 5
30380 9
30390 11
30400 0
30410 12
30420 0
30430 7
30440 0
30450 0
30460 0
30470 0
30480 0
30490 0
30500 0
30510 0
30520 0
30530 0
30540 0
30550 9
30560 10
30570 12
30580 10
30590 8
30600 9
30610 5
30620 10
30630 13
30640 4
30650 5
30660 16
30670 12
30680 10
30690 5
30700 12
30710 5
30720 0
30730 7
30740 3
30750 0
30760 0
30770 0
30780 0
30790 0
30800 0
30810 0
30820 9
30830 12
30840 11
30850 13
30860 6
30870 13
30880 11
30890 19
30900 7
30910 6
30920 24
30930 33
30940 38
30950 24
30960 15
30970 22
30980 21
30990 19
31000 20
31010 28
31020 11
31030 3
31040 35
31050 17
31060 4
31070 8
31080 2
31090 13
31100 6
31110 11
31120 5
31130 8
31140 6
31150 7
31160 7
31170 7
31180 7
31190 2
31200 11
31210 3
31220 11
31230 12
31240 2
31250 9
31260 12
31270 2
31280 12
31290 4
31300 8
31310 8
31320 4
31330 11
31340 10
31350 11
31360 0
31370 0
31380 0
31390 0
31400 0
31410 0
31420 0
31430 0
31440 0
31450 0
31460 0
31470 0
31480 0
31490 0
31500 0
31510 0
31520 0
31530 0
31540 0
31550 0
31560 0
31570 0
31580 0
31590 0
31600 0
31610 0
31620 0
31630 0
31640 0
31650 0
31660 0
31670 0
31680 0
31690 0
31700 0
31710 0
31720 0
31730 0
31740 0
31750 0
31760 0
31770 0
31780 0
31790 0
31800 0
31810 0
31820 0
31830 0
31840 0
31850 0
31860 0
31870 0
31880 0
31890 0
31900 0
31910 0
31920 0
31930 0
31940 0
31950 0
31960 0
31970 0
31980 0
31990 0
32000 0
32010 0
32020 0
32030 0
32040 0
32050 0
32060 0
32070 0
32080 0
32090 0
32100 0
32110 0
32120 0
32130 0
32140 0
32150 0
32160 0
32170 0
32180 0
32190 0
32200 0
32210 0
32220 0
32230 0
32240 0
32250 0
32260 0
32270 0
32280 0
32290 0
32300 0
32310 0
32320 0
32330 0
32340 0
32350 0
32360 0
32370 0
32380 0
32390 0
32400 0
32410 0
32420 0
32430 0
32440 0
32450 0
32460 0
32470 0
32480 0
32490 0
32500 0
32510 0
32520 0
32530 0
32540 2
32550 7
32560 11
32570 0
32580 0
32590 8
32600 4
32610 7
32620 7
32630 7
32640 6
32650 6
32660 2
32670 11
32680 10
32690 9
32700 14
32710 0
32720 0
32730 1
32740 2
32750 0
32760 3
32770 3
32780 4
32790 2
32800 6
32810 5
32820 5
32830 0
32840 12
32850 0
32860 9
32870 2
32880 5
32890 16
32900 10
32910 7
32920 9
32930 14
32940 17
32950 39
32960 26
32970 22
32980 6
32990 36
33000 24
33010 38
33020 0
33030 0
33040 33
33050 24
33060 35
33070 40
33080 43
33090 30
33100 33
33110 41
33120 38
33130 47
33140 41
33150 41
33160 31
33170 31
33180 49
33190 28
33200 26
33210 44
33220 38
33230 41
33240 39
33250 31
33260 24
33270 35
33280 27
33290 33
33300 31
33310 34
33320 32
33330 41
33340 42
33350 35
33360 22
33370 34
33380 25
33390 28
33400 29
33410 28
33420 27
33430 30
33440 37
33450 28
33460 38
33470 21
33480 25
33490 39
33500 32
33510 27
33520 34
33530 37
33540 41
33550 30
33560 28
33570 34
33580 28
33590 34
33600 28
33610 27
33620 34
33630 19
33640 38
33650 32
33660 32
33670 42
33680 22
33690 38
33700 42
33710 40
33720 16
33730 27
33740 19
33750 10
33760 9
33770 2
33780 16
33790 18
33800 10
33810 6
33820 13
33830 10
33840 6
33850 6
33860 8
33870 9
33880 7
33890 3
33900 6
33910 11
33920 3
33930 5
33940 3
33950 4
33960 12
33970 11
33980 26
33990 29
34000 23
34010 25
34020 26
34030 35
34040 37
34050 20
34060 19
34070 16
34080 9
34090 33
34100 34
34110 5
34120 35
34130 11
34140 17
34150 10
34160 8
34170 10
34180 16
34190 22
34200 30
34210 19
34220 11
34230 9
34240 10
34250 30
34260 34
34270 6
34280 22
34290 22
34300 32
34310 19
34320 30
34330 20
34340 14
34350 23
34360 12
34370 21
34380 27
34390 15
34400 13
34410 14
34420 5
34430 26
34440 26
34450 17
34460 14
34470 12
34480 21
34490 15
34500 14
34510 10
34520 6
34530 9
34540 3
34550 21
34560 20
34570 19
34580 23
34590 20
34600 4
34610 8
34620 13
34630 8
34640 14
34650 11
34660 8
34670 13
34680 12
34690 5
34700 13
34710 6
34720 6
34730 8
34740 6
34750 7
34760 8
34770 9
34780 8
34790 4
34800 8
34810 3
34820 3
34830 5
34840 7
34850 18
34860 16
34870 13
34880 13
34890 14
34900 1
34910 7
34920 4
34930 3
34940 1
34950 12
34960 3
34970 5
34980 4
34990 6
35000 10
35010 8
35020 9
35030 10
35040 11
35050 8
35060 5
35070 10
35080 13
35090 13
35100 3
35110 11
35120 16
35130 5
35140 7
35150 5
35160 16
35170 7
35180 7
35190 11
35200 9
35210 9
35220 18
35230 15
35240 20
35250 18
35260 8
35270 10
35280 14
35290 19
35300 20
35310 19
35320 14
35330 15
35340 17
35350 12
35360 12
35370 6
35380 11
35390 12
35400 8
35410 6
35420 13
35430 14
35440 15
35450 17
35460 21
35470 11
35480 18
35490 11
35500 13
35510 5
35520 10
35530 6
35540 7
35550 15
35560 16
35570 11
35580 3
35590 7
35600 9
35610 10
35620 17
35630 21
35640 20
35650 15
35660 8
35670 11
35680 12
35690 3
35700 16
35710 34
35720 6
35730 4
35740 5
35750 4
35760 10
35770 6
35780 4
35790 12
35800 3
35810 14
35820 6
35830 14
35840 6
35850 4
35860 6
35870 8
35880 4
35890 4
35900 2
35910 13
35920 6
35930 6
35940 9
35950 3
35960 2
35970 9
35980 21
35990 11
36000 12
36010 10
36020 8
36030 8
36040 6
36050 16
36060 6
36070 7
36080 7
36090 8
36100 7
36110 21
36120 18
36130 26
36140 5
36150 6
36160 5
36170 10
36180 4
36190 7
36200 4
36210 4
36220 8
36230 9
36240 10
36250 15
36260 15
36270 17
36280 11
36290 13
36300 23
36310 20
36320 10
36330 7
36340 9
36350 13
36360 1
36370 5
36380 8
36390 3
36400 13
36410 7
36420 13
36430 6
36440 7
36450 13
36460 17
36470 7
36480 20
36490 23
36500 10
36510 15
36520 9
36530 22
36540 14
36550 18
36560 13
36570 19
36580 15
36590 7
36600 11
36610 27
36620 16
36630 2
36640 28
36650 7
36660 14
36670 18
36680 21
36690 18
36700 15
36710 18
36720 10
36730 13
36740 18
36750 19
36760 22
36770 16
36780 17
36790 27
36800 25
36810 22
36820 17
36830 7
36840 17
36850 15
36860 9
36870 10
36880 14
36890 27
36900 5
36910 18
36920 15
36930 15
36940 8
36950 16
36960 9
36970 29
36980 23
36990 16
37000 17
37010 11
37020 21
37030 9
37040 13
37050 22
37060 14
37070 5
37080 11
37090 29
37100 9
37110 16
37120 1
37130 15
37140 33
37150 21
37160 21
37170 19
37180 21
37190 15
37200 12
37210 16
37220 5
37230 19
37240 25
37250 26
37260 9
37270 23
37280 20
37290 15
37300 15
37310 10
37320 25
37330 27
37340 20
37350 25
37360 20
37370 20
37380 21
37390 19
37400 20
37410 26
37420 10
37430 10
37440 15
37450 23
37460 18
37470 12
37480 21
37490 35
37500 26
37510 20
37520 14
37530 26
37540 13
37550 27
37560 28
37570 23
37580 21
37590 23
37600 19
37610 17
37620 15
37630 25
37640 13
37650 23
37660 19
37670 22
37680 14
37690 25
37700 22
37710 26
37720 17
37730 12
37740 28
37750 26
37760 32
37770 19
37780 20
37790 13
37800 27
37810 18
37820 19
37830 28
37840 8
37850 12
37860 19
37870 27
37880 6
37890 9
37900 15
37910 37
37920 33
37930 14
37940 15
37950 21
37960 8
37970 28
37980 20
37990 28
38000 27
38010 16
38020 19
38030 20
38040 18
38050 22
38060 17
38070 23
38080 24
38090 23
38100 30
38110 12
38120 5
38130 6
38140 10
38150 13
38160 12
38170 28
38180 12
38190 6
38200 15
38210 16
38220 8
38230 17
38240 20
38250 30
38260 10
38270 37
38280 12
38290 28
38300 27
38310 29
38320 27
38330 13
38340 13
38350 17
38360 12
38370 11
38380 16
38390 36
38400 28
38410 35
38420 27
38430 25
38440 26
38450 31
38460 26
38470 40
38480 33
38490 36
38500 45
38510 40
38520 38
38530 36
38540 38
38550 29
38560 39
38570 33
38580 35
38590 39
38600 32
38610 36
38620 33
38630 35
38640 34
38650 39
38660 32
38670 27
38680 9
38690 18
38700 12
38710 11
38720 13
38730 15
38740 15
38750 13
38760 18
38770 5
38780 1
38790 22
38800 22
38810 16
38820 10
38830 35
38840 25
38850 32
38860 38
38870 42
38880 34
38890 40
38900 39
38910 45
38920 38
38930 27
38940 24
38950 32
38960 42
38970 48
38980 37
38990 31
39000 34
39010 42
39020 37
39030 41
39040 42
39050 24
39060 21
39070 23
39080 35
39090 36
39100 41
39110 32
39120 39
39130 36
39140 26
39150 39
39160 29
39170 14
39180 15
39190 15
39200 8
39210 21
39220 29
39230 21
39240 25
39250 18
39260 20
39270 35
39280 26
39290 28
39300 33
39310 35
39320 27
39330 32
39340 28
39350 30
39360 25
39370 27
39380 24
39390 18
39400 23
39410 24
39420 17
39430 7
39440 29
39450 11
39460 2
39470 21
39480 17
39490 26
39500 34
39510 29
39520 19
39530 30
39540 32
39550 27
39560 35
39570 14
39580 21
39590 31
39600 8
39610 11
39620 19
39630 33
39640 32
39650 1
39660 23
39670 29
39680 28
39690 33
39700 32
39710 21
39720 23
39730 26
39740 31
39750 5
39760 37
39770 32
39780 21
39790 27
39800 28
39810 26
39820 16
39830 21
39840 31
39850 31
39860 23
39870 34
39880 33
39890 19
39900 32
39910 24
39920 13
39930 17
39940 15
39950 24
39960 19
39970 17
39980 12
39990 10
40000 2
40010 2
40020 3
40030 6
40040 9
40050 12
40060 26
40070 18
40080 10
40090 11
40100 18
40110 9
40120 19
40130 28
40140 25
40150 20
40160 25
40170 21
40180 29
40190 16
40200 22
40210 29
40220 16
40230 13
40240 40
40250 39
40260 35
40270 34
40280 36
40290 24
40300 29
40310 33
40320 20
40330 33
40340 29
40350 21
40360 41
40370 11
40380 11
40390 28
40400 22
40410 21
40420 39
40430 32
40440 21
40450 31
40460 28
40470 23
40480 10
40490 32
40500 23
40510 10
40520 36
40530 33
40540 31
40550 34
40560 31
40570 36
40580 41
40590 45
40600 24
40610 31
40620 12
40630 31
40640 29
40650 27
40660 33
40670 36
40680 15
40690 24
40700 37
40710 32
40720 37
40730 36
40740 25
40750 11
40760 27
40770 22
40780 24
40790 22
40800 35
40810 25
40820 23
40830 20
40840 27
40850 25
40860 17
40870 24
40880 20
40890 17
40900 33
40910 15
40920 25
40930 21
40940 38
40950 14
40960 22
40970 24
40980 18
40990 27
41000 37
41010 24
41020 21
41030 27
41040 16
41050 31
41060 28
41070 12
41080 28
41090 34
41100 31
41110 37
41120 35
41130 37
41140 39
41150 34
41160 41
41170 33
41180 42
41190 26
41200 38
41210 44
41220 31
41230 32
41240 35
41250 34
41260 36
41270 28
41280 32
41290 29
41300 31
41310 35
41320 32
41330 30
41340 37
41350 30
41360 31
41370 16
41380 21
41390 26
41400 18
41410 37
41420 22
41430 35
41440 41
41450 36
41460 35
41470 29
41480 32
41490 35
41500 32
41510 28
41520 35
41530 14
41540 33
41550 40
41560 29
41570 34
41580 5
41590 30
41600 13
41610 28
41620 24
41630 33
41640 13
41650 20
41660 13
41670 12
41680 27
41690 31
41700 14
41710 38
41720 23
41730 27
41740 30
41750 32
41760 36
41770 29
41780 9
41790 31
41800 36
41810 6
41820 3
41830 26
41840 8
41850 7
41860 15
41870 5
41880 4
41890 1
41900 3
41910 3
41920 1
41930 7
41940 12
41950 14
41960 4
41970 5
41980 0
41990 6
42000 3
42010 6
42020 6
42030 2
42040 12
42050 4
42060 1
42070 10
42080 9
42090 5
42100 2
42110 5
42120 0
42130 4
42140 6
42150 3
42160 7
42170 22
42180 21
42190 18
42200 15
42210 19
42220 4
42230 3
42240 7
42250 9
42260 4
42270 4
42280 7
42290 4
42300 6
42310 17
42320 7
42330 24
42340 30
42350 19
42360 26
42370 29
42380 19
42390 19
42400 33
42410 29
42420 27
42430 19
42440 21
42450 25
42460 25
42470 9
42480 35
42490 36
42500 23
42510 19
42520 20
42530 21
42540 17
42550 22
42560 28
42570 18
42580 1
42590 26
42600 30
42610 19
42620 13
42630 11
42640 33
42650 11
42660 29
42670 15
42680 25
42690 23
42700 32
42710 32
42720 34
42730 26
42740 19
42750 14
42760 15
42770 27
42780 28
42790 34
42800 38
42810 35
42820 26
42830 40
42840 37
42850 31
42860 23
42870 20
42880 18
42890 23
42900 36
42910 41
42920 37
42930 32
42940 25
42950 42
42960 24
42970 40
42980 26
42990 22
43000 16
43010 39
43020 27
43030 24
43040 30
43050 29
43060 20
43070 30
43080 30
43090 39
43100 24
43110 43
43120 32
43130 29
43140 39
43150 40
43160 33
43170 19
43180 42
43190 20
43200 28
43210 20
43220 22
43230 13
43240 23
43250 24
43260 23
43270 28
43280 42
43290 21
43300 23
43310 32
43320 36
43330 35
43340 24
43350 34
43360 32
43370 26
43380 41
43390 27
43400 27
43410 37
43420 31
43430 34
43440 19
43450 17
43460 15
43470 37
43480 26
43490 24
43500 21
43510 37
43520 30
43530 34
43540 22
43550 28
43560 29
43570 20
43580 16
43590 31
43600 23
43610 37
43620 27
43630 31
43640 28
43650 29
43660 10
43670 28
43680 33
43690 23
43700 18
43710 14
43720 29
43730 14
43740 11
43750 17
43760 13
43770 18
43780 7
43790 17
43800 21
43810 27
43820 34
43830 18
43840 15
43850 26
43860 43
43870 15
43880 27
43890 19
43900 16
43910 13
43920 25
43930 23
43940 30
43950 29
43960 26
43970 31
43980 25
43990 26
44000 21
44010 13
44020 25
44030 29
44040 30
44050 33
44060 20
44070 38
44080 26
44090 30
44100 33
44110 10
44120 32
44130 13
44140 32
44150 14
44160 30
44170 21
44180 17
44190 14
44200 32
44210 32
44220 37
44230 9
44240 30
44250 28
44260 36
44270 22
44280 27
44290 25
44300 31
44310 4
44320 17
44330 19
44340 33
44350 15
44360 22
44370 13
44380 18
44390 10
44400 9
44410 16
44420 10
44430 11
44440 7
44450 15
44460 13
44470 15
44480 20
44490 10
44500 5
44510 6
44520 6
44530 6
44540 2
44550 9
44560 8
44570 4
44580 8
44590 9
44600 4
44610 4
44620 6
44630 3
44640 3
44650 4
44660 7
44670 9
44680 2
44690 6
44700 5
44710 2
44720 8
44730 12
44740 8
44750 13
44760 10
44770 5
44780 1
44790 11
44800 10
44810 5
44820 7
44830 1
44840 10
44850 4
44860 4
44870 3
44880 3
44890 10
44900 16
44910 2
44920 5
44930 4
44940 1
44950 19
44960 11
44970 15
44980 2
44990 15
45000 5
45010 17
45020 8
45030 12
45040 12
45050 13
45060 2
45070 8
45080 1
45090 13
45100 7
45110 7
45120 12
45130 10
45140 16
45150 8
45160 16
45170 7
45180 9
45190 10
45200 4
45210 9
45220 11
45230 14
45240 14
45250 10
45260 6
45270 8
45280 11
45290 8
45300 7
45310 10
45320 12
45330 10
45340 6
45350 8
45360 27
45370 27
45380 28
45390 24
45400 30
45410 32
45420 35
45430 37
45440 34
45450 22
45460 32
45470 19
45480 13
45490 10
45500 17
45510 17
45520 8
45530 6
45540 15
45550 10
45560 13
45570 17
45580 12
45590 16
45600 17
45610 13
45620 14
45630 15
45640 12
45650 18
45660 13
45670 10
45680 12
45690 15
45700 23
45710 15
45720 20
45730 21
45740 33
45750 16
45760 31
45770 22
45780 11
45790 15
45800 21
45810 19
45820 19
45830 21
45840 9
45850 14
45860 16
45870 18
45880 21
45890 7
45900 11
45910 6
45920 11
45930 17
45940 18
45950 12
45960 24
45970 17
45980 37
45990 34
46000 34
46010 24
46020 29
46030 34
46040 34
46050 28
46060 13
46070 14
46080 25
46090 21
46100 17
46110 28
46120 28
46130 24
46140 31
46150 24
46160 31
46170 9
46180 8
46190 5
46200 8
46210 0
46220 15
46230 9
46240 11
46250 14
46260 15
46270 6
46280 15
46290 11
46300 17
46310 17
46320 15
46330 12
46340 12
46350 15
46360 27
46370 21
46380 23
46390 9
46400 19
46410 15
46420 11
46430 14
46440 19
46450 9
46460 9
46470 12
46480 15
46490 12
46500 12
46510 15
46520 7
46530 13
46540 11
46550 6
46560 9
46570 16
46580 7
46590 7
46600 14
46610 8
46620 0
46630 0
46640 0
46650 6
46660 4
46670 7
46680 15
46690 11
46700 27
46710 10
46720 11
46730 14
46740 14
46750 14
46760 8
46770 13
46780 10
46790 12
46800 5
46810 11
46820 12
46830 10
46840 9
46850 14
46860 19
46870 16
46880 6
46890 14
46900 8
46910 8
46920 7
46930 4
46940 10
46950 15
46960 13
46970 14
46980 7
46990 11
47000 15
47010 4
47020 13
47030 13
47040 12
47050 24
47060 15
47070 17
47080 16
47090 16
47100 17
47110 4
47120 1
47130 1
47140 7
47150 11
47160 6
47170 3
47180 13
47190 13
47200 6
47210 16
47220 12
47230 18
47240 15
47250 13
47260 16
47270 15
47280 23
47290 10
47300 15
47310 7
47320 9
47330 12
47340 10
47350 15
47360 6
47370 5
47380 11
47390 14
47400 7
47410 11
47420 7
47430 4
47440 7
47450 8
47460 5
47470 2
47480 8
47490 2
47500 6
47510 5
47520 4
47530 1
47540 4
47550 2
47560 0
47570 9
47580 9
47590 7
47600 3
47610 7
47620 0
47630 0
47640 1
47650 3
47660 5
47670 7
47680 6
47690 10
47700 3
47710 14
47720 9
47730 13
47740 3
47750 6
47760 10
47770 9
47780 11
47790 11
47800 10
47810 8
47820 13
47830 15
47840 4
47850 17
47860 16
47870 10
47880 9
47890 15
47900 10
47910 19
47920 8
47930 11
47940 10
47950 14
47960 10
47970 10
47980 10
47990 12
48000 12
48010 11
48020 12
48030 5
48040 19
48050 17
48060 5
48070 3
48080 2
48090 10
48100 10
48110 10
48120 12
48130 10
48140 6
48150 7
48160 14
48170 11
48180 10
48190 13
48200 13
48210 9
48220 2
48230 16
48240 12
48250 16
48260 4
48270 8
48280 10
48290 8
48300 14
48310 9
48320 14
48330 2
48340 14
48350 9
48360 17
48370 1
48380 4
48390 17
48400 6
48410 10
48420 17
48430 12
48440 10
48450 5
48460 16
48470 11
48480 18
48490 9
48500 15
48510 13
48520 9
48530 16
48540 14
48550 6
48560 14
48570 15
48580 18
48590 14
48600 9
48610 16
48620 18
48630 18
48640 14
48650 16
48660 17
48670 11
48680 9
48690 12
48700 23
48710 27
48720 20
48730 15
48740 11
48750 16
48760 12
48770 18
48780 9
48790 13
48800 12
48810 20
48820 12
48830 14
48840 12
48850 14
48860 13
48870 14
48880 19
48890 14
48900 17
48910 15
48920 8
48930 23
48940 14
48950 10
48960 12
48970 11
48980 17
48990 17
49000 9
49010 12
49020 17
49030 11
49040 21
49050 20
49060 16
49070 15
49080 12
49090 9
49100 11
49110 19
49120 16
49130 16
49140 27
49150 16
49160 17
49170 17
49180 13
49190 12
49200 12
49210 13
49220 9
49230 10
49240 13
49250 12
49260 11
49270 12
49280 13
49290 17
49300 12
49310 12
49320 10
49330 19
49340 20
49350 15
49360 18
49370 18
49380 12
49390 15
49400 7
49410 9
49420 13
49430 21
49440 15
49450 16
49460 12
49470 21
49480 8
49490 10
49500 16
49510 13
49520 15
49530 14
49540 15
49550 14
49560 30
49570 14
49580 10
49590 17
49600 5
49610 2
49620 5
49630 9
49640 6
49650 11
49660 3
49670 2
49680 7
49690 1
49700 8
49710 0
49720 14
49730 11
49740 6
49750 10
49760 5
49770 4
49780 2
49790 7
49800 7
49810 2
49820 8
49830 4
49840 4
49850 3
49860 10
49870 6
49880 9
49890 12
49900 1
49910 4
49920 5
49930 6
49940 8
49950 4
49960 6
49970 7
49980 18
49990 20
50000 18
50010 18
50020 25
50030 14
50040 10
50050 19
50060 21
50070 17
50080 18
50090 9
50100 10
50110 2
50120 18
50130 4
50140 19
50150 5
50160 29
50170 9
50180 25
50190 11
50200 21
50210 21
50220 20
50230 22
50240 16
50250 12
50260 11
50270 15
50280 18
50290 20
50300 21
50310 7
50320 11
50330 17
50340 15
50350 14
50360 12
50370 5
50380 19
50390 4
50400 6
50410 16
50420 14
50430 9
50440 12
50450 19
50460 20
50470 13
50480 12
50490 12
50500 6
50510 20
50520 16
50530 14
50540 21
50550 7
50560 7
50570 20
50580 15
50590 15
50600 12
50610 13
50620 22
50630 16
50640 10
50650 6
50660 17
50670 27
50680 16
50690 14
50700 21
50710 8
50720 5
50730 9
50740 6
50750 8
50760 11
50770 4
50780 6
50790 5
50800 2
50810 6
50820 5
50830 13
50840 4
50850 2
50860 3
50870 17
50880 21
50890 9
50900 7
50910 7
50920 9
50930 17
50940 7
50950 11
50960 11
50970 20
50980 4
50990 12
51000 2
51010 8
51020 2
51030 5
51040 7
51050 8
51060 4
51070 8
51080 6
51090 3
51100 3
51110 7
51120 15
51130 7
51140 5
51150 9
51160 13
51170 4
51180 5
51190 6
51200 5
51210 16
51220 14
51230 10
51240 5
51250 17
51260 21
51270 17
51280 19
51290 11
51300 14
51310 15
51320 12
51330 15
51340 16
51350 14
51360 2
51370 3
51380 4
51390 15
51400 7
51410 13
51420 9
51430 8
51440 4
51450 11
51460 2
51470 8
51480 8
51490 0
51500 2
51510 1
51520 3
51530 9
51540 18
51550 17
51560 17
51570 15
51580 16
51590 23
51600 12
51610 20
51620 17
51630 17
51640 14
51650 12
51660 5
51670 6
51680 1
51690 7
51700 15
51710 16
51720 12
51730 7
51740 2
51750 3
51760 7
51770 1
51780 0
51790 5
51800 3
51810 10
51820 5
51830 5
51840 3
51850 5
51860 5
51870 3
51880 6
51890 2
51900 9
51910 8
51920 7
51930 3
51940 9
51950 8
51960 6
51970 12
51980 9
51990 14
52000 10
52010 8
52020 4
52030 12
52040 9
52050 11
52060 6
52070 11
52080 5
52090 15
52100 12
52110 4
52120 5
52130 5
52140 9
52150 7
52160 2
52170 4
52180 5
52190 0
52200 1
52210 5
52220 8
52230 3
52240 3
52250 10
52260 4
52270 6
52280 7
52290 5
52300 7
52310 18
52320 4
52330 7
52340 2
52350 6
52360 12
52370 17
52380 5
52390 5
52400 4
52410 5
52420 6
52430 3
52440 5
52450 25
52460 3
52470 8
52480 4
52490 5
52500 8
52510 8
52520 12
52530 3
52540 10
52550 14
52560 3
52570 9
52580 6
52590 6
52600 9
52610 2
52620 3
52630 8
52640 7
52650 13
52660 12
52670 9
52680 12
52690 7
52700 16
52710 14
52720 21
52730 7
52740 15
52750 10
52760 11
52770 5
52780 9
52790 11
52800 4
52810 2
52820 9
52830 2
52840 6
52850 10
52860 12
52870 7
52880 9
52890 8
52900 8
52910 2
52920 2
52930 2
52940 5
52950 6
52960 5
52970 7
52980 14
52990 7
53000 5
53010 11
53020 11
53030 8
53040 2
53050 5
53060 2
53070 4
53080 7
53090 4
53100 1
53110 6
53120 3
53130 4
53140 2
53150 6
53160 8
53170 7
53180 6
53190 6
53200 1
53210 5
53220 4
53230 5
53240 3
53250 7
53260 6
53270 7
53280 5
53290 8
53300 5
53310 7
53320 4
53330 6
53340 12
53350 4
53360 7
53370 17
53380 21
53390 5
53400 9
53410 13
53420 14
53430 13
53440 6
53450 9
53460 11
53470 19
53480 11
53490 14
53500 14
53510 16
53520 22
53530 18
53540 16
53550 21
53560 18
53570 24
53580 23
53590 8
53600 9
53610 13
53620 20
53630 19
53640 14
53650 20
53660 3
53670 10
53680 16
53690 20
53700 13
53710 9
53720 4
53730 15
53740 7
53750 11
53760 23
53770 11
53780 9
53790 15
53800 11
53810 5
53820 11
53830 9
53840 6
53850 4
53860 3
53870 2
53880 3
53890 12
53900 3
53910 4
53920 15
53930 19
53940 14
53950 9
53960 22
53970 8
53980 11
53990 10
54000 16
54010 9
54020 4
54030 10
54040 7
54050 7
54060 1
54070 8
54080 8
54090 6
54100 16
54110 8
54120 7
54130 12
54140 5
54150 5
54160 3
54170 0
54180 3
54190 3
54200 9
54210 12
54220 6
54230 11
54240 16
54250 7
54260 21
54270 13
54280 15
54290 11
54300 8
54310 8
54320 5
54330 16
54340 18
54350 12
54360 16
54370 11
54380 17
54390 19
54400 10
54410 23
54420 10
54430 12
54440 15
54450 13
54460 5
54470 14
54480 11
54490 11
54500 16
54510 1
54520 0
54530 1
54540 4
54550 3
54560 3
54570 4
54580 2
54590 3
54600 2
54610 4
54620 7
54630 5
54640 0
54650 2
54660 3
54670 17
54680 20
54690 25
54700 10
54710 18
54720 2
54730 0
54740 5
54750 7
54760 9
54770 1
54780 7
54790 6
54800 5
54810 5
54820 8
54830 11
54840 3
54850 5
54860 3
54870 6
54880 5
54890 5
54900 2
54910 3
54920 3
54930 5
54940 12
54950 3
54960 12
54970 8
54980 9
54990 2
55000 4
55010 11
55020 11
55030 15
55040 15
55050 10
55060 15
55070 5
55080 19
55090 4
55100 13
55110 9
55120 11
55130 13
55140 11
55150 15
55160 3
55170 2
55180 5
55190 10
55200 8
55210 6
55220 15
55230 2
55240 7
55250 9
55260 13
55270 13
55280 10
55290 6
55300 4
55310 5
55320 15
55330 8
55340 11
55350 12
55360 8
55370 11
55380 6
55390 4
55400 4
55410 3
55420 7
55430 6
55440 5
55450 6
55460 1
55470 11
55480 5
55490 5
55500 10
55510 10
55520 14
55530 8
55540 9
55550 3
55560 9
55570 6
55580 11
55590 11
55600 3
55610 8
55620 15
55630 7
55640 10
55650 10
55660 5
55670 14
55680 19
55690 7
55700 5
55710 13
55720 7
55730 8
55740 3
55750 4
55760 6
55770 16
55780 12
55790 15
55800 18
55810 8
55820 8
55830 21
55840 3
55850 4
55860 2
55870 7
55880 3
55890 4
55900 22
55910 10
55920 12
55930 5
55940 5
55950 29
55960 6
55970 11
55980 8
55990 11
56000 9
56010 3
56020 12
56030 3
56040 9
56050 8
56060 2
56070 7
56080 13
56090 9
56100 13
56110 4
56120 8
56130 12
56140 10
56150 8
56160 9
56170 16
56180 11
56190 8
56200 5
56210 12
56220 14
56230 10
56240 19
56250 16
56260 13
56270 13
56280 12
56290 6
56300 9
56310 2
56320 7
56330 12
56340 13
56350 11
56360 8
56370 13
56380 7
56390 11
56400 19
56410 11
56420 22
56430 8
56440 22
56450 9
56460 12
56470 21
56480 16
56490 13
56500 11
56510 9
56520 13
56530 8
56540 20
56550 18
56560 23
56570 11
56580 12
56590 9
56600 12
56610 3
56620 10
56630 11
56640 4
56650 8
56660 12
56670 21
56680 14
56690 10
56700 8
56710 16
56720 11
56730 9
56740 25
56750 21
56760 8
56770 17
56780 13
56790 17
56800 29
56810 10
56820 16
56830 22
56840 11
56850 6
56860 10
56870 16
56880 9
56890 3
56900 7
56910 3
56920 4
56930 6
56940 8
56950 4
56960 5
56970 4
56980 3
56990 6
57000 6
57010 6
57020 12
57030 7
57040 6
57050 4
57060 6
57070 4
57080 8
57090 10
57100 1
57110 12
57120 3
57130 8
57140 6
57150 1
57160 3
57170 5
57180 4
57190 4
57200 7
57210 4
57220 1
57230 4
57240 3
57250 0
57260 3
57270 4
57280 5
57290 2
57300 0
57310 4
57320 3
57330 1
57340 2
57350 0
57360 10
57370 1
57380 10
57390 9
57400 17
57410 14
57420 16
57430 5
57440 8
57450 15
57460 10
57470 13
57480 18
57490 24
57500 13
57510 7
57520 3
57530 6
57540 0
57550 7
57560 4
57570 5
57580 4
57590 12
57600 19
57610 7
57620 15
57630 13
57640 7
57650 10
57660 12
57670 14
57680 15
57690 4
57700 10
57710 13
57720 12
57730 8
57740 25
57750 28
57760 14
57770 11
57780 8
57790 14
57800 3
57810 11
57820 5
57830 15
57840 5
57850 11
57860 6
57870 15
57880 14
57890 21
57900 22
57910 16
57920 23
57930 19
57940 15
57950 10
57960 17
57970 13
57980 12
57990 7
58000 7
58010 21
58020 8
58030 4
58040 16
58050 22
58060 16
58070 22
58080 13
58090 19
58100 7
58110 18
58120 20
58130 16
58140 6
58150 15
58160 7
58170 5
58180 4
58190 12
58200 17
58210 5
58220 6
58230 8
58240 8
58250 6
58260 13
58270 2
58280 5
58290 15
58300 5
58310 14
58320 10
58330 8
58340 7
58350 13
58360 2
58370 10
58380 3
58390 6
58400 4
58410 8
58420 6
58430 5
58440 0
58450 10
58460 8
58470 7
58480 3
58490 8
58500 13
58510 11
58520 12
58530 8
58540 3
58550 9
58560 13
58570 3
58580 7
58590 12
58600 5
58610 15
58620 8
58630 4
58640 4
58650 6
58660 8
58670 10
58680 5
58690 13
58700 9
58710 9
58720 6
58730 7
58740 2
58750 3
58760 1
58770 0
58780 0
58790 5
58800 1
58810 4
58820 12
58830 2
58840 4
58850 5
58860 7
58870 8
58880 2
58890 4
58900 13
58910 12
58920 10
58930 10
58940 10
58950 1
58960 3
58970 0
58980 12
58990 10
59000 8
59010 7
59020 5
59030 6
59040 4
59050 11
59060 1
59070 10
59080 16
59090 3
59100 19
59110 12
59120 6
59130 5
59140 6
59150 13
59160 8
59170 16
59180 9
59190 2
59200 17
59210 19
59220 6
59230 6
59240 2
59250 7
59260 12
59270 3
59280 8
59290 3
59300 3
59310 5
59320 7
59330 0
59340 12
59350 5
59360 13
59370 7
59380 9
59390 9
59400 4
59410 4
59420 3
59430 5
59440 10
59450 17
59460 4
59470 5
59480 8
59490 12
59500 13
59510 9
59520 8
59530 8
59540 5
59550 17
59560 15
59570 21
59580 18
59590 6
59600 5
59610 7
59620 8
59630 0
59640 10
59650 8
59660 15
59670 6
59680 10
59690 23
59700 14
59710 9
59720 18
59730 8
59740 18
59750 22
59760 17
59770 15
59780 18
59790 14
59800 7
59810 15
59820 9
59830 17
59840 14
59850 9
59860 6
59870 5
59880 5
59890 1
59900 8
59910 9
59920 4
59930 3
59940 8
59950 8
59960 10
59970 5
59980 6
59990 11
60000 12
60010 12
60020 7
60030 11
60040 7
60050 3
60060 12
60070 7
60080 4
60090 8
60100 10
60110 5
60120 14
60130 6
60140 3
60150 3
60160 20
60170 9
60180 12
60190 19
60200 4
60210 10
60220 10
60230 17
60240 2
60250 5
60260 10
60270 17
60280 21
60290 6
60300 2
60310 3
60320 12
60330 8
60340 11
60350 12
60360 18
60370 15
60380 6
60390 11
60400 0
60410 6
60420 10
60430 12
60440 13
60450 15
60460 5
60470 4
60480 9
60490 6
60500 5
60510 3
60520 5
60530 3
60540 12
60550 8
60560 1
60570 8
60580 6
60590 10
60600 4
60610 3
60620 3
60630 7
60640 9
60650 6
60660 4
60670 4
60680 15
60690 7
60700 17
60710 6
60720 12
60730 4
60740 12
60750 2
60760 9
60770 2
60780 9
60790 4
60800 3
60810 2
60820 5
60830 4
60840 8
60850 6
60860 3
60870 7
60880 6
60890 3
60900 7
60910 10
60920 14
60930 12
60940 7
60950 20
60960 8
60970 9
60980 8
60990 8
61000 12
61010 10
61020 11
61030 7
61040 9
61050 8
61060 11
61070 2
61080 10
61090 11
61100 5
61110 3
61120 4
61130 9
61140 5
61150 7
61160 9
61170 14
61180 15
61190 17
61200 4
61210 17
61220 5
61230 9
61240 4
61250 9
61260 3
61270 1
61280 5
61290 6
61300 10
61310 10
61320 3
61330 5
61340 6
61350 10
61360 8
61370 10
61380 6
61390 5
61400 4
61410 7
61420 3
61430 8
61440 12
61450 13
61460 3
61470 5
61480 9
61490 11
61500 12
61510 8
61520 4
61530 17
61540 5
61550 5
61560 18
61570 11
61580 14
61590 9
61600 4
61610 5
61620 6
61630 2
61640 3
61650 7
61660 3
61670 11
61680 9
61690 16
61700 6
61710 3
61720 2
61730 6
61740 19
61750 7
61760 10
61770 10
61780 8
61790 9
61800 8
61810 8
61820 7
61830 7
61840 4
61850 8
61860 12
61870 16
61880 12
61890 8
61900 2
61910 16
61920 6
61930 6
61940 4
61950 5
61960 4
61970 2
61980 7
61990 4
62000 2
62010 11
62020 14
62030 10
62040 16
62050 9
62060 12
62070 12
62080 17
62090 15
62100 10
62110 17
62120 20
62130 3
62140 2
62150 7
62160 9
62170 6
62180 3
62190 6
62200 4
62210 3
62220 8
62230 3
62240 13
62250 13
62260 8
62270 14
62280 8
62290 11
62300 10
62310 9
62320 10
62330 15
62340 9
62350 11
62360 6
62370 9
62380 2
62390 10
62400 4
62410 7
62420 6
62430 2
62440 6
62450 3
62460 9
62470 16
62480 5
62490 9
62500 5
62510 10
62520 10
62530 7
62540 12
62550 10
62560 16
62570 12
62580 11
62590 20
62600 18
62610 10
62620 6
62630 9
62640 2
62650 7
62660 5
62670 1
62680 9
62690 14
62700 8
62710 8
62720 4
62730 3
62740 11
62750 8
62760 15
62770 5
62780 20
62790 13
62800 12
62810 8
62820 3
62830 6
62840 15
62850 24
62860 24
62870 6
62880 18
62890 11
62900 5
62910 5
62920 13
62930 10
62940 24
62950 19
62960 4
62970 25
62980 13
62990 8
63000 15
63010 11
63020 2
63030 10
63040 8
63050 9
63060 10
63070 5
63080 14
63090 15
63100 14
63110 13
63120 5
63130 8
63140 9
63150 5
63160 8
63170 10
63180 15
63190 10
63200 14
63210 15
63220 13
63230 13
63240 17
63250 11
63260 7
63270 19
63280 14
63290 4
63300 10
63310 5
63320 6
63330 1
63340 11
63350 5
63360 5
63370 9
63380 13
63390 7
63400 11
63410 9
63420 9
63430 7
63440 10
63450 9
63460 9
63470 8
63480 12
63490 10
63500 5
63510 15
63520 9
63530 19
63540 6
63550 18
63560 3
63570 9
63580 4
63590 12
63600 8
63610 9
63620 4
63630 11
63640 3
63650 7
63660 6
63670 8
63680 13
63690 12
63700 6
63710 9
63720 8
63730 7
63740 8
63750 9
63760 10
63770 4
63780 10
63790 6
63800 6
63810 12
63820 9
63830 6
63840 7
63850 8
63860 7
63870 6
63880 3
63890 1
63900 3
63910 4
63920 2
63930 3
63940 7
63950 4
63960 3
63970 5
63980 8
63990 12
64000 8
64010 6
64020 17
64030 8
64040 9
64050 2
64060 4
64070 1
64080 1
64090 3
64100 5
64110 6
64120 8
64130 2
64140 7
64150 4
64160 12
64170 15
64180 18
64190 21
64200 16
64210 25
64220 15
64230 14
64240 9
64250 18
64260 26
64270 25
64280 15
64290 7
64300 19
64310 18
64320 18
64330 29
64340 24
64350 10
64360 19
64370 20
64380 18
64390 17
64400 23
64410 29
64420 14
64430 21
64440 19
64450 9
64460 14
64470 12
64480 23
64490 25
64500 13
64510 17
64520 11
64530 8
64540 5
64550 13
64560 9
64570 13
64580 22
64590 20
64600 35
64610 25
64620 34
64630 11
64640 30
64650 34
64660 21
64670 13
64680 40
64690 22
64700 24
64710 28
64720 14
64730 10
64740 5
64750 6
64760 15
64770 9
64780 11
64790 14
64800 19
64810 14
64820 22
64830 30
64840 26
64850 30
64860 16
64870 21
64880 13
64890 17
64900 16
64910 23
64920 18
64930 17
64940 19
64950 13
64960 18
64970 16
64980 17
64990 27
65000 14
65010 7
65020 9
65030 16
65040 14
65050 14
65060 16
65070 16
65080 22
65090 16
65100 22
65110 11
65120 19
65130 10
65140 14
65150 13
65160 21
65170 28
65180 15
65190 22
65200 33
65210 24
65220 21
65230 20
65240 34
65250 32
65260 4
65270 15
65280 19
65290 16
65300 17
65310 14
65320 10
65330 15
65340 14
65350 12
65360 8
65370 15
65380 18
65390 8
65400 12
65410 12
65420 15
65430 20
65440 10
65450 12
65460 11
65470 18
65480 20
65490 13
65500 14
65510 15
65520 13
65530 12
65540 11
65550 8
65560 10
65570 14
65580 12
65590 15
65600 17
65610 17
65620 12
65630 15
65640 9
65650 11
65660 17
65670 16
65680 13
65690 18
65700 11
65710 10
65720 17
65730 20
65740 13
65750 20
65760 12
65770 13
65780 12
65790 8
65800 14
65810 17
65820 12
65830 15
65840 13
65850 19
65860 5
65870 11
65880 12
65890 7
65900 13
65910 27
65920 12
65930 17
65940 27
65950 26
65960 16
65970 16
65980 14
65990 21
66000 20
66010 25
66020 26
66030 23
66040 17
66050 24
66060 21
66070 10
66080 17
66090 22
66100 19
66110 18
66120 15
66130 21
66140 15
66150 18
66160 13
66170 7
66180 14
66190 18
66200 13
66210 19
66220 15
66230 11
66240 19
66250 18
66260 19
66270 14
66280 17
66290 17
66300 18
66310 18
66320 9
66330 6
66340 9
66350 10
66360 11
66370 3
66380 17
66390 18
66400 14
66410 12
66420 18
66430 14
66440 11
66450 18
66460 15
66470 8
66480 12
66490 20
66500 19
66510 15
66520 18
66530 16
66540 13
66550 13
66560 17
66570 13
66580 6
66590 11
66600 11
66610 13
66620 15
66630 10
66640 4
66650 5
66660 16
66670 18
66680 15
66690 11
66700 13
66710 7
66720 15
66730 11
66740 16
66750 14
66760 12
66770 18
66780 19
66790 16
66800 18
66810 12
66820 14
66830 17
66840 19
66850 9
66860 5
66870 11
66880 16
66890 20
66900 11
66910 9
66920 7
66930 7
66940 5
66950 18
66960 9
66970 22
66980 9
66990 11
67000 13
67010 5
67020 12
67030 16
67040 13
67050 14
67060 13
67070 12
67080 20
67090 13
67100 16
67110 15
67120 16
67130 10
67140 19
67150 14
67160 18
67170 11
67180 17
67190 10
67200 15
67210 23
67220 14
67230 10
67240 21
67250 29
67260 27
67270 26
67280 20
67290 20
67300 14
67310 18
67320 13
67330 23
67340 19
67350 15
67360 8
67370 16
67380 16
67390 11
67400 11
67410 13
67420 16
67430 18
67440 12
67450 16
67460 26
67470 21
67480 22
67490 11
67500 19
67510 21
67520 18
67530 16
67540 33
67550 19
67560 11
67570 11
67580 15
67590 12
67600 0
67610 5
67620 3
67630 0
67640 5
67650 21
67660 3
67670 15
67680 10
67690 10
67700 7
67710 19
67720 22
67730 16
67740 18
67750 19
67760 19
67770 27
67780 18
67790 18
67800 24
67810 22
67820 24
67830 20
67840 19
67850 18
67860 12
67870 8
67880 19
67890 9
67900 13
67910 15
67920 13
67930 15
67940 13
67950 13
67960 13
67970 9
67980 9
67990 11
68000 11
68010 10
68020 15
68030 5
68040 6
68050 1
68060 5
68070 7
68080 4
68090 8
68100 6
68110 4
68120 3
68130 2
68140 3
68150 8
68160 6
68170 2
68180 3
68190 4
68200 3
68210 1
68220 7
68230 2
68240 4
68250 2
68260 3
68270 5
68280 3
68290 5
68300 10
68310 3
68320 13
68330 11
68340 13
68350 10
68360 7
68370 3
68380 4
68390 6
68400 4
68410 3
68420 5
68430 7
68440 4
68450 5
68460 3
68470 6
68480 4
68490 2
68500 7
68510 5
68520 3
68530 5
68540 6
68550 9
68560 3
68570 1
68580 2
68590 6
68600 7
68610 5
68620 8
68630 7
68640 7
68650 10
68660 9
68670 8
68680 9
68690 8
68700 3
68710 5
68720 9
68730 8
68740 13
68750 21
68760 8
68770 17
68780 12
68790 9
68800 16
68810 21
68820 17
68830 14
68840 19
68850 11
68860 15
68870 9
68880 14
68890 12
68900 9
68910 12
68920 12
68930 5
68940 3
68950 7
68960 6
68970 6
68980 8
68990 3
69000 3
69010 2
69020 2
69030 5
69040 7
69050 3
69060 8
69070 5
69080 12
69090 23
69100 16
69110 4
69120 4
69130 21
69140 24
69150 18
69160 9
69170 10
69180 6
69190 16
69200 9
69210 8
69220 11
69230 9
69240 8
69250 12
69260 8
69270 10
69280 12
69290 11
69300 14
69310 15
69320 8
69330 8
69340 9
69350 9
69360 13
69370 13
69380 15
69390 15
69400 13
69410 21
69420 20
69430 13
69440 23
69450 18
69460 21
69470 17
69480 10
69490 8
69500 21
69510 17
69520 7
69530 14
69540 18
69550 22
69560 12
69570 17
69580 19
69590 14
69600 17
69610 13
69620 17
69630 8
69640 21
69650 20
69660 13
69670 7
69680 14
69690 10
69700 11
69710 14
69720 16
69730 11
69740 4
69750 13
69760 17
69770 12
69780 16
69790 14
69800 19
69810 15
69820 18
69830 17
69840 17
69850 18
69860 8
69870 7
69880 10
69890 11
69900 22
69910 22
69920 19
69930 8
69940 17
69950 26
69960 9
69970 8
69980 17
69990 6
70000 14
70010 13
70020 19
70030 16
70040 14
70050 22
70060 18
70070 22
70080 17
70090 18
70100 20
70110 27
70120 24
70130 28
70140 22
70150 25
70160 20
70170 19
70180 41
70190 19
70200 24
70210 19
70220 21
70230 17
70240 24
70250 6
70260 10
70270 7
70280 15
70290 3
70300 13
70310 13
70320 12
70330 15
70340 9
70350 11
70360 7
70370 11
70380 17
70390 11
70400 10
70410 9
70420 13
70430 11
70440 12
70450 9
70460 8
70470 9
70480 9
70490 13
70500 10
70510 10
70520 12
70530 7
70540 12
70550 16
70560 6
70570 6
70580 13
70590 14
70600 7
70610 5
70620 14
70630 9
70640 6
70650 10
70660 16
70670 9
70680 7
70690 10
70700 10
70710 14
70720 14
70730 11
70740 11
70750 10
70760 10
70770 8
70780 11
70790 10
70800 15
70810 12
70820 12
70830 16
70840 7
70850 13
70860 8
70870 14
70880 6
70890 17
70900 8
70910 12
70920 7
70930 5
70940 8
70950 8
70960 14
70970 11
70980 7
70990 12
71000 12
71010 11
71020 15
71030 11
71040 14
71050 8
71060 9
71070 13
71080 4
71090 12
71100 12
71110 13
71120 15
71130 11
71140 14
71150 7
71160 17
71170 10
71180 17
71190 9
71200 14
71210 17
71220 8
71230 5
71240 3
71250 8
71260 7
71270 8
71280 5
71290 4
71300 3
71310 6
71320 19
71330 10
71340 6
71350 7
71360 5
71370 14
71380 7
71390 5
71400 3
71410 6
71420 2
71430 3
71440 8
71450 9
71460 3
71470 9
71480 3
71490 7
71500 8
71510 6
71520 10
71530 6
71540 11
71550 6
71560 8
71570 8
71580 7
71590 3
71600 9
71610 6
71620 5
71630 2
71640 6
71650 5
71660 7
71670 8
71680 6
71690 7
71700 8
71710 9
71720 6
71730 4
71740 6
71750 5
71760 11
71770 4
71780 10
71790 7
71800 7
71810 6
71820 11
71830 11
71840 14
71850 20
71860 20
71870 16
71880 12
71890 22
71900 17
71910 17
71920 11
71930 19
71940 13
71950 18
71960 16
71970 18
71980 19
71990 21
72000 22
72010 21
72020 16
72030 20
72040 17
72050 19
72060 20
72070 20
72080 16
72090 26
72100 8
72110 24
72120 19
72130 22
72140 25
72150 19
72160 16
72170 16
72180 15
72190 24
72200 17
72210 19
72220 21
72230 17
72240 17
72250 16
72260 18
72270 16
72280 20
72290 19
72300 13
72310 12
72320 20
72330 20
72340 19
72350 18
72360 20
72370 12
72380 11
72390 17
72400 20
72410 20
72420 24
72430 17
72440 18
72450 13
72460 10
72470 11
72480 15
72490 20
72500 12
72510 13
72520 19
72530 20
72540 14
72550 16
72560 17
72570 18
72580 11
72590 17
72600 19
72610 14
72620 20
72630 20
72640 14
72650 23
72660 14
72670 13
72680 13
72690 14
72700 6
72710 13
72720 14
72730 18
72740 18
72750 19
72760 19
72770 27
72780 24
72790 14
72800 8
72810 22
72820 14
72830 5
72840 11
72850 15
72860 15
72870 15
72880 22
72890 25
72900 16
72910 12
72920 27
72930 23
72940 21
72950 16
72960 24
72970 21
72980 27
72990 19
73000 33
73010 23
73020 38
73030 34
73040 35
73050 28
73060 28
73070 25
73080 20
73090 24
73100 25
73110 30
73120 16
73130 23
73140 29
73150 14
73160 27
73170 16
73180 16
73190 32
73200 15
73210 22
73220 24
73230 27
73240 27
73250 19
73260 28
73270 18
73280 18
73290 22
73300 14
73310 15
73320 22
73330 30
73340 19
73350 18
73360 24
73370 27
73380 37
73390 23
73400 15
73410 17
73420 17
73430 13
73440 23
73450 18
73460 16
73470 19
73480 17
73490 15
73500 23
73510 23
73520 10
73530 14
73540 7
73550 19
73560 16
73570 25
73580 25
73590 21
73600 18
73610 19
73620 25
73630 24
73640 35
73650 15
73660 26
73670 36
73680 30
73690 20
73700 16
73710 32
73720 31
73730 25
73740 10
73750 18
73760 15
73770 19
73780 25
73790 11
73800 24
73810 26
73820 24
73830 24
73840 20
73850 8
73860 9
73870 8
73880 6
73890 14
73900 9
73910 14
73920 10
73930 7
73940 14
73950 12
73960 15
73970 12
73980 13
73990 13
74000 13
74010 5
74020 8
74030 9
74040 11
74050 8
74060 12
74070 11
74080 10
74090 7
74100 11
74110 10
74120 7
74130 13
74140 12
74150 14
74160 7
74170 13
74180 15
74190 9
74200 12
74210 12
74220 12
74230 13
74240 11
74250 13
74260 10
74270 12
74280 8
74290 11
74300 10
74310 6
74320 10
74330 4
74340 1
74350 3
74360 2
74370 4
74380 4
74390 6
74400 2
74410 5
74420 3
74430 4
74440 5
74450 4
74460 2
74470 6
74480 7
74490 8
74500 7
74510 7
74520 6
74530 10
74540 11
74550 11
74560 6
74570 8
74580 4
74590 5
74600 5
74610 8
74620 11
74630 12
74640 8
74650 13
74660 10
74670 11
74680 11
74690 8
74700 3
74710 9
74720 2
74730 5
74740 7
74750 10
74760 8
74770 8
74780 10
74790 3
74800 9
74810 8
74820 25
74830 9
74840 9
74850 14
74860 11
74870 9
74880 8
74890 4
74900 8
74910 7
74920 26
74930 24
74940 24
74950 9
74960 17
74970 6
74980 24
74990 22
75000 23
75010 23
75020 27
75030 23
75040 26
75050 18
75060 26
75070 31
75080 21
75090 31
75100 14
75110 5
75120 8
75130 7
75140 6
75150 10
75160 10
75170 8
75180 13
75190 19
75200 12
75210 16
75220 17
75230 9
75240 2
75250 3
75260 13
75270 14
75280 17
75290 10
75300 14
75310 13
75320 6
75330 29
75340 21
75350 15
75360 7
75370 17
75380 10
75390 18
75400 11
75410 10
75420 15
75430 6
75440 25
75450 21
75460 19
75470 14
75480 16
75490 19
75500 13
75510 12
75520 13
75530 18
75540 13
75550 13
75560 19
75570 10
75580 14
75590 13
75600 15
75610 10
75620 22
75630 31
75640 20
75650 15
75660 16
75670 13
75680 23
75690 31
75700 17
75710 14
75720 20
75730 14
75740 26
75750 18
75760 15
75770 14
75780 19
75790 18
75800 18
75810 23
75820 17
75830 33
75840 18
75850 21
75860 22
75870 19
75880 31
75890 22
75900 21
75910 27
75920 25
75930 5
75940 14
75950 34
75960 34
75970 36
75980 39
75990 34
76000 39
76010 32
76020 27
76030 25
76040 27
76050 34
76060 20
76070 33
76080 27
76090 25
76100 27
76110 26
76120 16
76130 12
76140 11
76150 9
76160 2
76170 15
76180 12
76190 11
76200 12
76210 12
76220 11
76230 32
76240 21
76250 11
76260 13
76270 11
76280 5
76290 5
76300 8
76310 10
76320 4
76330 10
76340 12
76350 21
76360 15
76370 9
76380 12
76390 5
76400 11
76410 16
76420 16
76430 9
76440 10
76450 12
76460 8
76470 8
76480 19
76490 14
76500 17
76510 17
76520 17
76530 16
76540 20
76550 16
76560 15
76570 20
76580 15
76590 9
76600 5
76610 2
76620 0
76630 3
76640 8
76650 10
76660 9
76670 10
76680 18
76690 8
76700 10
76710 2
76720 7
76730 0
76740 14
76750 14
76760 9
76770 16
76780 13
76790 16
76800 23
76810 11
76820 13
76830 11
76840 9
76850 10
76860 12
76870 5
76880 13
76890 13
76900 14
76910 18
76920 17
76930 13
76940 23
76950 26
76960 22
76970 31
76980 12
76990 23
77000 20
77010 23
77020 14
77030 28
77040 19
77050 13
77060 15
77070 21
77080 15
77090 21
77100 20
77110 33
77120 21
77130 18
77140 20
77150 28
77160 22
77170 22
77180 29
77190 24
77200 28
77210 26
77220 19
77230 18
77240 19
77250 28
77260 28
77270 25
77280 14
77290 27
77300 28
77310 25
77320 27
77330 20
77340 20
77350 25
77360 25
77370 24
77380 18
77390 28
77400 22
77410 31
77420 26
77430 15
77440 14
77450 29
77460 22
77470 24
77480 19
77490 18
77500 11
77510 25
77520 28
77530 23
77540 20
77550 21
77560 25
77570 22
77580 22
77590 8
77600 10
77610 10
77620 11
77630 10
77640 4
77650 10
77660 6
77670 9
77680 7
77690 7
77700 5
77710 6
77720 6
77730 16
77740 7
77750 6
77760 7
77770 9
77780 7
77790 9
77800 13
77810 11
77820 9
77830 6
77840 10
77850 15
77860 7
77870 10
77880 6
77890 9
77900 10
77910 9
77920 10
77930 7
77940 5
77950 9
77960 11
77970 11
77980 9
77990 9
78000 6
78010 8
78020 11
78030 9
78040 12
78050 13
78060 9
78070 10
78080 1
78090 1
78100 8
78110 11
78120 5
78130 0
78140 3
78150 7
78160 2
78170 5
78180 4
78190 5
78200 5
78210 6
78220 1
78230 1
78240 7
78250 11
78260 4
78270 0
78280 4
78290 3
78300 4
78310 1
78320 2
78330 2
78340 5
78350 0
78360 0
78370 4
78380 5
78390 5
78400 3
78410 5
78420 4
78430 4
78440 4
78450 4
78460 1
78470 2
78480 3
78490 0
78500 0
78510 3
78520 13
78530 4
78540 10
78550 7
78560 13
78570 3
78580 0
78590 2
78600 15
78610 10
78620 14
78630 13
78640 20
78650 18
78660 16
78670 3
78680 17
78690 13
78700 22
78710 19
78720 14
78730 9
78740 7
78750 11
78760 30
78770 26
78780 21
78790 19
78800 17
78810 21
78820 20
78830 20
78840 24
78850 29
78860 34
78870 23
78880 24
78890 18
78900 14
78910 22
78920 24
78930 25
78940 26
78950 9
78960 19
78970 18
78980 11
78990 27
79000 16
79010 12
79020 16
79030 19
79040 11
79050 18
79060 12
79070 23
79080 17
79090 21
79100 9
79110 14
79120 19
79130 5
79140 24
79150 18
79160 29
79170 12
79180 12
79190 15
79200 29
79210 31
79220 21
79230 29
79240 16
79250 14
79260 11
79270 27
79280 14
79290 11
79300 13
79310 16
79320 22
79330 24
79340 14
79350 21
79360 0
79370 1
79380 15
79390 21
79400 23
79410 6
79420 11
79430 19
79440 24
79450 13
79460 37
79470 23
79480 38
79490 17
79500 15
79510 25
79520 20
79530 2
79540 6
79550 12
79560 26
79570 13
79580 12
79590 15
79600 20
79610 18
79620 26
79630 13
79640 17
79650 10
79660 11
79670 23
79680 26
79690 33
79700 38
79710 24
79720 34
79730 35
79740 30
79750 43
79760 33
79770 41
79780 35
79790 37
79800 38
79810 39
79820 30
79830 35
79840 37
79850 43
79860 36
79870 32
79880 42
79890 24
79900 35
79910 27
79920 34
79930 35
79940 33
79950 30
79960 32
79970 33
79980 39
79990 41
80000 26
80010 37
80020 39
80030 37
80040 33
80050 34
80060 33
80070 30
80080 43
80090 36
80100 32
80110 31
80120 30
80130 43
80140 31
80150 39
80160 39
80170 36
80180 35
80190 35
80200 39
80210 39
80220 31
80230 36
80240 42
80250 41
80260 32
80270 28
80280 40
80290 45
80300 42
80310 34
80320 42
80330 41
80340 36
80350 29
80360 34
80370 33
80380 36
80390 40
80400 36
80410 31
80420 36
80430 33
80440 37
80450 35
80460 31
80470 29
80480 33
80490 27
80500 34
80510 30
80520 34
80530 36
80540 17
80550 20
80560 42
80570 36
80580 27
80590 30
80600 39
80610 33
80620 18
80630 43
80640 22
80650 40
80660 35
80670 43
80680 34
80690 35
80700 32
80710 32
80720 40
80730 20
80740 24
80750 21
80760 37
80770 28
80780 29
80790 27
80800 29
80810 30
80820 20
80830 21
80840 15
80850 24
80860 23
80870 14
80880 16
80890 16
80900 14
80910 16
80920 16
80930 22
80940 22
80950 21
80960 20
80970 22
80980 18
80990 19
81000 18
81010 31
81020 17
81030 16
81040 16
81050 9
81060 12
81070 21
81080 21
81090 20
81100 9
81110 11
81120 22
81130 29
81140 12
81150 17
81160 22
81170 17
81180 19
81190 26
81200 8
81210 25
81220 15
81230 20
81240 13
81250 14
81260 17
81270 15
81280 19
81290 23
81300 15
81310 21
81320 12
81330 13
81340 18
81350 23
81360 26
81370 18
81380 15
81390 17
81400 28
81410 15
81420 22
81430 26
81440 29
81450 14
81460 17
81470 20
81480 12
81490 15
81500 8
81510 8
81520 10
81530 12
81540 10
81550 14
81560 11
81570 14
81580 14
81590 10
81600 13
81610 9
81620 15
81630 17
81640 17
81650 9
81660 21
81670 17
81680 29
81690 20
81700 14
81710 30
81720 23
81730 25
81740 15
81750 29
81760 26
81770 15
81780 10
81790 14
81800 14
81810 26
81820 21
81830 22
81840 26
81850 23
81860 20
81870 20
81880 18
81890 34
81900 39
81910 26
81920 34
81930 20
81940 28
81950 34
81960 20
81970 28
81980 15
81990 14
82000 18
82010 19
82020 13
82030 31
82040 26
82050 24
82060 23
82070 29
82080 22
82090 23
82100 20
82110 13
82120 21
82130 18
82140 24
82150 20
82160 27
82170 9
82180 15
82190 11
82200 24
82210 15
82220 19
82230 14
82240 21
82250 28
82260 25
82270 40
82280 13
82290 22
82300 23
82310 22
82320 19
82330 22
82340 23
82350 12
82360 18
82370 20
82380 13
82390 20
82400 28
82410 29
82420 22
82430 28
82440 23
82450 31
82460 21
82470 27
82480 23
82490 22
82500 19
82510 18
82520 23
82530 15
82540 22
82550 27
82560 10
82570 25
82580 25
82590 24
82600 24
82610 20
82620 26
82630 29
82640 25
82650 21
82660 25
82670 25
82680 30
82690 26
82700 31
82710 19
82720 14
82730 16
82740 17
82750 25
82760 26
82770 19
82780 24
82790 29
82800 26
82810 26
82820 13
82830 10
82840 19
82850 19
82860 27
82870 14
82880 27
82890 24
82900 20
82910 15
82920 22
82930 25
82940 21
82950 24
82960 22
82970 24
82980 32
82990 20
83000 22
83010 28
83020 25
83030 28
83040 19
83050 20
83060 13
83070 19
83080 9
83090 26
83100 22
83110 33
83120 27
83130 20
83140 25
83150 27
83160 10
83170 10
83180 20
83190 26
83200 28
83210 26
83220 25
83230 25
83240 25
83250 26
83260 24
83270 14
83280 30
83290 18
83300 21
83310 24
83320 12
83330 22
83340 22
83350 25
83360 24
83370 15
83380 26
83390 16
83400 7
83410 21
83420 12
83430 26
83440 13
83450 22
83460 21
83470 8
83480 14
83490 11
83500 12
83510 12
83520 16
83530 15
83540 14
83550 19
83560 27
83570 18
83580 15
83590 15
83600 24
83610 13
83620 18
83630 16
83640 12
83650 19
83660 10
83670 25
83680 23
83690 15
83700 15
83710 11
83720 13
83730 12
83740 11
83750 26
83760 20
83770 25
83780 20
83790 16
83800 20
83810 24
83820 20
83830 18
83840 14
83850 23
83860 10
83870 15
83880 16
83890 24
83900 16
83910 21
83920 21
83930 20
83940 25
83950 14
83960 8
83970 29
83980 13
83990 20
84000 10
84010 13
84020 10
84030 19
84040 10
84050 22
84060 17
84070 21
84080 13
84090 12
84100 21
84110 22
84120 14
84130 27
84140 14
84150 18
84160 15
84170 22
84180 19
84190 16
84200 14
84210 21
84220 29
84230 13
84240 15
84250 17
84260 30
84270 26
84280 28
84290 15
84300 16
84310 15
84320 19
84330 15
84340 13
84350 28
84360 22
84370 9
84380 10
84390 20
84400 6
84410 18
84420 17
84430 12
84440 20
84450 8
84460 18
84470 20
84480 24
84490 11
84500 8
84510 17
84520 11
84530 7
84540 17
84550 10
84560 14
84570 11
84580 12
84590 17
84600 14
84610 17
84620 21
84630 19
84640 12
84650 12
84660 14
84670 19
84680 13
84690 20
84700 10
84710 15
84720 14
84730 16
84740 20
84750 21
84760 23
84770 25
84780 27
84790 19
84800 18
84810 22
84820 22
84830 20
84840 26
84850 27
84860 18
84870 27
84880 14
84890 15
84900 10
84910 19
84920 18
84930 18
84940 15
84950 20
84960 13
84970 18
84980 18
84990 21
85000 18
85010 24
85020 25
85030 26
85040 17
85050 28
85060 29
85070 24
85080 20
85090 23
85100 28
85110 26
85120 24
85130 16
85140 29
85150 17
85160 19
85170 26
85180 24
85190 23
85200 20
85210 36
85220 31
85230 20
85240 18
85250 28
85260 29
85270 19
85280 19
85290 28
85300 29
85310 23
85320 21
85330 11
85340 23
85350 21
85360 30
85370 27
85380 23
85390 20
85400 25
85410 26
85420 25
85430 19
85440 25
85450 24
85460 14
85470 24
85480 26
85490 20
85500 7
85510 21
85520 11
85530 10
85540 14
85550 21
85560 20
85570 17
85580 28
85590 22
85600 19
85610 28
85620 20
85630 30
85640 24
85650 28
85660 26
85670 24
85680 27
85690 23
85700 18
85710 16
85720 17
85730 21
85740 22
85750 28
85760 38
85770 24
85780 26
85790 19
85800 28
85810 25
85820 18
85830 29
85840 26
85850 29
85860 18
85870 24
85880 9
85890 19
85900 17
85910 20
85920 21
85930 18
85940 8
85950 21
85960 13
85970 10
85980 14
85990 17
86000 16
86010 24
86020 16
86030 8
86040 17
86050 25
86060 31
86070 24
86080 10
86090 18
86100 14
86110 11
86120 19
86130 6
86140 11
86150 12
86160 10
86170 21
86180 19
86190 24
86200 19
86210 17
86220 25
86230 23
86240 23
86250 24
86260 22
86270 9
86280 12
86290 25
86300 16
86310 15
86320 17
86330 17
86340 23
86350 23
86360 21
86370 25
86380 19
86390 23
86400 25
86410 21
86420 8
86430 19
86440 12
86450 16
86460 22
86470 6
86480 4
86490 3
86500 5
86510 7
86520 7
86530 19
86540 4
86550 10
86560 25
86570 8
86580 7
86590 0
86600 22
86610 7
86620 30
86630 19
86640 25
86650 30
86660 20
86670 22
86680 18
86690 18
86700 33
86710 23
86720 21
86730 24
86740 24
86750 26
86760 17
86770 22
86780 18
86790 26
86800 23
86810 30
86820 17
86830 27
86840 22
86850 27
86860 23
86870 24
86880 27
86890 19
86900 31
86910 28
86920 27
86930 25
86940 24
86950 20
86960 25
86970 24
86980 25
86990 20
87000 28
87010 31
87020 27
87030 25
87040 31
87050 23
87060 10
87070 29
87080 26
87090 22
87100 20
87110 15
87120 16
87130 8
87140 16
87150 26
87160 20
87170 22
87180 14
87190 15
87200 23
87210 26
87220 19
87230 25
87240 29
87250 26
87260 21
87270 19
87280 27
87290 23
87300 23
87310 26
87320 13
87330 20
87340 22
87350 14
87360 21
87370 12
87380 24
87390 16
87400 23
87410 16
87420 22
87430 22
87440 24
87450 23
87460 17
87470 16
87480 18
87490 23
87500 19
87510 29
87520 13
87530 26
87540 24
87550 17
87560 18
87570 20
87580 21
87590 18
87600 16
87610 21
87620 24
87630 33
87640 23
87650 29
87660 22
87670 30
87680 16
87690 12
87700 23
87710 26
87720 19
87730 27
87740 18
87750 34
87760 29
87770 16
87780 24
87790 20
87800 18
87810 9
87820 17
87830 13
87840 15
87850 16
87860 18
87870 19
87880 20
87890 22
87900 20
87910 18
87920 11
87930 27
87940 24
87950 26
87960 24
87970 31
87980 26
87990 22
88000 23
88010 21
88020 28
88030 20
88040 13
88050 22
88060 17
88070 26
88080 21
88090 21
88100 21
88110 18
88120 18
88130 19
88140 19
88150 17
88160 16
88170 25
88180 18
88190 13
88200 22
88210 32
88220 14
88230 26
88240 14
88250 25
88260 24
88270 22
88280 21
88290 23
88300 22
88310 26
88320 23
88330 16
88340 21
88350 26
88360 8
88370 20
88380 20
88390 11
88400 19
88410 16
88420 18
88430 22
88440 13
88450 22
88460 24
88470 22
88480 21
88490 18
88500 28
88510 19
88520 14
88530 9
88540 20
88550 24
88560 18
88570 9
88580 23
88590 27
88600 23
88610 15
88620 13
88630 14
88640 20
88650 28
88660 18
88670 28
88680 18
88690 27
88700 24
88710 21
88720 15
88730 25
88740 28
88750 17
88760 17
88770 12
88780 13
88790 14
88800 13
88810 29
88820 23
88830 27
88840 24
88850 26
88860 12
88870 16
88880 15
88890 12
88900 20
88910 22
88920 27
88930 23
88940 25
88950 22
88960 20
88970 17
88980 15
88990 18
89000 24
89010 29
89020 29
89030 23
89040 19
89050 27
89060 23
89070 22
89080 31
89090 21
89100 28
89110 21
89120 26
89130 19
89140 30
89150 27
89160 26
89170 19
89180 32
89190 27
89200 21
89210 29
89220 20
89230 23
89240 18
89250 20
89260 27
89270 21
89280 28
89290 25
89300 19
89310 23
89320 21
89330 22
89340 19
89350 24
89360 18
89370 14
89380 14
89390 28
89400 26
89410 26
89420 18
89430 29
89440 30
89450 25
89460 15
89470 24
89480 32
89490 30
89500 26
89510 14
89520 23
89530 19
89540 20
89550 22
89560 22
89570 26
89580 27
89590 18
89600 20
89610 26
89620 16
89630 25
89640 20
89650 15
89660 18
89670 16
89680 21
89690 15
89700 24
89710 13
89720 28
89730 27
89740 19
89750 30
89760 20
89770 20
89780 20
89790 19
89800 23
89810 25
89820 35
89830 28
89840 24
89850 22
89860 19
89870 23
89880 23
89890 30
89900 27
89910 26
89920 29
89930 31
89940 13
89950 15
89960 32
89970 25
89980 11
89990 28
90000 25
90010 33
90020 22
90030 24
90040 22
90050 9
90060 27
90070 19
90080 12
90090 14
90100 22
90110 20
90120 16
90130 22
90140 19
90150 10
90160 29
90170 14
90180 16
90190 16
90200 21
90210 20
90220 22
90230 23
90240 15
90250 29
90260 9
90270 29
90280 19
90290 14
90300 27
90310 16
90320 14
90330 19
90340 10
90350 21
90360 9
90370 16
90380 19
90390 22
90400 22
90410 26
90420 29
90430 21
90440 26
90450 25
90460 26
90470 22
90480 19
90490 28
90500 19
90510 29
90520 18
90530 15
90540 15
90550 29
90560 23
90570 18
90580 35
90590 16
90600 17
90610 21
90620 23
90630 26
90640 25
90650 23
90660 14
90670 15
90680 28
90690 31
90700 24
90710 18
90720 14
90730 29
90740 30
90750 25
90760 28
90770 32
90780 26
90790 22
90800 23
90810 24
90820 29
90830 18
90840 21
90850 9
90860 22
90870 25
90880 25
90890 30
90900 21
90910 14
90920 15
90930 26
90940 26
90950 16
90960 23
90970 29
90980 35
90990 32
91000 29
91010 27
91020 36
91030 34
91040 28
91050 24
91060 16
91070 25
91080 32
91090 21
91100 17
91110 23
91120 33
91130 15
91140 21
91150 29
91160 32
91170 27
91180 17
91190 14
91200 17
91210 21
91220 26
91230 14
91240 27
91250 25
91260 24
91270 14
91280 31
91290 18
91300 21
91310 24
91320 25
91330 34
91340 27
91350 27
91360 25
91370 27
91380 28
91390 20
91400 23
91410 19
91420 14
91430 16
91440 24
91450 29
91460 24
91470 24
91480 21
91490 14
91500 20
91510 14
91520 20
91530 13
91540 24
91550 27
91560 17
91570 23
91580 22
91590 26
91600 19
91610 12
91620 16
91630 34
91640 25
91650 24
91660 26
91670 24
91680 27
91690 28
91700 20
91710 17
91720 30
91730 24
91740 19
91750 23
91760 32
91770 25
91780 28
91790 29
91800 30
91810 28
91820 27
91830 30
91840 28
91850 30
91860 32
91870 24
91880 24
91890 27
91900 24
91910 18
91920 21
91930 18
91940 30
91950 22
91960 13
91970 28
91980 15
91990 18
92000 24
92010 29
92020 14
92030 19
92040 14
92050 23
92060 15
92070 14
92080 14
92090 15
92100 23
92110 17
92120 27
92130 9
92140 18
92150 23
92160 8
92170 10
92180 14
92190 16
92200 14
92210 17
92220 15
92230 23
92240 20
92250 23
92260 15
92270 14
92280 28
92290 22
92300 22
92310 22
92320 19
92330 16
92340 12
92350 25
92360 20
92370 14
92380 18
92390 15
92400 11
92410 12
92420 19
92430 13
92440 11
92450 15
92460 25
92470 20
92480 22
92490 20
92500 21
92510 18
92520 14
92530 17
92540 16
92550 21
92560 14
92570 13
92580 14
92590 24
92600 14
92610 13
92620 11
92630 20
92640 15
92650 23
92660 19
92670 16
92680 15
92690 7
92700 11
92710 12
92720 16
92730 14
92740 16
92750 14
92760 25
92770 13
92780 14
92790 11
92800 7
92810 21
92820 13
92830 18
92840 17
92850 11
92860 27
92870 11
92880 14
92890 17
92900 27
92910 23
92920 11
92930 15
92940 13
92950 18
92960 16
92970 24
92980 29
92990 29
93000 22
93010 28
93020 23
93030 19
93040 18
93050 18
93060 24
93070 25
93080 32
93090 19
93100 15
93110 20
93120 19
93130 17
93140 28
93150 27
93160 15
93170 24
93180 24
93190 17
93200 26
93210 16
93220 14
93230 20
93240 10
93250 9
93260 27
93270 23
93280 27
93290 27
93300 28
93310 33
93320 22
93330 12
93340 29
93350 20
93360 21
93370 13
93380 19
93390 12
93400 11
93410 16
93420 19
93430 12
93440 22
93450 25
93460 21
93470 11
93480 17
93490 13
93500 13
93510 15
93520 16
93530 11
93540 18
93550 15
93560 13
93570 10
93580 18
93590 18
93600 16
93610 11
93620 16
93630 17
93640 11
93650 10
93660 26
93670 14
93680 14
93690 22
93700 15
93710 24
93720 10
93730 24
93740 30
93750 11
93760 10
93770 13
93780 30
93790 20
93800 22
93810 26
93820 18
93830 13
93840 23
93850 14
93860 15
93870 24
93880 10
93890 18
93900 19
93910 22
93920 29
93930 33
93940 28
93950 20
93960 23
93970 25
93980 26
93990 25
94000 26
94010 14
94020 27
94030 24
94040 16
94050 15
94060 21
94070 19
94080 15
94090 23
94100 11
94110 19
94120 29
94130 28
94140 20
94150 15
94160 24
94170 16
94180 17
94190 20
94200 15
94210 22
94220 18
94230 11
94240 23
94250 20
94260 16
94270 30
94280 10
94290 11
94300 18
94310 13
94320 25
94330 14
94340 17
94350 19
94360 16
94370 8
94380 33
94390 13
94400 17
94410 12
94420 20
94430 10
94440 20
94450 27
94460 21
94470 9
94480 16
94490 18
94500 23
94510 15
94520 26
94530 26
94540 32
94550 15
94560 12
94570 23
94580 17
94590 13
94600 17
94610 18
94620 13
94630 9
94640 23
94650 25
94660 8
94670 30
94680 25
94690 8
94700 28
94710 16
94720 25
94730 20
94740 19
94750 19
94760 21
94770 26
94780 21
94790 27
94800 32
94810 33
94820 23
94830 22
94840 26
94850 8
94860 8
94870 8
94880 9
94890 14
94900 8
94910 16
94920 17
94930 24
94940 11
94950 17
94960 29
94970 29
94980 10
94990 19
95000 23
95010 25
95020 21
95030 15
95040 15
95050 23
95060 23
95070 30
95080 23
95090 21
95100 19
95110 16
95120 24
95130 27
95140 19
95150 30
95160 22
95170 18
95180 19
95190 16
95200 24
95210 28
95220 12
95230 27
95240 24
95250 23
95260 32
95270 17
95280 25
95290 19
95300 22
95310 23
95320 17
95330 16
95340 24
95350 23
95360 22
95370 21
95380 24
95390 19
95400 20
95410 17
95420 20
95430 23
95440 28
95450 23
95460 26
95470 27
95480 20
95490 18
95500 25
95510 22
95520 29
95530 31
95540 20
95550 28
95560 28
95570 26
95580 29
95590 30
95600 28
95610 35
95620 28
95630 12
95640 6
95650 14
95660 9
95670 19
95680 34
95690 26
95700 17
95710 28
95720 27
95730 21
95740 23
95750 33
95760 37
95770 10
95780 9
95790 16
95800 10
95810 28
95820 28
95830 17
95840 19
95850 28
95860 35
95870 24
95880 11
95890 18
95900 25
95910 8
95920 33
95930 36
95940 26
95950 20
95960 24
95970 36
95980 9
95990 22
96000 24
96010 20
96020 27
96030 26
96040 16
96050 27
96060 22
96070 26
96080 24
96090 19
96100 29
96110 20
96120 14
96130 5
96140 12
96150 37
96160 28
96170 33
96180 30
96190 30
96200 31
96210 26
96220 9
96230 22
96240 24
96250 11
96260 22
96270 26
96280 24
96290 27
96300 22
96310 21
96320 20
96330 22
96340 28
96350 24
96360 31
96370 27
96380 19
96390 21
96400 23
96410 26
96420 16
96430 10
96440 21
96450 19
96460 27
96470 19
96480 23
96490 18
96500 23
96510 25
96520 17
96530 19
96540 21
96550 12
96560 8
96570 14
96580 17
96590 12
96600 20
96610 15
96620 11
96630 27
96640 30
96650 17
96660 20
96670 15
96680 15
96690 21
96700 16
96710 27
96720 18
96730 22
96740 31
96750 18
96760 18
96770 7
96780 10
96790 15
96800 12
96810 12
96820 5
96830 8
96840 2
96850 7
96860 5
96870 19
96880 8
96890 8
96900 10
96910 8
96920 11
96930 13
96940 9
96950 7
96960 12
96970 12
96980 17
96990 14
97000 9
97010 12
97020 16
97030 12
97040 12
97050 20
97060 8
97070 5
97080 17
97090 5
97100 9
97110 7
97120 13
97130 29
97140 12
97150 7
97160 16
97170 19
97180 19
97190 15
97200 11
97210 16
97220 16
97230 1
97240 8
97250 11
97260 3
97270 19
97280 16
97290 15
97300 5
97310 11
97320 6
97330 12
97340 16
97350 23
97360 23
97370 15
97380 23
97390 29
97400 13
97410 15
97420 19
97430 19
97440 1
97450 13
97460 16
97470 17
97480 9
97490 11
97500 13
97510 19
97520 9
97530 14
97540 4
97550 9
97560 4
97570 16
97580 20
97590 12
97600 13
97610 22
97620 12
97630 22
97640 10
97650 10
97660 17
97670 2
97680 4
97690 1
97700 5
97710 14
97720 10
97730 15
97740 19
97750 15
97760 10
97770 9
97780 11
97790 8
97800 16
97810 3
97820 9
97830 10
97840 24
97850 24
97860 24
97870 23
97880 12
97890 13
97900 27
97910 24
97920 27
97930 16
97940 18
97950 14
97960 31
97970 12
97980 24
97990 18
98000 22
98010 17
98020 33
98030 23
98040 33
98050 14
98060 13
98070 31
98080 15
98090 33
98100 21
98110 29
98120 14
98130 29
98140 27
98150 26
98160 16
98170 20
98180 28
98190 28
98200 20
98210 30
98220 14
98230 20
98240 26
98250 24
98260 9
98270 30
98280 27
98290 29
98300 18
98310 21
98320 31
98330 32
98340 11
98350 24
98360 17
98370 25
98380 33
98390 30
98400 29
98410 28
98420 17
98430 18
98440 33
98450 22
98460 32
98470 26
98480 29
98490 26
98500 24
98510 31
98520 23
98530 19
98540 28
98550 18
98560 15
98570 12
98580 18
98590 35
98600 22
98610 20
98620 32
98630 29
98640 22
98650 30
98660 25
98670 21
98680 35
98690 31
98700 23
98710 33
98720 22
98730 15
98740 13
98750 13
98760 13
98770 11
98780 11
98790 18
98800 10
98810 10
98820 12
98830 10
98840 7
98850 6
98860 19
98870 13
98880 10
98890 9
98900 8
98910 15
98920 15
98930 9
98940 7
98950 24
98960 19
98970 7
98980 18
98990 27
99000 28
99010 14
99020 22
99030 13
99040 19
99050 21
99060 6
99070 11
99080 9
99090 19
99100 17
99110 18
99120 7
99130 19
99140 12
99150 8
99160 3
99170 13
99180 19
99190 3
99200 2
99210 10
99220 11
99230 10
99240 16
99250 12
99260 17
99270 16
99280 18
99290 25
99300 30
99310 17
99320 25
99330 30
99340 21
99350 32
99360 29
99370 29
99380 14
99390 29
99400 19
99410 29
99420 38
99430 36
99440 11
99450 36
99460 14
99470 20
99480 32
99490 32
99500 26
99510 25
99520 18
99530 29
99540 33
99550 27
99560 18
99570 29
99580 17
99590 38
99600 25
99610 26
99620 31
99630 11
99640 6
99650 30
99660 12
99670 42
99680 2
99690 22
99700 13
99710 20
99720 26
99730 32
99740 37
99750 28
99760 16
99770 13
99780 19
99790 14
99800 20
99810 27
99820 38
99830 22
99840 22
99850 26
99860 34
99870 25
99880 29
99890 26
99900 36
99910 10
99920 16
99930 10
99940 24
99950 23
99960 19
99970 19
99980 21
99990 17
