# Frame Contacts
30000 48
30010 45
30020 46
30030 32
30040 21
30050 22
30060 23
30070 19
30080 17
30090 16
30100 13
30110 9
30120 14
30130 14
30140 13
30150 13
30160 16
30170 15
30180 2
30190 13
30200 19
30210 11
30220 15
30230 5
30240 8
30250 16
30260 14
30270 15
30280 22
30290 11
30300 16
30310 16
30320 16
30330 17
30340 10
30350 13
30360 17
30370 12
30380 11
30390 20
30400 11
30410 5
30420 10
30430 5
30440 10
30450 12
30460 16
30470 19
30480 13
30490 11
30500 13
30510 15
30520 16
30530 19
30540 14
30550 17
30560 21
30570 9
30580 14
30590 14
30600 14
30610 21
30620 9
30630 13
30640 19
30650 14
30660 12
30670 8
30680 11
30690 8
30700 8
30710 16
30720 15
30730 9
30740 16
30750 16
30760 15
30770 14
30780 9
30790 11
30800 12
30810 13
30820 7
30830 14
30840 15
30850 12
30860 13
30870 14
30880 18
30890 14
30900 16
30910 9
30920 18
30930 9
30940 9
30950 16
30960 10
30970 11
30980 14
30990 27
31000 17
31010 9
31020 26
31030 9
31040 16
31050 18
31060 21
31070 15
31080 18
31090 20
31100 19
31110 19
31120 9
31130 16
31140 11
31150 6
31160 2
31170 16
31180 1
31190 10
31200 13
31210 5
31220 1
31230 1
31240 3
31250 9
31260 8
31270 5
31280 6
31290 6
31300 10
31310 6
31320 1
31330 6
31340 0
31350 9
31360 3
31370 11
31380 10
31390 13
31400 15
31410 9
31420 8
31430 10
31440 8
31450 10
31460 18
31470 4
31480 15
31490 18
31500 12
31510 6
31520 7
31530 11
31540 17
31550 17
31560 16
31570 10
31580 9
31590 15
31600 8
31610 14
31620 13
31630 9
31640 11
31650 11
31660 12
31670 14
31680 8
31690 6
31700 17
31710 13
31720 21
31730 15
31740 15
31750 14
31760 18
31770 20
31780 9
31790 11
31800 12
31810 15
31820 5
31830 10
31840 8
31850 11
31860 16
31870 15
31880 6
31890 4
31900 17
31910 9
31920 20
31930 22
31940 15
31950 16
31960 18
31970 22
31980 16
31990 20
32000 23
32010 21
32020 15
32030 3
32040 21
32050 20
32060 16
32070 14
32080 10
32090 4
32100 16
32110 16
32120 10
32130 30
32140 15
32150 10
32160 13
32170 4
32180 15
32190 4
32200 14
32210 6
32220 12
32230 13
32240 8
32250 14
32260 10
32270 16
32280 16
32290 11
32300 13
32310 22
32320 16
32330 23
32340 21
32350 14
32360 14
32370 18
32380 18
32390 9
32400 8
32410 17
32420 15
32430 19
32440 13
32450 20
32460 18
32470 11
32480 22
32490 13
32500 14
32510 11
32520 19
32530 14
32540 20
32550 10
32560 13
32570 14
32580 22
32590 21
32600 8
32610 22
32620 18
32630 13
32640 9
32650 20
32660 32
32670 31
32680 28
32690 17
32700 20
32710 19
32720 21
32730 19
32740 15
32750 20
32760 21
32770 24
32780 19
32790 29
32800 25
32810 30
32820 31
32830 14
32840 27
32850 17
32860 20
32870 17
32880 18
32890 17
32900 17
32910 18
32920 28
32930 14
32940 14
32950 9
32960 16
32970 10
32980 10
32990 15
33000 12
33010 12
33020 21
33030 14
33040 17
33050 17
33060 26
33070 16
33080 19
33090 17
33100 23
33110 5
33120 20
33130 16
33140 20
33150 12
33160 25
33170 12
33180 19
33190 16
33200 21
33210 15
33220 14
33230 21
33240 26
33250 21
33260 15
33270 12
33280 14
33290 16
33300 23
33310 20
33320 17
33330 13
33340 19
33350 24
33360 13
33370 16
33380 15
33390 13
33400 26
33410 18
33420 15
33430 12
33440 19
33450 13
33460 19
33470 16
33480 19
33490 25
33500 22
33510 17
33520 21
33530 21
33540 16
33550 13
33560 16
33570 29
33580 11
33590 13
33600 17
33610 10
33620 13
33630 9
33640 25
33650 13
33660 10
33670 15
33680 8
33690 9
33700 14
33710 11
33720 15
33730 9
33740 19
33750 23
33760 13
33770 21
33780 12
33790 15
33800 10
33810 7
33820 16
33830 14
33840 13
33850 10
33860 13
33870 13
33880 21
33890 15
33900 15
33910 28
33920 16
33930 18
33940 14
33950 20
33960 32
33970 8
33980 22
33990 18
34000 16
34010 11
34020 22
34030 16
34040 15
34050 9
34060 7
34070 12
34080 17
34090 16
34100 13
34110 15
34120 16
34130 17
34140 14
34150 11
34160 18
34170 10
34180 11
34190 13
34200 11
34210 28
34220 11
34230 16
34240 15
34250 19
34260 14
34270 20
34280 14
34290 13
34300 14
34310 14
34320 15
34330 15
34340 22
34350 16
34360 11
34370 13
34380 17
34390 17
34400 13
34410 15
34420 12
34430 12
34440 15
34450 13
34460 14
34470 13
34480 15
34490 11
34500 13
34510 21
34520 11
34530 12
34540 14
34550 13
34560 10
34570 11
34580 17
34590 16
34600 15
34610 9
34620 12
34630 9
34640 10
34650 15
34660 10
34670 11
34680 13
34690 14
34700 12
34710 13
34720 12
34730 16
34740 17
34750 18
34760 9
34770 13
34780 11
34790 9
34800 15
34810 21
34820 14
34830 19
34840 18
34850 21
34860 17
34870 22
34880 15
34890 19
34900 13
34910 18
34920 16
34930 12
34940 11
34950 15
34960 11
34970 16
34980 14
34990 12
35000 15
35010 13
35020 15
35030 15
35040 17
35050 23
35060 14
35070 8
35080 14
35090 7
35100 10
35110 12
35120 12
35130 6
35140 12
35150 11
35160 12
35170 13
35180 12
35190 17
35200 21
35210 20
35220 12
35230 11
35240 18
35250 22
35260 22
35270 14
35280 26
35290 20
35300 16
35310 16
35320 14
35330 11
35340 13
35350 13
35360 20
35370 15
35380 16
35390 14
35400 8
35410 1
35420 14
35430 14
35440 20
35450 15
35460 16
35470 18
35480 19
35490 17
35500 20
35510 18
35520 14
35530 1
35540 9
35550 7
35560 6
35570 15
35580 14
35590 12
35600 22
35610 13
35620 12
35630 7
35640 12
35650 16
35660 14
35670 18
35680 14
35690 13
35700 16
35710 14
35720 13
35730 13
35740 5
35750 13
35760 12
35770 6
35780 10
35790 15
35800 18
35810 10
35820 10
35830 15
35840 5
35850 13
35860 26
35870 17
35880 9
35890 15
35900 10
35910 12
35920 5
35930 8
35940 8
35950 7
35960 12
35970 9
35980 9
35990 13
36000 9
36010 14
36020 9
36030 10
36040 14
36050 14
36060 18
36070 11
36080 16
36090 11
36100 15
36110 9
36120 13
36130 13
36140 8
36150 23
36160 21
36170 10
36180 8
36190 10
36200 10
36210 2
36220 1
36230 2
36240 2
36250 1
36260 1
36270 4
36280 7
36290 6
36300 10
36310 3
36320 2
36330 4
36340 7
36350 5
36360 10
36370 6
36380 1
36390 4
36400 10
36410 2
36420 1
36430 9
36440 3
36450 13
36460 8
36470 5
36480 2
36490 10
36500 5
36510 4
36520 2
36530 2
36540 9
36550 5
36560 1
36570 5
36580 6
36590 1
36600 6
36610 1
36620 8
36630 2
36640 11
36650 10
36660 18
36670 4
36680 5
36690 4
36700 4
36710 6
36720 2
36730 9
36740 9
36750 8
36760 12
36770 14
36780 13
36790 4
36800 11
36810 9
36820 12
36830 14
36840 7
36850 2
36860 9
36870 8
36880 8
36890 3
36900 4
36910 10
36920 10
36930 11
36940 7
36950 1
36960 1
36970 6
36980 3
36990 5
37000 7
37010 1
37020 6
37030 9
37040 6
37050 7
37060 7
37070 11
37080 11
37090 6
37100 11
37110 17
37120 19
37130 16
37140 21
37150 12
37160 27
37170 20
37180 24
37190 15
37200 19
37210 14
37220 25
37230 13
37240 17
37250 14
37260 20
37270 12
37280 22
37290 18
37300 19
37310 17
37320 24
37330 14
37340 11
37350 19
37360 15
37370 22
37380 18
37390 19
37400 15
37410 20
37420 15
37430 17
37440 16
37450 16
37460 16
37470 19
37480 26
37490 22
37500 13
37510 17
37520 20
37530 24
37540 12
37550 15
37560 15
37570 15
37580 23
37590 11
37600 24
37610 25
37620 17
37630 21
37640 15
37650 22
37660 19
37670 16
37680 24
37690 15
37700 19
37710 13
37720 12
37730 19
37740 9
37750 17
37760 16
37770 17
37780 12
37790 12
37800 15
37810 22
37820 19
37830 14
37840 11
37850 17
37860 10
37870 12
37880 15
37890 12
37900 13
37910 19
37920 16
37930 15
37940 21
37950 15
37960 18
37970 16
37980 14
37990 18
38000 19
38010 20
38020 18
38030 17
38040 22
38050 19
38060 20
38070 14
38080 15
38090 28
38100 28
38110 18
38120 20
38130 24
38140 18
38150 16
38160 21
38170 18
38180 17
38190 16
38200 21
38210 16
38220 17
38230 21
38240 17
38250 15
38260 14
38270 10
38280 18
38290 14
38300 22
38310 13
38320 17
38330 20
38340 14
38350 18
38360 11
38370 8
38380 16
38390 17
38400 16
38410 9
38420 12
38430 23
38440 21
38450 14
38460 14
38470 8
38480 13
38490 13
38500 15
38510 14
38520 18
38530 20
38540 14
38550 15
38560 16
38570 13
38580 20
38590 16
38600 17
38610 22
38620 18
38630 21
38640 25
38650 18
38660 21
38670 22
38680 23
38690 28
38700 23
38710 21
38720 22
38730 19
38740 20
38750 27
38760 12
38770 16
38780 12
38790 13
38800 13
38810 14
38820 23
38830 18
38840 16
38850 19
38860 17
38870 17
38880 8
38890 24
38900 21
38910 10
38920 10
38930 16
38940 12
38950 23
38960 14
38970 21
38980 22
38990 13
39000 19
39010 13
39020 14
39030 25
39040 21
39050 8
39060 15
39070 21
39080 24
39090 14
39100 13
39110 14
39120 17
39130 18
39140 19
39150 29
39160 23
39170 27
39180 16
39190 18
39200 28
39210 19
39220 18
39230 31
39240 26
39250 17
39260 21
39270 21
39280 19
39290 26
39300 17
39310 15
39320 20
39330 18
39340 16
39350 5
39360 33
39370 9
39380 1
39390 12
39400 16
39410 16
39420 12
39430 16
39440 22
39450 7
39460 20
39470 16
39480 28
39490 22
39500 18
39510 16
39520 6
39530 11
39540 13
39550 11
39560 12
39570 10
39580 14
39590 6
39600 14
39610 21
39620 18
39630 13
39640 21
39650 12
39660 15
39670 16
39680 16
39690 17
39700 13
39710 16
39720 14
39730 17
39740 18
39750 16
39760 15
39770 13
39780 17
39790 19
39800 14
39810 24
39820 11
39830 8
39840 16
39850 18
39860 13
39870 18
39880 22
39890 14
39900 13
39910 23
39920 11
39930 16
39940 19
39950 16
39960 15
39970 15
39980 8
39990 6
40000 1
40010 2
40020 5
40030 7
40040 5
40050 10
40060 1
40070 5
40080 9
40090 9
40100 1
40110 12
40120 16
40130 7
40140 10
40150 11
40160 9
40170 6
40180 0
40190 12
40200 9
40210 15
40220 11
40230 5
40240 12
40250 8
40260 12
40270 10
40280 10
40290 16
40300 17
40310 19
40320 14
40330 1
40340 9
40350 4
40360 3
40370 8
40380 4
40390 8
40400 17
40410 7
40420 13
40430 7
40440 11
40450 18
40460 22
40470 15
40480 5
40490 10
40500 13
40510 10
40520 10
40530 11
40540 12
40550 7
40560 14
40570 9
40580 8
40590 13
40600 18
40610 6
40620 8
40630 1
40640 9
40650 5
40660 1
40670 1
40680 3
40690 17
40700 9
40710 11
40720 8
40730 10
40740 16
40750 14
40760 5
40770 11
40780 4
40790 10
40800 3
40810 9
40820 7
40830 6
40840 10
40850 9
40860 7
40870 12
40880 7
40890 7
40900 7
40910 2
40920 6
40930 6
40940 8
40950 5
40960 11
40970 10
40980 9
40990 10
41000 3
41010 5
41020 11
41030 10
41040 10
41050 12
41060 6
41070 9
41080 12
41090 14
41100 6
41110 9
41120 15
41130 12
41140 16
41150 14
41160 11
41170 12
41180 13
41190 8
41200 14
41210 10
41220 11
41230 9
41240 4
41250 7
41260 12
41270 13
41280 6
41290 14
41300 8
41310 5
41320 8
41330 4
41340 10
41350 4
41360 6
41370 9
41380 7
41390 6
41400 7
41410 2
41420 7
41430 6
41440 9
41450 7
41460 12
41470 9
41480 8
41490 10
41500 5
41510 7
41520 4
41530 8
41540 5
41550 5
41560 6
41570 5
41580 11
41590 9
41600 13
41610 2
41620 11
41630 20
41640 6
41650 12
41660 6
41670 13
41680 5
41690 19
41700 13
41710 12
41720 13
41730 9
41740 10
41750 11
41760 16
41770 15
41780 12
41790 13
41800 11
41810 11
41820 11
41830 6
41840 11
41850 10
41860 7
41870 15
41880 14
41890 15
41900 16
41910 13
41920 12
41930 12
41940 17
41950 9
41960 15
41970 15
41980 16
41990 14
42000 11
42010 2
42020 14
42030 5
42040 15
42050 12
42060 15
42070 9
42080 5
42090 1
42100 9
42110 16
42120 11
42130 9
42140 11
42150 15
42160 7
42170 9
42180 9
42190 13
42200 10
42210 11
42220 16
42230 10
42240 4
42250 12
42260 14
42270 10
42280 13
42290 10
42300 10
42310 9
42320 9
42330 13
42340 9
42350 7
42360 13
42370 14
42380 14
42390 9
42400 9
42410 12
42420 10
42430 14
42440 11
42450 16
42460 17
42470 12
42480 14
42490 9
42500 10
42510 6
42520 8
42530 15
42540 13
42550 12
42560 15
42570 14
42580 6
42590 11
42600 15
42610 5
42620 11
42630 18
42640 19
42650 13
42660 10
42670 7
42680 9
42690 12
42700 9
42710 13
42720 18
42730 13
42740 14
42750 15
42760 11
42770 12
42780 6
42790 9
42800 10
42810 15
42820 3
42830 13
42840 6
42850 15
42860 12
42870 6
42880 7
42890 14
42900 10
42910 19
42920 15
42930 17
42940 13
42950 8
42960 8
42970 11
42980 9
42990 16
43000 14
43010 10
43020 18
43030 20
43040 15
43050 12
43060 13
43070 6
43080 12
43090 15
43100 17
43110 14
43120 13
43130 11
43140 16
43150 18
43160 7
43170 17
43180 10
43190 13
43200 15
43210 12
43220 14
43230 16
43240 4
43250 16
43260 14
43270 3
43280 15
43290 11
43300 15
43310 13
43320 15
43330 13
43340 8
43350 6
43360 20
43370 18
43380 18
43390 14
43400 9
43410 13
43420 15
43430 20
43440 15
43450 13
43460 13
43470 11
43480 21
43490 10
43500 13
43510 20
43520 12
43530 9
43540 9
43550 9
43560 13
43570 10
43580 11
43590 16
43600 13
43610 8
43620 5
43630 14
43640 16
43650 17
43660 16
43670 17
43680 13
43690 11
43700 10
43710 4
43720 20
43730 10
43740 15
43750 8
43760 13
43770 16
43780 13
43790 13
43800 17
43810 13
43820 12
43830 4
43840 19
43850 4
43860 11
43870 15
43880 12
43890 14
43900 17
43910 15
43920 16
43930 18
43940 12
43950 12
43960 14
43970 18
43980 19
43990 18
44000 19
44010 14
44020 15
44030 3
44040 16
44050 11
44060 14
44070 20
44080 11
44090 21
44100 14
44110 8
44120 14
44130 13
44140 7
44150 13
44160 21
44170 16
44180 17
44190 20
44200 13
44210 16
44220 20
44230 8
44240 14
44250 14
44260 14
44270 12
44280 17
44290 18
44300 16
44310 14
44320 16
44330 14
44340 13
44350 8
44360 20
44370 12
44380 12
44390 12
44400 18
44410 14
44420 10
44430 18
44440 11
44450 14
44460 12
44470 9
44480 14
44490 13
44500 20
44510 19
44520 17
44530 21
44540 12
44550 23
44560 20
44570 12
44580 9
44590 19
44600 15
44610 14
44620 19
44630 21
44640 19
44650 17
44660 20
44670 6
44680 20
44690 16
44700 10
44710 12
44720 13
44730 19
44740 16
44750 13
44760 15
44770 19
44780 18
44790 8
44800 14
44810 14
44820 19
44830 14
44840 15
44850 15
44860 15
44870 8
44880 20
44890 15
44900 17
44910 8
44920 10
44930 20
44940 10
44950 17
44960 18
44970 17
44980 16
44990 12
45000 16
45010 14
45020 12
45030 4
45040 6
45050 19
45060 18
45070 14
45080 17
45090 16
45100 18
45110 18
45120 18
45130 17
45140 12
45150 8
45160 17
45170 13
45180 17
45190 13
45200 18
45210 13
45220 6
45230 8
45240 18
45250 17
45260 16
45270 1
45280 7
45290 17
45300 19
45310 2
45320 17
45330 16
45340 20
45350 20
45360 15
45370 7
45380 10
45390 15
45400 16
45410 15
45420 13
45430 18
45440 2
45450 8
45460 0
45470 0
45480 0
45490 0
45500 0
45510 0
45520 0
45530 0
45540 0
45550 0
45560 0
45570 1
45580 0
45590 0
45600 1
45610 0
45620 0
45630 0
45640 0
45650 0
45660 4
45670 0
45680 0
45690 0
45700 1
45710 0
45720 0
45730 0
45740 0
45750 4
45760 4
45770 5
45780 8
45790 7
45800 7
45810 4
45820 1
45830 6
45840 5
45850 5
45860 5
45870 7
45880 7
45890 3
45900 1
45910 5
45920 2
45930 2
45940 8
45950 4
45960 7
45970 7
45980 7
45990 3
46000 4
46010 6
46020 6
46030 9
46040 5
46050 6
46060 2
46070 5
46080 2
46090 5
46100 9
46110 13
46120 6
46130 17
46140 5
46150 5
46160 6
46170 10
46180 8
46190 3
46200 4
46210 9
46220 5
46230 4
46240 5
46250 7
46260 9
46270 11
46280 4
46290 4
46300 3
46310 1
46320 4
46330 8
46340 6
46350 5
46360 9
46370 0
46380 4
46390 4
46400 5
46410 12
46420 4
46430 5
46440 4
46450 5
46460 0
46470 3
46480 0
46490 24
46500 25
46510 19
46520 22
46530 27
46540 28
46550 21
46560 25
46570 22
46580 12
46590 21
46600 29
46610 21
46620 17
46630 23
46640 23
46650 20
46660 19
46670 32
46680 14
46690 13
46700 16
46710 20
46720 2
46730 14
46740 17
46750 12
46760 19
46770 18
46780 12
46790 13
46800 22
46810 18
46820 5
46830 20
46840 4
46850 22
46860 10
46870 2
46880 3
46890 8
46900 5
46910 9
46920 10
46930 4
46940 1
46950 1
46960 4
46970 3
46980 2
46990 1
47000 0
47010 0
47020 0
47030 0
47040 8
47050 8
47060 6
47070 12
47080 8
47090 6
47100 17
47110 19
47120 13
47130 11
47140 18
47150 17
47160 9
47170 13
47180 5
47190 7
47200 9
47210 6
47220 3
47230 8
47240 24
47250 15
47260 20
47270 4
47280 3
47290 7
47300 8
47310 2
47320 11
47330 1
47340 3
47350 8
47360 9
47370 9
47380 1
47390 6
47400 11
47410 12
47420 12
47430 16
47440 28
47450 27
47460 21
47470 25
47480 25
47490 20
47500 21
47510 26
47520 23
47530 20
47540 25
47550 24
47560 27
47570 23
47580 24
47590 28
47600 21
47610 28
47620 20
47630 26
47640 22
47650 16
47660 19
47670 19
47680 21
47690 28
47700 19
47710 20
47720 17
47730 18
47740 25
47750 25
47760 24
47770 31
47780 19
47790 25
47800 16
47810 17
47820 19
47830 28
47840 27
47850 32
47860 25
47870 22
47880 11
47890 10
47900 9
47910 15
47920 15
47930 16
47940 13
47950 14
47960 12
47970 12
47980 16
47990 2
48000 14
48010 8
48020 6
48030 6
48040 10
48050 16
48060 16
48070 11
48080 12
48090 0
48100 7
48110 11
48120 4
48130 7
48140 4
48150 5
48160 1
48170 5
48180 8
48190 12
48200 12
48210 11
48220 14
48230 10
48240 11
48250 2
48260 21
48270 19
48280 15
48290 7
48300 11
48310 11
48320 15
48330 9
48340 10
48350 4
48360 6
48370 6
48380 11
48390 8
48400 12
48410 11
48420 17
48430 18
48440 15
48450 11
48460 12
48470 16
48480 17
48490 13
48500 19
48510 12
48520 13
48530 15
48540 8
48550 6
48560 7
48570 11
48580 5
48590 9
48600 5
48610 10
48620 8
48630 0
48640 5
48650 4
48660 8
48670 6
48680 0
48690 3
48700 4
48710 7
48720 6
48730 6
48740 5
48750 12
48760 12
48770 8
48780 5
48790 1
48800 6
48810 8
48820 6
48830 8
48840 5
48850 5
48860 3
48870 7
48880 5
48890 8
48900 10
48910 9
48920 10
48930 12
48940 8
48950 5
48960 3
48970 4
48980 6
48990 1
49000 5
49010 7
49020 12
49030 10
49040 11
49050 6
49060 7
49070 9
49080 9
49090 7
49100 12
49110 10
49120 15
49130 11
49140 10
49150 12
49160 10
49170 13
49180 9
49190 12
49200 10
49210 10
49220 13
49230 10
49240 12
49250 10
49260 7
49270 8
49280 2
49290 2
49300 4
49310 1
49320 1
49330 5
49340 4
49350 5
49360 1
49370 3
49380 1
49390 1
49400 18
49410 12
49420 3
49430 1
49440 8
49450 2
49460 13
49470 16
49480 10
49490 13
49500 11
49510 10
49520 8
49530 19
49540 18
49550 7
49560 7
49570 12
49580 18
49590 18
49600 10
49610 12
49620 13
49630 17
49640 19
49650 11
49660 21
49670 16
49680 21
49690 22
49700 18
49710 19
49720 23
49730 28
49740 30
49750 26
49760 21
49770 24
49780 19
49790 25
49800 17
49810 26
49820 18
49830 24
49840 26
49850 21
49860 30
49870 21
49880 21
49890 29
49900 28
49910 29
49920 16
49930 31
49940 27
49950 30
49960 28
49970 23
49980 13
49990 8
50000 13
50010 5
50020 13
50030 16
50040 11
50050 9
50060 18
50070 12
50080 6
50090 15
50100 9
50110 4
50120 2
50130 5
50140 4
50150 4
50160 3
50170 12
50180 15
50190 7
50200 18
50210 20
50220 9
50230 9
50240 20
50250 13
50260 11
50270 13
50280 17
50290 14
50300 16
50310 8
50320 25
50330 7
50340 12
50350 11
50360 13
50370 22
50380 14
50390 10
50400 18
50410 26
50420 14
50430 17
50440 19
50450 11
50460 26
50470 15
50480 6
50490 15
50500 24
50510 6
50520 27
50530 15
50540 14
50550 13
50560 16
50570 15
50580 9
50590 11
50600 9
50610 8
50620 15
50630 24
50640 10
50650 11
50660 17
50670 14
50680 18
50690 17
50700 23
50710 24
50720 20
50730 12
50740 7
50750 13
50760 14
50770 12
50780 17
50790 12
50800 12
50810 12
50820 20
50830 8
50840 5
50850 13
50860 12
50870 12
50880 10
50890 11
50900 8
50910 23
50920 17
50930 5
50940 4
50950 14
50960 18
50970 25
50980 15
50990 9
51000 19
51010 3
51020 27
51030 22
51040 27
51050 27
51060 16
51070 20
51080 12
51090 21
51100 19
51110 20
51120 10
51130 17
51140 11
51150 30
51160 23
51170 21
51180 15
51190 12
51200 27
51210 10
51220 17
51230 8
51240 1
51250 12
51260 16
51270 18
51280 14
51290 19
51300 18
51310 14
51320 9
51330 18
51340 11
51350 13
51360 10
51370 21
51380 20
51390 21
51400 14
51410 12
51420 13
51430 21
51440 15
51450 6
51460 11
51470 15
51480 12
51490 18
51500 19
51510 24
51520 20
51530 12
51540 6
51550 6
51560 8
51570 6
51580 6
51590 5
51600 9
51610 15
51620 11
51630 19
51640 3
51650 19
51660 3
51670 4
51680 4
51690 1
51700 6
51710 3
51720 2
51730 5
51740 4
51750 5
51760 8
51770 8
51780 5
51790 5
51800 4
51810 5
51820 3
51830 4
51840 4
51850 3
51860 10
51870 1
51880 7
51890 5
51900 3
51910 7
51920 11
51930 5
51940 8
51950 3
51960 6
51970 4
51980 4
51990 5
52000 7
52010 9
52020 7
52030 4
52040 6
52050 0
52060 3
52070 10
52080 19
52090 8
52100 5
52110 3
52120 6
52130 7
52140 13
52150 13
52160 18
52170 9
52180 4
52190 3
52200 6
52210 7
52220 14
52230 13
52240 6
52250 14
52260 16
52270 9
52280 7
52290 6
52300 15
52310 14
52320 14
52330 16
52340 11
52350 2
52360 13
52370 19
52380 8
52390 13
52400 6
52410 6
52420 22
52430 10
52440 7
52450 9
52460 19
52470 18
52480 11
52490 4
52500 13
52510 14
52520 9
52530 4
52540 3
52550 4
52560 6
52570 4
52580 7
52590 15
52600 13
52610 5
52620 10
52630 8
52640 13
52650 8
52660 4
52670 16
52680 16
52690 22
52700 12
52710 23
52720 16
52730 18
52740 16
52750 18
52760 14
52770 20
52780 15
52790 16
52800 17
52810 23
52820 18
52830 5
52840 19
52850 14
52860 20
52870 13
52880 18
52890 21
52900 29
52910 17
52920 19
52930 23
52940 18
52950 20
52960 23
52970 20
52980 17
52990 28
53000 22
53010 19
53020 20
53030 26
53040 7
53050 7
53060 5
53070 8
53080 14
53090 20
53100 15
53110 20
53120 13
53130 18
53140 13
53150 19
53160 13
53170 16
53180 20
53190 21
53200 14
53210 18
53220 17
53230 18
53240 17
53250 22
53260 21
53270 18
53280 15
53290 18
53300 20
53310 17
53320 21
53330 27
53340 17
53350 21
53360 15
53370 9
53380 8
53390 9
53400 18
53410 17
53420 11
53430 20
53440 19
53450 16
53460 3
53470 13
53480 11
53490 18
53500 10
53510 23
53520 13
53530 17
53540 18
53550 14
53560 14
53570 14
53580 12
53590 16
53600 28
53610 17
53620 13
53630 12
53640 21
53650 23
53660 18
53670 18
53680 16
53690 18
53700 8
53710 19
53720 14
53730 14
53740 15
53750 9
53760 15
53770 20
53780 18
53790 12
53800 14
53810 10
53820 9
53830 11
53840 15
53850 22
53860 10
53870 17
53880 21
53890 28
53900 22
53910 21
53920 14
53930 28
53940 27
53950 25
53960 20
53970 31
53980 21
53990 15
54000 22
54010 15
54020 16
54030 18
54040 8
54050 14
54060 12
54070 11
54080 4
54090 7
54100 14
54110 9
54120 1
54130 5
54140 3
54150 4
54160 8
54170 4
54180 6
54190 10
54200 15
54210 11
54220 4
54230 4
54240 9
54250 15
54260 4
54270 12
54280 15
54290 15
54300 9
54310 17
54320 5
54330 10
54340 8
54350 9
54360 8
54370 8
54380 6
54390 13
54400 14
54410 11
54420 12
54430 23
54440 22
54450 10
54460 15
54470 6
54480 12
54490 20
54500 22
54510 12
54520 9
54530 10
54540 10
54550 19
54560 13
54570 17
54580 10
54590 11
54600 16
54610 3
54620 12
54630 8
54640 14
54650 12
54660 13
54670 6
54680 7
54690 9
54700 8
54710 5
54720 5
54730 7
54740 3
54750 7
54760 1
54770 4
54780 9
54790 2
54800 6
54810 5
54820 11
54830 5
54840 5
54850 12
54860 7
54870 4
54880 6
54890 8
54900 5
54910 5
54920 8
54930 2
54940 3
54950 6
54960 9
54970 2
54980 10
54990 5
55000 5
55010 8
55020 4
55030 10
55040 7
55050 7
55060 4
55070 9
55080 6
55090 10
55100 8
55110 10
55120 5
55130 10
55140 3
55150 10
55160 10
55170 11
55180 9
55190 6
55200 10
55210 11
55220 16
55230 9
55240 6
55250 15
55260 13
55270 15
55280 9
55290 17
55300 8
55310 14
55320 9
55330 11
55340 6
55350 7
55360 9
55370 8
55380 10
55390 14
55400 7
55410 8
55420 16
55430 12
55440 13
55450 15
55460 18
55470 18
55480 14
55490 19
55500 8
55510 8
55520 19
55530 9
55540 14
55550 5
55560 5
55570 12
55580 8
55590 14
55600 13
55610 17
55620 12
55630 10
55640 10
55650 15
55660 17
55670 17
55680 15
55690 16
55700 15
55710 5
55720 7
55730 15
55740 10
55750 12
55760 12
55770 15
55780 19
55790 11
55800 19
55810 10
55820 11
55830 12
55840 17
55850 10
55860 15
55870 6
55880 2
55890 19
55900 4
55910 6
55920 14
55930 1
55940 7
55950 7
55960 8
55970 8
55980 19
55990 7
56000 9
56010 10
56020 1
56030 7
56040 4
56050 7
56060 8
56070 9
56080 18
56090 6
56100 5
56110 9
56120 7
56130 12
56140 12
56150 7
56160 9
56170 10
56180 11
56190 8
56200 11
56210 14
56220 6
56230 12
56240 10
56250 15
56260 10
56270 4
56280 6
56290 10
56300 6
56310 14
56320 9
56330 5
56340 17
56350 10
56360 9
56370 6
56380 8
56390 15
56400 12
56410 7
56420 5
56430 3
56440 10
56450 19
56460 14
56470 10
56480 21
56490 7
56500 19
56510 20
56520 13
56530 8
56540 10
56550 7
56560 11
56570 8
56580 9
56590 8
56600 17
56610 22
56620 17
56630 14
56640 19
56650 14
56660 9
56670 18
56680 16
56690 17
56700 6
56710 14
56720 14
56730 12
56740 14
56750 10
56760 13
56770 12
56780 17
56790 18
56800 16
56810 9
56820 19
56830 13
56840 13
56850 17
56860 11
56870 14
56880 12
56890 20
56900 18
56910 20
56920 17
56930 14
56940 13
56950 18
56960 17
56970 17
56980 23
56990 15
57000 23
57010 13
57020 11
57030 13
57040 15
57050 19
57060 20
57070 15
57080 15
57090 15
57100 13
57110 10
57120 15
57130 18
57140 16
57150 17
57160 11
57170 9
57180 13
57190 18
57200 10
57210 14
57220 18
57230 13
57240 16
57250 18
57260 19
57270 7
57280 22
57290 16
57300 16
57310 14
57320 17
57330 16
57340 11
57350 15
57360 9
57370 11
57380 14
57390 22
57400 13
57410 12
57420 13
57430 11
57440 20
57450 11
57460 11
57470 18
57480 15
57490 17
57500 17
57510 12
57520 19
57530 17
57540 20
57550 16
57560 10
57570 17
57580 8
57590 8
57600 9
57610 11
57620 13
57630 10
57640 19
57650 8
57660 8
57670 10
57680 10
57690 5
57700 18
57710 18
57720 18
57730 13
57740 11
57750 18
57760 16
57770 5
57780 9
57790 10
57800 7
57810 14
57820 13
57830 13
57840 20
57850 16
57860 10
57870 17
57880 19
57890 13
57900 14
57910 15
57920 17
57930 20
57940 16
57950 15
57960 18
57970 17
57980 10
57990 22
58000 17
58010 18
58020 20
58030 15
58040 16
58050 12
58060 22
58070 7
58080 18
58090 17
58100 12
58110 20
58120 20
58130 16
58140 20
58150 25
58160 13
58170 19
58180 15
58190 15
58200 15
58210 21
58220 13
58230 20
58240 17
58250 19
58260 9
58270 18
58280 19
58290 21
58300 18
58310 17
58320 10
58330 7
58340 15
58350 9
58360 14
58370 16
58380 14
58390 15
58400 16
58410 16
58420 12
58430 14
58440 15
58450 12
58460 12
58470 4
58480 12
58490 14
58500 14
58510 13
58520 11
58530 11
58540 13
58550 6
58560 10
58570 19
58580 12
58590 16
58600 13
58610 18
58620 16
58630 12
58640 17
58650 21
58660 14
58670 15
58680 14
58690 16
58700 12
58710 16
58720 17
58730 12
58740 18
58750 15
58760 18
58770 14
58780 15
58790 11
58800 14
58810 21
58820 18
58830 23
58840 14
58850 24
58860 18
58870 25
58880 18
58890 13
58900 10
58910 7
58920 15
58930 14
58940 20
58950 14
58960 11
58970 10
58980 9
58990 9
59000 14
59010 20
59020 14
59030 23
59040 17
59050 23
59060 17
59070 24
59080 15
59090 23
59100 15
59110 20
59120 16
59130 19
59140 25
59150 19
59160 10
59170 12
59180 4
59190 18
59200 15
59210 5
59220 15
59230 20
59240 23
59250 18
59260 7
59270 16
59280 19
59290 19
59300 17
59310 22
59320 30
59330 18
59340 15
59350 16
59360 6
59370 5
59380 11
59390 16
59400 14
59410 11
59420 18
59430 19
59440 24
59450 11
59460 9
59470 1
59480 12
59490 5
59500 23
59510 18
59520 18
59530 12
59540 9
59550 10
59560 11
59570 11
59580 19
59590 11
59600 10
59610 13
59620 11
59630 14
59640 18
59650 10
59660 11
59670 19
59680 10
59690 8
59700 5
59710 7
59720 8
59730 5
59740 13
59750 14
59760 13
59770 18
59780 16
59790 14
59800 10
59810 10
59820 11
59830 10
59840 15
59850 16
59860 17
59870 7
59880 17
59890 18
59900 15
59910 11
59920 16
59930 17
59940 18
59950 16
59960 12
59970 13
59980 10
59990 13
60000 16
60010 17
60020 6
60030 19
60040 19
60050 21
60060 19
60070 10
60080 13
60090 15
60100 11
60110 9
60120 15
60130 11
60140 13
60150 12
60160 8
60170 12
60180 13
60190 11
60200 9
60210 10
60220 10
60230 10
60240 21
60250 12
60260 15
60270 17
60280 15
60290 14
60300 17
60310 19
60320 12
60330 13
60340 9
60350 13
60360 14
60370 14
60380 18
60390 13
60400 19
60410 16
60420 12
60430 13
60440 13
60450 17
60460 14
60470 14
60480 10
60490 10
60500 17
60510 17
60520 19
60530 15
60540 13
60550 9
60560 16
60570 15
60580 19
60590 11
60600 15
60610 16
60620 10
60630 13
60640 10
60650 9
60660 12
60670 10
60680 23
60690 18
60700 19
60710 11
60720 17
60730 13
60740 12
60750 6
60760 15
60770 15
60780 12
60790 17
60800 4
60810 11
60820 15
60830 15
60840 10
60850 17
60860 15
60870 19
60880 12
60890 14
60900 15
60910 13
60920 18
60930 15
60940 12
60950 19
60960 21
60970 13
60980 10
60990 17
61000 11
61010 16
61020 13
61030 16
61040 14
61050 19
61060 10
61070 17
61080 14
61090 14
61100 22
61110 11
61120 13
61130 20
61140 13
61150 13
61160 16
61170 12
61180 20
61190 11
61200 15
61210 16
61220 21
61230 17
61240 14
61250 20
61260 17
61270 18
61280 17
61290 15
61300 15
61310 7
61320 9
61330 12
61340 11
61350 18
61360 18
61370 17
61380 9
61390 14
61400 15
61410 11
61420 12
61430 13
61440 17
61450 15
61460 16
61470 14
61480 13
61490 18
61500 13
61510 15
61520 15
61530 10
61540 18
61550 22
61560 14
61570 19
61580 14
61590 14
61600 17
61610 14
61620 13
61630 18
61640 19
61650 18
61660 12
61670 10
61680 15
61690 15
61700 21
61710 10
61720 6
61730 16
61740 9
61750 21
61760 22
61770 16
61780 17
61790 20
61800 15
61810 13
61820 12
61830 24
61840 28
61850 17
61860 15
61870 17
61880 14
61890 15
61900 17
61910 5
61920 7
61930 14
61940 17
61950 14
61960 0
61970 12
61980 15
61990 8
62000 14
62010 11
62020 17
62030 16
62040 15
62050 14
62060 11
62070 17
62080 7
62090 10
62100 18
62110 16
62120 11
62130 8
62140 19
62150 16
62160 10
62170 14
62180 10
62190 16
62200 20
62210 18
62220 20
62230 16
62240 20
62250 16
62260 17
62270 22
62280 19
62290 10
62300 9
62310 8
62320 6
62330 16
62340 10
62350 9
62360 8
62370 9
62380 7
62390 8
62400 1
62410 7
62420 5
62430 4
62440 6
62450 8
62460 8
62470 11
62480 5
62490 12
62500 5
62510 8
62520 9
62530 10
62540 11
62550 12
62560 21
62570 13
62580 9
62590 8
62600 1
62610 9
62620 9
62630 4
62640 5
62650 5
62660 9
62670 12
62680 10
62690 6
62700 1
62710 5
62720 7
62730 7
62740 2
62750 1
62760 6
62770 5
62780 5
62790 6
62800 5
62810 2
62820 6
62830 3
62840 1
62850 3
62860 5
62870 5
62880 3
62890 7
62900 3
62910 1
62920 1
62930 10
62940 3
62950 3
62960 6
62970 5
62980 3
62990 9
63000 15
63010 15
63020 7
63030 16
63040 13
63050 13
63060 7
63070 6
63080 14
63090 9
63100 9
63110 5
63120 8
63130 4
63140 13
63150 12
63160 13
63170 14
63180 17
63190 13
63200 10
63210 10
63220 16
63230 17
63240 10
63250 10
63260 11
63270 5
63280 6
63290 11
63300 10
63310 9
63320 11
63330 9
63340 11
63350 11
63360 8
63370 9
63380 15
63390 13
63400 9
63410 9
63420 13
63430 11
63440 5
63450 5
63460 6
63470 6
63480 4
63490 7
63500 7
63510 9
63520 6
63530 7
63540 9
63550 9
63560 14
63570 10
63580 10
63590 7
63600 11
63610 5
63620 3
63630 8
63640 7
63650 3
63660 6
63670 6
63680 8
63690 2
63700 11
63710 11
63720 12
63730 11
63740 3
63750 9
63760 7
63770 7
63780 4
63790 5
63800 6
63810 5
63820 8
63830 5
63840 6
63850 4
63860 9
63870 4
63880 2
63890 3
63900 2
63910 4
63920 4
63930 7
63940 7
63950 2
63960 10
63970 5
63980 4
63990 3
64000 6
64010 7
64020 5
64030 5
64040 7
64050 10
64060 17
64070 4
64080 9
64090 12
64100 10
64110 12
64120 11
64130 7
64140 10
64150 18
64160 9
64170 8
64180 7
64190 8
64200 3
64210 5
64220 3
64230 4
64240 4
64250 7
64260 8
64270 8
64280 7
64290 4
64300 1
64310 6
64320 8
64330 4
64340 6
64350 2
64360 10
64370 11
64380 1
64390 3
64400 6
64410 9
64420 6
64430 2
64440 9
64450 10
64460 5
64470 4
64480 9
64490 8
64500 8
64510 6
64520 5
64530 12
64540 4
64550 8
64560 15
64570 6
64580 12
64590 11
64600 7
64610 10
64620 5
64630 11
64640 7
64650 9
64660 11
64670 6
64680 12
64690 5
64700 10
64710 13
64720 2
64730 13
64740 5
64750 7
64760 4
64770 15
64780 9
64790 6
64800 6
64810 15
64820 11
64830 10
64840 10
64850 4
64860 10
64870 11
64880 3
64890 8
64900 9
64910 11
64920 9
64930 9
64940 6
64950 10
64960 11
64970 9
64980 11
64990 15
65000 13
65010 14
65020 22
65030 10
65040 3
65050 3
65060 7
65070 7
65080 13
65090 6
65100 16
65110 18
65120 13
65130 16
65140 9
65150 16
65160 12
65170 15
65180 13
65190 15
65200 15
65210 14
65220 27
65230 14
65240 13
65250 22
65260 8
65270 10
65280 12
65290 17
65300 16
65310 16
65320 20
65330 16
65340 11
65350 20
65360 22
65370 21
65380 18
65390 16
65400 15
65410 17
65420 17
65430 16
65440 24
65450 19
65460 21
65470 15
65480 18
65490 23
65500 20
65510 22
65520 23
65530 14
65540 13
65550 0
65560 1
65570 8
65580 0
65590 0
65600 1
65610 12
65620 11
65630 8
65640 12
65650 4
65660 3
65670 18
65680 1
65690 2
65700 2
65710 3
65720 1
65730 4
65740 9
65750 8
65760 2
65770 5
65780 6
65790 8
65800 6
65810 13
65820 13
65830 10
65840 6
65850 20
65860 16
65870 19
65880 20
65890 11
65900 13
65910 17
65920 12
65930 13
65940 6
65950 9
65960 9
65970 17
65980 17
65990 19
66000 14
66010 10
66020 8
66030 19
66040 15
66050 20
66060 18
66070 19
66080 15
66090 16
66100 3
66110 2
66120 7
66130 8
66140 8
66150 10
66160 5
66170 20
66180 13
66190 16
66200 4
66210 14
66220 13
66230 10
66240 5
66250 13
66260 16
66270 18
66280 19
66290 22
66300 22
66310 17
66320 17
66330 15
66340 9
66350 8
66360 8
66370 19
66380 13
66390 19
66400 20
66410 23
66420 27
66430 25
66440 28
66450 15
66460 12
66470 7
66480 10
66490 8
66500 6
66510 10
66520 3
66530 13
66540 17
66550 5
66560 9
66570 12
66580 10
66590 13
66600 10
66610 15
66620 9
66630 17
66640 12
66650 13
66660 7
66670 10
66680 11
66690 5
66700 14
66710 14
66720 12
66730 12
66740 5
66750 15
66760 17
66770 15
66780 16
66790 14
66800 0
66810 21
66820 9
66830 9
66840 19
66850 0
66860 16
66870 13
66880 14
66890 6
66900 6
66910 13
66920 12
66930 11
66940 7
66950 12
66960 21
66970 20
66980 13
66990 21
67000 28
67010 17
67020 16
67030 23
67040 23
67050 17
67060 16
67070 18
67080 14
67090 34
67100 14
67110 22
67120 32
67130 24
67140 29
67150 30
67160 17
67170 18
67180 14
67190 19
67200 23
67210 18
67220 29
67230 27
67240 21
67250 12
67260 7
67270 10
67280 21
67290 23
67300 26
67310 24
67320 25
67330 13
67340 8
67350 27
67360 14
67370 27
67380 25
67390 21
67400 19
67410 16
67420 12
67430 22
67440 25
67450 18
67460 33
67470 23
67480 29
67490 24
67500 9
67510 18
67520 12
67530 26
67540 20
67550 26
67560 16
67570 19
67580 24
67590 32
67600 29
67610 22
67620 17
67630 20
67640 24
67650 16
67660 26
67670 28
67680 21
67690 23
67700 20
67710 18
67720 19
67730 27
67740 27
67750 33
67760 21
67770 22
67780 31
67790 25
67800 23
67810 30
67820 23
67830 16
67840 21
67850 16
67860 19
67870 32
67880 15
67890 18
67900 12
67910 24
67920 12
67930 20
67940 25
67950 22
67960 39
67970 21
67980 15
67990 18
68000 26
68010 34
68020 27
68030 22
68040 21
68050 27
68060 31
68070 23
68080 20
68090 22
68100 23
68110 32
68120 32
68130 32
68140 23
68150 34
68160 19
68170 22
68180 18
68190 36
68200 9
68210 10
68220 15
68230 27
68240 17
68250 21
68260 13
68270 24
68280 15
68290 23
68300 21
68310 26
68320 26
68330 18
68340 19
68350 22
68360 13
68370 19
68380 17
68390 28
68400 22
68410 17
68420 34
68430 10
68440 25
68450 16
68460 7
68470 14
68480 10
68490 32
68500 18
68510 21
68520 34
68530 27
68540 28
68550 22
68560 23
68570 21
68580 13
68590 7
68600 18
68610 25
68620 29
68630 25
68640 20
68650 35
68660 26
68670 15
68680 18
68690 32
68700 26
68710 20
68720 19
68730 21
68740 18
68750 19
68760 12
68770 18
68780 26
68790 24
68800 20
68810 21
68820 20
68830 26
68840 23
68850 27
68860 17
68870 23
68880 14
68890 18
68900 24
68910 21
68920 25
68930 23
68940 28
68950 25
68960 15
68970 24
68980 5
68990 21
69000 15
69010 12
69020 34
69030 30
69040 21
69050 16
69060 24
69070 14
69080 18
69090 19
69100 21
69110 27
69120 12
69130 37
69140 14
69150 15
69160 20
69170 9
69180 14
69190 15
69200 15
69210 10
69220 11
69230 20
69240 20
69250 22
69260 22
69270 15
69280 22
69290 25
69300 13
69310 14
69320 24
69330 27
69340 26
69350 24
69360 20
69370 28
69380 28
69390 17
69400 30
69410 23
69420 9
69430 9
69440 6
69450 3
69460 4
69470 11
69480 6
69490 7
69500 9
69510 8
69520 6
69530 7
69540 7
69550 16
69560 9
69570 9
69580 27
69590 14
69600 27
69610 10
69620 20
69630 13
69640 27
69650 21
69660 22
69670 27
69680 23
69690 19
69700 15
69710 23
69720 36
69730 19
69740 32
69750 24
69760 12
69770 14
69780 10
69790 27
69800 21
69810 20
69820 22
69830 24
69840 10
69850 19
69860 26
69870 27
69880 26
69890 26
69900 24
69910 18
69920 27
69930 18
69940 19
69950 28
69960 31
69970 32
69980 22
69990 29
70000 21
70010 36
70020 29
70030 26
70040 28
70050 27
70060 33
70070 24
70080 21
70090 23
70100 28
70110 20
70120 18
70130 23
70140 21
70150 18
70160 29
70170 19
70180 23
70190 31
70200 19
70210 29
70220 24
70230 25
70240 15
70250 15
70260 16
70270 19
70280 14
70290 18
70300 17
70310 12
70320 19
70330 14
70340 15
70350 12
70360 20
70370 19
70380 16
70390 17
70400 16
70410 12
70420 13
70430 12
70440 22
70450 13
70460 14
70470 13
70480 16
70490 17
70500 15
70510 20
70520 16
70530 17
70540 17
70550 13
70560 16
70570 17
70580 18
70590 20
70600 14
70610 15
70620 15
70630 19
70640 18
70650 20
70660 14
70670 25
70680 14
70690 20
70700 22
70710 19
70720 15
70730 15
70740 16
70750 16
70760 18
70770 21
70780 13
70790 17
70800 17
70810 14
70820 18
70830 15
70840 17
70850 18
70860 17
70870 16
70880 14
70890 19
70900 14
70910 15
70920 16
70930 18
70940 15
70950 21
70960 19
70970 16
70980 19
70990 17
71000 16
71010 19
71020 17
71030 12
71040 17
71050 15
71060 18
71070 18
71080 17
71090 23
71100 14
71110 17
71120 12
71130 15
71140 14
71150 13
71160 10
71170 9
71180 13
71190 15
71200 14
71210 15
71220 16
71230 17
71240 14
71250 19
71260 12
71270 13
71280 14
71290 16
71300 16
71310 16
71320 19
71330 17
71340 18
71350 14
71360 17
71370 27
71380 24
71390 12
71400 26
71410 8
71420 17
71430 21
71440 15
71450 12
71460 22
71470 19
71480 19
71490 14
71500 11
71510 14
71520 20
71530 17
71540 19
71550 20
71560 15
71570 11
71580 21
71590 18
71600 14
71610 16
71620 21
71630 18
71640 14
71650 17
71660 18
71670 15
71680 17
71690 15
71700 15
71710 17
71720 14
71730 9
71740 8
71750 20
71760 20
71770 16
71780 21
71790 16
71800 14
71810 25
71820 19
71830 16
71840 12
71850 6
71860 14
71870 15
71880 22
71890 16
71900 16
71910 10
71920 15
71930 14
71940 18
71950 13
71960 12
71970 21
71980 16
71990 16
72000 17
72010 19
72020 18
72030 14
72040 15
72050 16
72060 19
72070 18
72080 18
72090 14
72100 12
72110 15
72120 17
72130 18
72140 15
72150 15
72160 13
72170 16
72180 15
72190 18
72200 17
72210 10
72220 11
72230 12
72240 13
72250 15
72260 18
72270 14
72280 14
72290 17
72300 18
72310 4
72320 7
72330 9
72340 8
72350 10
72360 7
72370 7
72380 7
72390 7
72400 7
72410 5
72420 6
72430 10
72440 7
72450 9
72460 10
72470 8
72480 13
72490 9
72500 10
72510 10
72520 8
72530 13
72540 12
72550 17
72560 11
72570 8
72580 8
72590 8
72600 21
72610 13
72620 16
72630 14
72640 19
72650 7
72660 15
72670 5
72680 10
72690 7
72700 14
72710 13
72720 10
72730 6
72740 13
72750 12
72760 8
72770 21
72780 11
72790 17
72800 8
72810 8
72820 5
72830 8
72840 9
72850 13
72860 6
72870 10
72880 6
72890 20
72900 10
72910 14
72920 10
72930 13
72940 14
72950 17
72960 21
72970 16
72980 17
72990 15
73000 19
73010 13
73020 8
73030 6
73040 13
73050 18
73060 20
73070 13
73080 16
73090 14
73100 14
73110 18
73120 18
73130 14
73140 16
73150 11
73160 14
73170 10
73180 13
73190 13
73200 14
73210 10
73220 13
73230 13
73240 12
73250 16
73260 9
73270 17
73280 16
73290 12
73300 5
73310 4
73320 17
73330 5
73340 17
73350 7
73360 18
73370 8
73380 11
73390 19
73400 18
73410 9
73420 16
73430 12
73440 11
73450 13
73460 11
73470 11
73480 10
73490 2
73500 12
73510 12
73520 13
73530 23
73540 14
73550 11
73560 11
73570 18
73580 23
73590 19
73600 19
73610 11
73620 17
73630 13
73640 8
73650 13
73660 25
73670 14
73680 16
73690 11
73700 14
73710 17
73720 7
73730 8
73740 10
73750 7
73760 13
73770 20
73780 12
73790 16
73800 5
73810 6
73820 5
73830 8
73840 9
73850 7
73860 7
73870 8
73880 11
73890 16
73900 16
73910 4
73920 12
73930 31
73940 20
73950 20
73960 29
73970 24
73980 20
73990 20
74000 23
74010 22
74020 25
74030 26
74040 28
74050 27
74060 24
74070 24
74080 20
74090 31
74100 26
74110 22
74120 22
74130 26
74140 8
74150 12
74160 10
74170 6
74180 15
74190 13
74200 13
74210 14
74220 9
74230 15
74240 13
74250 15
74260 6
74270 24
74280 12
74290 13
74300 19
74310 15
74320 15
74330 28
74340 28
74350 32
74360 32
74370 26
74380 21
74390 25
74400 18
74410 23
74420 29
74430 20
74440 15
74450 24
74460 23
74470 25
74480 25
74490 24
74500 25
74510 17
74520 22
74530 18
74540 28
74550 10
74560 13
74570 7
74580 2
74590 10
74600 11
74610 10
74620 10
74630 18
74640 3
74650 13
74660 15
74670 13
74680 2
74690 4
74700 11
74710 8
74720 10
74730 10
74740 11
74750 12
74760 19
74770 13
74780 22
74790 7
74800 13
74810 18
74820 5
74830 7
74840 12
74850 5
74860 5
74870 14
74880 14
74890 3
74900 8
74910 4
74920 15
74930 7
74940 11
74950 7
74960 12
74970 9
74980 11
74990 6
75000 6
75010 3
75020 9
75030 22
75040 12
75050 12
75060 6
75070 10
75080 6
75090 12
75100 10
75110 7
75120 11
75130 12
75140 12
75150 5
75160 7
75170 13
75180 7
75190 6
75200 10
75210 11
75220 13
75230 12
75240 11
75250 10
75260 19
75270 7
75280 19
75290 17
75300 9
75310 5
75320 19
75330 7
75340 18
75350 16
75360 18
75370 13
75380 17
75390 14
75400 20
75410 19
75420 5
75430 11
75440 7
75450 7
75460 5
75470 10
75480 16
75490 7
75500 8
75510 12
75520 8
75530 8
75540 8
75550 7
75560 13
75570 15
75580 12
75590 12
75600 14
75610 11
75620 3
75630 15
75640 12
75650 13
75660 7
75670 11
75680 8
75690 5
75700 10
75710 7
75720 10
75730 12
75740 7
75750 12
75760 8
75770 8
75780 10
75790 10
75800 7
75810 15
75820 13
75830 7
75840 11
75850 10
75860 5
75870 15
75880 7
75890 10
75900 17
75910 19
75920 2
75930 9
75940 6
75950 16
75960 8
75970 13
75980 6
75990 6
76000 16
76010 5
76020 13
76030 4
76040 8
76050 5
76060 7
76070 7
76080 10
76090 14
76100 14
76110 11
76120 6
76130 10
76140 8
76150 15
76160 8
76170 16
76180 9
76190 9
76200 18
76210 10
76220 11
76230 6
76240 4
76250 21
76260 16
76270 20
76280 15
76290 13
76300 9
76310 12
76320 9
76330 14
76340 15
76350 18
76360 17
76370 21
76380 23
76390 24
76400 25
76410 12
76420 19
76430 11
76440 8
76450 8
76460 10
76470 12
76480 12
76490 11
76500 8
76510 6
76520 11
76530 5
76540 7
76550 11
76560 9
76570 3
76580 10
76590 3
76600 0
76610 9
76620 2
76630 2
76640 3
76650 6
76660 9
76670 3
76680 0
76690 3
76700 6
76710 5
76720 9
76730 11
76740 14
76750 11
76760 13
76770 14
76780 10
76790 6
76800 0
76810 7
76820 11
76830 14
76840 14
76850 13
76860 11
76870 12
76880 15
76890 10
76900 17
76910 12
76920 21
76930 7
76940 10
76950 11
76960 16
76970 11
76980 16
76990 14
77000 13
77010 17
77020 13
77030 14
77040 10
77050 13
77060 11
77070 18
77080 15
77090 13
77100 11
77110 14
77120 12
77130 11
77140 10
77150 12
77160 16
77170 17
77180 22
77190 10
77200 12
77210 8
77220 15
77230 15
77240 11
77250 8
77260 15
77270 16
77280 15
77290 12
77300 14
77310 16
77320 19
77330 14
77340 17
77350 18
77360 12
77370 17
77380 14
77390 14
77400 20
77410 15
77420 18
77430 14
77440 21
77450 14
77460 19
77470 12
77480 14
77490 15
77500 11
77510 11
77520 21
77530 13
77540 10
77550 21
77560 11
77570 16
77580 14
77590 9
77600 21
77610 8
77620 17
77630 10
77640 17
77650 11
77660 13
77670 16
77680 14
77690 20
77700 21
77710 12
77720 13
77730 23
77740 12
77750 11
77760 21
77770 16
77780 16
77790 20
77800 17
77810 21
77820 18
77830 10
77840 12
77850 21
77860 18
77870 19
77880 14
77890 16
77900 9
77910 18
77920 15
77930 8
77940 7
77950 14
77960 18
77970 14
77980 15
77990 19
78000 14
78010 19
78020 21
78030 18
78040 16
78050 11
78060 16
78070 11
78080 15
78090 16
78100 21
78110 18
78120 21
78130 16
78140 13
78150 15
78160 14
78170 13
78180 11
78190 4
78200 10
78210 9
78220 3
78230 4
78240 1
78250 6
78260 4
78270 8
78280 10
78290 2
78300 4
78310 5
78320 7
78330 4
78340 7
78350 6
78360 4
78370 7
78380 8
78390 10
78400 11
78410 11
78420 12
78430 4
78440 15
78450 17
78460 16
78470 24
78480 14
78490 28
78500 17
78510 25
78520 22
78530 17
78540 16
78550 23
78560 17
78570 25
78580 18
78590 23
78600 15
78610 5
78620 2
78630 6
78640 4
78650 2
78660 4
78670 9
78680 8
78690 14
78700 6
78710 9
78720 18
78730 13
78740 10
78750 13
78760 8
78770 17
78780 12
78790 11
78800 7
78810 17
78820 13
78830 15
78840 10
78850 11
78860 18
78870 30
78880 14
78890 22
78900 28
78910 23
78920 31
78930 21
78940 27
78950 20
78960 28
78970 14
78980 25
78990 28
79000 20
79010 18
79020 30
79030 19
79040 22
79050 19
79060 10
79070 12
79080 19
79090 24
79100 24
79110 15
79120 24
79130 24
79140 14
79150 15
79160 21
79170 23
79180 21
79190 22
79200 21
79210 26
79220 22
79230 18
79240 25
79250 24
79260 20
79270 13
79280 17
79290 17
79300 24
79310 30
79320 33
79330 7
79340 26
79350 25
79360 10
79370 26
79380 25
79390 20
79400 25
79410 23
79420 26
79430 22
79440 17
79450 30
79460 22
79470 19
79480 14
79490 18
79500 24
79510 25
79520 27
79530 16
79540 26
79550 31
79560 22
79570 22
79580 26
79590 22
79600 12
79610 18
79620 11
79630 26
79640 22
79650 29
79660 26
79670 26
79680 26
79690 17
79700 17
79710 35
79720 24
79730 17
79740 18
79750 20
79760 17
79770 20
79780 21
79790 12
79800 27
79810 20
79820 27
79830 20
79840 18
79850 23
79860 29
79870 32
79880 23
79890 26
79900 26
79910 27
79920 21
79930 34
79940 26
79950 29
79960 29
79970 21
79980 28
79990 23
80000 30
80010 20
80020 11
80030 20
80040 19
80050 26
80060 22
80070 23
80080 30
80090 23
80100 26
80110 27
80120 15
80130 36
80140 29
80150 29
80160 17
80170 20
80180 27
80190 26
80200 22
80210 18
80220 23
80230 34
80240 25
80250 17
80260 25
80270 18
80280 29
80290 21
80300 15
80310 21
80320 18
80330 13
80340 26
80350 17
80360 24
80370 15
80380 23
80390 22
80400 28
80410 25
80420 25
80430 29
80440 20
80450 16
80460 23
80470 24
80480 24
80490 27
80500 22
80510 16
80520 27
80530 25
80540 21
80550 19
80560 13
80570 15
80580 13
80590 8
80600 18
80610 13
80620 14
80630 21
80640 10
80650 11
80660 11
80670 10
80680 15
80690 14
80700 9
80710 22
80720 15
80730 8
80740 17
80750 6
80760 12
80770 9
80780 10
80790 5
80800 15
80810 11
80820 7
80830 12
80840 7
80850 4
80860 7
80870 12
80880 7
80890 15
80900 17
80910 8
80920 7
80930 9
80940 7
80950 5
80960 12
80970 12
80980 13
80990 23
81000 10
81010 3
81020 15
81030 21
81040 17
81050 12
81060 12
81070 14
81080 15
81090 15
81100 14
81110 11
81120 15
81130 6
81140 17
81150 10
81160 3
81170 0
81180 0
81190 0
81200 5
81210 16
81220 12
81230 7
81240 0
81250 7
81260 8
81270 0
81280 0
81290 0
81300 0
81310 0
81320 0
81330 0
81340 0
81350 2
81360 0
81370 6
81380 0
81390 9
81400 4
81410 9
81420 8
81430 8
81440 16
81450 17
81460 15
81470 16
81480 22
81490 26
81500 21
81510 27
81520 20
81530 15
81540 17
81550 10
81560 14
81570 13
81580 5
81590 15
81600 13
81610 0
81620 0
81630 0
81640 0
81650 0
81660 0
81670 0
81680 2
81690 10
81700 8
81710 12
81720 12
81730 12
81740 10
81750 7
81760 13
81770 8
81780 14
81790 11
81800 9
81810 10
81820 5
81830 14
81840 5
81850 10
81860 8
81870 7
81880 5
81890 2
81900 5
81910 6
81920 5
81930 4
81940 6
81950 9
81960 7
81970 15
81980 12
81990 12
82000 6
82010 7
82020 6
82030 5
82040 6
82050 3
82060 5
82070 5
82080 6
82090 17
82100 5
82110 5
82120 7
82130 6
82140 6
82150 8
82160 10
82170 3
82180 5
82190 9
82200 5
82210 7
82220 3
82230 8
82240 7
82250 5
82260 7
82270 5
82280 6
82290 7
82300 8
82310 5
82320 5
82330 5
82340 4
82350 6
82360 6
82370 7
82380 8
82390 4
82400 1
82410 8
82420 4
82430 7
82440 5
82450 8
82460 7
82470 1
82480 16
82490 16
82500 16
82510 10
82520 15
82530 3
82540 16
82550 13
82560 14
82570 13
82580 14
82590 8
82600 6
82610 5
82620 8
82630 7
82640 11
82650 17
82660 6
82670 9
82680 15
82690 14
82700 13
82710 16
82720 18
82730 16
82740 11
82750 7
82760 11
82770 8
82780 8
82790 15
82800 8
82810 11
82820 4
82830 9
82840 11
82850 12
82860 12
82870 10
82880 9
82890 7
82900 11
82910 11
82920 13
82930 14
82940 16
82950 18
82960 8
82970 16
82980 7
82990 13
83000 13
83010 4
83020 8
83030 8
83040 4
83050 6
83060 4
83070 4
83080 4
83090 5
83100 7
83110 4
83120 6
83130 6
83140 8
83150 5
83160 4
83170 3
83180 4
83190 6
83200 4
83210 5
83220 6
83230 9
83240 3
83250 1
83260 5
83270 6
83280 7
83290 6
83300 8
83310 7
83320 8
83330 4
83340 11
83350 8
83360 9
83370 8
83380 9
83390 3
83400 4
83410 12
83420 8
83430 9
83440 8
83450 8
83460 14
83470 5
83480 14
83490 12
83500 14
83510 10
83520 12
83530 12
83540 13
83550 13
83560 7
83570 7
83580 11
83590 6
83600 11
83610 13
83620 7
83630 3
83640 4
83650 6
83660 10
83670 12
83680 11
83690 10
83700 5
83710 3
83720 12
83730 9
83740 7
83750 10
83760 8
83770 9
83780 2
83790 9
83800 10
83810 3
83820 11
83830 3
83840 5
83850 10
83860 9
83870 2
83880 17
83890 12
83900 10
83910 10
83920 9
83930 14
83940 2
83950 9
83960 11
83970 10
83980 4
83990 12
84000 8
84010 6
84020 9
84030 3
84040 5
84050 9
84060 7
84070 5
84080 4
84090 5
84100 5
84110 9
84120 4
84130 7
84140 16
84150 5
84160 3
84170 9
84180 10
84190 6
84200 6
84210 6
84220 6
84230 10
84240 12
84250 9
84260 7
84270 7
84280 11
84290 6
84300 5
84310 10
84320 10
84330 11
84340 5
84350 9
84360 10
84370 7
84380 4
84390 10
84400 5
84410 8
84420 5
84430 8
84440 7
84450 6
84460 13
84470 12
84480 9
84490 16
84500 9
84510 23
84520 30
84530 25
84540 25
84550 17
84560 16
84570 11
84580 15
84590 17
84600 14
84610 17
84620 14
84630 32
84640 24
84650 23
84660 25
84670 30
84680 13
84690 8
84700 5
84710 5
84720 9
84730 5
84740 4
84750 6
84760 1
84770 10
84780 12
84790 13
84800 6
84810 9
84820 9
84830 13
84840 8
84850 5
84860 7
84870 4
84880 11
84890 10
84900 9
84910 7
84920 10
84930 12
84940 13
84950 5
84960 3
84970 3
84980 3
84990 7
85000 5
85010 4
85020 9
85030 3
85040 7
85050 4
85060 7
85070 4
85080 10
85090 8
85100 8
85110 7
85120 10
85130 9
85140 9
85150 16
85160 4
85170 6
85180 8
85190 7
85200 5
85210 6
85220 12
85230 9
85240 14
85250 11
85260 10
85270 9
85280 1
85290 15
85300 18
85310 19
85320 15
85330 14
85340 4
85350 6
85360 4
85370 4
85380 5
85390 3
85400 9
85410 7
85420 5
85430 3
85440 4
85450 5
85460 3
85470 7
85480 4
85490 8
85500 9
85510 6
85520 6
85530 9
85540 6
85550 7
85560 5
85570 6
85580 5
85590 6
85600 9
85610 6
85620 7
85630 5
85640 5
85650 6
85660 8
85670 7
85680 6
85690 8
85700 5
85710 6
85720 5
85730 1
85740 4
85750 3
85760 4
85770 4
85780 5
85790 4
85800 6
85810 5
85820 9
85830 5
85840 4
85850 5
85860 4
85870 5
85880 4
85890 4
85900 6
85910 5
85920 7
85930 3
85940 1
85950 0
85960 6
85970 2
85980 5
85990 5
86000 8
86010 4
86020 6
86030 4
86040 7
86050 6
86060 6
86070 8
86080 8
86090 7
86100 2
86110 6
86120 7
86130 14
86140 7
86150 8
86160 5
86170 7
86180 4
86190 3
86200 7
86210 5
86220 3
86230 2
86240 2
86250 7
86260 13
86270 9
86280 14
86290 18
86300 17
86310 22
86320 19
86330 17
86340 12
86350 10
86360 10
86370 11
86380 8
86390 11
86400 4
86410 6
86420 9
86430 11
86440 8
86450 3
86460 21
86470 7
86480 23
86490 11
86500 10
86510 10
86520 8
86530 7
86540 12
86550 22
86560 14
86570 21
86580 18
86590 16
86600 11
86610 4
86620 12
86630 2
86640 9
86650 1
86660 3
86670 10
86680 13
86690 18
86700 15
86710 18
86720 18
86730 12
86740 16
86750 6
86760 7
86770 2
86780 2
86790 3
86800 8
86810 9
86820 8
86830 2
86840 11
86850 9
86860 10
86870 2
86880 13
86890 14
86900 9
86910 17
86920 12
86930 12
86940 13
86950 20
86960 20
86970 15
86980 22
86990 20
87000 26
87010 20
87020 19
87030 10
87040 2
87050 8
87060 12
87070 16
87080 19
87090 15
87100 21
87110 9
87120 18
87130 10
87140 25
87150 17
87160 24
87170 20
87180 20
87190 9
87200 11
87210 11
87220 6
87230 11
87240 3
87250 7
87260 6
87270 2
87280 1
87290 5
87300 5
87310 1
87320 4
87330 2
87340 7
87350 5
87360 4
87370 4
87380 3
87390 4
87400 9
87410 8
87420 3
87430 3
87440 0
87450 3
87460 5
87470 3
87480 4
87490 1
87500 7
87510 6
87520 6
87530 2
87540 0
87550 6
87560 3
87570 0
87580 0
87590 1
87600 1
87610 5
87620 9
87630 4
87640 1
87650 3
87660 6
87670 8
87680 20
87690 17
87700 13
87710 16
87720 10
87730 23
87740 23
87750 29
87760 22
87770 18
87780 28
87790 25
87800 23
87810 20
87820 20
87830 27
87840 25
87850 21
87860 26
87870 19
87880 23
87890 30
87900 30
87910 23
87920 18
87930 16
87940 18
87950 18
87960 19
87970 23
87980 24
87990 25
88000 29
88010 33
88020 23
88030 23
88040 25
88050 28
88060 29
88070 30
88080 23
88090 21
88100 26
88110 25
88120 28
88130 31
88140 37
88150 22
88160 19
88170 21
88180 25
88190 29
88200 26
88210 25
88220 30
88230 11
88240 12
88250 30
88260 27
88270 24
88280 26
88290 19
88300 22
88310 17
88320 28
88330 28
88340 21
88350 19
88360 14
88370 20
88380 21
88390 13
88400 28
88410 18
88420 20
88430 9
88440 24
88450 22
88460 22
88470 25
88480 25
88490 26
88500 29
88510 20
88520 26
88530 25
88540 27
88550 14
88560 23
88570 15
88580 11
88590 15
88600 17
88610 10
88620 12
88630 13
88640 12
88650 13
88660 12
88670 13
88680 17
88690 16
88700 20
88710 15
88720 17
88730 10
88740 11
88750 10
88760 14
88770 21
88780 4
88790 14
88800 5
88810 10
88820 6
88830 5
88840 8
88850 6
88860 1
88870 16
88880 11
88890 18
88900 1
88910 5
88920 1
88930 11
88940 15
88950 19
88960 20
88970 20
88980 12
88990 15
89000 10
89010 18
89020 8
89030 11
89040 19
89050 10
89060 6
89070 7
89080 14
89090 17
89100 13
89110 1
89120 2
89130 2
89140 7
89150 3
89160 8
89170 19
89180 13
89190 16
89200 22
89210 19
89220 25
89230 14
89240 10
89250 10
89260 12
89270 3
89280 12
89290 17
89300 11
89310 2
89320 17
89330 5
89340 8
89350 16
89360 14
89370 7
89380 4
89390 14
89400 14
89410 16
89420 5
89430 18
89440 15
89450 7
89460 8
89470 8
89480 14
89490 6
89500 8
89510 6
89520 3
89530 1
89540 5
89550 6
89560 13
89570 17
89580 16
89590 14
89600 13
89610 4
89620 6
89630 15
89640 13
89650 22
89660 19
89670 22
89680 21
89690 19
89700 11
89710 16
89720 14
89730 18
89740 9
89750 16
89760 12
89770 7
89780 18
89790 19
89800 21
89810 14
89820 13
89830 11
89840 17
89850 9
89860 15
89870 8
89880 7
89890 13
89900 9
89910 18
89920 10
89930 22
89940 19
89950 20
89960 14
89970 5
89980 14
89990 19
90000 7
90010 8
90020 13
90030 16
90040 14
90050 1
90060 11
90070 9
90080 13
90090 6
90100 3
90110 7
90120 7
90130 6
90140 12
90150 10
90160 3
90170 13
90180 14
90190 12
90200 13
90210 6
90220 13
90230 11
90240 6
90250 6
90260 6
90270 7
90280 11
90290 0
90300 0
90310 2
90320 0
90330 1
90340 12
90350 9
90360 20
90370 13
90380 10
90390 21
90400 11
90410 12
90420 19
90430 8
90440 8
90450 17
90460 5
90470 16
90480 30
90490 17
90500 17
90510 22
90520 20
90530 23
90540 28
90550 9
90560 17
90570 10
90580 12
90590 13
90600 10
90610 15
90620 10
90630 10
90640 12
90650 14
90660 20
90670 16
90680 24
90690 24
90700 26
90710 19
90720 20
90730 19
90740 8
90750 23
90760 8
90770 11
90780 27
90790 13
90800 28
90810 15
90820 19
90830 20
90840 17
90850 24
90860 20
90870 11
90880 17
90890 15
90900 18
90910 29
90920 27
90930 20
90940 11
90950 22
90960 15
90970 20
90980 16
90990 11
91000 25
91010 17
91020 12
91030 19
91040 19
91050 18
91060 13
91070 28
91080 28
91090 28
91100 22
91110 19
91120 19
91130 18
91140 33
91150 21
91160 9
91170 13
91180 12
91190 11
91200 9
91210 21
91220 4
91230 18
91240 16
91250 10
91260 6
91270 18
91280 10
91290 6
91300 6
91310 11
91320 11
91330 16
91340 8
91350 11
91360 7
91370 15
91380 5
91390 11
91400 10
91410 8
91420 8
91430 13
91440 15
91450 13
91460 15
91470 16
91480 16
91490 7
91500 14
91510 4
91520 14
91530 13
91540 3
91550 11
91560 14
91570 14
91580 9
91590 11
91600 12
91610 14
91620 7
91630 11
91640 8
91650 11
91660 12
91670 11
91680 14
91690 4
91700 6
91710 10
91720 7
91730 3
91740 10
91750 14
91760 15
91770 17
91780 17
91790 21
91800 21
91810 17
91820 28
91830 22
91840 22
91850 15
91860 12
91870 18
91880 24
91890 18
91900 18
91910 17
91920 22
91930 16
91940 20
91950 17
91960 14
91970 16
91980 14
91990 28
92000 20
92010 24
92020 15
92030 22
92040 18
92050 22
92060 23
92070 17
92080 15
92090 9
92100 5
92110 15
92120 18
92130 26
92140 16
92150 16
92160 17
92170 10
92180 19
92190 5
92200 23
92210 21
92220 42
92230 49
92240 39
92250 48
92260 45
92270 36
92280 46
92290 51
92300 40
92310 47
92320 46
92330 43
92340 46
92350 44
92360 44
92370 52
92380 32
92390 48
92400 44
92410 41
92420 50
92430 43
92440 39
92450 57
92460 56
92470 50
92480 35
92490 44
92500 45
92510 50
92520 49
92530 39
92540 43
92550 52
92560 51
92570 42
92580 50
92590 46
92600 48
92610 37
92620 51
92630 47
92640 38
92650 55
92660 50
92670 43
92680 44
92690 44
92700 43
92710 44
92720 50
92730 47
92740 45
92750 44
92760 40
92770 50
92780 46
92790 0
92800 0
92810 53
92820 52
92830 49
92840 49
92850 45
92860 50
92870 43
92880 45
92890 40
92900 48
92910 42
92920 48
92930 52
92940 46
92950 50
92960 45
92970 45
92980 52
92990 36
93000 52
93010 48
93020 34
93030 41
93040 44
93050 49
93060 42
93070 48
93080 42
93090 37
93100 42
93110 45
93120 59
93130 49
93140 53
93150 41
93160 53
93170 54
93180 46
93190 42
93200 43
93210 50
93220 52
93230 50
93240 49
93250 40
93260 44
93270 43
93280 52
93290 51
93300 55
93310 49
93320 50
93330 42
93340 48
93350 45
93360 43
93370 49
93380 46
93390 43
93400 39
93410 43
93420 41
93430 46
93440 43
93450 47
93460 43
93470 48
93480 0
93490 0
93500 48
93510 52
93520 49
93530 51
93540 47
93550 51
93560 56
93570 50
93580 45
93590 40
93600 53
93610 55
93620 54
93630 44
93640 50
93650 45
93660 42
93670 45
93680 47
93690 46
93700 50
93710 47
93720 49
93730 44
93740 48
93750 57
93760 43
93770 46
93780 47
93790 54
93800 36
93810 36
93820 51
93830 47
93840 48
93850 51
93860 48
93870 53
93880 39
93890 44
93900 53
93910 47
93920 56
93930 45
93940 31
93950 48
93960 46
93970 43
93980 50
93990 50
94000 42
94010 45
94020 45
94030 58
94040 45
94050 51
94060 48
94070 53
94080 56
94090 52
94100 46
94110 52
94120 44
94130 44
94140 45
94150 51
94160 62
94170 46
94180 50
94190 47
94200 32
94210 51
94220 46
94230 47
94240 47
94250 49
94260 44
94270 53
94280 47
94290 52
94300 45
94310 47
94320 42
94330 45
94340 57
94350 54
94360 46
94370 45
94380 40
94390 51
94400 49
94410 49
94420 43
94430 49
94440 40
94450 39
94460 39
94470 42
94480 41
94490 53
94500 50
94510 43
94520 40
94530 40
94540 50
94550 40
94560 40
94570 48
94580 46
94590 43
94600 41
94610 43
94620 45
94630 46
94640 50
94650 49
94660 45
94670 49
94680 52
94690 44
94700 44
94710 44
94720 48
94730 47
94740 46
94750 48
94760 52
94770 47
94780 56
94790 49
94800 47
94810 53
94820 41
94830 45
94840 52
94850 44
94860 44
94870 41
94880 48
94890 43
94900 47
94910 47
94920 37
94930 49
94940 46
94950 42
94960 54
94970 54
94980 47
94990 49
95000 44
95010 56
95020 52
95030 50
95040 43
95050 42
95060 44
95070 52
95080 52
95090 41
95100 50
95110 47
95120 52
95130 59
95140 45
95150 52
95160 45
95170 51
95180 47
95190 52
95200 44
95210 46
95220 45
95230 51
95240 43
95250 47
95260 53
95270 50
95280 41
95290 52
95300 38
95310 47
95320 51
95330 46
95340 42
95350 53
95360 55
95370 39
95380 52
95390 47
95400 48
95410 53
95420 48
95430 44
95440 44
95450 49
95460 50
95470 45
95480 19
95490 26
95500 19
95510 23
95520 15
95530 13
95540 23
95550 0
95560 0
95570 14
95580 16
95590 16
95600 9
95610 20
95620 17
95630 16
95640 19
95650 16
95660 20
95670 11
95680 24
95690 23
95700 18
95710 20
95720 16
95730 9
95740 10
95750 13
95760 7
95770 23
95780 23
95790 17
95800 9
95810 12
95820 12
95830 11
95840 15
95850 12
95860 27
95870 11
95880 10
95890 8
95900 3
95910 8
95920 7
95930 6
95940 4
95950 9
95960 13
95970 13
95980 11
95990 8
96000 5
96010 10
96020 24
96030 26
96040 17
96050 19
96060 6
96070 17
96080 27
96090 16
96100 21
96110 26
96120 33
96130 1
96140 24
96150 22
96160 25
96170 34
96180 25
96190 21
96200 13
96210 24
96220 21
96230 18
96240 14
96250 17
96260 22
96270 25
96280 28
96290 17
96300 18
96310 17
96320 15
96330 21
96340 17
96350 9
96360 10
96370 5
96380 10
96390 8
96400 10
96410 5
96420 4
96430 4
96440 6
96450 12
96460 12
96470 13
96480 15
96490 11
96500 10
96510 12
96520 13
96530 14
96540 13
96550 12
96560 10
96570 14
96580 14
96590 13
96600 1
96610 6
96620 14
96630 21
96640 13
96650 15
96660 16
96670 6
96680 10
96690 3
96700 6
96710 11
96720 5
96730 5
96740 12
96750 8
96760 14
96770 10
96780 1
96790 2
96800 9
96810 1
96820 5
96830 8
96840 12
96850 12
96860 11
96870 2
96880 12
96890 19
96900 9
96910 13
96920 5
96930 4
96940 9
96950 13
96960 10
96970 14
96980 15
96990 16
97000 16
97010 15
97020 9
97030 22
97040 19
97050 12
97060 11
97070 7
97080 15
97090 15
97100 19
97110 19
97120 8
97130 9
97140 12
97150 4
97160 9
97170 9
97180 7
97190 9
97200 9
97210 6
97220 16
97230 13
97240 10
97250 12
97260 20
97270 19
97280 9
97290 5
97300 8
97310 4
97320 16
97330 16
97340 14
97350 10
97360 15
97370 8
97380 13
97390 12
97400 12
97410 11
97420 10
97430 9
97440 13
97450 17
97460 16
97470 10
97480 12
97490 12
97500 9
97510 12
97520 20
97530 13
97540 6
97550 12
97560 14
97570 14
97580 13
97590 17
97600 13
97610 6
97620 14
97630 11
97640 13
97650 9
97660 11
97670 17
97680 13
97690 13
97700 4
97710 3
97720 8
97730 2
97740 7
97750 4
97760 7
97770 3
97780 1
97790 2
97800 0
97810 3
97820 5
97830 2
97840 3
97850 0
97860 9
97870 1
97880 0
97890 5
97900 8
97910 4
97920 0
97930 11
97940 1
97950 8
97960 19
97970 12
97980 13
97990 9
98000 11
98010 18
98020 28
98030 18
98040 14
98050 15
98060 13
98070 15
98080 21
98090 13
98100 22
98110 23
98120 17
98130 14
98140 13
98150 15
98160 16
98170 16
98180 27
98190 27
98200 19
98210 23
98220 16
98230 21
98240 16
98250 13
98260 14
98270 13
98280 17
98290 23
98300 21
98310 16
98320 21
98330 10
98340 15
98350 9
98360 19
98370 18
98380 10
98390 15
98400 29
98410 18
98420 21
98430 23
98440 18
98450 14
98460 15
98470 13
98480 14
98490 12
98500 11
98510 14
98520 9
98530 11
98540 14
98550 28
98560 20
98570 15
98580 16
98590 24
98600 27
98610 13
98620 25
98630 15
98640 19
98650 20
98660 16
98670 10
98680 20
98690 18
98700 19
98710 14
98720 18
98730 16
98740 9
98750 11
98760 14
98770 11
98780 19
98790 14
98800 17
98810 15
98820 24
98830 13
98840 19
98850 14
98860 13
98870 24
98880 11
98890 9
98900 15
98910 21
98920 13
98930 16
98940 18
98950 18
98960 18
98970 15
98980 22
98990 11
99000 12
99010 17
99020 21
99030 13
99040 14
99050 22
99060 21
99070 12
99080 16
99090 16
99100 20
99110 17
99120 24
99130 20
99140 12
99150 18
99160 13
99170 21
99180 17
99190 21
99200 19
99210 26
99220 22
99230 15
99240 18
99250 27
99260 21
99270 24
99280 11
99290 16
99300 16
99310 19
99320 15
99330 13
99340 24
99350 25
99360 16
99370 17
99380 19
99390 16
99400 25
99410 21
99420 21
99430 19
99440 20
99450 12
99460 19
99470 13
99480 23
99490 12
99500 9
99510 23
99520 20
99530 21
99540 13
99550 16
99560 15
99570 21
99580 13
99590 14
99600 19
99610 21
99620 20
99630 5
99640 11
99650 13
99660 15
99670 17
99680 15
99690 10
99700 14
99710 13
99720 13
99730 18
99740 17
99750 18
99760 21
99770 17
99780 16
99790 13
99800 15
99810 18
99820 22
99830 18
99840 17
99850 32
99860 16
99870 15
99880 13
99890 18
99900 21
99910 21
99920 13
99930 27
99940 13
99950 17
99960 29
99970 13
99980 19
99990 17
