# Frame Contacts
30000 0
30010 0
30020 0
30030 0
30040 0
30050 0
30060 0
30070 0
30080 0
30090 0
30100 0
30110 0
30120 0
30130 0
30140 0
30150 0
30160 0
30170 0
30180 0
30190 0
30200 0
30210 0
30220 0
30230 0
30240 0
30250 0
30260 0
30270 0
30280 0
30290 0
30300 0
30310 0
30320 0
30330 0
30340 0
30350 0
30360 0
30370 0
30380 0
30390 0
30400 0
30410 0
30420 0
30430 0
30440 0
30450 0
30460 0
30470 0
30480 0
30490 0
30500 0
30510 0
30520 0
30530 0
30540 0
30550 0
30560 0
30570 0
30580 0
30590 0
30600 0
30610 0
30620 0
30630 0
30640 0
30650 1
30660 0
30670 4
30680 0
30690 0
30700 0
30710 0
30720 0
30730 0
30740 0
30750 0
30760 0
30770 0
30780 0
30790 0
30800 0
30810 0
30820 0
30830 0
30840 0
30850 0
30860 0
30870 0
30880 0
30890 0
30900 0
30910 0
30920 0
30930 0
30940 0
30950 0
30960 0
30970 0
30980 0
30990 0
31000 0
31010 0
31020 0
31030 0
31040 0
31050 0
31060 0
31070 0
31080 0
31090 0
31100 0
31110 0
31120 0
31130 0
31140 0
31150 0
31160 0
31170 0
31180 0
31190 0
31200 0
31210 0
31220 0
31230 0
31240 0
31250 0
31260 0
31270 0
31280 0
31290 0
31300 0
31310 0
31320 0
31330 0
31340 0
31350 0
31360 0
31370 0
31380 0
31390 0
31400 0
31410 0
31420 0
31430 0
31440 0
31450 0
31460 0
31470 0
31480 0
31490 0
31500 0
31510 0
31520 0
31530 0
31540 0
31550 0
31560 0
31570 0
31580 0
31590 0
31600 0
31610 0
31620 0
31630 0
31640 0
31650 0
31660 0
31670 0
31680 0
31690 0
31700 0
31710 0
31720 0
31730 0
31740 0
31750 0
31760 0
31770 0
31780 0
31790 0
31800 0
31810 0
31820 0
31830 0
31840 0
31850 0
31860 0
31870 0
31880 0
31890 0
31900 0
31910 0
31920 0
31930 0
31940 0
31950 0
31960 0
31970 0
31980 0
31990 0
32000 0
32010 0
32020 0
32030 0
32040 0
32050 0
32060 0
32070 0
32080 0
32090 0
32100 0
32110 0
32120 0
32130 0
32140 0
32150 0
32160 0
32170 0
32180 0
32190 0
32200 0
32210 0
32220 0
32230 0
32240 0
32250 0
32260 0
32270 0
32280 0
32290 0
32300 0
32310 0
32320 0
32330 0
32340 0
32350 0
32360 0
32370 0
32380 0
32390 0
32400 0
32410 0
32420 0
32430 0
32440 0
32450 0
32460 0
32470 0
32480 0
32490 0
32500 0
32510 0
32520 0
32530 0
32540 0
32550 1
32560 0
32570 0
32580 0
32590 0
32600 0
32610 0
32620 0
32630 0
32640 0
32650 0
32660 0
32670 0
32680 0
32690 0
32700 0
32710 0
32720 0
32730 0
32740 0
32750 0
32760 0
32770 0
32780 0
32790 0
32800 0
32810 0
32820 0
32830 0
32840 0
32850 0
32860 0
32870 0
32880 0
32890 0
32900 0
32910 0
32920 0
32930 0
32940 2
32950 2
32960 0
32970 0
32980 0
32990 0
33000 0
33010 0
33020 0
33030 0
33040 0
33050 0
33060 0
33070 0
33080 0
33090 0
33100 0
33110 0
33120 0
33130 0
33140 0
33150 0
33160 0
33170 0
33180 0
33190 0
33200 0
33210 0
33220 0
33230 0
33240 0
33250 0
33260 0
33270 0
33280 0
33290 0
33300 0
33310 0
33320 0
33330 0
33340 0
33350 0
33360 0
33370 0
33380 0
33390 0
33400 0
33410 4
33420 16
33430 6
33440 0
33450 0
33460 3
33470 0
33480 4
33490 0
33500 0
33510 4
33520 4
33530 5
33540 1
33550 0
33560 0
33570 0
33580 0
33590 0
33600 0
33610 0
33620 0
33630 0
33640 3
33650 0
33660 2
33670 1
33680 3
33690 0
33700 0
33710 11
33720 5
33730 6
33740 0
33750 0
33760 0
33770 0
33780 0
33790 0
33800 0
33810 0
33820 0
33830 0
33840 0
33850 0
33860 0
33870 0
33880 0
33890 0
33900 0
33910 0
33920 0
33930 0
33940 1
33950 0
33960 6
33970 0
33980 0
33990 0
34000 0
34010 0
34020 0
34030 0
34040 0
34050 0
34060 0
34070 0
34080 0
34090 0
34100 0
34110 0
34120 0
34130 0
34140 0
34150 0
34160 0
34170 0
34180 0
34190 0
34200 0
34210 0
34220 0
34230 0
34240 0
34250 0
34260 0
34270 0
34280 0
34290 0
34300 0
34310 0
34320 0
34330 0
34340 0
34350 0
34360 0
34370 0
34380 0
34390 0
34400 0
34410 0
34420 0
34430 0
34440 0
34450 0
34460 0
34470 0
34480 0
34490 0
34500 0
34510 0
34520 0
34530 0
34540 0
34550 0
34560 0
34570 0
34580 0
34590 0
34600 0
34610 0
34620 0
34630 0
34640 0
34650 0
34660 0
34670 0
34680 0
34690 0
34700 0
34710 0
34720 0
34730 0
34740 0
34750 0
34760 0
34770 4
34780 0
34790 1
34800 4
34810 0
34820 0
34830 0
34840 0
34850 0
34860 0
34870 0
34880 0
34890 0
34900 0
34910 0
34920 0
34930 5
34940 11
34950 17
34960 8
34970 11
34980 11
34990 1
35000 0
35010 20
35020 18
35030 1
35040 7
35050 18
35060 14
35070 18
35080 16
35090 10
35100 12
35110 17
35120 16
35130 18
35140 15
35150 10
35160 19
35170 6
35180 0
35190 0
35200 0
35210 0
35220 0
35230 2
35240 0
35250 0
35260 0
35270 0
35280 0
35290 0
35300 0
35310 1
35320 0
35330 1
35340 0
35350 0
35360 0
35370 0
35380 1
35390 0
35400 0
35410 1
35420 0
35430 0
35440 0
35450 0
35460 0
35470 0
35480 2
35490 7
35500 3
35510 8
35520 4
35530 0
35540 3
35550 6
35560 5
35570 0
35580 0
35590 0
35600 0
35610 0
35620 0
35630 0
35640 0
35650 0
35660 0
35670 2
35680 0
35690 0
35700 0
35710 0
35720 0
35730 0
35740 0
35750 0
35760 0
35770 0
35780 0
35790 0
35800 0
35810 0
35820 0
35830 0
35840 0
35850 0
35860 0
35870 0
35880 0
35890 0
35900 0
35910 0
35920 0
35930 0
35940 0
35950 0
35960 0
35970 0
35980 0
35990 0
36000 0
36010 0
36020 0
36030 0
36040 0
36050 0
36060 0
36070 0
36080 0
36090 0
36100 0
36110 0
36120 0
36130 0
36140 0
36150 0
36160 0
36170 0
36180 0
36190 0
36200 0
36210 0
36220 0
36230 0
36240 0
36250 0
36260 0
36270 0
36280 0
36290 0
36300 0
36310 0
36320 0
36330 0
36340 0
36350 0
36360 0
36370 0
36380 0
36390 0
36400 0
36410 0
36420 0
36430 0
36440 0
36450 0
36460 0
36470 0
36480 1
36490 1
36500 0
36510 0
36520 0
36530 0
36540 6
36550 6
36560 0
36570 10
36580 6
36590 9
36600 7
36610 7
36620 9
36630 15
36640 10
36650 2
36660 0
36670 0
36680 0
36690 0
36700 0
36710 0
36720 0
36730 0
36740 0
36750 0
36760 0
36770 1
36780 5
36790 3
36800 0
36810 16
36820 3
36830 2
36840 2
36850 4
36860 2
36870 0
36880 0
36890 2
36900 0
36910 0
36920 7
36930 9
36940 0
36950 4
36960 6
36970 6
36980 7
36990 2
37000 3
37010 1
37020 3
37030 6
37040 6
37050 5
37060 0
37070 19
37080 4
37090 10
37100 6
37110 0
37120 14
37130 5
37140 4
37150 5
37160 5
37170 0
37180 0
37190 0
37200 0
37210 0
37220 0
37230 0
37240 0
37250 0
37260 0
37270 0
37280 0
37290 0
37300 0
37310 0
37320 0
37330 0
37340 0
37350 0
37360 0
37370 0
37380 0
37390 0
37400 0
37410 0
37420 0
37430 0
37440 0
37450 0
37460 0
37470 1
37480 0
37490 0
37500 0
37510 0
37520 0
37530 0
37540 0
37550 0
37560 0
37570 0
37580 0
37590 0
37600 0
37610 0
37620 0
37630 2
37640 1
37650 4
37660 0
37670 0
37680 1
37690 12
37700 9
37710 10
37720 14
37730 12
37740 12
37750 11
37760 12
37770 14
37780 8
37790 4
37800 11
37810 17
37820 11
37830 16
37840 8
37850 8
37860 13
37870 3
37880 12
37890 3
37900 0
37910 0
37920 4
37930 13
37940 13
37950 15
37960 22
37970 8
37980 11
37990 9
38000 17
38010 2
38020 9
38030 14
38040 3
38050 2
38060 7
38070 20
38080 12
38090 22
38100 13
38110 12
38120 21
38130 12
38140 8
38150 16
38160 17
38170 8
38180 16
38190 16
38200 12
38210 16
38220 10
38230 15
38240 13
38250 1
38260 21
38270 11
38280 13
38290 3
38300 16
38310 7
38320 11
38330 18
38340 3
38350 1
38360 0
38370 0
38380 0
38390 0
38400 0
38410 0
38420 0
38430 0
38440 0
38450 0
38460 0
38470 0
38480 0
38490 0
38500 0
38510 0
38520 0
38530 0
38540 0
38550 0
38560 0
38570 0
38580 1
38590 0
38600 0
38610 0
38620 0
38630 0
38640 0
38650 0
38660 0
38670 5
38680 1
38690 0
38700 0
38710 3
38720 1
38730 5
38740 0
38750 6
38760 1
38770 0
38780 18
38790 17
38800 7
38810 1
38820 0
38830 0
38840 0
38850 10
38860 3
38870 0
38880 0
38890 0
38900 9
38910 14
38920 12
38930 4
38940 0
38950 0
38960 0
38970 0
38980 1
38990 9
39000 1
39010 15
39020 14
39030 20
39040 15
39050 12
39060 14
39070 13
39080 14
39090 19
39100 14
39110 3
39120 4
39130 4
39140 3
39150 4
39160 4
39170 2
39180 3
39190 0
39200 0
39210 0
39220 5
39230 13
39240 9
39250 16
39260 12
39270 15
39280 14
39290 13
39300 14
39310 3
39320 2
39330 6
39340 2
39350 0
39360 5
39370 2
39380 14
39390 3
39400 4
39410 8
39420 5
39430 14
39440 8
39450 2
39460 1
39470 4
39480 5
39490 0
39500 0
39510 0
39520 0
39530 0
39540 0
39550 4
39560 2
39570 6
39580 8
39590 3
39600 2
39610 1
39620 3
39630 3
39640 5
39650 1
39660 0
39670 2
39680 3
39690 4
39700 2
39710 4
39720 2
39730 4
39740 3
39750 3
39760 4
39770 4
39780 1
39790 2
39800 2
39810 4
39820 2
39830 1
39840 5
39850 1
39860 3
39870 0
39880 0
39890 3
39900 2
39910 3
39920 3
39930 3
39940 3
39950 2
39960 5
39970 5
39980 4
39990 4
40000 6
40010 6
40020 0
40030 7
40040 8
40050 3
40060 1
40070 2
40080 4
40090 2
40100 5
40110 6
40120 12
40130 9
40140 12
40150 8
40160 16
40170 13
40180 6
40190 11
40200 1
40210 5
40220 4
40230 7
40240 0
40250 19
40260 17
40270 5
40280 0
40290 6
40300 8
40310 9
40320 9
40330 9
40340 0
40350 0
40360 3
40370 7
40380 10
40390 9
40400 5
40410 8
40420 8
40430 7
40440 8
40450 8
40460 0
40470 0
40480 0
40490 4
40500 0
40510 0
40520 0
40530 0
40540 0
40550 0
40560 0
40570 0
40580 0
40590 0
40600 0
40610 0
40620 0
40630 0
40640 0
40650 0
40660 0
40670 0
40680 0
40690 0
40700 0
40710 0
40720 0
40730 0
40740 0
40750 0
40760 0
40770 0
40780 0
40790 0
40800 0
40810 0
40820 0
40830 0
40840 0
40850 0
40860 0
40870 0
40880 0
40890 0
40900 0
40910 0
40920 0
40930 0
40940 0
40950 1
40960 0
40970 0
40980 0
40990 0
41000 0
41010 0
41020 0
41030 0
41040 0
41050 0
41060 1
41070 0
41080 0
41090 0
41100 0
41110 0
41120 0
41130 0
41140 0
41150 0
41160 0
41170 0
41180 0
41190 0
41200 0
41210 0
41220 0
41230 0
41240 0
41250 0
41260 0
41270 0
41280 0
41290 0
41300 0
41310 0
41320 0
41330 0
41340 0
41350 0
41360 0
41370 0
41380 0
41390 0
41400 0
41410 0
41420 0
41430 0
41440 0
41450 0
41460 0
41470 0
41480 0
41490 0
41500 0
41510 0
41520 0
41530 0
41540 0
41550 0
41560 0
41570 0
41580 1
41590 1
41600 0
41610 0
41620 0
41630 1
41640 1
41650 1
41660 0
41670 1
41680 4
41690 2
41700 0
41710 0
41720 2
41730 0
41740 0
41750 0
41760 3
41770 0
41780 0
41790 4
41800 3
41810 1
41820 3
41830 1
41840 0
41850 1
41860 0
41870 2
41880 3
41890 0
41900 2
41910 1
41920 0
41930 0
41940 0
41950 0
41960 3
41970 1
41980 1
41990 1
42000 1
42010 0
42020 0
42030 2
42040 0
42050 0
42060 2
42070 0
42080 0
42090 0
42100 0
42110 2
42120 0
42130 1
42140 1
42150 0
42160 0
42170 1
42180 0
42190 3
42200 0
42210 0
42220 2
42230 1
42240 3
42250 3
42260 2
42270 1
42280 0
42290 4
42300 1
42310 13
42320 8
42330 13
42340 6
42350 8
42360 2
42370 0
42380 1
42390 10
42400 9
42410 0
42420 0
42430 0
42440 0
42450 0
42460 0
42470 0
42480 0
42490 0
42500 0
42510 0
42520 0
42530 1
42540 2
42550 9
42560 4
42570 0
42580 5
42590 1
42600 0
42610 0
42620 0
42630 0
42640 0
42650 0
42660 1
42670 0
42680 0
42690 0
42700 3
42710 3
42720 3
42730 3
42740 5
42750 4
42760 9
42770 3
42780 8
42790 1
42800 8
42810 6
42820 6
42830 9
42840 6
42850 3
42860 9
42870 6
42880 0
42890 0
42900 0
42910 0
42920 0
42930 0
42940 0
42950 0
42960 0
42970 0
42980 0
42990 0
43000 0
43010 0
43020 0
43030 0
43040 0
43050 0
43060 0
43070 0
43080 0
43090 0
43100 0
43110 0
43120 0
43130 0
43140 0
43150 0
43160 0
43170 0
43180 0
43190 2
43200 0
43210 0
43220 9
43230 0
43240 0
43250 0
43260 0
43270 0
43280 0
43290 0
43300 0
43310 0
43320 0
43330 0
43340 0
43350 0
43360 0
43370 0
43380 0
43390 0
43400 0
43410 0
43420 0
43430 0
43440 0
43450 0
43460 0
43470 0
43480 0
43490 0
43500 0
43510 0
43520 0
43530 0
43540 0
43550 0
43560 0
43570 0
43580 0
43590 0
43600 0
43610 0
43620 0
43630 0
43640 0
43650 0
43660 0
43670 0
43680 0
43690 0
43700 0
43710 0
43720 0
43730 0
43740 0
43750 0
43760 0
43770 0
43780 0
43790 0
43800 0
43810 0
43820 0
43830 0
43840 0
43850 0
43860 0
43870 0
43880 0
43890 0
43900 0
43910 0
43920 0
43930 0
43940 0
43950 0
43960 0
43970 0
43980 0
43990 0
44000 0
44010 0
44020 0
44030 0
44040 0
44050 0
44060 0
44070 0
44080 0
44090 0
44100 0
44110 0
44120 0
44130 0
44140 0
44150 0
44160 0
44170 0
44180 0
44190 0
44200 0
44210 0
44220 0
44230 0
44240 10
44250 0
44260 0
44270 0
44280 0
44290 0
44300 0
44310 0
44320 0
44330 0
44340 0
44350 0
44360 12
44370 3
44380 2
44390 2
44400 0
44410 1
44420 0
44430 0
44440 0
44450 0
44460 0
44470 4
44480 0
44490 0
44500 0
44510 0
44520 0
44530 0
44540 0
44550 1
44560 0
44570 0
44580 0
44590 0
44600 0
44610 0
44620 0
44630 0
44640 0
44650 0
44660 0
44670 0
44680 0
44690 0
44700 0
44710 0
44720 0
44730 0
44740 0
44750 0
44760 4
44770 14
44780 4
44790 1
44800 0
44810 4
44820 2
44830 0
44840 0
44850 0
44860 0
44870 0
44880 0
44890 0
44900 0
44910 0
44920 0
44930 0
44940 0
44950 0
44960 1
44970 2
44980 1
44990 0
45000 0
45010 12
45020 13
45030 1
45040 2
45050 11
45060 17
45070 9
45080 13
45090 18
45100 10
45110 13
45120 12
45130 15
45140 20
45150 17
45160 18
45170 14
45180 10
45190 3
45200 12
45210 9
45220 8
45230 13
45240 15
45250 12
45260 23
45270 11
45280 21
45290 1
45300 21
45310 4
45320 0
45330 0
45340 0
45350 0
45360 13
45370 8
45380 11
45390 8
45400 9
45410 10
45420 10
45430 9
45440 7
45450 13
45460 11
45470 0
45480 0
45490 8
45500 0
45510 9
45520 0
45530 0
45540 0
45550 0
45560 0
45570 0
45580 0
45590 0
45600 0
45610 0
45620 0
45630 0
45640 0
45650 0
45660 0
45670 0
45680 0
45690 0
45700 0
45710 0
45720 0
45730 0
45740 0
45750 0
45760 0
45770 0
45780 0
45790 0
45800 0
45810 0
45820 0
45830 0
45840 0
45850 0
45860 0
45870 0
45880 0
45890 2
45900 14
45910 15
45920 8
45930 13
45940 16
45950 11
45960 5
45970 0
45980 0
45990 0
46000 0
46010 0
46020 0
46030 0
46040 0
46050 0
46060 0
46070 0
46080 1
46090 0
46100 0
46110 0
46120 0
46130 0
46140 0
46150 0
46160 0
46170 0
46180 0
46190 0
46200 0
46210 0
46220 0
46230 0
46240 0
46250 1
46260 0
46270 0
46280 0
46290 0
46300 0
46310 0
46320 0
46330 4
46340 0
46350 0
46360 6
46370 11
46380 14
46390 9
46400 11
46410 0
46420 0
46430 3
46440 2
46450 3
46460 0
46470 0
46480 3
46490 10
46500 13
46510 13
46520 12
46530 12
46540 11
46550 9
46560 7
46570 2
46580 1
46590 8
46600 0
46610 0
46620 0
46630 0
46640 0
46650 1
46660 0
46670 5
46680 3
46690 0
46700 5
46710 3
46720 7
46730 1
46740 0
46750 5
46760 1
46770 9
46780 5
46790 0
46800 0
46810 1
46820 8
46830 1
46840 1
46850 10
46860 6
46870 5
46880 6
46890 17
46900 12
46910 3
46920 1
46930 1
46940 7
46950 7
46960 9
46970 9
46980 9
46990 7
47000 4
47010 10
47020 6
47030 9
47040 9
47050 9
47060 9
47070 9
47080 9
47090 5
47100 0
47110 6
47120 7
47130 9
47140 9
47150 0
47160 0
47170 0
47180 0
47190 0
47200 0
47210 0
47220 0
47230 0
47240 0
47250 0
47260 9
47270 9
47280 10
47290 9
47300 0
47310 9
47320 7
47330 8
47340 9
47350 9
47360 9
47370 6
47380 9
47390 0
47400 0
47410 0
47420 0
47430 0
47440 0
47450 0
47460 0
47470 0
47480 0
47490 0
47500 0
47510 0
47520 0
47530 0
47540 0
47550 0
47560 0
47570 0
47580 0
47590 0
47600 1
47610 3
47620 6
47630 0
47640 2
47650 6
47660 6
47670 6
47680 5
47690 5
47700 5
47710 6
47720 8
47730 4
47740 6
47750 7
47760 6
47770 2
47780 7
47790 10
47800 7
47810 12
47820 8
47830 13
47840 10
47850 6
47860 6
47870 10
47880 13
47890 9
47900 5
47910 11
47920 7
47930 6
47940 12
47950 7
47960 13
47970 11
47980 7
47990 10
48000 9
48010 10
48020 5
48030 6
48040 3
48050 7
48060 6
48070 10
48080 6
48090 11
48100 6
48110 9
48120 0
48130 0
48140 0
48150 0
48160 2
48170 0
48180 9
48190 9
48200 0
48210 9
48220 9
48230 9
48240 9
48250 2
48260 4
48270 1
48280 2
48290 8
48300 9
48310 9
48320 0
48330 5
48340 3
48350 1
48360 1
48370 3
48380 5
48390 5
48400 9
48410 1
48420 9
48430 6
48440 9
48450 10
48460 9
48470 8
48480 9
48490 9
48500 9
48510 8
48520 7
48530 6
48540 9
48550 0
48560 0
48570 4
48580 1
48590 2
48600 3
48610 9
48620 0
48630 2
48640 9
48650 9
48660 1
48670 8
48680 9
48690 9
48700 2
48710 14
48720 8
48730 9
48740 0
48750 0
48760 0
48770 0
48780 0
48790 0
48800 0
48810 0
48820 0
48830 0
48840 0
48850 0
48860 0
48870 0
48880 0
48890 0
48900 0
48910 0
48920 0
48930 0
48940 0
48950 0
48960 0
48970 0
48980 0
48990 0
49000 0
49010 0
49020 0
49030 0
49040 0
49050 0
49060 0
49070 0
49080 1
49090 5
49100 5
49110 2
49120 0
49130 0
49140 0
49150 0
49160 0
49170 0
49180 0
49190 1
49200 0
49210 0
49220 0
49230 0
49240 1
49250 1
49260 1
49270 3
49280 4
49290 1
49300 1
49310 2
49320 1
49330 2
49340 1
49350 0
49360 0
49370 0
49380 0
49390 3
49400 1
49410 0
49420 1
49430 0
49440 0
49450 0
49460 5
49470 2
49480 0
49490 0
49500 2
49510 0
49520 0
49530 0
49540 1
49550 2
49560 1
49570 0
49580 0
49590 0
49600 0
49610 0
49620 0
49630 0
49640 0
49650 0
49660 0
49670 0
49680 0
49690 0
49700 0
49710 0
49720 0
49730 0
49740 0
49750 0
49760 0
49770 0
49780 0
49790 0
49800 0
49810 0
49820 1
49830 0
49840 0
49850 2
49860 0
49870 0
49880 0
49890 0
49900 0
49910 0
49920 0
49930 0
49940 0
49950 0
49960 0
49970 0
49980 1
49990 1
50000 1
50010 0
50020 14
50030 14
50040 2
50050 0
50060 0
50070 0
50080 0
50090 0
50100 0
50110 0
50120 0
50130 0
50140 0
50150 0
50160 0
50170 0
50180 0
50190 0
50200 0
50210 0
50220 0
50230 0
50240 0
50250 0
50260 0
50270 0
50280 0
50290 1
50300 0
50310 3
50320 0
50330 0
50340 0
50350 0
50360 0
50370 0
50380 0
50390 0
50400 0
50410 0
50420 0
50430 1
50440 0
50450 0
50460 1
50470 1
50480 3
50490 4
50500 7
50510 0
50520 1
50530 5
50540 6
50550 0
50560 0
50570 0
50580 0
50590 0
50600 0
50610 0
50620 0
50630 0
50640 0
50650 0
50660 0
50670 0
50680 0
50690 0
50700 0
50710 0
50720 0
50730 0
50740 0
50750 0
50760 0
50770 0
50780 0
50790 0
50800 0
50810 0
50820 0
50830 0
50840 0
50850 0
50860 0
50870 2
50880 3
50890 0
50900 0
50910 4
50920 2
50930 0
50940 2
50950 2
50960 2
50970 5
50980 2
50990 2
51000 3
51010 0
51020 5
51030 3
51040 2
51050 0
51060 4
51070 2
51080 3
51090 2
51100 8
51110 2
51120 3
51130 4
51140 4
51150 1
51160 2
51170 2
51180 4
51190 3
51200 5
51210 3
51220 4
51230 4
51240 0
51250 1
51260 0
51270 0
51280 3
51290 0
51300 0
51310 0
51320 0
51330 0
51340 1
51350 0
51360 0
51370 0
51380 0
51390 0
51400 0
51410 0
51420 0
51430 0
51440 0
51450 0
51460 0
51470 0
51480 0
51490 0
51500 1
51510 0
51520 0
51530 0
51540 0
51550 0
51560 0
51570 0
51580 0
51590 4
51600 2
51610 0
51620 4
51630 1
51640 0
51650 0
51660 0
51670 2
51680 0
51690 0
51700 0
51710 2
51720 2
51730 2
51740 0
51750 0
51760 5
51770 4
51780 2
51790 4
51800 3
51810 2
51820 3
51830 2
51840 1
51850 2
51860 3
51870 1
51880 0
51890 3
51900 2
51910 3
51920 0
51930 1
51940 0
51950 0
51960 0
51970 0
51980 0
51990 0
52000 0
52010 0
52020 0
52030 0
52040 0
52050 0
52060 0
52070 2
52080 2
52090 3
52100 2
52110 0
52120 1
52130 2
52140 0
52150 0
52160 0
52170 0
52180 0
52190 0
52200 2
52210 1
52220 0
52230 1
52240 1
52250 0
52260 1
52270 0
52280 0
52290 0
52300 0
52310 2
52320 0
52330 2
52340 3
52350 0
52360 3
52370 2
52380 0
52390 2
52400 2
52410 3
52420 2
52430 1
52440 2
52450 1
52460 0
52470 3
52480 0
52490 1
52500 0
52510 3
52520 6
52530 2
52540 2
52550 2
52560 0
52570 0
52580 0
52590 0
52600 0
52610 0
52620 2
52630 2
52640 1
52650 2
52660 0
52670 0
52680 1
52690 2
52700 4
52710 4
52720 3
52730 4
52740 3
52750 2
52760 4
52770 4
52780 2
52790 0
52800 0
52810 0
52820 3
52830 2
52840 1
52850 0
52860 2
52870 3
52880 3
52890 3
52900 2
52910 1
52920 2
52930 1
52940 0
52950 0
52960 0
52970 0
52980 0
52990 0
53000 0
53010 0
53020 0
53030 0
53040 0
53050 0
53060 0
53070 0
53080 0
53090 0
53100 0
53110 1
53120 0
53130 0
53140 0
53150 0
53160 0
53170 0
53180 0
53190 3
53200 0
53210 0
53220 0
53230 0
53240 0
53250 0
53260 0
53270 0
53280 0
53290 1
53300 0
53310 0
53320 5
53330 0
53340 0
53350 0
53360 2
53370 0
53380 0
53390 0
53400 0
53410 0
53420 0
53430 0
53440 0
53450 0
53460 0
53470 0
53480 0
53490 0
53500 0
53510 0
53520 0
53530 0
53540 0
53550 0
53560 0
53570 0
53580 0
53590 0
53600 0
53610 0
53620 0
53630 0
53640 0
53650 0
53660 0
53670 0
53680 0
53690 0
53700 0
53710 0
53720 0
53730 0
53740 0
53750 0
53760 0
53770 0
53780 0
53790 0
53800 0
53810 0
53820 0
53830 0
53840 0
53850 0
53860 2
53870 0
53880 3
53890 2
53900 0
53910 0
53920 0
53930 0
53940 0
53950 0
53960 0
53970 0
53980 0
53990 0
54000 0
54010 0
54020 0
54030 0
54040 0
54050 0
54060 0
54070 0
54080 0
54090 0
54100 0
54110 0
54120 0
54130 0
54140 0
54150 0
54160 0
54170 0
54180 1
54190 0
54200 0
54210 0
54220 0
54230 0
54240 0
54250 0
54260 0
54270 0
54280 0
54290 0
54300 0
54310 0
54320 0
54330 0
54340 0
54350 0
54360 0
54370 0
54380 0
54390 0
54400 0
54410 0
54420 0
54430 0
54440 0
54450 0
54460 0
54470 0
54480 0
54490 0
54500 0
54510 0
54520 0
54530 0
54540 0
54550 0
54560 0
54570 0
54580 0
54590 0
54600 0
54610 0
54620 0
54630 0
54640 0
54650 0
54660 0
54670 0
54680 0
54690 0
54700 0
54710 0
54720 0
54730 0
54740 0
54750 0
54760 0
54770 0
54780 0
54790 0
54800 0
54810 0
54820 0
54830 0
54840 0
54850 0
54860 0
54870 0
54880 0
54890 0
54900 0
54910 0
54920 0
54930 0
54940 0
54950 0
54960 0
54970 0
54980 0
54990 0
55000 0
55010 0
55020 0
55030 0
55040 0
55050 0
55060 0
55070 0
55080 0
55090 0
55100 0
55110 0
55120 0
55130 0
55140 0
55150 0
55160 0
55170 0
55180 0
55190 0
55200 0
55210 0
55220 0
55230 0
55240 0
55250 0
55260 0
55270 0
55280 0
55290 0
55300 0
55310 0
55320 0
55330 0
55340 0
55350 0
55360 0
55370 0
55380 0
55390 0
55400 0
55410 0
55420 0
55430 0
55440 0
55450 0
55460 0
55470 0
55480 0
55490 0
55500 0
55510 0
55520 0
55530 0
55540 0
55550 0
55560 0
55570 0
55580 0
55590 1
55600 0
55610 0
55620 0
55630 0
55640 0
55650 0
55660 0
55670 0
55680 0
55690 0
55700 0
55710 0
55720 0
55730 0
55740 0
55750 0
55760 0
55770 0
55780 0
55790 0
55800 0
55810 0
55820 0
55830 0
55840 0
55850 2
55860 0
55870 0
55880 0
55890 1
55900 2
55910 1
55920 2
55930 1
55940 1
55950 2
55960 3
55970 3
55980 1
55990 0
56000 2
56010 0
56020 2
56030 0
56040 0
56050 0
56060 0
56070 0
56080 0
56090 0
56100 4
56110 1
56120 1
56130 0
56140 0
56150 1
56160 0
56170 0
56180 0
56190 0
56200 0
56210 0
56220 0
56230 0
56240 0
56250 0
56260 0
56270 1
56280 0
56290 0
56300 2
56310 2
56320 0
56330 5
56340 2
56350 0
56360 7
56370 0
56380 2
56390 3
56400 0
56410 0
56420 1
56430 3
56440 3
56450 4
56460 3
56470 3
56480 1
56490 2
56500 4
56510 3
56520 5
56530 7
56540 4
56550 1
56560 2
56570 19
56580 12
56590 6
56600 2
56610 4
56620 0
56630 2
56640 0
56650 0
56660 2
56670 1
56680 1
56690 0
56700 0
56710 0
56720 2
56730 4
56740 4
56750 0
56760 1
56770 13
56780 0
56790 0
56800 5
56810 0
56820 1
56830 1
56840 1
56850 1
56860 0
56870 0
56880 2
56890 0
56900 0
56910 0
56920 1
56930 0
56940 2
56950 0
56960 0
56970 0
56980 0
56990 0
57000 0
57010 0
57020 0
57030 3
57040 0
57050 0
57060 0
57070 2
57080 1
57090 7
57100 15
57110 2
57120 13
57130 0
57140 6
57150 12
57160 6
57170 11
57180 7
57190 0
57200 0
57210 0
57220 8
57230 7
57240 4
57250 0
57260 3
57270 13
57280 10
57290 10
57300 5
57310 7
57320 5
57330 2
57340 5
57350 2
57360 1
57370 2
57380 2
57390 4
57400 1
57410 5
57420 4
57430 11
57440 3
57450 5
57460 3
57470 3
57480 2
57490 3
57500 3
57510 8
57520 4
57530 5
57540 4
57550 0
57560 3
57570 6
57580 5
57590 2
57600 3
57610 0
57620 0
57630 0
57640 3
57650 5
57660 3
57670 4
57680 0
57690 7
57700 2
57710 1
57720 2
57730 0
57740 1
57750 0
57760 0
57770 0
57780 0
57790 2
57800 1
57810 6
57820 10
57830 6
57840 6
57850 6
57860 2
57870 6
57880 5
57890 7
57900 4
57910 3
57920 2
57930 10
57940 8
57950 5
57960 8
57970 7
57980 4
57990 5
58000 1
58010 0
58020 0
58030 1
58040 15
58050 14
58060 11
58070 11
58080 11
58090 14
58100 20
58110 10
58120 4
58130 8
58140 12
58150 14
58160 10
58170 10
58180 9
58190 4
58200 3
58210 4
58220 5
58230 0
58240 0
58250 0
58260 0
58270 0
58280 0
58290 0
58300 0
58310 0
58320 0
58330 0
58340 2
58350 5
58360 0
58370 0
58380 0
58390 0
58400 0
58410 1
58420 0
58430 3
58440 7
58450 0
58460 0
58470 16
58480 3
58490 3
58500 0
58510 0
58520 0
58530 1
58540 8
58550 11
58560 8
58570 0
58580 12
58590 6
58600 8
58610 7
58620 4
58630 8
58640 10
58650 7
58660 0
58670 3
58680 8
58690 7
58700 10
58710 12
58720 8
58730 7
58740 8
58750 16
58760 6
58770 10
58780 5
58790 10
58800 0
58810 0
58820 0
58830 2
58840 1
58850 0
58860 0
58870 0
58880 0
58890 0
58900 0
58910 0
58920 0
58930 0
58940 0
58950 5
58960 3
58970 0
58980 0
58990 0
59000 0
59010 0
59020 0
59030 0
59040 0
59050 0
59060 0
59070 0
59080 0
59090 0
59100 0
59110 0
59120 0
59130 0
59140 0
59150 0
59160 0
59170 0
59180 0
59190 0
59200 0
59210 0
59220 0
59230 0
59240 0
59250 0
59260 0
59270 0
59280 0
59290 0
59300 0
59310 0
59320 0
59330 1
59340 0
59350 0
59360 0
59370 0
59380 0
59390 0
59400 0
59410 0
59420 0
59430 0
59440 0
59450 0
59460 0
59470 1
59480 0
59490 0
59500 0
59510 0
59520 0
59530 0
59540 0
59550 0
59560 0
59570 0
59580 0
59590 0
59600 0
59610 0
59620 0
59630 0
59640 0
59650 0
59660 0
59670 0
59680 0
59690 0
59700 0
59710 0
59720 0
59730 0
59740 0
59750 0
59760 0
59770 1
59780 0
59790 4
59800 0
59810 0
59820 0
59830 0
59840 0
59850 0
59860 0
59870 0
59880 0
59890 0
59900 0
59910 0
59920 0
59930 0
59940 0
59950 0
59960 0
59970 0
59980 1
59990 0
60000 0
60010 0
60020 0
60030 0
60040 0
60050 1
60060 0
60070 0
60080 0
60090 0
60100 0
60110 0
60120 0
60130 0
60140 2
60150 0
60160 0
60170 0
60180 1
60190 0
60200 0
60210 0
60220 8
60230 6
60240 1
60250 0
60260 0
60270 1
60280 0
60290 0
60300 0
60310 0
60320 0
60330 0
60340 0
60350 0
60360 0
60370 0
60380 0
60390 0
60400 0
60410 0
60420 0
60430 4
60440 4
60450 1
60460 0
60470 0
60480 1
60490 1
60500 0
60510 0
60520 0
60530 0
60540 0
60550 0
60560 0
60570 0
60580 0
60590 0
60600 3
60610 0
60620 0
60630 0
60640 0
60650 0
60660 1
60670 0
60680 0
60690 1
60700 0
60710 0
60720 0
60730 0
60740 0
60750 0
60760 0
60770 0
60780 0
60790 4
60800 0
60810 0
60820 0
60830 0
60840 0
60850 0
60860 0
60870 0
60880 0
60890 0
60900 0
60910 0
60920 0
60930 0
60940 2
60950 0
60960 0
60970 0
60980 0
60990 0
61000 0
61010 0
61020 0
61030 0
61040 0
61050 0
61060 0
61070 0
61080 0
61090 0
61100 0
61110 0
61120 0
61130 0
61140 0
61150 0
61160 0
61170 0
61180 0
61190 0
61200 0
61210 0
61220 0
61230 0
61240 0
61250 0
61260 0
61270 0
61280 0
61290 0
61300 0
61310 0
61320 0
61330 0
61340 0
61350 0
61360 0
61370 0
61380 0
61390 0
61400 0
61410 0
61420 0
61430 0
61440 0
61450 0
61460 0
61470 0
61480 0
61490 0
61500 0
61510 0
61520 0
61530 0
61540 0
61550 0
61560 0
61570 0
61580 1
61590 3
61600 2
61610 0
61620 0
61630 0
61640 1
61650 4
61660 4
61670 1
61680 4
61690 1
61700 6
61710 2
61720 5
61730 1
61740 4
61750 1
61760 0
61770 5
61780 1
61790 0
61800 0
61810 0
61820 0
61830 0
61840 0
61850 0
61860 0
61870 0
61880 0
61890 0
61900 0
61910 0
61920 0
61930 0
61940 0
61950 0
61960 0
61970 0
61980 0
61990 0
62000 0
62010 2
62020 1
62030 1
62040 4
62050 5
62060 6
62070 3
62080 3
62090 1
62100 4
62110 1
62120 5
62130 4
62140 4
62150 4
62160 5
62170 5
62180 4
62190 4
62200 5
62210 4
62220 4
62230 4
62240 2
62250 0
62260 2
62270 0
62280 4
62290 5
62300 1
62310 0
62320 0
62330 0
62340 0
62350 0
62360 0
62370 0
62380 0
62390 0
62400 0
62410 0
62420 0
62430 0
62440 0
62450 0
62460 0
62470 0
62480 0
62490 0
62500 0
62510 0
62520 0
62530 0
62540 0
62550 0
62560 1
62570 0
62580 0
62590 1
62600 3
62610 1
62620 0
62630 0
62640 0
62650 3
62660 0
62670 1
62680 1
62690 0
62700 0
62710 0
62720 0
62730 0
62740 0
62750 0
62760 1
62770 1
62780 0
62790 0
62800 0
62810 5
62820 0
62830 0
62840 0
62850 0
62860 0
62870 0
62880 1
62890 1
62900 0
62910 1
62920 0
62930 4
62940 5
62950 0
62960 0
62970 0
62980 0
62990 6
63000 0
63010 0
63020 0
63030 0
63040 0
63050 0
63060 0
63070 0
63080 0
63090 0
63100 0
63110 0
63120 0
63130 0
63140 1
63150 1
63160 4
63170 0
63180 0
63190 0
63200 0
63210 0
63220 0
63230 0
63240 0
63250 0
63260 0
63270 0
63280 0
63290 0
63300 0
63310 0
63320 0
63330 0
63340 0
63350 0
63360 0
63370 0
63380 0
63390 0
63400 0
63410 0
63420 0
63430 0
63440 0
63450 0
63460 0
63470 0
63480 0
63490 0
63500 0
63510 0
63520 0
63530 0
63540 0
63550 0
63560 0
63570 0
63580 0
63590 0
63600 0
63610 0
63620 0
63630 0
63640 0
63650 0
63660 0
63670 0
63680 0
63690 0
63700 0
63710 0
63720 0
63730 0
63740 0
63750 0
63760 0
63770 0
63780 0
63790 0
63800 0
63810 0
63820 0
63830 0
63840 0
63850 0
63860 0
63870 0
63880 0
63890 0
63900 0
63910 0
63920 0
63930 0
63940 0
63950 0
63960 0
63970 0
63980 0
63990 0
64000 0
64010 0
64020 0
64030 0
64040 0
64050 0
64060 0
64070 0
64080 0
64090 0
64100 0
64110 0
64120 0
64130 0
64140 0
64150 0
64160 0
64170 0
64180 5
64190 4
64200 5
64210 4
64220 0
64230 1
64240 0
64250 0
64260 0
64270 0
64280 0
64290 0
64300 0
64310 0
64320 0
64330 0
64340 0
64350 0
64360 0
64370 0
64380 0
64390 3
64400 1
64410 0
64420 0
64430 0
64440 0
64450 0
64460 1
64470 0
64480 0
64490 1
64500 5
64510 1
64520 0
64530 0
64540 0
64550 0
64560 0
64570 0
64580 0
64590 0
64600 4
64610 1
64620 2
64630 3
64640 1
64650 1
64660 1
64670 0
64680 0
64690 1
64700 4
64710 0
64720 0
64730 0
64740 0
64750 0
64760 0
64770 0
64780 1
64790 0
64800 0
64810 0
64820 0
64830 0
64840 0
64850 1
64860 0
64870 4
64880 6
64890 1
64900 1
64910 1
64920 0
64930 5
64940 3
64950 1
64960 1
64970 2
64980 2
64990 5
65000 1
65010 1
65020 1
65030 0
65040 0
65050 0
65060 0
65070 1
65080 1
65090 1
65100 2
65110 1
65120 0
65130 3
65140 2
65150 0
65160 2
65170 2
65180 1
65190 1
65200 3
65210 1
65220 2
65230 3
65240 0
65250 1
65260 0
65270 0
65280 0
65290 0
65300 0
65310 0
65320 0
65330 0
65340 0
65350 0
65360 0
65370 0
65380 0
65390 0
65400 0
65410 0
65420 1
65430 0
65440 0
65450 0
65460 0
65470 0
65480 0
65490 0
65500 0
65510 0
65520 0
65530 0
65540 0
65550 0
65560 0
65570 0
65580 0
65590 0
65600 0
65610 0
65620 0
65630 0
65640 0
65650 0
65660 0
65670 0
65680 0
65690 0
65700 0
65710 0
65720 1
65730 0
65740 0
65750 0
65760 0
65770 0
65780 0
65790 0
65800 0
65810 0
65820 0
65830 0
65840 0
65850 0
65860 0
65870 0
65880 0
65890 0
65900 0
65910 1
65920 0
65930 3
65940 4
65950 3
65960 2
65970 3
65980 3
65990 4
66000 3
66010 0
66020 4
66030 3
66040 2
66050 2
66060 1
66070 3
66080 1
66090 3
66100 1
66110 0
66120 0
66130 1
66140 1
66150 1
66160 1
66170 0
66180 3
66190 1
66200 4
66210 3
66220 2
66230 1
66240 4
66250 2
66260 0
66270 0
66280 1
66290 0
66300 0
66310 4
66320 0
66330 0
66340 0
66350 0
66360 0
66370 0
66380 0
66390 0
66400 0
66410 0
66420 0
66430 0
66440 0
66450 0
66460 0
66470 0
66480 0
66490 0
66500 0
66510 0
66520 1
66530 0
66540 2
66550 4
66560 1
66570 1
66580 2
66590 1
66600 3
66610 4
66620 0
66630 3
66640 0
66650 0
66660 1
66670 3
66680 2
66690 0
66700 2
66710 0
66720 3
66730 2
66740 0
66750 0
66760 0
66770 0
66780 1
66790 0
66800 0
66810 0
66820 0
66830 0
66840 0
66850 0
66860 0
66870 0
66880 0
66890 0
66900 0
66910 0
66920 0
66930 0
66940 0
66950 0
66960 0
66970 0
66980 0
66990 0
67000 0
67010 0
67020 0
67030 0
67040 0
67050 0
67060 0
67070 0
67080 1
67090 1
67100 0
67110 0
67120 0
67130 0
67140 0
67150 0
67160 0
67170 0
67180 0
67190 0
67200 0
67210 0
67220 0
67230 0
67240 2
67250 0
67260 1
67270 0
67280 0
67290 1
67300 0
67310 0
67320 1
67330 0
67340 0
67350 0
67360 0
67370 0
67380 0
67390 1
67400 0
67410 0
67420 1
67430 0
67440 0
67450 0
67460 3
67470 0
67480 1
67490 0
67500 1
67510 1
67520 0
67530 0
67540 3
67550 0
67560 0
67570 0
67580 0
67590 0
67600 0
67610 0
67620 0
67630 0
67640 0
67650 0
67660 0
67670 0
67680 0
67690 0
67700 0
67710 0
67720 0
67730 0
67740 1
67750 0
67760 0
67770 0
67780 0
67790 0
67800 1
67810 0
67820 0
67830 0
67840 0
67850 0
67860 0
67870 0
67880 0
67890 0
67900 0
67910 0
67920 0
67930 1
67940 0
67950 0
67960 0
67970 0
67980 0
67990 0
68000 0
68010 0
68020 0
68030 0
68040 0
68050 0
68060 0
68070 0
68080 0
68090 1
68100 0
68110 0
68120 0
68130 0
68140 0
68150 1
68160 0
68170 0
68180 0
68190 0
68200 0
68210 0
68220 0
68230 0
68240 0
68250 0
68260 0
68270 1
68280 0
68290 0
68300 0
68310 1
68320 0
68330 0
68340 0
68350 0
68360 10
68370 6
68380 2
68390 0
68400 0
68410 0
68420 0
68430 1
68440 1
68450 0
68460 1
68470 0
68480 3
68490 1
68500 2
68510 0
68520 1
68530 1
68540 4
68550 3
68560 5
68570 3
68580 2
68590 3
68600 4
68610 4
68620 4
68630 2
68640 1
68650 3
68660 2
68670 5
68680 4
68690 1
68700 9
68710 7
68720 5
68730 5
68740 12
68750 2
68760 5
68770 3
68780 2
68790 6
68800 1
68810 4
68820 6
68830 4
68840 5
68850 13
68860 10
68870 9
68880 12
68890 13
68900 17
68910 5
68920 9
68930 4
68940 4
68950 9
68960 16
68970 10
68980 6
68990 5
69000 12
69010 13
69020 14
69030 19
69040 14
69050 11
69060 15
69070 10
69080 5
69090 8
69100 5
69110 3
69120 13
69130 6
69140 19
69150 14
69160 19
69170 6
69180 19
69190 8
69200 8
69210 12
69220 7
69230 10
69240 9
69250 6
69260 12
69270 7
69280 22
69290 9
69300 8
69310 9
69320 15
69330 15
69340 4
69350 8
69360 13
69370 13
69380 9
69390 12
69400 11
69410 12
69420 13
69430 19
69440 15
69450 13
69460 19
69470 15
69480 17
69490 15
69500 15
69510 14
69520 6
69530 11
69540 11
69550 10
69560 16
69570 13
69580 16
69590 10
69600 9
69610 14
69620 18
69630 12
69640 20
69650 17
69660 15
69670 17
69680 16
69690 13
69700 14
69710 15
69720 13
69730 8
69740 5
69750 3
69760 2
69770 6
69780 2
69790 13
69800 12
69810 11
69820 13
69830 2
69840 3
69850 8
69860 6
69870 7
69880 6
69890 4
69900 5
69910 9
69920 10
69930 3
69940 18
69950 5
69960 4
69970 5
69980 5
69990 5
70000 6
70010 3
70020 13
70030 18
70040 13
70050 11
70060 7
70070 12
70080 4
70090 6
70100 9
70110 11
70120 6
70130 7
70140 10
70150 6
70160 4
70170 5
70180 7
70190 6
70200 8
70210 13
70220 5
70230 4
70240 8
70250 3
70260 15
70270 5
70280 12
70290 18
70300 11
70310 6
70320 23
70330 10
70340 9
70350 24
70360 19
70370 19
70380 12
70390 14
70400 15
70410 20
70420 12
70430 10
70440 21
70450 18
70460 15
70470 17
70480 21
70490 9
70500 10
70510 13
70520 18
70530 19
70540 17
70550 13
70560 22
70570 13
70580 27
70590 29
70600 16
70610 15
70620 22
70630 17
70640 19
70650 19
70660 17
70670 18
70680 16
70690 22
70700 30
70710 28
70720 23
70730 8
70740 22
70750 21
70760 27
70770 18
70780 14
70790 10
70800 14
70810 23
70820 18
70830 17
70840 23
70850 19
70860 15
70870 23
70880 12
70890 16
70900 28
70910 19
70920 29
70930 21
70940 20
70950 26
70960 25
70970 24
70980 15
70990 21
71000 13
71010 20
71020 18
71030 9
71040 8
71050 13
71060 15
71070 16
71080 23
71090 18
71100 19
71110 20
71120 13
71130 19
71140 5
71150 12
71160 14
71170 15
71180 13
71190 24
71200 29
71210 31
71220 23
71230 28
71240 33
71250 24
71260 28
71270 25
71280 27
71290 10
71300 27
71310 27
71320 17
71330 22
71340 22
71350 7
71360 22
71370 16
71380 2
71390 0
71400 0
71410 0
71420 0
71430 0
71440 0
71450 0
71460 0
71470 0
71480 2
71490 0
71500 0
71510 0
71520 0
71530 0
71540 0
71550 0
71560 0
71570 0
71580 0
71590 1
71600 0
71610 2
71620 0
71630 0
71640 2
71650 0
71660 0
71670 0
71680 0
71690 0
71700 0
71710 1
71720 0
71730 0
71740 0
71750 13
71760 5
71770 0
71780 0
71790 0
71800 9
71810 5
71820 11
71830 12
71840 9
71850 0
71860 0
71870 0
71880 0
71890 6
71900 13
71910 10
71920 12
71930 6
71940 12
71950 12
71960 10
71970 11
71980 7
71990 10
72000 11
72010 8
72020 8
72030 11
72040 14
72050 10
72060 5
72070 4
72080 1
72090 5
72100 10
72110 12
72120 5
72130 12
72140 0
72150 4
72160 6
72170 7
72180 6
72190 5
72200 8
72210 8
72220 2
72230 3
72240 0
72250 4
72260 3
72270 6
72280 3
72290 0
72300 4
72310 4
72320 4
72330 1
72340 0
72350 8
72360 10
72370 5
72380 0
72390 0
72400 0
72410 0
72420 0
72430 5
72440 6
72450 0
72460 5
72470 0
72480 0
72490 0
72500 0
72510 0
72520 0
72530 0
72540 0
72550 0
72560 0
72570 0
72580 0
72590 0
72600 5
72610 8
72620 10
72630 5
72640 5
72650 7
72660 1
72670 6
72680 5
72690 0
72700 0
72710 0
72720 0
72730 0
72740 0
72750 0
72760 0
72770 0
72780 0
72790 0
72800 0
72810 0
72820 0
72830 0
72840 0
72850 0
72860 0
72870 0
72880 0
72890 0
72900 0
72910 0
72920 0
72930 1
72940 0
72950 0
72960 0
72970 0
72980 0
72990 0
73000 0
73010 0
73020 0
73030 0
73040 0
73050 0
73060 0
73070 0
73080 0
73090 0
73100 0
73110 0
73120 0
73130 0
73140 0
73150 0
73160 0
73170 0
73180 0
73190 0
73200 2
73210 1
73220 1
73230 0
73240 1
73250 0
73260 1
73270 0
73280 0
73290 0
73300 1
73310 0
73320 0
73330 0
73340 0
73350 0
73360 0
73370 0
73380 0
73390 0
73400 0
73410 0
73420 0
73430 0
73440 0
73450 0
73460 0
73470 0
73480 0
73490 0
73500 0
73510 0
73520 0
73530 3
73540 0
73550 0
73560 1
73570 2
73580 1
73590 0
73600 0
73610 0
73620 2
73630 0
73640 1
73650 3
73660 4
73670 5
73680 1
73690 1
73700 0
73710 0
73720 0
73730 0
73740 0
73750 1
73760 3
73770 2
73780 0
73790 0
73800 0
73810 0
73820 0
73830 1
73840 0
73850 0
73860 0
73870 0
73880 0
73890 0
73900 0
73910 0
73920 0
73930 0
73940 2
73950 1
73960 1
73970 0
73980 3
73990 2
74000 1
74010 8
74020 4
74030 5
74040 0
74050 0
74060 0
74070 2
74080 0
74090 0
74100 0
74110 0
74120 0
74130 0
74140 0
74150 0
74160 0
74170 0
74180 0
74190 1
74200 0
74210 5
74220 1
74230 0
74240 5
74250 2
74260 12
74270 11
74280 20
74290 6
74300 13
74310 5
74320 23
74330 11
74340 9
74350 9
74360 0
74370 0
74380 0
74390 0
74400 0
74410 0
74420 0
74430 0
74440 0
74450 0
74460 0
74470 0
74480 0
74490 1
74500 0
74510 0
74520 1
74530 0
74540 0
74550 0
74560 0
74570 0
74580 0
74590 0
74600 0
74610 0
74620 0
74630 0
74640 0
74650 0
74660 0
74670 0
74680 0
74690 0
74700 0
74710 0
74720 0
74730 0
74740 0
74750 0
74760 0
74770 0
74780 0
74790 0
74800 0
74810 0
74820 0
74830 0
74840 0
74850 0
74860 0
74870 0
74880 0
74890 0
74900 0
74910 0
74920 0
74930 0
74940 0
74950 0
74960 0
74970 0
74980 0
74990 0
75000 0
75010 0
75020 0
75030 0
75040 0
75050 0
75060 0
75070 0
75080 0
75090 0
75100 0
75110 0
75120 0
75130 0
75140 0
75150 0
75160 0
75170 0
75180 0
75190 1
75200 0
75210 3
75220 0
75230 1
75240 0
75250 1
75260 0
75270 0
75280 0
75290 0
75300 0
75310 0
75320 0
75330 0
75340 0
75350 0
75360 0
75370 0
75380 0
75390 0
75400 0
75410 0
75420 0
75430 0
75440 0
75450 0
75460 1
75470 0
75480 1
75490 0
75500 0
75510 0
75520 1
75530 1
75540 1
75550 0
75560 0
75570 0
75580 0
75590 1
75600 0
75610 0
75620 2
75630 0
75640 0
75650 0
75660 0
75670 0
75680 0
75690 0
75700 3
75710 0
75720 2
75730 0
75740 1
75750 4
75760 5
75770 5
75780 3
75790 5
75800 1
75810 4
75820 0
75830 0
75840 4
75850 0
75860 0
75870 2
75880 0
75890 0
75900 0
75910 0
75920 0
75930 0
75940 0
75950 0
75960 0
75970 0
75980 0
75990 0
76000 0
76010 0
76020 0
76030 0
76040 0
76050 0
76060 0
76070 0
76080 0
76090 0
76100 0
76110 0
76120 0
76130 0
76140 0
76150 0
76160 0
76170 0
76180 0
76190 0
76200 0
76210 0
76220 0
76230 0
76240 0
76250 0
76260 0
76270 0
76280 0
76290 0
76300 0
76310 0
76320 0
76330 0
76340 0
76350 0
76360 0
76370 0
76380 0
76390 0
76400 0
76410 0
76420 0
76430 0
76440 0
76450 0
76460 0
76470 0
76480 0
76490 0
76500 0
76510 0
76520 0
76530 0
76540 0
76550 0
76560 0
76570 0
76580 0
76590 0
76600 0
76610 0
76620 0
76630 8
76640 6
76650 0
76660 0
76670 0
76680 9
76690 9
76700 3
76710 0
76720 6
76730 9
76740 1
76750 3
76760 9
76770 5
76780 5
76790 9
76800 5
76810 0
76820 1
76830 0
76840 0
76850 5
76860 12
76870 10
76880 0
76890 0
76900 6
76910 0
76920 0
76930 0
76940 0
76950 0
76960 0
76970 2
76980 0
76990 0
77000 0
77010 0
77020 5
77030 5
77040 0
77050 1
77060 1
77070 2
77080 0
77090 0
77100 0
77110 0
77120 0
77130 0
77140 0
77150 0
77160 0
77170 0
77180 0
77190 0
77200 0
77210 1
77220 0
77230 0
77240 0
77250 3
77260 1
77270 3
77280 18
77290 1
77300 1
77310 0
77320 0
77330 0
77340 0
77350 0
77360 0
77370 0
77380 0
77390 0
77400 0
77410 0
77420 0
77430 0
77440 0
77450 1
77460 0
77470 0
77480 0
77490 0
77500 0
77510 0
77520 0
77530 0
77540 0
77550 0
77560 2
77570 4
77580 1
77590 4
77600 9
77610 9
77620 11
77630 9
77640 4
77650 9
77660 10
77670 6
77680 8
77690 7
77700 8
77710 4
77720 4
77730 6
77740 0
77750 2
77760 0
77770 4
77780 1
77790 0
77800 0
77810 0
77820 1
77830 0
77840 0
77850 0
77860 0
77870 0
77880 0
77890 0
77900 0
77910 0
77920 0
77930 0
77940 0
77950 0
77960 2
77970 0
77980 4
77990 3
78000 3
78010 0
78020 0
78030 0
78040 1
78050 2
78060 1
78070 0
78080 1
78090 1
78100 4
78110 0
78120 7
78130 0
78140 9
78150 6
78160 7
78170 0
78180 0
78190 0
78200 0
78210 0
78220 0
78230 0
78240 0
78250 1
78260 0
78270 3
78280 4
78290 7
78300 8
78310 13
78320 6
78330 12
78340 19
78350 17
78360 13
78370 0
78380 1
78390 0
78400 5
78410 0
78420 0
78430 0
78440 0
78450 0
78460 0
78470 0
78480 0
78490 0
78500 0
78510 0
78520 0
78530 0
78540 0
78550 3
78560 11
78570 9
78580 9
78590 5
78600 0
78610 7
78620 9
78630 5
78640 4
78650 9
78660 9
78670 9
78680 9
78690 1
78700 9
78710 10
78720 8
78730 10
78740 11
78750 4
78760 0
78770 5
78780 5
78790 5
78800 4
78810 3
78820 5
78830 3
78840 7
78850 10
78860 11
78870 2
78880 2
78890 0
78900 1
78910 7
78920 12
78930 11
78940 3
78950 5
78960 4
78970 9
78980 4
78990 9
79000 0
79010 0
79020 0
79030 0
79040 0
79050 0
79060 0
79070 1
79080 0
79090 3
79100 5
79110 9
79120 10
79130 9
79140 9
79150 9
79160 10
79170 6
79180 6
79190 4
79200 16
79210 8
79220 9
79230 4
79240 0
79250 0
79260 0
79270 5
79280 12
79290 3
79300 12
79310 0
79320 1
79330 2
79340 0
79350 6
79360 9
79370 2
79380 5
79390 12
79400 2
79410 0
79420 2
79430 1
79440 1
79450 3
79460 14
79470 4
79480 6
79490 15
79500 11
79510 2
79520 0
79530 0
79540 0
79550 0
79560 0
79570 0
79580 4
79590 11
79600 9
79610 10
79620 9
79630 1
79640 1
79650 2
79660 6
79670 6
79680 15
79690 7
79700 15
79710 19
79720 9
79730 15
79740 8
79750 3
79760 12
79770 15
79780 17
79790 10
79800 19
79810 5
79820 21
79830 14
79840 12
79850 14
79860 15
79870 11
79880 16
79890 18
79900 12
79910 6
79920 5
79930 14
79940 12
79950 5
79960 8
79970 11
79980 14
79990 9
80000 8
80010 7
80020 7
80030 10
80040 7
80050 9
80060 24
80070 18
80080 20
80090 12
80100 8
80110 13
80120 15
80130 17
80140 5
80150 8
80160 6
80170 13
80180 4
80190 11
80200 9
80210 15
80220 10
80230 20
80240 19
80250 8
80260 11
80270 13
80280 13
80290 14
80300 20
80310 9
80320 15
80330 18
80340 8
80350 13
80360 13
80370 16
80380 18
80390 11
80400 10
80410 13
80420 23
80430 9
80440 7
80450 10
80460 13
80470 9
80480 7
80490 10
80500 10
80510 8
80520 4
80530 0
80540 0
80550 0
80560 0
80570 12
80580 9
80590 0
80600 0
80610 0
80620 0
80630 0
80640 0
80650 0
80660 0
80670 0
80680 0
80690 0
80700 0
80710 0
80720 0
80730 0
80740 2
80750 1
80760 7
80770 2
80780 6
80790 0
80800 0
80810 0
80820 0
80830 0
80840 0
80850 0
80860 1
80870 0
80880 0
80890 0
80900 0
80910 0
80920 0
80930 0
80940 0
80950 0
80960 0
80970 0
80980 0
80990 0
81000 0
81010 0
81020 0
81030 0
81040 0
81050 0
81060 0
81070 0
81080 0
81090 0
81100 0
81110 0
81120 0
81130 0
81140 0
81150 0
81160 0
81170 0
81180 0
81190 2
81200 0
81210 1
81220 0
81230 0
81240 0
81250 0
81260 0
81270 0
81280 1
81290 9
81300 9
81310 9
81320 9
81330 6
81340 7
81350 9
81360 5
81370 4
81380 9
81390 7
81400 9
81410 10
81420 9
81430 5
81440 8
81450 8
81460 9
81470 6
81480 8
81490 9
81500 7
81510 10
81520 5
81530 6
81540 7
81550 4
81560 7
81570 6
81580 9
81590 11
81600 6
81610 4
81620 9
81630 6
81640 10
81650 7
81660 5
81670 9
81680 8
81690 8
81700 9
81710 7
81720 8
81730 6
81740 10
81750 9
81760 9
81770 9
81780 10
81790 9
81800 4
81810 5
81820 9
81830 3
81840 9
81850 9
81860 7
81870 6
81880 8
81890 9
81900 8
81910 6
81920 6
81930 5
81940 9
81950 9
81960 9
81970 9
81980 9
81990 0
82000 1
82010 0
82020 0
82030 5
82040 7
82050 9
82060 9
82070 6
82080 9
82090 5
82100 8
82110 8
82120 5
82130 9
82140 9
82150 9
82160 5
82170 9
82180 9
82190 9
82200 6
82210 9
82220 8
82230 9
82240 9
82250 9
82260 9
82270 5
82280 10
82290 6
82300 10
82310 10
82320 8
82330 9
82340 4
82350 9
82360 9
82370 5
82380 0
82390 0
82400 0
82410 0
82420 0
82430 0
82440 0
82450 0
82460 0
82470 0
82480 0
82490 0
82500 0
82510 0
82520 0
82530 0
82540 0
82550 0
82560 0
82570 0
82580 0
82590 0
82600 0
82610 0
82620 0
82630 0
82640 0
82650 0
82660 0
82670 0
82680 0
82690 0
82700 0
82710 0
82720 0
82730 0
82740 0
82750 0
82760 0
82770 0
82780 0
82790 0
82800 0
82810 0
82820 0
82830 0
82840 0
82850 0
82860 0
82870 0
82880 0
82890 1
82900 0
82910 0
82920 1
82930 0
82940 0
82950 0
82960 0
82970 0
82980 0
82990 0
83000 0
83010 0
83020 0
83030 0
83040 0
83050 0
83060 1
83070 0
83080 0
83090 0
83100 0
83110 0
83120 0
83130 0
83140 0
83150 0
83160 0
83170 0
83180 0
83190 0
83200 0
83210 0
83220 0
83230 0
83240 0
83250 0
83260 0
83270 0
83280 0
83290 0
83300 0
83310 0
83320 0
83330 0
83340 0
83350 0
83360 0
83370 0
83380 0
83390 0
83400 0
83410 0
83420 0
83430 0
83440 0
83450 0
83460 0
83470 1
83480 0
83490 0
83500 2
83510 1
83520 2
83530 0
83540 1
83550 0
83560 0
83570 0
83580 1
83590 0
83600 1
83610 0
83620 3
83630 0
83640 0
83650 0
83660 0
83670 0
83680 0
83690 0
83700 0
83710 0
83720 0
83730 0
83740 0
83750 0
83760 0
83770 0
83780 0
83790 0
83800 0
83810 0
83820 0
83830 7
83840 3
83850 0
83860 0
83870 5
83880 0
83890 0
83900 0
83910 0
83920 0
83930 0
83940 1
83950 0
83960 0
83970 0
83980 0
83990 0
84000 0
84010 0
84020 0
84030 0
84040 0
84050 0
84060 0
84070 0
84080 0
84090 0
84100 0
84110 0
84120 0
84130 0
84140 0
84150 0
84160 0
84170 0
84180 0
84190 0
84200 0
84210 0
84220 0
84230 0
84240 0
84250 0
84260 0
84270 0
84280 0
84290 0
84300 0
84310 0
84320 0
84330 0
84340 0
84350 0
84360 0
84370 0
84380 0
84390 0
84400 0
84410 0
84420 0
84430 0
84440 0
84450 0
84460 0
84470 0
84480 0
84490 0
84500 0
84510 0
84520 0
84530 1
84540 0
84550 1
84560 0
84570 1
84580 0
84590 2
84600 1
84610 0
84620 0
84630 0
84640 0
84650 0
84660 0
84670 1
84680 0
84690 0
84700 0
84710 0
84720 0
84730 0
84740 0
84750 0
84760 0
84770 0
84780 0
84790 0
84800 0
84810 0
84820 0
84830 0
84840 0
84850 0
84860 0
84870 0
84880 0
84890 0
84900 0
84910 0
84920 0
84930 0
84940 0
84950 0
84960 1
84970 0
84980 0
84990 0
85000 1
85010 0
85020 0
85030 1
85040 2
85050 4
85060 4
85070 0
85080 0
85090 0
85100 0
85110 0
85120 0
85130 0
85140 0
85150 0
85160 0
85170 0
85180 0
85190 0
85200 1
85210 1
85220 5
85230 1
85240 5
85250 7
85260 6
85270 5
85280 0
85290 1
85300 0
85310 0
85320 0
85330 0
85340 0
85350 0
85360 1
85370 1
85380 4
85390 0
85400 0
85410 0
85420 0
85430 1
85440 8
85450 7
85460 8
85470 9
85480 9
85490 3
85500 1
85510 8
85520 7
85530 5
85540 5
85550 5
85560 5
85570 5
85580 8
85590 3
85600 4
85610 7
85620 7
85630 7
85640 3
85650 3
85660 8
85670 5
85680 6
85690 4
85700 6
85710 5
85720 4
85730 4
85740 6
85750 4
85760 3
85770 3
85780 5
85790 3
85800 6
85810 5
85820 5
85830 4
85840 3
85850 3
85860 7
85870 5
85880 5
85890 0
85900 3
85910 3
85920 5
85930 5
85940 3
85950 4
85960 3
85970 2
85980 4
85990 5
86000 4
86010 4
86020 5
86030 7
86040 5
86050 5
86060 5
86070 8
86080 6
86090 6
86100 5
86110 4
86120 7
86130 1
86140 5
86150 0
86160 0
86170 5
86180 5
86190 9
86200 9
86210 7
86220 7
86230 8
86240 5
86250 6
86260 7
86270 4
86280 5
86290 5
86300 6
86310 6
86320 7
86330 5
86340 7
86350 8
86360 7
86370 6
86380 5
86390 8
86400 5
86410 5
86420 5
86430 5
86440 1
86450 5
86460 8
86470 6
86480 5
86490 5
86500 4
86510 4
86520 7
86530 4
86540 6
86550 0
86560 5
86570 5
86580 5
86590 2
86600 1
86610 6
86620 6
86630 4
86640 7
86650 6
86660 6
86670 5
86680 3
86690 5
86700 9
86710 7
86720 5
86730 6
86740 7
86750 5
86760 5
86770 7
86780 6
86790 8
86800 6
86810 7
86820 7
86830 5
86840 4
86850 6
86860 5
86870 8
86880 5
86890 5
86900 5
86910 5
86920 5
86930 5
86940 0
86950 4
86960 3
86970 5
86980 5
86990 4
87000 4
87010 1
87020 5
87030 5
87040 5
87050 8
87060 8
87070 8
87080 8
87090 7
87100 3
87110 5
87120 5
87130 6
87140 6
87150 7
87160 5
87170 7
87180 3
87190 8
87200 7
87210 5
87220 6
87230 7
87240 6
87250 7
87260 7
87270 5
87280 6
87290 6
87300 6
87310 0
87320 1
87330 5
87340 1
87350 7
87360 8
87370 6
87380 1
87390 2
87400 1
87410 5
87420 5
87430 7
87440 7
87450 8
87460 6
87470 8
87480 9
87490 6
87500 7
87510 5
87520 5
87530 5
87540 6
87550 5
87560 5
87570 5
87580 8
87590 6
87600 8
87610 5
87620 6
87630 1
87640 0
87650 0
87660 0
87670 0
87680 0
87690 0
87700 0
87710 0
87720 0
87730 0
87740 0
87750 0
87760 0
87770 0
87780 0
87790 0
87800 0
87810 0
87820 0
87830 0
87840 0
87850 0
87860 0
87870 0
87880 0
87890 0
87900 0
87910 0
87920 0
87930 0
87940 0
87950 0
87960 0
87970 0
87980 0
87990 0
88000 0
88010 0
88020 0
88030 0
88040 0
88050 0
88060 0
88070 0
88080 0
88090 0
88100 0
88110 0
88120 0
88130 0
88140 0
88150 0
88160 0
88170 0
88180 0
88190 0
88200 0
88210 0
88220 0
88230 0
88240 0
88250 0
88260 0
88270 0
88280 0
88290 0
88300 0
88310 0
88320 0
88330 0
88340 0
88350 0
88360 0
88370 0
88380 0
88390 0
88400 0
88410 0
88420 0
88430 0
88440 0
88450 0
88460 0
88470 0
88480 0
88490 0
88500 0
88510 0
88520 0
88530 0
88540 0
88550 0
88560 0
88570 0
88580 0
88590 0
88600 0
88610 0
88620 0
88630 0
88640 0
88650 0
88660 0
88670 0
88680 0
88690 0
88700 0
88710 0
88720 0
88730 0
88740 0
88750 0
88760 0
88770 0
88780 0
88790 0
88800 0
88810 0
88820 0
88830 0
88840 0
88850 0
88860 0
88870 0
88880 0
88890 0
88900 0
88910 0
88920 0
88930 0
88940 0
88950 0
88960 0
88970 0
88980 0
88990 0
89000 0
89010 0
89020 0
89030 0
89040 0
89050 0
89060 0
89070 0
89080 0
89090 0
89100 0
89110 0
89120 0
89130 0
89140 0
89150 0
89160 0
89170 0
89180 0
89190 0
89200 0
89210 0
89220 0
89230 0
89240 0
89250 0
89260 0
89270 0
89280 0
89290 0
89300 0
89310 0
89320 0
89330 0
89340 0
89350 0
89360 0
89370 0
89380 0
89390 0
89400 0
89410 0
89420 0
89430 0
89440 0
89450 0
89460 0
89470 0
89480 0
89490 0
89500 0
89510 0
89520 0
89530 0
89540 0
89550 0
89560 0
89570 0
89580 0
89590 0
89600 0
89610 0
89620 0
89630 0
89640 0
89650 0
89660 0
89670 0
89680 0
89690 0
89700 0
89710 0
89720 0
89730 0
89740 0
89750 0
89760 0
89770 0
89780 0
89790 0
89800 0
89810 0
89820 0
89830 0
89840 0
89850 0
89860 0
89870 0
89880 0
89890 0
89900 0
89910 0
89920 0
89930 0
89940 0
89950 0
89960 0
89970 0
89980 0
89990 0
90000 0
90010 0
90020 0
90030 0
90040 0
90050 0
90060 0
90070 0
90080 0
90090 0
90100 0
90110 0
90120 0
90130 0
90140 0
90150 0
90160 0
90170 0
90180 0
90190 0
90200 0
90210 0
90220 0
90230 0
90240 0
90250 0
90260 0
90270 0
90280 0
90290 0
90300 0
90310 0
90320 0
90330 0
90340 0
90350 0
90360 0
90370 0
90380 0
90390 0
90400 0
90410 0
90420 0
90430 0
90440 0
90450 0
90460 0
90470 0
90480 0
90490 0
90500 0
90510 0
90520 0
90530 0
90540 0
90550 0
90560 0
90570 0
90580 0
90590 0
90600 0
90610 0
90620 0
90630 0
90640 0
90650 0
90660 0
90670 0
90680 0
90690 0
90700 0
90710 0
90720 0
90730 0
90740 0
90750 0
90760 0
90770 0
90780 0
90790 0
90800 0
90810 0
90820 0
90830 0
90840 0
90850 0
90860 0
90870 0
90880 0
90890 0
90900 0
90910 0
90920 0
90930 0
90940 0
90950 0
90960 0
90970 0
90980 0
90990 0
91000 0
91010 0
91020 0
91030 0
91040 0
91050 0
91060 0
91070 0
91080 0
91090 0
91100 0
91110 0
91120 0
91130 0
91140 0
91150 0
91160 0
91170 0
91180 0
91190 0
91200 0
91210 0
91220 0
91230 0
91240 0
91250 0
91260 0
91270 0
91280 0
91290 0
91300 0
91310 0
91320 0
91330 0
91340 0
91350 0
91360 0
91370 0
91380 0
91390 0
91400 0
91410 0
91420 0
91430 0
91440 0
91450 0
91460 0
91470 0
91480 0
91490 0
91500 0
91510 0
91520 0
91530 0
91540 0
91550 0
91560 0
91570 0
91580 0
91590 0
91600 0
91610 0
91620 0
91630 0
91640 0
91650 0
91660 0
91670 0
91680 0
91690 0
91700 0
91710 0
91720 0
91730 0
91740 0
91750 0
91760 0
91770 0
91780 0
91790 0
91800 0
91810 0
91820 0
91830 0
91840 0
91850 0
91860 0
91870 0
91880 0
91890 0
91900 0
91910 0
91920 0
91930 0
91940 0
91950 0
91960 0
91970 0
91980 0
91990 0
92000 0
92010 0
92020 0
92030 0
92040 0
92050 0
92060 0
92070 0
92080 0
92090 0
92100 0
92110 0
92120 0
92130 0
92140 0
92150 0
92160 0
92170 0
92180 0
92190 0
92200 0
92210 0
92220 0
92230 0
92240 0
92250 0
92260 0
92270 0
92280 0
92290 0
92300 0
92310 0
92320 0
92330 0
92340 0
92350 0
92360 0
92370 0
92380 0
92390 0
92400 0
92410 0
92420 0
92430 0
92440 0
92450 0
92460 0
92470 0
92480 0
92490 0
92500 0
92510 0
92520 0
92530 0
92540 0
92550 0
92560 0
92570 0
92580 0
92590 0
92600 0
92610 0
92620 0
92630 0
92640 0
92650 0
92660 0
92670 0
92680 0
92690 0
92700 0
92710 0
92720 0
92730 0
92740 0
92750 0
92760 0
92770 0
92780 0
92790 0
92800 0
92810 0
92820 0
92830 0
92840 0
92850 0
92860 0
92870 0
92880 0
92890 0
92900 0
92910 0
92920 0
92930 0
92940 0
92950 0
92960 0
92970 0
92980 0
92990 0
93000 0
93010 0
93020 0
93030 0
93040 0
93050 0
93060 0
93070 0
93080 0
93090 0
93100 0
93110 0
93120 0
93130 0
93140 0
93150 0
93160 0
93170 0
93180 0
93190 0
93200 0
93210 0
93220 0
93230 0
93240 0
93250 0
93260 0
93270 0
93280 4
93290 0
93300 0
93310 1
93320 0
93330 0
93340 0
93350 1
93360 0
93370 5
93380 3
93390 4
93400 2
93410 4
93420 5
93430 4
93440 9
93450 5
93460 5
93470 5
93480 5
93490 3
93500 4
93510 2
93520 3
93530 2
93540 6
93550 4
93560 4
93570 5
93580 5
93590 5
93600 5
93610 3
93620 4
93630 4
93640 5
93650 4
93660 4
93670 4
93680 2
93690 4
93700 4
93710 4
93720 1
93730 0
93740 5
93750 0
93760 0
93770 0
93780 0
93790 0
93800 0
93810 1
93820 1
93830 2
93840 3
93850 0
93860 0
93870 0
93880 2
93890 0
93900 0
93910 0
93920 4
93930 0
93940 0
93950 2
93960 1
93970 0
93980 1
93990 0
94000 0
94010 0
94020 0
94030 0
94040 0
94050 0
94060 0
94070 4
94080 0
94090 0
94100 0
94110 0
94120 0
94130 0
94140 0
94150 0
94160 0
94170 0
94180 0
94190 0
94200 0
94210 0
94220 0
94230 0
94240 0
94250 0
94260 0
94270 0
94280 0
94290 0
94300 0
94310 0
94320 0
94330 0
94340 0
94350 1
94360 0
94370 0
94380 0
94390 0
94400 0
94410 0
94420 0
94430 0
94440 6
94450 6
94460 4
94470 0
94480 3
94490 3
94500 6
94510 4
94520 6
94530 6
94540 6
94550 0
94560 0
94570 1
94580 0
94590 1
94600 0
94610 0
94620 1
94630 1
94640 0
94650 0
94660 0
94670 0
94680 0
94690 0
94700 0
94710 1
94720 1
94730 0
94740 0
94750 1
94760 1
94770 0
94780 1
94790 0
94800 0
94810 1
94820 0
94830 0
94840 0
94850 3
94860 5
94870 5
94880 3
94890 4
94900 7
94910 1
94920 3
94930 1
94940 3
94950 0
94960 0
94970 0
94980 3
94990 2
95000 5
95010 8
95020 9
95030 9
95040 5
95050 1
95060 9
95070 6
95080 4
95090 6
95100 1
95110 1
95120 6
95130 4
95140 3
95150 7
95160 9
95170 7
95180 1
95190 4
95200 6
95210 10
95220 3
95230 6
95240 3
95250 6
95260 6
95270 4
95280 10
95290 1
95300 4
95310 3
95320 5
95330 2
95340 4
95350 5
95360 1
95370 1
95380 1
95390 1
95400 3
95410 10
95420 9
95430 7
95440 10
95450 10
95460 6
95470 17
95480 20
95490 5
95500 8
95510 0
95520 9
95530 7
95540 4
95550 4
95560 9
95570 3
95580 1
95590 6
95600 5
95610 2
95620 0
95630 6
95640 4
95650 8
95660 6
95670 7
95680 5
95690 8
95700 6
95710 8
95720 6
95730 6
95740 4
95750 18
95760 16
95770 14
95780 14
95790 7
95800 9
95810 5
95820 2
95830 0
95840 20
95850 13
95860 14
95870 7
95880 10
95890 7
95900 12
95910 7
95920 4
95930 9
95940 4
95950 12
95960 9
95970 11
95980 10
95990 11
96000 15
96010 8
96020 2
96030 12
96040 7
96050 17
96060 5
96070 15
96080 18
96090 7
96100 6
96110 6
96120 1
96130 0
96140 0
96150 0
96160 0
96170 0
96180 0
96190 0
96200 0
96210 0
96220 0
96230 0
96240 0
96250 0
96260 0
96270 0
96280 15
96290 11
96300 3
96310 3
96320 20
96330 10
96340 11
96350 0
96360 2
96370 4
96380 3
96390 0
96400 7
96410 7
96420 6
96430 1
96440 8
96450 7
96460 8
96470 4
96480 2
96490 4
96500 8
96510 9
96520 8
96530 8
96540 7
96550 5
96560 5
96570 5
96580 10
96590 5
96600 8
96610 9
96620 3
96630 4
96640 3
96650 4
96660 9
96670 8
96680 3
96690 9
96700 7
96710 7
96720 5
96730 5
96740 5
96750 8
96760 8
96770 6
96780 7
96790 10
96800 9
96810 7
96820 11
96830 10
96840 11
96850 8
96860 9
96870 8
96880 30
96890 28
96900 23
96910 19
96920 25
96930 20
96940 5
96950 12
96960 6
96970 6
96980 10
96990 14
97000 11
97010 15
97020 6
97030 6
97040 6
97050 8
97060 8
97070 8
97080 6
97090 6
97100 5
97110 8
97120 7
97130 6
97140 9
97150 10
97160 6
97170 6
97180 9
97190 8
97200 11
97210 8
97220 5
97230 6
97240 6
97250 8
97260 5
97270 4
97280 7
97290 7
97300 2
97310 5
97320 4
97330 3
97340 5
97350 5
97360 6
97370 6
97380 6
97390 4
97400 8
97410 6
97420 6
97430 5
97440 5
97450 3
97460 3
97470 3
97480 4
97490 5
97500 6
97510 5
97520 6
97530 6
97540 6
97550 5
97560 6
97570 3
97580 4
97590 4
97600 8
97610 6
97620 5
97630 4
97640 0
97650 4
97660 3
97670 0
97680 5
97690 5
97700 6
97710 7
97720 3
97730 2
97740 5
97750 6
97760 5
97770 6
97780 3
97790 6
97800 4
97810 5
97820 4
97830 2
97840 2
97850 6
97860 5
97870 6
97880 7
97890 4
97900 6
97910 3
97920 5
97930 6
97940 7
97950 5
97960 5
97970 1
97980 5
97990 5
98000 5
98010 6
98020 5
98030 2
98040 5
98050 5
98060 4
98070 6
98080 6
98090 6
98100 5
98110 5
98120 5
98130 5
98140 5
98150 6
98160 7
98170 5
98180 5
98190 5
98200 5
98210 5
98220 6
98230 6
98240 4
98250 5
98260 5
98270 0
98280 2
98290 4
98300 2
98310 5
98320 5
98330 3
98340 0
98350 5
98360 2
98370 5
98380 3
98390 5
98400 4
98410 3
98420 6
98430 3
98440 5
98450 5
98460 1
98470 5
98480 5
98490 5
98500 5
98510 1
98520 1
98530 5
98540 2
98550 6
98560 7
98570 7
98580 5
98590 5
98600 5
98610 7
98620 3
98630 3
98640 6
98650 3
98660 6
98670 6
98680 7
98690 7
98700 7
98710 5
98720 7
98730 7
98740 5
98750 6
98760 7
98770 7
98780 7
98790 6
98800 3
98810 3
98820 0
98830 2
98840 1
98850 0
98860 6
98870 4
98880 5
98890 7
98900 7
98910 7
98920 1
98930 2
98940 0
98950 0
98960 5
98970 0
98980 4
98990 2
99000 3
99010 2
99020 5
99030 6
99040 7
99050 5
99060 6
99070 3
99080 3
99090 2
99100 0
99110 3
99120 3
99130 5
99140 6
99150 9
99160 7
99170 7
99180 3
99190 6
99200 9
99210 4
99220 6
99230 1
99240 7
99250 8
99260 9
99270 2
99280 0
99290 0
99300 0
99310 3
99320 0
99330 7
99340 5
99350 0
99360 0
99370 6
99380 6
99390 1
99400 7
99410 5
99420 8
99430 7
99440 8
99450 9
99460 2
99470 5
99480 8
99490 7
99500 7
99510 8
99520 8
99530 3
99540 6
99550 2
99560 4
99570 2
99580 0
99590 0
99600 0
99610 7
99620 5
99630 6
99640 5
99650 0
99660 6
99670 1
99680 5
99690 4
99700 1
99710 4
99720 1
99730 5
99740 6
99750 4
99760 6
99770 3
99780 3
99790 4
99800 4
99810 4
99820 2
99830 0
99840 3
99850 6
99860 5
99870 0
99880 0
99890 2
99900 4
99910 2
99920 5
99930 4
99940 10
99950 7
99960 0
99970 1
99980 5
99990 4
