# Frame Contacts
30000 0
30010 8
30020 7
30030 6
30040 9
30050 9
30060 7
30070 4
30080 4
30090 3
30100 1
30110 4
30120 0
30130 3
30140 3
30150 13
30160 4
30170 0
30180 0
30190 5
30200 4
30210 5
30220 6
30230 5
30240 8
30250 10
30260 11
30270 8
30280 15
30290 21
30300 11
30310 24
30320 9
30330 5
30340 3
30350 2
30360 3
30370 7
30380 9
30390 6
30400 20
30410 23
30420 20
30430 28
30440 28
30450 24
30460 24
30470 13
30480 11
30490 21
30500 25
30510 19
30520 17
30530 18
30540 14
30550 19
30560 20
30570 29
30580 24
30590 9
30600 5
30610 6
30620 9
30630 5
30640 6
30650 5
30660 0
30670 5
30680 4
30690 4
30700 1
30710 2
30720 5
30730 3
30740 0
30750 5
30760 0
30770 1
30780 4
30790 0
30800 5
30810 3
30820 0
30830 5
30840 5
30850 4
30860 0
30870 5
30880 8
30890 1
30900 7
30910 5
30920 0
30930 3
30940 4
30950 4
30960 9
30970 7
30980 0
30990 5
31000 6
31010 3
31020 1
31030 5
31040 5
31050 4
31060 1
31070 6
31080 6
31090 2
31100 4
31110 14
31120 6
31130 8
31140 0
31150 4
31160 4
31170 5
31180 1
31190 4
31200 5
31210 3
31220 7
31230 6
31240 5
31250 0
31260 8
31270 4
31280 8
31290 1
31300 7
31310 8
31320 9
31330 0
31340 0
31350 14
31360 8
31370 9
31380 9
31390 10
31400 8
31410 7
31420 6
31430 10
31440 6
31450 7
31460 8
31470 7
31480 3
31490 7
31500 1
31510 4
31520 8
31530 6
31540 9
31550 2
31560 4
31570 6
31580 4
31590 5
31600 7
31610 5
31620 4
31630 4
31640 3
31650 4
31660 4
31670 2
31680 5
31690 4
31700 9
31710 9
31720 6
31730 4
31740 9
31750 5
31760 8
31770 6
31780 5
31790 4
31800 6
31810 1
31820 5
31830 0
31840 6
31850 7
31860 14
31870 7
31880 13
31890 16
31900 1
31910 16
31920 22
31930 22
31940 12
31950 8
31960 9
31970 20
31980 21
31990 4
32000 17
32010 18
32020 10
32030 8
32040 18
32050 17
32060 12
32070 7
32080 15
32090 18
32100 15
32110 18
32120 19
32130 17
32140 16
32150 6
32160 16
32170 17
32180 19
32190 22
32200 19
32210 16
32220 19
32230 15
32240 19
32250 16
32260 21
32270 23
32280 19
32290 22
32300 8
32310 17
32320 8
32330 8
32340 10
32350 8
32360 11
32370 9
32380 11
32390 15
32400 21
32410 8
32420 6
32430 10
32440 9
32450 6
32460 21
32470 1
32480 9
32490 6
32500 18
32510 21
32520 15
32530 6
32540 1
32550 6
32560 13
32570 9
32580 3
32590 4
32600 1
32610 9
32620 7
32630 3
32640 6
32650 6
32660 7
32670 4
32680 7
32690 12
32700 18
32710 2
32720 4
32730 5
32740 22
32750 18
32760 18
32770 8
32780 6
32790 6
32800 10
32810 3
32820 6
32830 7
32840 11
32850 7
32860 9
32870 7
32880 3
32890 9
32900 8
32910 7
32920 7
32930 8
32940 7
32950 7
32960 10
32970 7
32980 9
32990 6
33000 11
33010 5
33020 3
33030 6
33040 8
33050 7
33060 7
33070 8
33080 8
33090 8
33100 5
33110 2
33120 8
33130 6
33140 4
33150 7
33160 6
33170 8
33180 8
33190 6
33200 4
33210 9
33220 7
33230 7
33240 4
33250 8
33260 6
33270 6
33280 3
33290 7
33300 21
33310 32
33320 18
33330 25
33340 20
33350 18
33360 20
33370 21
33380 23
33390 20
33400 20
33410 16
33420 16
33430 17
33440 18
33450 18
33460 16
33470 17
33480 18
33490 21
33500 24
33510 21
33520 22
33530 27
33540 24
33550 29
33560 22
33570 27
33580 22
33590 15
33600 24
33610 22
33620 24
33630 29
33640 22
33650 24
33660 18
33670 24
33680 23
33690 27
33700 19
33710 26
33720 19
33730 22
33740 22
33750 25
33760 18
33770 23
33780 24
33790 23
33800 23
33810 23
33820 22
33830 29
33840 26
33850 26
33860 16
33870 18
33880 23
33890 19
33900 17
33910 19
33920 17
33930 17
33940 23
33950 19
33960 22
33970 18
33980 15
33990 20
34000 20
34010 18
34020 22
34030 20
34040 20
34050 13
34060 18
34070 19
34080 20
34090 18
34100 21
34110 17
34120 22
34130 22
34140 23
34150 23
34160 24
34170 24
34180 24
34190 27
34200 24
34210 25
34220 23
34230 22
34240 18
34250 23
34260 22
34270 22
34280 23
34290 20
34300 21
34310 26
34320 17
34330 29
34340 35
34350 33
34360 34
34370 30
34380 25
34390 31
34400 40
34410 28
34420 25
34430 28
34440 25
34450 31
34460 8
34470 22
34480 26
34490 27
34500 25
34510 20
34520 23
34530 30
34540 29
34550 29
34560 39
34570 25
34580 23
34590 20
34600 30
34610 23
34620 25
34630 32
34640 25
34650 27
34660 27
34670 25
34680 26
34690 22
34700 29
34710 23
34720 19
34730 21
34740 27
34750 29
34760 25
34770 21
34780 23
34790 30
34800 26
34810 27
34820 28
34830 25
34840 24
34850 22
34860 20
34870 24
34880 28
34890 27
34900 26
34910 24
34920 23
34930 30
34940 22
34950 32
34960 26
34970 20
34980 34
34990 24
35000 28
35010 20
35020 16
35030 29
35040 22
35050 35
35060 28
35070 23
35080 24
35090 30
35100 27
35110 27
35120 25
35130 31
35140 9
35150 15
35160 24
35170 25
35180 7
35190 15
35200 3
35210 7
35220 5
35230 2
35240 3
35250 11
35260 14
35270 11
35280 12
35290 16
35300 6
35310 6
35320 18
35330 9
35340 13
35350 12
35360 12
35370 0
35380 1
35390 0
35400 0
35410 2
35420 2
35430 5
35440 6
35450 0
35460 0
35470 0
35480 0
35490 0
35500 0
35510 0
35520 0
35530 0
35540 0
35550 0
35560 0
35570 0
35580 0
35590 0
35600 0
35610 0
35620 0
35630 0
35640 0
35650 0
35660 1
35670 2
35680 10
35690 11
35700 6
35710 10
35720 13
35730 11
35740 5
35750 13
35760 11
35770 9
35780 3
35790 7
35800 13
35810 9
35820 10
35830 17
35840 4
35850 11
35860 7
35870 10
35880 13
35890 16
35900 9
35910 13
35920 13
35930 13
35940 14
35950 11
35960 9
35970 12
35980 11
35990 4
36000 8
36010 5
36020 6
36030 10
36040 9
36050 0
36060 6
36070 7
36080 2
36090 6
36100 9
36110 1
36120 3
36130 9
36140 3
36150 10
36160 11
36170 14
36180 4
36190 1
36200 10
36210 17
36220 3
36230 11
36240 15
36250 11
36260 17
36270 5
36280 17
36290 12
36300 15
36310 8
36320 4
36330 5
36340 3
36350 8
36360 18
36370 1
36380 10
36390 8
36400 11
36410 9
36420 7
36430 0
36440 0
36450 0
36460 0
36470 0
36480 0
36490 0
36500 3
36510 0
36520 0
36530 0
36540 0
36550 0
36560 0
36570 12
36580 12
36590 5
36600 23
36610 0
36620 0
36630 0
36640 0
36650 0
36660 0
36670 0
36680 0
36690 0
36700 0
36710 0
36720 0
36730 0
36740 1
36750 4
36760 5
36770 10
36780 15
36790 4
36800 9
36810 3
36820 0
36830 0
36840 0
36850 1
36860 1
36870 0
36880 0
36890 0
36900 0
36910 0
36920 0
36930 0
36940 0
36950 0
36960 0
36970 0
36980 0
36990 0
37000 0
37010 0
37020 0
37030 0
37040 0
37050 0
37060 0
37070 0
37080 0
37090 0
37100 0
37110 0
37120 2
37130 0
37140 0
37150 0
37160 0
37170 0
37180 0
37190 0
37200 0
37210 0
37220 0
37230 0
37240 0
37250 1
37260 0
37270 0
37280 0
37290 0
37300 0
37310 6
37320 0
37330 3
37340 5
37350 2
37360 0
37370 1
37380 1
37390 0
37400 0
37410 0
37420 0
37430 0
37440 0
37450 0
37460 0
37470 0
37480 0
37490 0
37500 0
37510 0
37520 0
37530 0
37540 0
37550 0
37560 0
37570 0
37580 0
37590 0
37600 0
37610 0
37620 0
37630 0
37640 0
37650 0
37660 0
37670 0
37680 0
37690 0
37700 0
37710 0
37720 0
37730 0
37740 0
37750 0
37760 0
37770 0
37780 0
37790 0
37800 0
37810 0
37820 0
37830 1
37840 0
37850 0
37860 1
37870 8
37880 2
37890 0
37900 1
37910 0
37920 0
37930 0
37940 0
37950 0
37960 0
37970 0
37980 0
37990 0
38000 0
38010 0
38020 0
38030 0
38040 0
38050 0
38060 0
38070 0
38080 0
38090 0
38100 0
38110 0
38120 0
38130 0
38140 0
38150 0
38160 0
38170 0
38180 0
38190 0
38200 0
38210 0
38220 0
38230 0
38240 0
38250 0
38260 0
38270 0
38280 0
38290 0
38300 0
38310 0
38320 0
38330 0
38340 0
38350 0
38360 0
38370 0
38380 0
38390 0
38400 0
38410 0
38420 0
38430 0
38440 0
38450 0
38460 0
38470 0
38480 0
38490 0
38500 0
38510 0
38520 0
38530 0
38540 0
38550 0
38560 0
38570 0
38580 0
38590 0
38600 0
38610 0
38620 0
38630 0
38640 0
38650 0
38660 0
38670 0
38680 0
38690 0
38700 0
38710 0
38720 0
38730 1
38740 3
38750 0
38760 8
38770 1
38780 0
38790 2
38800 3
38810 0
38820 0
38830 0
38840 0
38850 0
38860 0
38870 0
38880 0
38890 0
38900 0
38910 0
38920 0
38930 0
38940 0
38950 0
38960 0
38970 0
38980 0
38990 0
39000 0
39010 0
39020 0
39030 0
39040 0
39050 0
39060 0
39070 0
39080 0
39090 0
39100 0
39110 0
39120 0
39130 0
39140 0
39150 0
39160 0
39170 0
39180 0
39190 0
39200 1
39210 3
39220 10
39230 15
39240 21
39250 12
39260 0
39270 14
39280 13
39290 11
39300 4
39310 7
39320 11
39330 15
39340 11
39350 9
39360 10
39370 11
39380 15
39390 5
39400 6
39410 9
39420 1
39430 0
39440 0
39450 0
39460 0
39470 0
39480 0
39490 0
39500 0
39510 0
39520 0
39530 0
39540 0
39550 0
39560 0
39570 0
39580 0
39590 0
39600 0
39610 0
39620 0
39630 0
39640 0
39650 0
39660 0
39670 0
39680 0
39690 0
39700 0
39710 0
39720 0
39730 0
39740 0
39750 0
39760 0
39770 0
39780 0
39790 0
39800 0
39810 0
39820 0
39830 0
39840 0
39850 0
39860 0
39870 0
39880 0
39890 0
39900 0
39910 0
39920 0
39930 0
39940 0
39950 0
39960 0
39970 0
39980 0
39990 0
40000 0
40010 0
40020 0
40030 0
40040 0
40050 0
40060 0
40070 0
40080 0
40090 0
40100 0
40110 0
40120 0
40130 3
40140 0
40150 5
40160 7
40170 9
40180 8
40190 9
40200 9
40210 8
40220 9
40230 6
40240 8
40250 9
40260 2
40270 9
40280 13
40290 10
40300 11
40310 10
40320 10
40330 2
40340 3
40350 2
40360 8
40370 6
40380 9
40390 6
40400 4
40410 0
40420 4
40430 10
40440 8
40450 9
40460 4
40470 0
40480 0
40490 1
40500 1
40510 0
40520 0
40530 0
40540 0
40550 8
40560 6
40570 13
40580 15
40590 0
40600 0
40610 1
40620 0
40630 0
40640 0
40650 0
40660 0
40670 0
40680 0
40690 0
40700 0
40710 0
40720 0
40730 0
40740 0
40750 0
40760 0
40770 0
40780 0
40790 0
40800 0
40810 0
40820 0
40830 0
40840 0
40850 0
40860 0
40870 0
40880 0
40890 0
40900 0
40910 0
40920 0
40930 0
40940 0
40950 0
40960 0
40970 0
40980 0
40990 0
41000 0
41010 0
41020 0
41030 0
41040 0
41050 0
41060 0
41070 0
41080 0
41090 0
41100 0
41110 0
41120 0
41130 0
41140 0
41150 0
41160 0
41170 0
41180 0
41190 0
41200 0
41210 1
41220 1
41230 9
41240 10
41250 8
41260 6
41270 0
41280 3
41290 0
41300 0
41310 0
41320 0
41330 0
41340 0
41350 0
41360 0
41370 0
41380 0
41390 0
41400 0
41410 0
41420 0
41430 0
41440 0
41450 0
41460 0
41470 0
41480 0
41490 0
41500 0
41510 0
41520 0
41530 0
41540 0
41550 0
41560 0
41570 0
41580 0
41590 0
41600 0
41610 0
41620 0
41630 0
41640 0
41650 0
41660 0
41670 0
41680 0
41690 0
41700 0
41710 0
41720 0
41730 0
41740 0
41750 0
41760 0
41770 0
41780 0
41790 0
41800 0
41810 0
41820 0
41830 0
41840 0
41850 0
41860 0
41870 0
41880 0
41890 0
41900 0
41910 0
41920 0
41930 0
41940 0
41950 0
41960 0
41970 0
41980 0
41990 0
42000 0
42010 0
42020 0
42030 0
42040 0
42050 0
42060 0
42070 0
42080 0
42090 0
42100 0
42110 0
42120 0
42130 0
42140 0
42150 0
42160 0
42170 0
42180 0
42190 0
42200 0
42210 0
42220 0
42230 0
42240 0
42250 0
42260 0
42270 0
42280 0
42290 0
42300 0
42310 0
42320 0
42330 0
42340 0
42350 0
42360 0
42370 0
42380 0
42390 0
42400 0
42410 0
42420 0
42430 0
42440 0
42450 0
42460 0
42470 0
42480 0
42490 0
42500 0
42510 0
42520 0
42530 0
42540 0
42550 0
42560 0
42570 0
42580 0
42590 0
42600 0
42610 0
42620 0
42630 0
42640 0
42650 0
42660 0
42670 0
42680 0
42690 0
42700 0
42710 0
42720 0
42730 0
42740 0
42750 0
42760 0
42770 0
42780 0
42790 0
42800 0
42810 0
42820 0
42830 0
42840 0
42850 0
42860 0
42870 0
42880 0
42890 0
42900 0
42910 0
42920 0
42930 0
42940 0
42950 0
42960 0
42970 0
42980 0
42990 0
43000 0
43010 0
43020 0
43030 0
43040 0
43050 0
43060 0
43070 0
43080 0
43090 0
43100 0
43110 0
43120 0
43130 0
43140 0
43150 0
43160 0
43170 0
43180 0
43190 0
43200 0
43210 0
43220 1
43230 0
43240 0
43250 0
43260 0
43270 0
43280 0
43290 0
43300 0
43310 0
43320 0
43330 0
43340 0
43350 0
43360 0
43370 0
43380 0
43390 0
43400 0
43410 0
43420 1
43430 0
43440 0
43450 0
43460 0
43470 0
43480 0
43490 0
43500 0
43510 0
43520 3
43530 3
43540 8
43550 4
43560 7
43570 1
43580 3
43590 9
43600 9
43610 0
43620 1
43630 0
43640 0
43650 0
43660 0
43670 9
43680 9
43690 9
43700 8
43710 4
43720 9
43730 9
43740 7
43750 12
43760 25
43770 21
43780 12
43790 9
43800 21
43810 3
43820 9
43830 13
43840 1
43850 11
43860 6
43870 9
43880 5
43890 9
43900 8
43910 3
43920 3
43930 10
43940 0
43950 6
43960 12
43970 17
43980 21
43990 9
44000 10
44010 14
44020 23
44030 25
44040 13
44050 12
44060 13
44070 15
44080 19
44090 17
44100 15
44110 8
44120 13
44130 16
44140 19
44150 6
44160 27
44170 24
44180 5
44190 18
44200 17
44210 25
44220 22
44230 12
44240 15
44250 15
44260 21
44270 17
44280 17
44290 23
44300 16
44310 4
44320 5
44330 1
44340 1
44350 13
44360 1
44370 0
44380 5
44390 7
44400 11
44410 5
44420 7
44430 7
44440 8
44450 10
44460 12
44470 9
44480 8
44490 1
44500 10
44510 5
44520 7
44530 7
44540 14
44550 15
44560 6
44570 7
44580 8
44590 3
44600 4
44610 7
44620 3
44630 10
44640 12
44650 9
44660 5
44670 6
44680 12
44690 7
44700 5
44710 13
44720 12
44730 6
44740 13
44750 3
44760 9
44770 11
44780 9
44790 15
44800 6
44810 3
44820 7
44830 0
44840 0
44850 7
44860 3
44870 9
44880 9
44890 13
44900 4
44910 7
44920 2
44930 5
44940 15
44950 19
44960 7
44970 12
44980 10
44990 9
45000 16
45010 14
45020 5
45030 8
45040 10
45050 9
45060 6
45070 19
45080 9
45090 9
45100 7
45110 11
45120 14
45130 11
45140 12
45150 11
45160 3
45170 6
45180 11
45190 8
45200 12
45210 16
45220 6
45230 8
45240 10
45250 5
45260 13
45270 10
45280 11
45290 19
45300 10
45310 13
45320 7
45330 11
45340 5
45350 16
45360 13
45370 14
45380 15
45390 11
45400 7
45410 13
45420 16
45430 13
45440 0
45450 2
45460 6
45470 0
45480 5
45490 9
45500 12
45510 11
45520 5
45530 10
45540 3
45550 9
45560 2
45570 12
45580 10
45590 11
45600 7
45610 12
45620 5
45630 8
45640 1
45650 10
45660 4
45670 0
45680 0
45690 0
45700 0
45710 3
45720 4
45730 8
45740 3
45750 2
45760 3
45770 0
45780 0
45790 3
45800 0
45810 0
45820 0
45830 0
45840 0
45850 0
45860 0
45870 0
45880 0
45890 0
45900 0
45910 5
45920 0
45930 0
45940 0
45950 0
45960 0
45970 0
45980 0
45990 0
46000 0
46010 0
46020 0
46030 0
46040 0
46050 0
46060 0
46070 0
46080 0
46090 0
46100 0
46110 0
46120 0
46130 0
46140 0
46150 0
46160 0
46170 0
46180 1
46190 0
46200 6
46210 10
46220 2
46230 0
46240 0
46250 0
46260 0
46270 0
46280 0
46290 0
46300 0
46310 1
46320 10
46330 8
46340 14
46350 10
46360 7
46370 14
46380 8
46390 7
46400 3
46410 14
46420 14
46430 8
46440 6
46450 2
46460 19
46470 18
46480 2
46490 0
46500 13
46510 10
46520 0
46530 0
46540 0
46550 0
46560 0
46570 0
46580 0
46590 0
46600 0
46610 0
46620 0
46630 0
46640 0
46650 0
46660 3
46670 1
46680 8
46690 10
46700 9
46710 12
46720 14
46730 8
46740 9
46750 15
46760 26
46770 12
46780 35
46790 29
46800 21
46810 14
46820 20
46830 8
46840 9
46850 17
46860 11
46870 13
46880 0
46890 0
46900 0
46910 6
46920 8
46930 3
46940 8
46950 6
46960 7
46970 4
46980 19
46990 10
47000 12
47010 9
47020 12
47030 14
47040 8
47050 14
47060 5
47070 12
47080 1
47090 9
47100 0
47110 10
47120 15
47130 4
47140 8
47150 5
47160 6
47170 6
47180 0
47190 3
47200 2
47210 1
47220 4
47230 5
47240 1
47250 0
47260 2
47270 6
47280 5
47290 4
47300 3
47310 0
47320 1
47330 0
47340 0
47350 0
47360 0
47370 0
47380 0
47390 3
47400 3
47410 3
47420 4
47430 0
47440 9
47450 8
47460 2
47470 1
47480 16
47490 7
47500 6
47510 6
47520 15
47530 8
47540 11
47550 9
47560 4
47570 0
47580 4
47590 4
47600 5
47610 0
47620 1
47630 5
47640 7
47650 9
47660 14
47670 9
47680 8
47690 9
47700 20
47710 3
47720 4
47730 3
47740 8
47750 10
47760 4
47770 14
47780 9
47790 1
47800 5
47810 11
47820 0
47830 7
47840 2
47850 0
47860 0
47870 2
47880 0
47890 1
47900 0
47910 1
47920 2
47930 1
47940 0
47950 0
47960 1
47970 0
47980 0
47990 1
48000 1
48010 1
48020 0
48030 0
48040 0
48050 0
48060 0
48070 1
48080 0
48090 1
48100 0
48110 1
48120 0
48130 0
48140 1
48150 1
48160 1
48170 1
48180 0
48190 0
48200 0
48210 0
48220 4
48230 10
48240 1
48250 1
48260 0
48270 1
48280 2
48290 0
48300 2
48310 3
48320 2
48330 1
48340 1
48350 0
48360 0
48370 1
48380 1
48390 0
48400 3
48410 8
48420 10
48430 8
48440 9
48450 5
48460 2
48470 5
48480 4
48490 4
48500 5
48510 9
48520 5
48530 9
48540 9
48550 5
48560 6
48570 0
48580 0
48590 0
48600 0
48610 0
48620 0
48630 0
48640 0
48650 1
48660 0
48670 0
48680 0
48690 0
48700 0
48710 0
48720 0
48730 0
48740 0
48750 0
48760 0
48770 0
48780 0
48790 0
48800 1
48810 0
48820 0
48830 0
48840 0
48850 4
48860 0
48870 0
48880 0
48890 0
48900 1
48910 1
48920 1
48930 0
48940 0
48950 0
48960 6
48970 5
48980 4
48990 11
49000 2
49010 1
49020 0
49030 0
49040 0
49050 0
49060 0
49070 0
49080 0
49090 0
49100 0
49110 0
49120 0
49130 0
49140 2
49150 0
49160 0
49170 0
49180 0
49190 0
49200 0
49210 1
49220 0
49230 0
49240 1
49250 1
49260 2
49270 1
49280 0
49290 1
49300 0
49310 1
49320 0
49330 0
49340 1
49350 0
49360 2
49370 0
49380 0
49390 0
49400 0
49410 0
49420 0
49430 1
49440 0
49450 0
49460 0
49470 0
49480 0
49490 1
49500 0
49510 1
49520 1
49530 0
49540 0
49550 0
49560 0
49570 0
49580 0
49590 5
49600 0
49610 0
49620 0
49630 0
49640 0
49650 0
49660 0
49670 0
49680 1
49690 2
49700 0
49710 9
49720 8
49730 0
49740 18
49750 5
49760 8
49770 6
49780 10
49790 19
49800 8
49810 15
49820 10
49830 17
49840 13
49850 10
49860 7
49870 4
49880 12
49890 13
49900 14
49910 14
49920 11
49930 24
49940 20
49950 0
49960 0
49970 7
49980 6
49990 9
50000 16
50010 6
50020 5
50030 18
50040 24
50050 17
50060 10
50070 31
50080 23
50090 13
50100 12
50110 11
50120 5
50130 12
50140 7
50150 11
50160 24
50170 18
50180 10
50190 11
50200 22
50210 14
50220 10
50230 16
50240 22
50250 7
50260 8
50270 15
50280 16
50290 16
50300 19
50310 16
50320 5
50330 13
50340 25
50350 14
50360 21
50370 16
50380 17
50390 8
50400 12
50410 16
50420 13
50430 18
50440 17
50450 20
50460 13
50470 17
50480 18
50490 10
50500 12
50510 16
50520 12
50530 4
50540 0
50550 5
50560 3
50570 8
50580 10
50590 8
50600 5
50610 7
50620 2
50630 7
50640 8
50650 13
50660 8
50670 11
50680 11
50690 9
50700 9
50710 12
50720 12
50730 5
50740 7
50750 9
50760 7
50770 8
50780 6
50790 8
50800 17
50810 2
50820 0
50830 7
50840 11
50850 3
50860 8
50870 7
50880 3
50890 5
50900 8
50910 7
50920 7
50930 8
50940 2
50950 0
50960 6
50970 1
50980 6
50990 5
51000 12
51010 8
51020 3
51030 5
51040 8
51050 14
51060 29
51070 7
51080 11
51090 17
51100 22
51110 10
51120 20
51130 30
51140 24
51150 6
51160 5
51170 11
51180 3
51190 3
51200 4
51210 3
51220 0
51230 0
51240 0
51250 0
51260 0
51270 0
51280 0
51290 0
51300 0
51310 0
51320 0
51330 12
51340 6
51350 7
51360 0
51370 5
51380 11
51390 7
51400 2
51410 1
51420 0
51430 0
51440 0
51450 0
51460 0
51470 0
51480 0
51490 0
51500 0
51510 0
51520 0
51530 0
51540 0
51550 0
51560 0
51570 0
51580 0
51590 0
51600 0
51610 0
51620 6
51630 0
51640 10
51650 14
51660 10
51670 8
51680 11
51690 7
51700 13
51710 0
51720 0
51730 0
51740 0
51750 0
51760 0
51770 0
51780 0
51790 0
51800 0
51810 9
51820 1
51830 0
51840 0
51850 1
51860 0
51870 9
51880 2
51890 6
51900 0
51910 0
51920 0
51930 5
51940 13
51950 5
51960 4
51970 2
51980 10
51990 9
52000 1
52010 1
52020 1
52030 9
52040 9
52050 0
52060 0
52070 0
52080 0
52090 0
52100 0
52110 0
52120 2
52130 0
52140 0
52150 0
52160 0
52170 0
52180 0
52190 0
52200 0
52210 0
52220 0
52230 0
52240 0
52250 0
52260 0
52270 0
52280 0
52290 0
52300 0
52310 0
52320 0
52330 0
52340 0
52350 0
52360 0
52370 0
52380 0
52390 0
52400 0
52410 0
52420 0
52430 0
52440 0
52450 0
52460 0
52470 1
52480 0
52490 1
52500 2
52510 1
52520 0
52530 14
52540 5
52550 12
52560 10
52570 13
52580 11
52590 8
52600 19
52610 6
52620 11
52630 16
52640 8
52650 8
52660 1
52670 6
52680 6
52690 8
52700 13
52710 6
52720 1
52730 2
52740 1
52750 2
52760 5
52770 2
52780 5
52790 7
52800 2
52810 5
52820 5
52830 1
52840 5
52850 10
52860 1
52870 5
52880 11
52890 0
52900 8
52910 8
52920 5
52930 4
52940 5
52950 5
52960 4
52970 5
52980 4
52990 5
53000 6
53010 5
53020 1
53030 7
53040 6
53050 7
53060 5
53070 8
53080 8
53090 8
53100 8
53110 8
53120 7
53130 8
53140 14
53150 8
53160 10
53170 2
53180 6
53190 1
53200 2
53210 8
53220 13
53230 0
53240 7
53250 0
53260 1
53270 1
53280 7
53290 5
53300 4
53310 5
53320 1
53330 4
53340 6
53350 6
53360 1
53370 10
53380 11
53390 11
53400 1
53410 0
53420 4
53430 1
53440 1
53450 4
53460 0
53470 1
53480 0
53490 0
53500 0
53510 1
53520 3
53530 0
53540 9
53550 0
53560 0
53570 0
53580 0
53590 0
53600 0
53610 0
53620 0
53630 0
53640 11
53650 3
53660 0
53670 0
53680 0
53690 0
53700 0
53710 0
53720 3
53730 0
53740 0
53750 0
53760 0
53770 0
53780 0
53790 0
53800 0
53810 0
53820 0
53830 0
53840 1
53850 0
53860 0
53870 0
53880 0
53890 0
53900 0
53910 0
53920 0
53930 0
53940 0
53950 0
53960 0
53970 0
53980 0
53990 0
54000 0
54010 0
54020 0
54030 0
54040 0
54050 0
54060 0
54070 0
54080 0
54090 1
54100 4
54110 5
54120 5
54130 0
54140 0
54150 0
54160 0
54170 1
54180 5
54190 19
54200 1
54210 0
54220 0
54230 0
54240 0
54250 0
54260 0
54270 0
54280 0
54290 0
54300 0
54310 0
54320 0
54330 0
54340 0
54350 0
54360 0
54370 0
54380 0
54390 0
54400 0
54410 0
54420 0
54430 0
54440 0
54450 0
54460 0
54470 1
54480 0
54490 0
54500 0
54510 5
54520 0
54530 0
54540 0
54550 0
54560 0
54570 0
54580 0
54590 0
54600 0
54610 0
54620 0
54630 0
54640 0
54650 0
54660 0
54670 0
54680 0
54690 0
54700 0
54710 0
54720 0
54730 0
54740 0
54750 0
54760 0
54770 0
54780 0
54790 0
54800 0
54810 0
54820 0
54830 0
54840 0
54850 0
54860 0
54870 4
54880 6
54890 1
54900 0
54910 0
54920 0
54930 0
54940 0
54950 0
54960 0
54970 1
54980 2
54990 0
55000 0
55010 9
55020 7
55030 7
55040 8
55050 12
55060 11
55070 14
55080 6
55090 3
55100 5
55110 18
55120 7
55130 4
55140 11
55150 19
55160 15
55170 1
55180 9
55190 11
55200 2
55210 7
55220 0
55230 0
55240 5
55250 10
55260 5
55270 8
55280 6
55290 9
55300 4
55310 9
55320 2
55330 7
55340 5
55350 7
55360 7
55370 8
55380 0
55390 0
55400 0
55410 0
55420 0
55430 0
55440 0
55450 3
55460 0
55470 0
55480 0
55490 0
55500 0
55510 0
55520 0
55530 0
55540 0
55550 0
55560 0
55570 1
55580 1
55590 5
55600 9
55610 4
55620 4
55630 9
55640 0
55650 0
55660 0
55670 0
55680 0
55690 0
55700 0
55710 0
55720 0
55730 0
55740 0
55750 0
55760 0
55770 0
55780 0
55790 0
55800 0
55810 0
55820 0
55830 0
55840 0
55850 0
55860 0
55870 0
55880 4
55890 0
55900 0
55910 0
55920 0
55930 0
55940 0
55950 0
55960 1
55970 5
55980 0
55990 3
56000 0
56010 4
56020 7
56030 0
56040 1
56050 0
56060 1
56070 0
56080 0
56090 0
56100 0
56110 0
56120 0
56130 5
56140 1
56150 0
56160 0
56170 0
56180 0
56190 1
56200 2
56210 1
56220 0
56230 3
56240 10
56250 19
56260 4
56270 18
56280 12
56290 11
56300 4
56310 2
56320 1
56330 6
56340 1
56350 13
56360 9
56370 7
56380 3
56390 12
56400 16
56410 3
56420 10
56430 8
56440 14
56450 10
56460 7
56470 13
56480 9
56490 6
56500 5
56510 2
56520 6
56530 6
56540 17
56550 19
56560 22
56570 27
56580 24
56590 8
56600 15
56610 23
56620 26
56630 20
56640 30
56650 17
56660 19
56670 21
56680 13
56690 18
56700 17
56710 32
56720 20
56730 22
56740 28
56750 20
56760 26
56770 28
56780 11
56790 15
56800 18
56810 17
56820 12
56830 7
56840 4
56850 6
56860 4
56870 5
56880 4
56890 8
56900 13
56910 13
56920 2
56930 0
56940 0
56950 0
56960 0
56970 1
56980 0
56990 0
57000 0
57010 0
57020 0
57030 0
57040 0
57050 0
57060 0
57070 0
57080 0
57090 0
57100 0
57110 0
57120 0
57130 0
57140 0
57150 0
57160 0
57170 0
57180 0
57190 0
57200 0
57210 0
57220 0
57230 0
57240 0
57250 0
57260 0
57270 0
57280 0
57290 0
57300 0
57310 0
57320 0
57330 0
57340 0
57350 0
57360 0
57370 0
57380 0
57390 0
57400 0
57410 0
57420 0
57430 0
57440 0
57450 0
57460 0
57470 0
57480 0
57490 0
57500 0
57510 0
57520 0
57530 0
57540 0
57550 0
57560 0
57570 0
57580 0
57590 0
57600 0
57610 0
57620 0
57630 0
57640 0
57650 0
57660 3
57670 11
57680 9
57690 4
57700 4
57710 0
57720 0
57730 0
57740 0
57750 0
57760 0
57770 0
57780 0
57790 0
57800 0
57810 0
57820 0
57830 0
57840 0
57850 0
57860 0
57870 0
57880 0
57890 0
57900 0
57910 0
57920 0
57930 0
57940 0
57950 0
57960 0
57970 0
57980 0
57990 0
58000 0
58010 0
58020 0
58030 0
58040 0
58050 0
58060 0
58070 0
58080 0
58090 0
58100 0
58110 0
58120 0
58130 0
58140 0
58150 0
58160 0
58170 0
58180 0
58190 0
58200 0
58210 0
58220 0
58230 0
58240 0
58250 0
58260 0
58270 0
58280 0
58290 0
58300 0
58310 0
58320 0
58330 0
58340 0
58350 0
58360 0
58370 0
58380 0
58390 0
58400 0
58410 0
58420 0
58430 0
58440 0
58450 0
58460 0
58470 0
58480 0
58490 0
58500 0
58510 0
58520 0
58530 0
58540 0
58550 0
58560 0
58570 0
58580 0
58590 0
58600 0
58610 0
58620 0
58630 0
58640 0
58650 0
58660 0
58670 0
58680 0
58690 0
58700 0
58710 0
58720 0
58730 0
58740 0
58750 0
58760 0
58770 0
58780 0
58790 0
58800 0
58810 0
58820 0
58830 0
58840 0
58850 0
58860 0
58870 0
58880 0
58890 0
58900 0
58910 0
58920 0
58930 0
58940 0
58950 0
58960 0
58970 0
58980 0
58990 0
59000 0
59010 0
59020 0
59030 0
59040 0
59050 0
59060 0
59070 0
59080 0
59090 0
59100 0
59110 0
59120 0
59130 0
59140 0
59150 0
59160 0
59170 0
59180 0
59190 0
59200 0
59210 0
59220 0
59230 0
59240 0
59250 0
59260 0
59270 0
59280 0
59290 0
59300 0
59310 0
59320 0
59330 0
59340 0
59350 0
59360 0
59370 0
59380 0
59390 0
59400 0
59410 0
59420 0
59430 1
59440 0
59450 0
59460 0
59470 0
59480 0
59490 0
59500 0
59510 0
59520 0
59530 0
59540 0
59550 0
59560 0
59570 0
59580 0
59590 0
59600 0
59610 0
59620 0
59630 0
59640 0
59650 0
59660 0
59670 0
59680 0
59690 0
59700 0
59710 3
59720 2
59730 0
59740 0
59750 0
59760 0
59770 0
59780 0
59790 0
59800 0
59810 0
59820 0
59830 0
59840 0
59850 0
59860 0
59870 0
59880 0
59890 0
59900 0
59910 0
59920 0
59930 0
59940 0
59950 0
59960 0
59970 0
59980 0
59990 0
60000 0
60010 0
60020 0
60030 0
60040 0
60050 0
60060 0
60070 0
60080 0
60090 0
60100 0
60110 0
60120 0
60130 0
60140 0
60150 0
60160 0
60170 0
60180 0
60190 0
60200 0
60210 0
60220 0
60230 0
60240 0
60250 0
60260 0
60270 0
60280 0
60290 0
60300 0
60310 0
60320 0
60330 0
60340 0
60350 0
60360 0
60370 0
60380 0
60390 0
60400 0
60410 0
60420 0
60430 0
60440 0
60450 0
60460 0
60470 0
60480 0
60490 0
60500 0
60510 0
60520 0
60530 0
60540 0
60550 0
60560 0
60570 0
60580 0
60590 0
60600 0
60610 0
60620 0
60630 0
60640 0
60650 0
60660 0
60670 0
60680 0
60690 0
60700 0
60710 0
60720 0
60730 0
60740 0
60750 0
60760 0
60770 0
60780 0
60790 0
60800 0
60810 0
60820 0
60830 0
60840 0
60850 0
60860 0
60870 0
60880 0
60890 0
60900 0
60910 0
60920 0
60930 0
60940 0
60950 0
60960 0
60970 0
60980 0
60990 0
61000 0
61010 0
61020 0
61030 0
61040 0
61050 0
61060 0
61070 0
61080 0
61090 0
61100 0
61110 0
61120 0
61130 0
61140 0
61150 0
61160 0
61170 0
61180 0
61190 0
61200 0
61210 0
61220 0
61230 0
61240 0
61250 0
61260 0
61270 0
61280 0
61290 0
61300 0
61310 0
61320 0
61330 0
61340 0
61350 0
61360 0
61370 0
61380 0
61390 0
61400 0
61410 0
61420 0
61430 0
61440 0
61450 0
61460 0
61470 0
61480 0
61490 0
61500 0
61510 0
61520 0
61530 0
61540 0
61550 0
61560 0
61570 0
61580 0
61590 0
61600 0
61610 0
61620 0
61630 0
61640 0
61650 0
61660 0
61670 0
61680 0
61690 0
61700 0
61710 0
61720 0
61730 0
61740 0
61750 0
61760 0
61770 0
61780 0
61790 0
61800 0
61810 0
61820 0
61830 0
61840 0
61850 0
61860 0
61870 0
61880 0
61890 0
61900 0
61910 0
61920 0
61930 0
61940 0
61950 0
61960 0
61970 0
61980 0
61990 0
62000 0
62010 0
62020 0
62030 0
62040 0
62050 0
62060 0
62070 0
62080 0
62090 0
62100 0
62110 0
62120 0
62130 0
62140 0
62150 0
62160 0
62170 0
62180 0
62190 0
62200 0
62210 0
62220 0
62230 0
62240 0
62250 0
62260 0
62270 0
62280 0
62290 0
62300 0
62310 0
62320 0
62330 0
62340 0
62350 0
62360 0
62370 0
62380 0
62390 0
62400 0
62410 0
62420 0
62430 0
62440 0
62450 0
62460 0
62470 0
62480 0
62490 0
62500 0
62510 0
62520 0
62530 0
62540 0
62550 0
62560 0
62570 0
62580 0
62590 0
62600 0
62610 0
62620 0
62630 0
62640 0
62650 0
62660 0
62670 0
62680 0
62690 0
62700 0
62710 0
62720 0
62730 0
62740 0
62750 0
62760 0
62770 0
62780 0
62790 0
62800 0
62810 0
62820 0
62830 0
62840 0
62850 0
62860 0
62870 0
62880 0
62890 0
62900 0
62910 0
62920 0
62930 0
62940 0
62950 0
62960 0
62970 0
62980 0
62990 0
63000 0
63010 0
63020 0
63030 0
63040 0
63050 0
63060 0
63070 0
63080 0
63090 0
63100 0
63110 0
63120 0
63130 0
63140 0
63150 9
63160 1
63170 1
63180 2
63190 5
63200 4
63210 4
63220 5
63230 1
63240 3
63250 1
63260 6
63270 12
63280 1
63290 17
63300 8
63310 1
63320 4
63330 11
63340 6
63350 6
63360 4
63370 3
63380 5
63390 0
63400 0
63410 0
63420 0
63430 0
63440 1
63450 6
63460 11
63470 7
63480 11
63490 9
63500 5
63510 6
63520 5
63530 6
63540 0
63550 0
63560 0
63570 0
63580 0
63590 0
63600 0
63610 0
63620 11
63630 12
63640 14
63650 6
63660 9
63670 4
63680 15
63690 18
63700 11
63710 14
63720 2
63730 0
63740 7
63750 1
63760 1
63770 2
63780 3
63790 15
63800 10
63810 6
63820 5
63830 13
63840 12
63850 12
63860 11
63870 12
63880 16
63890 5
63900 0
63910 1
63920 0
63930 6
63940 9
63950 7
63960 0
63970 5
63980 5
63990 4
64000 4
64010 7
64020 6
64030 5
64040 9
64050 11
64060 23
64070 29
64080 13
64090 16
64100 16
64110 13
64120 18
64130 15
64140 23
64150 21
64160 9
64170 23
64180 28
64190 19
64200 31
64210 28
64220 21
64230 28
64240 29
64250 10
64260 22
64270 19
64280 20
64290 23
64300 25
64310 23
64320 17
64330 17
64340 26
64350 17
64360 20
64370 26
64380 24
64390 26
64400 27
64410 26
64420 21
64430 25
64440 21
64450 27
64460 22
64470 19
64480 20
64490 27
64500 26
64510 7
64520 18
64530 4
64540 10
64550 8
64560 16
64570 19
64580 3
64590 5
64600 9
64610 11
64620 3
64630 4
64640 11
64650 7
64660 12
64670 3
64680 4
64690 6
64700 2
64710 1
64720 10
64730 11
64740 1
64750 4
64760 4
64770 0
64780 4
64790 5
64800 5
64810 6
64820 7
64830 13
64840 16
64850 1
64860 0
64870 1
64880 0
64890 0
64900 0
64910 0
64920 0
64930 0
64940 1
64950 0
64960 8
64970 0
64980 8
64990 20
65000 25
65010 18
65020 10
65030 14
65040 10
65050 9
65060 7
65070 5
65080 15
65090 0
65100 9
65110 15
65120 3
65130 13
65140 6
65150 0
65160 0
65170 0
65180 0
65190 0
65200 0
65210 0
65220 2
65230 0
65240 0
65250 0
65260 0
65270 0
65280 0
65290 0
65300 0
65310 0
65320 0
65330 0
65340 0
65350 0
65360 0
65370 0
65380 0
65390 0
65400 0
65410 0
65420 0
65430 0
65440 0
65450 0
65460 0
65470 0
65480 0
65490 0
65500 0
65510 0
65520 0
65530 0
65540 0
65550 0
65560 0
65570 0
65580 0
65590 0
65600 0
65610 0
65620 0
65630 0
65640 0
65650 0
65660 0
65670 0
65680 0
65690 0
65700 0
65710 0
65720 0
65730 0
65740 0
65750 0
65760 0
65770 0
65780 0
65790 0
65800 0
65810 0
65820 0
65830 0
65840 0
65850 0
65860 0
65870 0
65880 0
65890 0
65900 0
65910 0
65920 0
65930 0
65940 0
65950 0
65960 0
65970 0
65980 0
65990 0
66000 0
66010 0
66020 0
66030 0
66040 0
66050 0
66060 0
66070 0
66080 0
66090 0
66100 0
66110 0
66120 0
66130 0
66140 0
66150 0
66160 0
66170 0
66180 0
66190 0
66200 0
66210 0
66220 0
66230 0
66240 0
66250 0
66260 0
66270 0
66280 0
66290 0
66300 0
66310 0
66320 0
66330 0
66340 0
66350 0
66360 0
66370 0
66380 0
66390 0
66400 0
66410 0
66420 0
66430 0
66440 0
66450 0
66460 0
66470 0
66480 0
66490 0
66500 0
66510 0
66520 0
66530 0
66540 0
66550 0
66560 0
66570 0
66580 0
66590 0
66600 0
66610 0
66620 0
66630 0
66640 0
66650 0
66660 0
66670 0
66680 0
66690 0
66700 0
66710 0
66720 0
66730 0
66740 0
66750 0
66760 0
66770 0
66780 0
66790 0
66800 0
66810 0
66820 0
66830 0
66840 0
66850 0
66860 0
66870 0
66880 0
66890 0
66900 0
66910 0
66920 0
66930 0
66940 0
66950 0
66960 0
66970 0
66980 0
66990 0
67000 0
67010 0
67020 0
67030 0
67040 0
67050 0
67060 0
67070 0
67080 0
67090 0
67100 0
67110 0
67120 0
67130 0
67140 0
67150 0
67160 0
67170 0
67180 0
67190 0
67200 0
67210 0
67220 0
67230 0
67240 0
67250 0
67260 0
67270 0
67280 0
67290 0
67300 0
67310 0
67320 0
67330 0
67340 0
67350 0
67360 0
67370 0
67380 0
67390 0
67400 0
67410 0
67420 0
67430 0
67440 0
67450 0
67460 0
67470 0
67480 0
67490 0
67500 0
67510 0
67520 0
67530 0
67540 0
67550 0
67560 0
67570 0
67580 0
67590 0
67600 0
67610 0
67620 0
67630 0
67640 0
67650 0
67660 0
67670 0
67680 0
67690 0
67700 0
67710 0
67720 0
67730 0
67740 0
67750 0
67760 0
67770 0
67780 0
67790 0
67800 0
67810 0
67820 0
67830 0
67840 0
67850 0
67860 0
67870 0
67880 0
67890 0
67900 0
67910 0
67920 0
67930 0
67940 0
67950 0
67960 0
67970 0
67980 0
67990 0
68000 0
68010 0
68020 0
68030 0
68040 0
68050 0
68060 0
68070 0
68080 0
68090 0
68100 0
68110 0
68120 0
68130 0
68140 0
68150 0
68160 0
68170 0
68180 0
68190 0
68200 0
68210 0
68220 0
68230 0
68240 0
68250 0
68260 0
68270 0
68280 0
68290 0
68300 0
68310 0
68320 0
68330 0
68340 0
68350 0
68360 0
68370 0
68380 0
68390 0
68400 0
68410 0
68420 0
68430 0
68440 0
68450 0
68460 0
68470 0
68480 0
68490 0
68500 0
68510 0
68520 0
68530 0
68540 0
68550 0
68560 0
68570 0
68580 0
68590 0
68600 0
68610 0
68620 0
68630 0
68640 0
68650 0
68660 0
68670 0
68680 0
68690 0
68700 0
68710 0
68720 0
68730 0
68740 0
68750 0
68760 0
68770 0
68780 0
68790 0
68800 0
68810 0
68820 0
68830 0
68840 0
68850 0
68860 0
68870 0
68880 0
68890 0
68900 0
68910 0
68920 0
68930 0
68940 0
68950 0
68960 0
68970 0
68980 0
68990 0
69000 0
69010 0
69020 0
69030 0
69040 0
69050 0
69060 0
69070 0
69080 0
69090 0
69100 0
69110 0
69120 0
69130 0
69140 0
69150 0
69160 0
69170 0
69180 0
69190 0
69200 0
69210 0
69220 0
69230 0
69240 0
69250 0
69260 0
69270 0
69280 0
69290 0
69300 0
69310 0
69320 0
69330 0
69340 0
69350 0
69360 0
69370 0
69380 0
69390 0
69400 0
69410 0
69420 0
69430 0
69440 0
69450 0
69460 0
69470 0
69480 0
69490 0
69500 0
69510 0
69520 0
69530 0
69540 0
69550 0
69560 0
69570 0
69580 0
69590 0
69600 0
69610 0
69620 0
69630 0
69640 0
69650 0
69660 0
69670 0
69680 0
69690 0
69700 0
69710 0
69720 0
69730 0
69740 0
69750 0
69760 0
69770 0
69780 0
69790 0
69800 0
69810 0
69820 0
69830 0
69840 0
69850 0
69860 0
69870 0
69880 0
69890 0
69900 0
69910 0
69920 0
69930 0
69940 0
69950 0
69960 0
69970 0
69980 0
69990 0
70000 0
70010 0
70020 0
70030 0
70040 0
70050 0
70060 0
70070 0
70080 0
70090 0
70100 0
70110 0
70120 0
70130 0
70140 0
70150 0
70160 0
70170 0
70180 0
70190 0
70200 0
70210 0
70220 0
70230 0
70240 0
70250 0
70260 0
70270 0
70280 0
70290 0
70300 0
70310 0
70320 0
70330 0
70340 0
70350 0
70360 0
70370 0
70380 0
70390 0
70400 0
70410 0
70420 0
70430 0
70440 0
70450 0
70460 0
70470 0
70480 0
70490 0
70500 0
70510 0
70520 0
70530 0
70540 0
70550 0
70560 0
70570 0
70580 0
70590 0
70600 0
70610 0
70620 0
70630 0
70640 0
70650 0
70660 0
70670 0
70680 0
70690 0
70700 0
70710 0
70720 0
70730 0
70740 0
70750 0
70760 0
70770 0
70780 0
70790 0
70800 0
70810 0
70820 0
70830 0
70840 0
70850 0
70860 0
70870 0
70880 0
70890 0
70900 0
70910 0
70920 0
70930 0
70940 0
70950 0
70960 0
70970 0
70980 0
70990 0
71000 0
71010 0
71020 0
71030 0
71040 0
71050 0
71060 0
71070 0
71080 0
71090 0
71100 0
71110 0
71120 0
71130 0
71140 0
71150 0
71160 0
71170 0
71180 0
71190 0
71200 0
71210 0
71220 0
71230 0
71240 0
71250 0
71260 0
71270 0
71280 0
71290 0
71300 0
71310 0
71320 0
71330 0
71340 0
71350 0
71360 0
71370 0
71380 0
71390 0
71400 0
71410 0
71420 0
71430 0
71440 0
71450 0
71460 0
71470 0
71480 0
71490 0
71500 0
71510 0
71520 0
71530 0
71540 0
71550 0
71560 0
71570 0
71580 0
71590 0
71600 0
71610 0
71620 0
71630 0
71640 0
71650 0
71660 0
71670 0
71680 0
71690 0
71700 0
71710 0
71720 0
71730 0
71740 0
71750 0
71760 0
71770 0
71780 0
71790 0
71800 0
71810 0
71820 0
71830 0
71840 0
71850 0
71860 0
71870 0
71880 0
71890 0
71900 0
71910 0
71920 0
71930 0
71940 0
71950 0
71960 0
71970 0
71980 0
71990 0
72000 0
72010 0
72020 0
72030 0
72040 0
72050 0
72060 0
72070 0
72080 0
72090 0
72100 0
72110 0
72120 0
72130 0
72140 0
72150 0
72160 0
72170 0
72180 0
72190 0
72200 0
72210 0
72220 0
72230 0
72240 0
72250 0
72260 0
72270 0
72280 0
72290 0
72300 0
72310 0
72320 0
72330 0
72340 0
72350 0
72360 0
72370 0
72380 0
72390 0
72400 0
72410 0
72420 0
72430 0
72440 0
72450 0
72460 0
72470 0
72480 0
72490 0
72500 0
72510 0
72520 0
72530 0
72540 0
72550 0
72560 0
72570 0
72580 0
72590 0
72600 0
72610 0
72620 0
72630 0
72640 0
72650 0
72660 0
72670 0
72680 0
72690 0
72700 0
72710 0
72720 0
72730 0
72740 0
72750 0
72760 2
72770 0
72780 0
72790 0
72800 0
72810 0
72820 0
72830 0
72840 0
72850 0
72860 0
72870 0
72880 0
72890 0
72900 0
72910 0
72920 0
72930 0
72940 0
72950 0
72960 0
72970 0
72980 0
72990 0
73000 0
73010 0
73020 0
73030 0
73040 0
73050 0
73060 0
73070 0
73080 0
73090 0
73100 0
73110 0
73120 0
73130 0
73140 0
73150 0
73160 0
73170 0
73180 0
73190 0
73200 0
73210 0
73220 0
73230 0
73240 0
73250 0
73260 0
73270 0
73280 0
73290 0
73300 0
73310 0
73320 0
73330 0
73340 0
73350 0
73360 0
73370 0
73380 0
73390 0
73400 0
73410 0
73420 0
73430 0
73440 0
73450 0
73460 0
73470 0
73480 0
73490 0
73500 0
73510 0
73520 0
73530 0
73540 0
73550 0
73560 0
73570 0
73580 0
73590 0
73600 0
73610 0
73620 0
73630 0
73640 0
73650 0
73660 0
73670 0
73680 0
73690 0
73700 0
73710 0
73720 0
73730 0
73740 0
73750 0
73760 0
73770 0
73780 0
73790 0
73800 0
73810 0
73820 1
73830 0
73840 0
73850 0
73860 1
73870 0
73880 0
73890 0
73900 0
73910 0
73920 0
73930 0
73940 0
73950 0
73960 0
73970 0
73980 0
73990 0
74000 0
74010 0
74020 0
74030 0
74040 1
74050 0
74060 0
74070 1
74080 0
74090 0
74100 0
74110 0
74120 0
74130 0
74140 0
74150 0
74160 0
74170 0
74180 0
74190 0
74200 0
74210 0
74220 0
74230 0
74240 0
74250 0
74260 0
74270 0
74280 0
74290 0
74300 0
74310 0
74320 0
74330 0
74340 0
74350 0
74360 0
74370 0
74380 0
74390 0
74400 0
74410 0
74420 0
74430 0
74440 0
74450 0
74460 0
74470 0
74480 0
74490 0
74500 0
74510 0
74520 0
74530 0
74540 0
74550 0
74560 0
74570 0
74580 0
74590 0
74600 0
74610 0
74620 0
74630 0
74640 0
74650 0
74660 0
74670 0
74680 0
74690 0
74700 0
74710 0
74720 0
74730 0
74740 0
74750 0
74760 0
74770 0
74780 0
74790 0
74800 0
74810 0
74820 0
74830 0
74840 0
74850 0
74860 0
74870 0
74880 0
74890 0
74900 0
74910 0
74920 0
74930 0
74940 0
74950 0
74960 0
74970 0
74980 0
74990 0
75000 0
75010 0
75020 0
75030 0
75040 0
75050 0
75060 0
75070 0
75080 0
75090 0
75100 0
75110 0
75120 0
75130 0
75140 0
75150 0
75160 0
75170 0
75180 0
75190 0
75200 0
75210 0
75220 0
75230 0
75240 0
75250 0
75260 0
75270 0
75280 0
75290 0
75300 0
75310 1
75320 0
75330 1
75340 3
75350 1
75360 2
75370 1
75380 1
75390 0
75400 2
75410 3
75420 1
75430 3
75440 0
75450 2
75460 4
75470 1
75480 0
75490 0
75500 1
75510 2
75520 1
75530 0
75540 0
75550 0
75560 0
75570 0
75580 0
75590 0
75600 0
75610 0
75620 0
75630 6
75640 0
75650 0
75660 0
75670 0
75680 1
75690 0
75700 0
75710 0
75720 0
75730 0
75740 0
75750 2
75760 0
75770 0
75780 0
75790 0
75800 0
75810 0
75820 0
75830 0
75840 0
75850 0
75860 0
75870 0
75880 0
75890 0
75900 0
75910 0
75920 0
75930 0
75940 0
75950 0
75960 0
75970 0
75980 0
75990 0
76000 0
76010 0
76020 0
76030 0
76040 0
76050 0
76060 0
76070 0
76080 0
76090 0
76100 0
76110 0
76120 0
76130 0
76140 0
76150 0
76160 0
76170 0
76180 0
76190 0
76200 0
76210 0
76220 0
76230 0
76240 0
76250 0
76260 0
76270 0
76280 0
76290 0
76300 0
76310 0
76320 0
76330 0
76340 0
76350 0
76360 0
76370 0
76380 0
76390 0
76400 0
76410 0
76420 0
76430 0
76440 0
76450 0
76460 0
76470 0
76480 0
76490 0
76500 0
76510 0
76520 0
76530 0
76540 0
76550 0
76560 0
76570 0
76580 0
76590 0
76600 0
76610 0
76620 0
76630 0
76640 0
76650 0
76660 0
76670 0
76680 0
76690 0
76700 0
76710 0
76720 0
76730 0
76740 0
76750 0
76760 0
76770 0
76780 0
76790 0
76800 0
76810 1
76820 0
76830 0
76840 0
76850 0
76860 0
76870 0
76880 0
76890 0
76900 0
76910 0
76920 0
76930 0
76940 0
76950 0
76960 0
76970 0
76980 0
76990 0
77000 0
77010 0
77020 0
77030 0
77040 0
77050 0
77060 0
77070 0
77080 0
77090 0
77100 0
77110 0
77120 0
77130 0
77140 0
77150 0
77160 0
77170 0
77180 0
77190 0
77200 0
77210 0
77220 0
77230 0
77240 0
77250 0
77260 0
77270 0
77280 0
77290 0
77300 0
77310 0
77320 0
77330 0
77340 0
77350 0
77360 0
77370 0
77380 0
77390 0
77400 0
77410 0
77420 0
77430 0
77440 0
77450 0
77460 0
77470 0
77480 0
77490 0
77500 0
77510 0
77520 0
77530 0
77540 0
77550 0
77560 0
77570 0
77580 0
77590 0
77600 0
77610 0
77620 0
77630 0
77640 0
77650 0
77660 0
77670 0
77680 0
77690 0
77700 0
77710 0
77720 0
77730 0
77740 0
77750 0
77760 0
77770 0
77780 0
77790 0
77800 0
77810 0
77820 0
77830 0
77840 0
77850 0
77860 0
77870 0
77880 0
77890 0
77900 0
77910 0
77920 0
77930 0
77940 0
77950 0
77960 0
77970 0
77980 0
77990 0
78000 0
78010 0
78020 0
78030 0
78040 0
78050 0
78060 1
78070 0
78080 0
78090 0
78100 0
78110 0
78120 0
78130 0
78140 0
78150 0
78160 0
78170 0
78180 0
78190 0
78200 0
78210 0
78220 0
78230 0
78240 0
78250 0
78260 0
78270 0
78280 0
78290 0
78300 0
78310 0
78320 0
78330 0
78340 0
78350 0
78360 0
78370 0
78380 0
78390 0
78400 0
78410 0
78420 0
78430 0
78440 0
78450 0
78460 0
78470 0
78480 0
78490 0
78500 0
78510 0
78520 0
78530 0
78540 0
78550 0
78560 0
78570 0
78580 0
78590 0
78600 0
78610 0
78620 0
78630 0
78640 0
78650 0
78660 0
78670 0
78680 0
78690 0
78700 0
78710 0
78720 0
78730 0
78740 0
78750 1
78760 0
78770 0
78780 0
78790 0
78800 0
78810 0
78820 0
78830 0
78840 0
78850 0
78860 0
78870 0
78880 0
78890 0
78900 0
78910 0
78920 0
78930 0
78940 0
78950 0
78960 0
78970 1
78980 0
78990 0
79000 0
79010 0
79020 0
79030 0
79040 0
79050 0
79060 0
79070 0
79080 0
79090 0
79100 0
79110 0
79120 0
79130 0
79140 0
79150 0
79160 0
79170 0
79180 0
79190 0
79200 0
79210 0
79220 0
79230 0
79240 0
79250 0
79260 0
79270 0
79280 0
79290 0
79300 0
79310 0
79320 0
79330 0
79340 0
79350 0
79360 0
79370 0
79380 0
79390 0
79400 0
79410 0
79420 0
79430 0
79440 0
79450 0
79460 0
79470 0
79480 0
79490 0
79500 0
79510 0
79520 0
79530 0
79540 0
79550 0
79560 0
79570 0
79580 0
79590 0
79600 0
79610 0
79620 0
79630 0
79640 0
79650 0
79660 0
79670 0
79680 0
79690 0
79700 0
79710 0
79720 0
79730 0
79740 0
79750 0
79760 0
79770 0
79780 0
79790 3
79800 1
79810 2
79820 1
79830 2
79840 0
79850 0
79860 0
79870 0
79880 0
79890 0
79900 0
79910 0
79920 0
79930 0
79940 0
79950 0
79960 0
79970 0
79980 0
79990 0
80000 0
80010 0
80020 0
80030 0
80040 0
80050 0
80060 0
80070 0
80080 0
80090 0
80100 0
80110 0
80120 0
80130 0
80140 0
80150 0
80160 0
80170 0
80180 0
80190 0
80200 0
80210 0
80220 0
80230 0
80240 0
80250 0
80260 0
80270 0
80280 0
80290 0
80300 0
80310 0
80320 0
80330 0
80340 0
80350 0
80360 0
80370 0
80380 0
80390 0
80400 0
80410 0
80420 0
80430 0
80440 0
80450 0
80460 0
80470 0
80480 0
80490 0
80500 0
80510 0
80520 0
80530 0
80540 0
80550 0
80560 0
80570 0
80580 0
80590 0
80600 0
80610 0
80620 0
80630 0
80640 0
80650 0
80660 0
80670 0
80680 0
80690 0
80700 0
80710 0
80720 0
80730 0
80740 0
80750 0
80760 0
80770 0
80780 0
80790 0
80800 0
80810 0
80820 0
80830 0
80840 0
80850 0
80860 0
80870 0
80880 0
80890 0
80900 0
80910 0
80920 0
80930 0
80940 0
80950 0
80960 0
80970 0
80980 0
80990 0
81000 0
81010 0
81020 0
81030 0
81040 0
81050 0
81060 0
81070 0
81080 0
81090 0
81100 0
81110 0
81120 0
81130 0
81140 0
81150 0
81160 0
81170 0
81180 0
81190 0
81200 0
81210 0
81220 0
81230 0
81240 0
81250 0
81260 0
81270 0
81280 0
81290 0
81300 0
81310 0
81320 0
81330 0
81340 0
81350 0
81360 0
81370 0
81380 0
81390 0
81400 0
81410 0
81420 0
81430 0
81440 0
81450 0
81460 0
81470 0
81480 0
81490 0
81500 0
81510 0
81520 0
81530 0
81540 0
81550 0
81560 0
81570 0
81580 0
81590 0
81600 0
81610 0
81620 0
81630 0
81640 0
81650 0
81660 0
81670 0
81680 0
81690 0
81700 0
81710 0
81720 0
81730 0
81740 0
81750 0
81760 0
81770 0
81780 0
81790 0
81800 0
81810 0
81820 0
81830 0
81840 0
81850 0
81860 0
81870 0
81880 0
81890 0
81900 0
81910 0
81920 0
81930 0
81940 0
81950 0
81960 0
81970 0
81980 0
81990 0
82000 0
82010 0
82020 0
82030 0
82040 0
82050 0
82060 0
82070 0
82080 0
82090 0
82100 0
82110 0
82120 0
82130 0
82140 0
82150 0
82160 0
82170 0
82180 0
82190 0
82200 0
82210 0
82220 0
82230 0
82240 0
82250 0
82260 0
82270 0
82280 0
82290 0
82300 0
82310 0
82320 0
82330 0
82340 0
82350 0
82360 0
82370 0
82380 0
82390 0
82400 0
82410 0
82420 0
82430 0
82440 0
82450 0
82460 0
82470 0
82480 0
82490 0
82500 0
82510 0
82520 0
82530 0
82540 0
82550 0
82560 0
82570 0
82580 0
82590 0
82600 0
82610 0
82620 0
82630 0
82640 0
82650 0
82660 0
82670 0
82680 0
82690 0
82700 0
82710 0
82720 0
82730 0
82740 0
82750 0
82760 0
82770 0
82780 0
82790 0
82800 0
82810 0
82820 0
82830 0
82840 0
82850 0
82860 0
82870 0
82880 0
82890 0
82900 0
82910 0
82920 0
82930 0
82940 0
82950 0
82960 0
82970 0
82980 0
82990 0
83000 0
83010 0
83020 0
83030 0
83040 0
83050 0
83060 0
83070 0
83080 0
83090 0
83100 0
83110 0
83120 0
83130 0
83140 0
83150 0
83160 0
83170 0
83180 0
83190 0
83200 0
83210 0
83220 0
83230 0
83240 0
83250 0
83260 0
83270 0
83280 0
83290 0
83300 0
83310 0
83320 0
83330 0
83340 0
83350 0
83360 0
83370 0
83380 0
83390 0
83400 0
83410 0
83420 0
83430 0
83440 0
83450 0
83460 0
83470 0
83480 0
83490 0
83500 0
83510 0
83520 0
83530 0
83540 0
83550 0
83560 0
83570 0
83580 0
83590 0
83600 0
83610 0
83620 0
83630 0
83640 0
83650 0
83660 0
83670 0
83680 0
83690 0
83700 0
83710 0
83720 0
83730 0
83740 0
83750 0
83760 0
83770 0
83780 0
83790 0
83800 0
83810 0
83820 0
83830 0
83840 0
83850 0
83860 0
83870 0
83880 0
83890 0
83900 0
83910 0
83920 0
83930 0
83940 0
83950 0
83960 0
83970 0
83980 0
83990 0
84000 0
84010 0
84020 0
84030 0
84040 0
84050 0
84060 0
84070 0
84080 0
84090 0
84100 0
84110 0
84120 0
84130 0
84140 0
84150 0
84160 0
84170 0
84180 0
84190 0
84200 0
84210 0
84220 0
84230 0
84240 0
84250 0
84260 0
84270 0
84280 0
84290 0
84300 0
84310 0
84320 0
84330 0
84340 0
84350 0
84360 0
84370 0
84380 0
84390 0
84400 0
84410 0
84420 0
84430 0
84440 0
84450 0
84460 0
84470 0
84480 0
84490 0
84500 0
84510 0
84520 0
84530 0
84540 0
84550 0
84560 0
84570 0
84580 0
84590 0
84600 0
84610 0
84620 0
84630 0
84640 0
84650 0
84660 0
84670 0
84680 0
84690 0
84700 0
84710 0
84720 0
84730 0
84740 0
84750 0
84760 0
84770 0
84780 0
84790 0
84800 0
84810 0
84820 0
84830 0
84840 0
84850 0
84860 0
84870 0
84880 0
84890 0
84900 0
84910 0
84920 0
84930 0
84940 0
84950 0
84960 0
84970 0
84980 0
84990 0
85000 0
85010 0
85020 0
85030 0
85040 0
85050 0
85060 0
85070 0
85080 0
85090 0
85100 0
85110 0
85120 0
85130 0
85140 0
85150 0
85160 0
85170 0
85180 0
85190 0
85200 0
85210 0
85220 0
85230 0
85240 0
85250 0
85260 0
85270 0
85280 0
85290 0
85300 0
85310 0
85320 0
85330 0
85340 0
85350 0
85360 0
85370 0
85380 0
85390 0
85400 0
85410 0
85420 0
85430 0
85440 0
85450 1
85460 0
85470 1
85480 3
85490 1
85500 0
85510 0
85520 0
85530 0
85540 0
85550 0
85560 0
85570 0
85580 0
85590 0
85600 0
85610 0
85620 0
85630 0
85640 0
85650 0
85660 0
85670 0
85680 0
85690 1
85700 0
85710 1
85720 1
85730 1
85740 1
85750 1
85760 0
85770 0
85780 0
85790 0
85800 0
85810 0
85820 0
85830 0
85840 0
85850 1
85860 0
85870 0
85880 0
85890 0
85900 0
85910 0
85920 0
85930 1
85940 0
85950 0
85960 0
85970 0
85980 1
85990 1
86000 1
86010 0
86020 1
86030 1
86040 0
86050 0
86060 1
86070 2
86080 0
86090 0
86100 0
86110 0
86120 0
86130 2
86140 0
86150 0
86160 0
86170 1
86180 0
86190 0
86200 0
86210 0
86220 0
86230 0
86240 0
86250 0
86260 0
86270 0
86280 0
86290 0
86300 0
86310 0
86320 0
86330 0
86340 0
86350 0
86360 0
86370 0
86380 0
86390 0
86400 0
86410 0
86420 0
86430 0
86440 0
86450 0
86460 0
86470 0
86480 0
86490 0
86500 0
86510 0
86520 0
86530 0
86540 0
86550 0
86560 0
86570 0
86580 0
86590 0
86600 0
86610 0
86620 0
86630 0
86640 0
86650 0
86660 0
86670 0
86680 0
86690 0
86700 0
86710 0
86720 0
86730 0
86740 0
86750 0
86760 0
86770 0
86780 0
86790 0
86800 0
86810 0
86820 0
86830 0
86840 0
86850 0
86860 0
86870 0
86880 0
86890 0
86900 0
86910 0
86920 0
86930 0
86940 0
86950 0
86960 0
86970 0
86980 0
86990 0
87000 0
87010 0
87020 0
87030 0
87040 0
87050 0
87060 0
87070 0
87080 0
87090 0
87100 0
87110 0
87120 0
87130 0
87140 0
87150 0
87160 0
87170 0
87180 0
87190 0
87200 0
87210 0
87220 0
87230 0
87240 0
87250 0
87260 0
87270 0
87280 0
87290 0
87300 0
87310 0
87320 0
87330 0
87340 0
87350 0
87360 0
87370 0
87380 0
87390 0
87400 0
87410 0
87420 0
87430 0
87440 0
87450 0
87460 0
87470 0
87480 0
87490 0
87500 0
87510 0
87520 0
87530 0
87540 0
87550 0
87560 0
87570 0
87580 0
87590 0
87600 0
87610 0
87620 0
87630 0
87640 0
87650 0
87660 0
87670 0
87680 0
87690 0
87700 0
87710 0
87720 0
87730 0
87740 0
87750 0
87760 0
87770 0
87780 0
87790 0
87800 0
87810 0
87820 0
87830 0
87840 0
87850 0
87860 0
87870 0
87880 0
87890 0
87900 0
87910 0
87920 0
87930 0
87940 0
87950 0
87960 0
87970 0
87980 0
87990 0
88000 0
88010 0
88020 0
88030 0
88040 0
88050 0
88060 0
88070 0
88080 0
88090 0
88100 0
88110 0
88120 0
88130 0
88140 0
88150 0
88160 0
88170 0
88180 0
88190 0
88200 0
88210 0
88220 0
88230 0
88240 0
88250 0
88260 0
88270 0
88280 0
88290 0
88300 0
88310 0
88320 0
88330 0
88340 0
88350 0
88360 0
88370 0
88380 0
88390 0
88400 0
88410 0
88420 0
88430 0
88440 0
88450 0
88460 0
88470 0
88480 0
88490 0
88500 0
88510 0
88520 0
88530 0
88540 0
88550 0
88560 0
88570 0
88580 0
88590 0
88600 0
88610 0
88620 0
88630 0
88640 0
88650 0
88660 0
88670 0
88680 0
88690 0
88700 0
88710 0
88720 0
88730 0
88740 0
88750 0
88760 0
88770 0
88780 0
88790 0
88800 0
88810 0
88820 0
88830 0
88840 0
88850 0
88860 0
88870 0
88880 0
88890 0
88900 0
88910 0
88920 0
88930 0
88940 0
88950 0
88960 0
88970 0
88980 0
88990 0
89000 0
89010 0
89020 0
89030 0
89040 0
89050 0
89060 0
89070 0
89080 0
89090 0
89100 0
89110 0
89120 0
89130 0
89140 0
89150 0
89160 0
89170 0
89180 0
89190 0
89200 0
89210 0
89220 0
89230 0
89240 0
89250 0
89260 0
89270 0
89280 0
89290 0
89300 0
89310 0
89320 0
89330 0
89340 0
89350 0
89360 0
89370 0
89380 0
89390 0
89400 0
89410 0
89420 0
89430 0
89440 0
89450 0
89460 0
89470 0
89480 0
89490 0
89500 0
89510 0
89520 0
89530 0
89540 0
89550 0
89560 0
89570 0
89580 0
89590 0
89600 0
89610 0
89620 0
89630 0
89640 0
89650 0
89660 0
89670 0
89680 0
89690 0
89700 0
89710 0
89720 0
89730 0
89740 0
89750 0
89760 0
89770 0
89780 0
89790 0
89800 0
89810 0
89820 0
89830 0
89840 0
89850 0
89860 0
89870 0
89880 0
89890 0
89900 0
89910 0
89920 0
89930 0
89940 0
89950 0
89960 0
89970 0
89980 0
89990 0
90000 0
90010 0
90020 0
90030 0
90040 0
90050 0
90060 0
90070 0
90080 0
90090 0
90100 0
90110 0
90120 0
90130 0
90140 0
90150 0
90160 0
90170 0
90180 0
90190 0
90200 0
90210 0
90220 0
90230 0
90240 0
90250 0
90260 0
90270 0
90280 0
90290 0
90300 0
90310 0
90320 0
90330 0
90340 0
90350 0
90360 0
90370 0
90380 0
90390 0
90400 0
90410 0
90420 0
90430 0
90440 0
90450 0
90460 0
90470 0
90480 0
90490 0
90500 0
90510 0
90520 0
90530 0
90540 0
90550 0
90560 0
90570 0
90580 0
90590 0
90600 0
90610 0
90620 0
90630 0
90640 0
90650 0
90660 0
90670 0
90680 0
90690 0
90700 0
90710 0
90720 0
90730 0
90740 0
90750 0
90760 0
90770 0
90780 0
90790 0
90800 0
90810 0
90820 0
90830 0
90840 0
90850 0
90860 0
90870 0
90880 0
90890 0
90900 0
90910 0
90920 0
90930 0
90940 0
90950 0
90960 0
90970 0
90980 0
90990 0
91000 0
91010 0
91020 0
91030 0
91040 0
91050 0
91060 0
91070 0
91080 0
91090 0
91100 0
91110 0
91120 0
91130 0
91140 0
91150 0
91160 0
91170 0
91180 0
91190 0
91200 0
91210 0
91220 0
91230 0
91240 0
91250 0
91260 0
91270 0
91280 0
91290 0
91300 0
91310 0
91320 0
91330 0
91340 0
91350 0
91360 0
91370 0
91380 0
91390 0
91400 0
91410 0
91420 0
91430 0
91440 0
91450 0
91460 0
91470 0
91480 0
91490 0
91500 0
91510 0
91520 0
91530 0
91540 0
91550 0
91560 0
91570 0
91580 0
91590 0
91600 0
91610 0
91620 0
91630 0
91640 0
91650 0
91660 0
91670 0
91680 0
91690 0
91700 0
91710 0
91720 0
91730 0
91740 0
91750 0
91760 0
91770 0
91780 0
91790 0
91800 0
91810 0
91820 0
91830 0
91840 0
91850 0
91860 0
91870 0
91880 0
91890 0
91900 0
91910 0
91920 0
91930 0
91940 0
91950 0
91960 0
91970 0
91980 0
91990 0
92000 0
92010 0
92020 0
92030 0
92040 0
92050 0
92060 0
92070 0
92080 0
92090 0
92100 0
92110 0
92120 0
92130 0
92140 0
92150 0
92160 0
92170 0
92180 0
92190 0
92200 0
92210 0
92220 0
92230 0
92240 0
92250 0
92260 0
92270 0
92280 0
92290 0
92300 0
92310 0
92320 0
92330 0
92340 0
92350 0
92360 0
92370 0
92380 0
92390 0
92400 0
92410 0
92420 0
92430 0
92440 0
92450 0
92460 0
92470 0
92480 0
92490 0
92500 0
92510 0
92520 0
92530 0
92540 0
92550 0
92560 0
92570 0
92580 0
92590 0
92600 0
92610 0
92620 0
92630 0
92640 0
92650 0
92660 0
92670 0
92680 0
92690 0
92700 0
92710 0
92720 0
92730 0
92740 0
92750 0
92760 0
92770 0
92780 0
92790 0
92800 0
92810 0
92820 0
92830 0
92840 0
92850 0
92860 0
92870 0
92880 0
92890 0
92900 0
92910 0
92920 0
92930 0
92940 0
92950 0
92960 0
92970 0
92980 0
92990 0
93000 0
93010 0
93020 0
93030 0
93040 0
93050 0
93060 0
93070 0
93080 0
93090 0
93100 0
93110 0
93120 0
93130 0
93140 0
93150 0
93160 0
93170 0
93180 0
93190 0
93200 0
93210 0
93220 0
93230 0
93240 0
93250 0
93260 0
93270 0
93280 0
93290 0
93300 0
93310 0
93320 0
93330 0
93340 0
93350 0
93360 0
93370 0
93380 0
93390 0
93400 0
93410 0
93420 0
93430 0
93440 0
93450 0
93460 0
93470 0
93480 0
93490 0
93500 0
93510 2
93520 0
93530 0
93540 0
93550 0
93560 0
93570 0
93580 0
93590 0
93600 0
93610 0
93620 0
93630 0
93640 0
93650 0
93660 0
93670 0
93680 0
93690 0
93700 0
93710 0
93720 0
93730 0
93740 0
93750 0
93760 0
93770 0
93780 0
93790 0
93800 0
93810 0
93820 0
93830 0
93840 0
93850 0
93860 0
93870 0
93880 0
93890 0
93900 0
93910 0
93920 0
93930 0
93940 0
93950 0
93960 0
93970 0
93980 0
93990 0
94000 0
94010 0
94020 0
94030 0
94040 0
94050 0
94060 0
94070 0
94080 0
94090 0
94100 0
94110 0
94120 0
94130 0
94140 0
94150 0
94160 0
94170 0
94180 0
94190 0
94200 0
94210 0
94220 0
94230 0
94240 0
94250 0
94260 0
94270 0
94280 0
94290 0
94300 0
94310 0
94320 0
94330 0
94340 0
94350 0
94360 0
94370 0
94380 0
94390 0
94400 0
94410 0
94420 0
94430 0
94440 0
94450 0
94460 0
94470 0
94480 0
94490 0
94500 0
94510 0
94520 0
94530 0
94540 0
94550 0
94560 0
94570 0
94580 0
94590 0
94600 0
94610 0
94620 0
94630 0
94640 0
94650 0
94660 0
94670 0
94680 0
94690 0
94700 0
94710 0
94720 0
94730 0
94740 0
94750 0
94760 0
94770 0
94780 0
94790 0
94800 0
94810 0
94820 0
94830 0
94840 0
94850 0
94860 0
94870 0
94880 0
94890 0
94900 0
94910 0
94920 0
94930 0
94940 0
94950 0
94960 0
94970 0
94980 0
94990 0
95000 0
95010 0
95020 0
95030 0
95040 0
95050 0
95060 0
95070 0
95080 0
95090 0
95100 0
95110 0
95120 0
95130 0
95140 0
95150 0
95160 0
95170 0
95180 0
95190 0
95200 0
95210 0
95220 0
95230 0
95240 0
95250 0
95260 0
95270 0
95280 0
95290 0
95300 0
95310 0
95320 0
95330 0
95340 0
95350 0
95360 0
95370 0
95380 0
95390 0
95400 0
95410 0
95420 0
95430 0
95440 1
95450 2
95460 1
95470 0
95480 1
95490 0
95500 8
95510 2
95520 1
95530 2
95540 0
95550 0
95560 0
95570 0
95580 1
95590 3
95600 8
95610 15
95620 19
95630 8
95640 14
95650 20
95660 5
95670 2
95680 3
95690 3
95700 0
95710 1
95720 9
95730 9
95740 3
95750 3
95760 0
95770 1
95780 0
95790 0
95800 0
95810 1
95820 0
95830 0
95840 0
95850 0
95860 0
95870 0
95880 0
95890 0
95900 0
95910 0
95920 0
95930 0
95940 4
95950 0
95960 0
95970 0
95980 1
95990 0
96000 1
96010 0
96020 0
96030 0
96040 0
96050 0
96060 0
96070 4
96080 1
96090 2
96100 0
96110 0
96120 1
96130 1
96140 0
96150 8
96160 0
96170 0
96180 0
96190 0
96200 0
96210 3
96220 0
96230 0
96240 0
96250 1
96260 0
96270 20
96280 4
96290 1
96300 0
96310 1
96320 21
96330 18
96340 6
96350 19
96360 12
96370 2
96380 19
96390 17
96400 15
96410 17
96420 16
96430 15
96440 12
96450 5
96460 6
96470 6
96480 3
96490 2
96500 4
96510 7
96520 4
96530 0
96540 0
96550 0
96560 0
96570 0
96580 1
96590 0
96600 0
96610 1
96620 2
96630 0
96640 0
96650 0
96660 0
96670 0
96680 0
96690 0
96700 0
96710 0
96720 1
96730 0
96740 0
96750 6
96760 1
96770 1
96780 0
96790 0
96800 1
96810 1
96820 1
96830 0
96840 1
96850 1
96860 0
96870 0
96880 1
96890 0
96900 0
96910 1
96920 0
96930 1
96940 6
96950 1
96960 0
96970 0
96980 0
96990 0
97000 0
97010 0
97020 3
97030 0
97040 0
97050 0
97060 0
97070 0
97080 0
97090 4
97100 1
97110 0
97120 0
97130 0
97140 0
97150 0
97160 0
97170 0
97180 0
97190 0
97200 0
97210 2
97220 0
97230 0
97240 0
97250 0
97260 0
97270 0
97280 0
97290 0
97300 0
97310 1
97320 5
97330 0
97340 9
97350 1
97360 9
97370 4
97380 3
97390 12
97400 0
97410 0
97420 0
97430 0
97440 1
97450 1
97460 1
97470 0
97480 0
97490 0
97500 0
97510 4
97520 7
97530 11
97540 0
97550 0
97560 0
97570 0
97580 0
97590 0
97600 0
97610 0
97620 0
97630 0
97640 0
97650 0
97660 0
97670 0
97680 0
97690 0
97700 0
97710 0
97720 0
97730 0
97740 1
97750 4
97760 3
97770 3
97780 1
97790 3
97800 4
97810 0
97820 0
97830 0
97840 0
97850 0
97860 0
97870 0
97880 0
97890 0
97900 0
97910 0
97920 2
97930 9
97940 0
97950 0
97960 0
97970 0
97980 0
97990 0
98000 0
98010 0
98020 0
98030 0
98040 0
98050 0
98060 0
98070 0
98080 1
98090 0
98100 0
98110 0
98120 4
98130 5
98140 0
98150 0
98160 0
98170 0
98180 0
98190 0
98200 0
98210 0
98220 0
98230 0
98240 0
98250 0
98260 0
98270 0
98280 0
98290 0
98300 0
98310 0
98320 0
98330 0
98340 0
98350 0
98360 0
98370 0
98380 13
98390 0
98400 0
98410 1
98420 2
98430 0
98440 2
98450 0
98460 0
98470 0
98480 0
98490 0
98500 0
98510 0
98520 0
98530 0
98540 4
98550 0
98560 0
98570 0
98580 0
98590 0
98600 2
98610 0
98620 23
98630 7
98640 18
98650 23
98660 0
98670 2
98680 6
98690 0
98700 0
98710 0
98720 0
98730 0
98740 0
98750 0
98760 0
98770 12
98780 6
98790 5
98800 6
98810 0
98820 0
98830 0
98840 0
98850 0
98860 0
98870 0
98880 0
98890 0
98900 0
98910 0
98920 0
98930 0
98940 0
98950 0
98960 0
98970 0
98980 0
98990 0
99000 0
99010 0
99020 0
99030 0
99040 0
99050 0
99060 0
99070 0
99080 0
99090 0
99100 0
99110 0
99120 0
99130 0
99140 0
99150 0
99160 0
99170 0
99180 0
99190 0
99200 0
99210 0
99220 0
99230 0
99240 0
99250 0
99260 0
99270 0
99280 0
99290 0
99300 0
99310 0
99320 0
99330 0
99340 0
99350 0
99360 0
99370 0
99380 0
99390 0
99400 0
99410 0
99420 0
99430 0
99440 0
99450 0
99460 0
99470 0
99480 0
99490 0
99500 0
99510 0
99520 0
99530 0
99540 0
99550 0
99560 0
99570 0
99580 0
99590 0
99600 0
99610 0
99620 0
99630 0
99640 0
99650 0
99660 0
99670 0
99680 2
99690 0
99700 0
99710 0
99720 0
99730 0
99740 0
99750 0
99760 0
99770 0
99780 0
99790 0
99800 0
99810 0
99820 0
99830 0
99840 0
99850 0
99860 0
99870 0
99880 0
99890 0
99900 0
99910 0
99920 0
99930 0
99940 0
99950 0
99960 0
99970 0
99980 0
99990 0
