# Frame Contacts
30000 0
30010 0
30020 0
30030 0
30040 0
30050 0
30060 0
30070 0
30080 0
30090 0
30100 0
30110 0
30120 0
30130 0
30140 0
30150 0
30160 0
30170 0
30180 0
30190 0
30200 0
30210 0
30220 0
30230 0
30240 0
30250 0
30260 0
30270 0
30280 0
30290 0
30300 0
30310 0
30320 0
30330 0
30340 0
30350 0
30360 0
30370 0
30380 0
30390 0
30400 0
30410 0
30420 0
30430 0
30440 0
30450 0
30460 0
30470 0
30480 0
30490 0
30500 0
30510 0
30520 0
30530 0
30540 0
30550 0
30560 0
30570 0
30580 0
30590 0
30600 0
30610 0
30620 0
30630 0
30640 0
30650 0
30660 0
30670 0
30680 0
30690 0
30700 0
30710 0
30720 0
30730 0
30740 0
30750 0
30760 0
30770 0
30780 0
30790 0
30800 0
30810 0
30820 0
30830 0
30840 0
30850 0
30860 0
30870 0
30880 0
30890 0
30900 0
30910 0
30920 0
30930 0
30940 2
30950 3
30960 0
30970 0
30980 3
30990 0
31000 4
31010 3
31020 2
31030 2
31040 0
31050 0
31060 0
31070 0
31080 2
31090 0
31100 2
31110 0
31120 2
31130 3
31140 0
31150 1
31160 3
31170 4
31180 3
31190 2
31200 0
31210 3
31220 4
31230 2
31240 4
31250 1
31260 2
31270 1
31280 3
31290 3
31300 1
31310 2
31320 3
31330 0
31340 3
31350 1
31360 9
31370 10
31380 9
31390 8
31400 7
31410 3
31420 2
31430 1
31440 0
31450 0
31460 1
31470 2
31480 3
31490 0
31500 3
31510 1
31520 1
31530 0
31540 0
31550 3
31560 3
31570 2
31580 2
31590 1
31600 0
31610 1
31620 0
31630 2
31640 0
31650 0
31660 0
31670 0
31680 1
31690 2
31700 3
31710 2
31720 1
31730 2
31740 0
31750 1
31760 3
31770 3
31780 0
31790 4
31800 2
31810 0
31820 7
31830 4
31840 4
31850 3
31860 2
31870 5
31880 0
31890 0
31900 0
31910 4
31920 2
31930 3
31940 2
31950 3
31960 3
31970 0
31980 2
31990 4
32000 3
32010 4
32020 2
32030 2
32040 4
32050 1
32060 0
32070 4
32080 4
32090 3
32100 4
32110 1
32120 3
32130 0
32140 0
32150 3
32160 1
32170 1
32180 2
32190 1
32200 1
32210 4
32220 9
32230 5
32240 5
32250 8
32260 10
32270 11
32280 9
32290 8
32300 9
32310 11
32320 15
32330 11
32340 4
32350 6
32360 9
32370 7
32380 3
32390 2
32400 2
32410 3
32420 1
32430 3
32440 2
32450 5
32460 4
32470 2
32480 4
32490 7
32500 2
32510 3
32520 2
32530 2
32540 3
32550 3
32560 3
32570 2
32580 4
32590 7
32600 4
32610 4
32620 2
32630 0
32640 1
32650 0
32660 0
32670 0
32680 1
32690 0
32700 0
32710 4
32720 0
32730 1
32740 4
32750 1
32760 0
32770 1
32780 4
32790 0
32800 3
32810 0
32820 0
32830 0
32840 0
32850 4
32860 4
32870 0
32880 0
32890 3
32900 4
32910 1
32920 3
32930 0
32940 0
32950 0
32960 0
32970 0
32980 0
32990 0
33000 0
33010 0
33020 0
33030 0
33040 0
33050 0
33060 0
33070 0
33080 0
33090 0
33100 0
33110 0
33120 0
33130 0
33140 0
33150 0
33160 0
33170 0
33180 0
33190 0
33200 0
33210 0
33220 0
33230 0
33240 0
33250 0
33260 0
33270 0
33280 0
33290 0
33300 0
33310 0
33320 0
33330 0
33340 0
33350 0
33360 0
33370 0
33380 0
33390 0
33400 0
33410 0
33420 0
33430 0
33440 0
33450 1
33460 0
33470 0
33480 1
33490 0
33500 0
33510 0
33520 0
33530 0
33540 0
33550 0
33560 4
33570 3
33580 2
33590 0
33600 0
33610 0
33620 0
33630 0
33640 0
33650 0
33660 1
33670 0
33680 0
33690 1
33700 2
33710 0
33720 0
33730 1
33740 0
33750 2
33760 4
33770 1
33780 2
33790 0
33800 0
33810 0
33820 0
33830 0
33840 0
33850 0
33860 0
33870 0
33880 0
33890 1
33900 0
33910 0
33920 1
33930 3
33940 0
33950 0
33960 3
33970 0
33980 4
33990 2
34000 0
34010 0
34020 2
34030 3
34040 0
34050 1
34060 4
34070 0
34080 1
34090 0
34100 0
34110 0
34120 0
34130 0
34140 0
34150 0
34160 0
34170 0
34180 0
34190 0
34200 0
34210 0
34220 0
34230 0
34240 0
34250 0
34260 0
34270 0
34280 0
34290 0
34300 0
34310 0
34320 0
34330 0
34340 0
34350 0
34360 0
34370 0
34380 0
34390 0
34400 0
34410 0
34420 0
34430 0
34440 0
34450 0
34460 0
34470 0
34480 0
34490 0
34500 0
34510 0
34520 0
34530 0
34540 0
34550 0
34560 0
34570 0
34580 0
34590 0
34600 0
34610 0
34620 0
34630 0
34640 0
34650 0
34660 0
34670 0
34680 0
34690 0
34700 0
34710 0
34720 0
34730 0
34740 0
34750 0
34760 0
34770 2
34780 3
34790 0
34800 0
34810 4
34820 3
34830 4
34840 0
34850 0
34860 0
34870 0
34880 0
34890 0
34900 0
34910 2
34920 4
34930 4
34940 0
34950 1
34960 3
34970 2
34980 2
34990 3
35000 3
35010 2
35020 0
35030 0
35040 0
35050 0
35060 0
35070 0
35080 0
35090 0
35100 0
35110 0
35120 0
35130 0
35140 0
35150 0
35160 0
35170 0
35180 0
35190 0
35200 0
35210 0
35220 0
35230 0
35240 0
35250 0
35260 0
35270 0
35280 0
35290 0
35300 0
35310 0
35320 0
35330 0
35340 0
35350 0
35360 0
35370 0
35380 0
35390 0
35400 0
35410 0
35420 0
35430 0
35440 0
35450 0
35460 0
35470 0
35480 0
35490 0
35500 0
35510 0
35520 0
35530 0
35540 0
35550 0
35560 0
35570 0
35580 0
35590 0
35600 0
35610 0
35620 0
35630 0
35640 0
35650 0
35660 0
35670 0
35680 0
35690 0
35700 0
35710 0
35720 0
35730 0
35740 0
35750 0
35760 0
35770 0
35780 0
35790 0
35800 0
35810 0
35820 0
35830 0
35840 0
35850 0
35860 0
35870 0
35880 0
35890 0
35900 0
35910 0
35920 0
35930 0
35940 0
35950 0
35960 0
35970 0
35980 0
35990 0
36000 0
36010 0
36020 0
36030 0
36040 0
36050 0
36060 0
36070 0
36080 0
36090 0
36100 0
36110 0
36120 0
36130 0
36140 0
36150 0
36160 0
36170 0
36180 0
36190 0
36200 0
36210 0
36220 0
36230 0
36240 0
36250 0
36260 0
36270 0
36280 0
36290 0
36300 0
36310 0
36320 0
36330 0
36340 0
36350 0
36360 0
36370 0
36380 0
36390 0
36400 0
36410 0
36420 0
36430 0
36440 0
36450 0
36460 0
36470 0
36480 0
36490 0
36500 0
36510 1
36520 0
36530 0
36540 0
36550 1
36560 0
36570 0
36580 0
36590 0
36600 1
36610 0
36620 0
36630 0
36640 0
36650 0
36660 0
36670 0
36680 0
36690 0
36700 0
36710 0
36720 0
36730 0
36740 0
36750 0
36760 0
36770 0
36780 0
36790 0
36800 2
36810 0
36820 0
36830 0
36840 1
36850 0
36860 0
36870 0
36880 0
36890 0
36900 0
36910 0
36920 0
36930 0
36940 0
36950 0
36960 1
36970 0
36980 0
36990 2
37000 0
37010 0
37020 0
37030 0
37040 0
37050 0
37060 0
37070 0
37080 0
37090 0
37100 0
37110 0
37120 0
37130 0
37140 0
37150 2
37160 1
37170 0
37180 0
37190 0
37200 0
37210 2
37220 4
37230 2
37240 0
37250 0
37260 0
37270 0
37280 0
37290 0
37300 0
37310 0
37320 0
37330 0
37340 0
37350 0
37360 0
37370 0
37380 0
37390 0
37400 0
37410 0
37420 0
37430 0
37440 0
37450 0
37460 0
37470 0
37480 0
37490 0
37500 0
37510 0
37520 0
37530 0
37540 0
37550 0
37560 0
37570 0
37580 0
37590 0
37600 0
37610 0
37620 0
37630 0
37640 0
37650 0
37660 0
37670 0
37680 0
37690 0
37700 0
37710 0
37720 0
37730 0
37740 0
37750 0
37760 0
37770 0
37780 0
37790 0
37800 0
37810 0
37820 0
37830 0
37840 0
37850 0
37860 0
37870 0
37880 0
37890 0
37900 0
37910 0
37920 0
37930 0
37940 0
37950 0
37960 0
37970 0
37980 0
37990 0
38000 0
38010 0
38020 0
38030 0
38040 0
38050 0
38060 0
38070 0
38080 0
38090 0
38100 0
38110 0
38120 0
38130 0
38140 0
38150 0
38160 0
38170 0
38180 0
38190 0
38200 0
38210 0
38220 0
38230 0
38240 0
38250 0
38260 0
38270 0
38280 0
38290 0
38300 0
38310 0
38320 0
38330 0
38340 0
38350 0
38360 0
38370 0
38380 0
38390 0
38400 0
38410 0
38420 0
38430 0
38440 0
38450 0
38460 0
38470 0
38480 0
38490 0
38500 0
38510 0
38520 0
38530 0
38540 0
38550 0
38560 0
38570 0
38580 0
38590 0
38600 0
38610 0
38620 0
38630 0
38640 0
38650 0
38660 0
38670 0
38680 0
38690 0
38700 0
38710 0
38720 0
38730 0
38740 0
38750 0
38760 0
38770 0
38780 0
38790 0
38800 0
38810 0
38820 0
38830 0
38840 0
38850 0
38860 0
38870 0
38880 0
38890 0
38900 0
38910 0
38920 0
38930 0
38940 0
38950 0
38960 0
38970 0
38980 0
38990 0
39000 0
39010 0
39020 0
39030 0
39040 0
39050 0
39060 0
39070 0
39080 0
39090 0
39100 0
39110 0
39120 0
39130 0
39140 0
39150 0
39160 0
39170 0
39180 0
39190 0
39200 0
39210 0
39220 0
39230 0
39240 0
39250 0
39260 0
39270 0
39280 0
39290 0
39300 0
39310 0
39320 0
39330 0
39340 0
39350 0
39360 0
39370 0
39380 0
39390 0
39400 0
39410 0
39420 0
39430 0
39440 0
39450 0
39460 0
39470 0
39480 0
39490 0
39500 0
39510 0
39520 0
39530 0
39540 0
39550 0
39560 0
39570 0
39580 0
39590 0
39600 0
39610 0
39620 0
39630 0
39640 0
39650 0
39660 0
39670 0
39680 0
39690 0
39700 0
39710 0
39720 0
39730 0
39740 0
39750 0
39760 0
39770 0
39780 0
39790 0
39800 0
39810 0
39820 0
39830 0
39840 0
39850 0
39860 0
39870 0
39880 0
39890 0
39900 0
39910 0
39920 0
39930 0
39940 0
39950 0
39960 0
39970 0
39980 0
39990 0
40000 0
40010 0
40020 0
40030 0
40040 0
40050 0
40060 0
40070 0
40080 0
40090 0
40100 0
40110 0
40120 0
40130 0
40140 0
40150 0
40160 0
40170 0
40180 0
40190 0
40200 0
40210 0
40220 0
40230 0
40240 0
40250 0
40260 0
40270 0
40280 0
40290 0
40300 0
40310 0
40320 0
40330 0
40340 0
40350 0
40360 0
40370 0
40380 0
40390 0
40400 0
40410 0
40420 0
40430 0
40440 0
40450 0
40460 0
40470 0
40480 0
40490 0
40500 0
40510 0
40520 0
40530 0
40540 0
40550 0
40560 0
40570 0
40580 0
40590 0
40600 0
40610 0
40620 0
40630 0
40640 0
40650 0
40660 0
40670 0
40680 0
40690 0
40700 0
40710 0
40720 0
40730 0
40740 0
40750 0
40760 0
40770 0
40780 0
40790 0
40800 0
40810 0
40820 0
40830 0
40840 0
40850 0
40860 0
40870 0
40880 0
40890 0
40900 0
40910 0
40920 0
40930 0
40940 0
40950 0
40960 0
40970 0
40980 0
40990 0
41000 0
41010 0
41020 0
41030 0
41040 0
41050 0
41060 0
41070 0
41080 0
41090 0
41100 0
41110 0
41120 0
41130 0
41140 0
41150 0
41160 0
41170 0
41180 0
41190 0
41200 0
41210 0
41220 0
41230 0
41240 0
41250 0
41260 0
41270 0
41280 0
41290 0
41300 0
41310 0
41320 0
41330 0
41340 0
41350 0
41360 0
41370 0
41380 0
41390 0
41400 0
41410 0
41420 0
41430 0
41440 0
41450 0
41460 0
41470 0
41480 0
41490 0
41500 0
41510 0
41520 0
41530 0
41540 0
41550 0
41560 0
41570 0
41580 0
41590 0
41600 0
41610 0
41620 0
41630 0
41640 0
41650 0
41660 0
41670 0
41680 0
41690 0
41700 0
41710 0
41720 0
41730 0
41740 0
41750 0
41760 0
41770 0
41780 0
41790 0
41800 0
41810 0
41820 0
41830 0
41840 0
41850 0
41860 0
41870 0
41880 0
41890 0
41900 0
41910 0
41920 0
41930 0
41940 0
41950 0
41960 0
41970 0
41980 0
41990 0
42000 0
42010 0
42020 0
42030 0
42040 0
42050 0
42060 0
42070 0
42080 0
42090 0
42100 0
42110 0
42120 0
42130 0
42140 0
42150 0
42160 0
42170 0
42180 0
42190 0
42200 0
42210 0
42220 0
42230 0
42240 0
42250 0
42260 0
42270 0
42280 0
42290 0
42300 0
42310 0
42320 0
42330 0
42340 0
42350 0
42360 0
42370 0
42380 0
42390 0
42400 0
42410 0
42420 0
42430 0
42440 0
42450 0
42460 0
42470 0
42480 0
42490 0
42500 0
42510 0
42520 0
42530 0
42540 0
42550 0
42560 0
42570 0
42580 0
42590 0
42600 0
42610 0
42620 0
42630 0
42640 0
42650 0
42660 0
42670 0
42680 0
42690 0
42700 0
42710 0
42720 0
42730 0
42740 0
42750 0
42760 0
42770 0
42780 0
42790 0
42800 0
42810 0
42820 0
42830 0
42840 0
42850 0
42860 0
42870 0
42880 0
42890 0
42900 0
42910 0
42920 0
42930 0
42940 0
42950 1
42960 0
42970 0
42980 0
42990 0
43000 0
43010 0
43020 0
43030 0
43040 0
43050 0
43060 0
43070 0
43080 0
43090 0
43100 0
43110 0
43120 0
43130 0
43140 0
43150 0
43160 0
43170 0
43180 0
43190 0
43200 0
43210 0
43220 0
43230 0
43240 0
43250 0
43260 2
43270 0
43280 0
43290 0
43300 1
43310 0
43320 0
43330 0
43340 0
43350 0
43360 0
43370 0
43380 0
43390 0
43400 0
43410 0
43420 0
43430 0
43440 0
43450 0
43460 0
43470 0
43480 0
43490 0
43500 0
43510 0
43520 0
43530 0
43540 0
43550 0
43560 0
43570 0
43580 0
43590 0
43600 0
43610 0
43620 0
43630 0
43640 0
43650 0
43660 0
43670 0
43680 0
43690 0
43700 0
43710 0
43720 0
43730 0
43740 4
43750 1
43760 5
43770 10
43780 19
43790 18
43800 13
43810 14
43820 17
43830 15
43840 15
43850 12
43860 7
43870 8
43880 15
43890 8
43900 3
43910 4
43920 6
43930 4
43940 14
43950 13
43960 8
43970 7
43980 1
43990 8
44000 12
44010 18
44020 15
44030 15
44040 15
44050 13
44060 17
44070 11
44080 6
44090 10
44100 16
44110 17
44120 14
44130 16
44140 3
44150 9
44160 14
44170 9
44180 5
44190 4
44200 1
44210 0
44220 5
44230 8
44240 4
44250 1
44260 9
44270 6
44280 5
44290 2
44300 6
44310 6
44320 8
44330 7
44340 5
44350 6
44360 4
44370 5
44380 8
44390 7
44400 11
44410 9
44420 1
44430 4
44440 6
44450 4
44460 7
44470 7
44480 6
44490 10
44500 7
44510 6
44520 4
44530 4
44540 6
44550 4
44560 5
44570 8
44580 4
44590 4
44600 6
44610 2
44620 6
44630 9
44640 6
44650 2
44660 3
44670 13
44680 8
44690 12
44700 14
44710 9
44720 6
44730 10
44740 8
44750 5
44760 6
44770 7
44780 23
44790 20
44800 14
44810 21
44820 24
44830 12
44840 19
44850 23
44860 11
44870 22
44880 10
44890 15
44900 8
44910 10
44920 16
44930 11
44940 7
44950 16
44960 9
44970 5
44980 8
44990 12
45000 15
45010 18
45020 12
45030 16
45040 12
45050 12
45060 9
45070 10
45080 11
45090 17
45100 9
45110 13
45120 8
45130 7
45140 6
45150 1
45160 6
45170 3
45180 6
45190 5
45200 4
45210 11
45220 8
45230 10
45240 13
45250 6
45260 6
45270 5
45280 7
45290 0
45300 10
45310 4
45320 3
45330 9
45340 10
45350 5
45360 4
45370 9
45380 7
45390 4
45400 3
45410 5
45420 1
45430 5
45440 1
45450 0
45460 8
45470 4
45480 1
45490 4
45500 8
45510 4
45520 15
45530 1
45540 0
45550 10
45560 3
45570 4
45580 8
45590 10
45600 1
45610 8
45620 7
45630 6
45640 11
45650 4
45660 8
45670 4
45680 6
45690 2
45700 5
45710 8
45720 6
45730 2
45740 7
45750 5
45760 4
45770 2
45780 8
45790 6
45800 11
45810 4
45820 13
45830 4
45840 7
45850 7
45860 5
45870 14
45880 14
45890 7
45900 12
45910 15
45920 8
45930 17
45940 10
45950 13
45960 19
45970 8
45980 9
45990 6
46000 8
46010 16
46020 11
46030 10
46040 15
46050 16
46060 14
46070 9
46080 8
46090 13
46100 1
46110 6
46120 9
46130 9
46140 16
46150 15
46160 15
46170 10
46180 20
46190 15
46200 23
46210 20
46220 11
46230 20
46240 12
46250 2
46260 6
46270 11
46280 12
46290 15
46300 24
46310 20
46320 7
46330 17
46340 24
46350 11
46360 13
46370 10
46380 4
46390 8
46400 16
46410 12
46420 19
46430 14
46440 4
46450 7
46460 15
46470 7
46480 7
46490 6
46500 10
46510 6
46520 18
46530 12
46540 12
46550 3
46560 2
46570 7
46580 14
46590 4
46600 13
46610 13
46620 14
46630 16
46640 11
46650 11
46660 6
46670 13
46680 12
46690 8
46700 6
46710 21
46720 5
46730 11
46740 11
46750 15
46760 13
46770 18
46780 6
46790 14
46800 11
46810 17
46820 14
46830 14
46840 11
46850 4
46860 3
46870 6
46880 8
46890 1
46900 0
46910 0
46920 0
46930 0
46940 0
46950 0
46960 0
46970 0
46980 0
46990 13
47000 2
47010 5
47020 1
47030 5
47040 1
47050 0
47060 2
47070 6
47080 2
47090 0
47100 0
47110 0
47120 0
47130 0
47140 0
47150 0
47160 3
47170 1
47180 4
47190 5
47200 1
47210 5
47220 2
47230 8
47240 1
47250 1
47260 3
47270 7
47280 7
47290 7
47300 2
47310 9
47320 10
47330 9
47340 11
47350 13
47360 2
47370 10
47380 8
47390 6
47400 10
47410 5
47420 2
47430 2
47440 8
47450 7
47460 13
47470 10
47480 7
47490 12
47500 5
47510 0
47520 4
47530 13
47540 7
47550 6
47560 16
47570 7
47580 4
47590 3
47600 2
47610 7
47620 10
47630 12
47640 16
47650 6
47660 8
47670 13
47680 13
47690 1
47700 7
47710 17
47720 9
47730 4
47740 6
47750 0
47760 12
47770 3
47780 11
47790 11
47800 10
47810 5
47820 14
47830 6
47840 9
47850 2
47860 1
47870 10
47880 0
47890 0
47900 0
47910 0
47920 0
47930 0
47940 0
47950 0
47960 0
47970 0
47980 0
47990 0
48000 0
48010 0
48020 0
48030 10
48040 13
48050 17
48060 5
48070 0
48080 0
48090 0
48100 9
48110 10
48120 10
48130 3
48140 16
48150 10
48160 8
48170 13
48180 12
48190 15
48200 15
48210 14
48220 12
48230 8
48240 10
48250 8
48260 4
48270 9
48280 7
48290 3
48300 8
48310 12
48320 11
48330 15
48340 15
48350 11
48360 10
48370 11
48380 13
48390 16
48400 16
48410 17
48420 14
48430 15
48440 17
48450 14
48460 5
48470 13
48480 9
48490 17
48500 10
48510 17
48520 12
48530 12
48540 13
48550 13
48560 15
48570 15
48580 15
48590 15
48600 15
48610 17
48620 18
48630 18
48640 18
48650 14
48660 14
48670 14
48680 13
48690 13
48700 9
48710 10
48720 7
48730 16
48740 12
48750 14
48760 11
48770 13
48780 15
48790 13
48800 18
48810 14
48820 15
48830 10
48840 15
48850 12
48860 12
48870 7
48880 15
48890 10
48900 16
48910 8
48920 14
48930 9
48940 12
48950 13
48960 11
48970 12
48980 12
48990 10
49000 10
49010 12
49020 5
49030 10
49040 18
49050 13
49060 15
49070 10
49080 6
49090 10
49100 11
49110 17
49120 9
49130 14
49140 13
49150 13
49160 12
49170 14
49180 13
49190 16
49200 10
49210 11
49220 16
49230 15
49240 15
49250 18
49260 9
49270 6
49280 7
49290 9
49300 13
49310 12
49320 7
49330 6
49340 8
49350 1
49360 5
49370 11
49380 3
49390 11
49400 0
49410 0
49420 0
49430 15
49440 11
49450 14
49460 8
49470 4
49480 5
49490 0
49500 8
49510 12
49520 10
49530 11
49540 6
49550 8
49560 14
49570 19
49580 4
49590 1
49600 0
49610 0
49620 0
49630 8
49640 8
49650 0
49660 2
49670 9
49680 10
49690 10
49700 16
49710 19
49720 17
49730 8
49740 17
49750 14
49760 9
49770 9
49780 3
49790 4
49800 8
49810 11
49820 11
49830 7
49840 16
49850 7
49860 10
49870 10
49880 12
49890 5
49900 19
49910 12
49920 10
49930 13
49940 10
49950 12
49960 3
49970 1
49980 0
49990 0
50000 0
50010 0
50020 0
50030 0
50040 0
50050 0
50060 0
50070 0
50080 0
50090 0
50100 0
50110 0
50120 0
50130 0
50140 0
50150 0
50160 0
50170 1
50180 0
50190 0
50200 0
50210 0
50220 0
50230 0
50240 0
50250 0
50260 0
50270 0
50280 0
50290 0
50300 0
50310 1
50320 2
50330 8
50340 5
50350 1
50360 4
50370 2
50380 2
50390 2
50400 5
50410 8
50420 3
50430 4
50440 0
50450 15
50460 4
50470 1
50480 5
50490 11
50500 11
50510 9
50520 9
50530 9
50540 16
50550 6
50560 3
50570 1
50580 13
50590 7
50600 6
50610 4
50620 6
50630 0
50640 8
50650 8
50660 6
50670 5
50680 4
50690 8
50700 5
50710 2
50720 4
50730 0
50740 3
50750 3
50760 6
50770 3
50780 3
50790 3
50800 6
50810 9
50820 3
50830 5
50840 7
50850 6
50860 4
50870 5
50880 8
50890 5
50900 8
50910 6
50920 8
50930 7
50940 15
50950 10
50960 11
50970 8
50980 7
50990 4
51000 8
51010 8
51020 5
51030 6
51040 6
51050 6
51060 4
51070 5
51080 7
51090 6
51100 9
51110 8
51120 7
51130 9
51140 5
51150 6
51160 8
51170 6
51180 6
51190 8
51200 3
51210 5
51220 8
51230 5
51240 7
51250 4
51260 6
51270 6
51280 3
51290 7
51300 5
51310 7
51320 9
51330 8
51340 9
51350 8
51360 7
51370 6
51380 12
51390 5
51400 9
51410 9
51420 9
51430 11
51440 10
51450 6
51460 11
51470 8
51480 16
51490 3
51500 7
51510 11
51520 11
51530 5
51540 8
51550 3
51560 1
51570 0
51580 0
51590 0
51600 0
51610 0
51620 0
51630 0
51640 0
51650 0
51660 7
51670 0
51680 3
51690 5
51700 9
51710 7
51720 11
51730 5
51740 6
51750 9
51760 8
51770 9
51780 2
51790 6
51800 8
51810 5
51820 7
51830 9
51840 5
51850 8
51860 6
51870 4
51880 8
51890 9
51900 3
51910 6
51920 2
51930 4
51940 0
51950 8
51960 1
51970 0
51980 0
51990 3
52000 2
52010 6
52020 5
52030 5
52040 5
52050 8
52060 7
52070 22
52080 5
52090 3
52100 11
52110 7
52120 5
52130 7
52140 16
52150 16
52160 19
52170 7
52180 21
52190 16
52200 14
52210 7
52220 1
52230 7
52240 2
52250 19
52260 17
52270 15
52280 8
52290 10
52300 10
52310 6
52320 8
52330 18
52340 21
52350 17
52360 7
52370 6
52380 8
52390 7
52400 8
52410 2
52420 18
52430 16
52440 18
52450 12
52460 7
52470 15
52480 17
52490 16
52500 8
52510 16
52520 13
52530 13
52540 20
52550 11
52560 9
52570 14
52580 15
52590 21
52600 10
52610 11
52620 21
52630 9
52640 7
52650 2
52660 12
52670 12
52680 12
52690 7
52700 13
52710 19
52720 18
52730 17
52740 10
52750 15
52760 13
52770 12
52780 7
52790 4
52800 12
52810 21
52820 13
52830 11
52840 8
52850 11
52860 6
52870 8
52880 13
52890 17
52900 13
52910 8
52920 6
52930 4
52940 5
52950 5
52960 5
52970 6
52980 6
52990 4
53000 7
53010 6
53020 9
53030 7
53040 5
53050 5
53060 4
53070 7
53080 9
53090 8
53100 11
53110 10
53120 7
53130 7
53140 2
53150 3
53160 8
53170 4
53180 6
53190 4
53200 7
53210 4
53220 6
53230 2
53240 7
53250 7
53260 2
53270 2
53280 6
53290 8
53300 3
53310 3
53320 6
53330 2
53340 2
53350 8
53360 11
53370 3
53380 5
53390 7
53400 10
53410 6
53420 10
53430 6
53440 6
53450 7
53460 10
53470 4
53480 0
53490 2
53500 6
53510 3
53520 7
53530 3
53540 6
53550 6
53560 7
53570 11
53580 3
53590 13
53600 14
53610 7
53620 10
53630 2
53640 8
53650 1
53660 6
53670 10
53680 4
53690 6
53700 8
53710 3
53720 8
53730 8
53740 6
53750 11
53760 10
53770 13
53780 17
53790 10
53800 7
53810 7
53820 9
53830 9
53840 8
53850 5
53860 8
53870 7
53880 7
53890 9
53900 2
53910 0
53920 1
53930 5
53940 0
53950 4
53960 0
53970 2
53980 3
53990 3
54000 2
54010 2
54020 3
54030 5
54040 6
54050 5
54060 4
54070 8
54080 4
54090 7
54100 6
54110 0
54120 1
54130 3
54140 3
54150 4
54160 2
54170 1
54180 1
54190 1
54200 0
54210 3
54220 7
54230 1
54240 1
54250 0
54260 0
54270 4
54280 1
54290 4
54300 1
54310 4
54320 4
54330 4
54340 0
54350 5
54360 7
54370 0
54380 3
54390 5
54400 3
54410 4
54420 2
54430 3
54440 2
54450 3
54460 3
54470 3
54480 3
54490 1
54500 0
54510 0
54520 0
54530 3
54540 4
54550 2
54560 3
54570 0
54580 1
54590 1
54600 0
54610 0
54620 0
54630 2
54640 1
54650 1
54660 1
54670 3
54680 3
54690 3
54700 3
54710 4
54720 4
54730 4
54740 0
54750 3
54760 3
54770 5
54780 4
54790 4
54800 2
54810 1
54820 2
54830 3
54840 1
54850 0
54860 0
54870 0
54880 0
54890 0
54900 0
54910 0
54920 0
54930 0
54940 0
54950 0
54960 0
54970 0
54980 0
54990 0
55000 0
55010 0
55020 0
55030 0
55040 0
55050 0
55060 0
55070 0
55080 0
55090 0
55100 0
55110 0
55120 0
55130 0
55140 0
55150 0
55160 0
55170 0
55180 1
55190 0
55200 4
55210 1
55220 0
55230 0
55240 0
55250 0
55260 0
55270 0
55280 0
55290 2
55300 1
55310 5
55320 3
55330 6
55340 4
55350 2
55360 3
55370 7
55380 2
55390 4
55400 4
55410 7
55420 4
55430 12
55440 5
55450 9
55460 6
55470 4
55480 4
55490 8
55500 11
55510 1
55520 3
55530 7
55540 3
55550 13
55560 8
55570 5
55580 11
55590 12
55600 3
55610 4
55620 3
55630 1
55640 3
55650 3
55660 3
55670 4
55680 2
55690 6
55700 7
55710 11
55720 7
55730 2
55740 12
55750 9
55760 5
55770 4
55780 4
55790 5
55800 5
55810 4
55820 9
55830 3
55840 8
55850 1
55860 3
55870 11
55880 2
55890 3
55900 3
55910 7
55920 8
55930 5
55940 10
55950 13
55960 10
55970 8
55980 8
55990 11
56000 11
56010 10
56020 10
56030 4
56040 8
56050 2
56060 8
56070 8
56080 9
56090 1
56100 8
56110 3
56120 4
56130 2
56140 5
56150 13
56160 6
56170 0
56180 1
56190 6
56200 5
56210 8
56220 7
56230 13
56240 9
56250 7
56260 11
56270 4
56280 5
56290 2
56300 0
56310 10
56320 4
56330 7
56340 4
56350 1
56360 7
56370 3
56380 11
56390 8
56400 12
56410 11
56420 13
56430 6
56440 12
56450 7
56460 2
56470 9
56480 9
56490 8
56500 5
56510 6
56520 14
56530 4
56540 7
56550 4
56560 5
56570 9
56580 8
56590 15
56600 14
56610 4
56620 10
56630 4
56640 2
56650 3
56660 8
56670 9
56680 3
56690 9
56700 11
56710 13
56720 4
56730 8
56740 1
56750 11
56760 16
56770 10
56780 9
56790 7
56800 4
56810 14
56820 10
56830 14
56840 5
56850 7
56860 11
56870 2
56880 13
56890 11
56900 11
56910 9
56920 2
56930 11
56940 11
56950 8
56960 3
56970 3
56980 7
56990 11
57000 3
57010 2
57020 0
57030 0
57040 0
57050 2
57060 1
57070 3
57080 3
57090 4
57100 11
57110 7
57120 3
57130 11
57140 2
57150 3
57160 7
57170 5
57180 3
57190 1
57200 1
57210 1
57220 4
57230 8
57240 4
57250 8
57260 1
57270 2
57280 6
57290 2
57300 2
57310 1
57320 8
57330 4
57340 1
57350 0
57360 8
57370 2
57380 5
57390 4
57400 0
57410 4
57420 1
57430 2
57440 1
57450 0
57460 2
57470 3
57480 2
57490 1
57500 1
57510 8
57520 3
57530 3
57540 3
57550 6
57560 0
57570 0
57580 2
57590 3
57600 3
57610 2
57620 3
57630 3
57640 6
57650 3
57660 1
57670 0
57680 4
57690 3
57700 5
57710 0
57720 8
57730 3
57740 4
57750 3
57760 1
57770 1
57780 0
57790 4
57800 3
57810 0
57820 1
57830 1
57840 1
57850 6
57860 2
57870 5
57880 11
57890 7
57900 8
57910 3
57920 8
57930 2
57940 8
57950 11
57960 3
57970 4
57980 6
57990 4
58000 4
58010 3
58020 1
58030 3
58040 5
58050 14
58060 5
58070 6
58080 3
58090 5
58100 0
58110 6
58120 3
58130 2
58140 4
58150 2
58160 9
58170 4
58180 2
58190 10
58200 10
58210 16
58220 11
58230 9
58240 9
58250 5
58260 9
58270 17
58280 17
58290 3
58300 20
58310 17
58320 18
58330 18
58340 9
58350 14
58360 10
58370 11
58380 17
58390 12
58400 14
58410 11
58420 15
58430 11
58440 17
58450 19
58460 15
58470 11
58480 20
58490 15
58500 10
58510 15
58520 21
58530 10
58540 18
58550 14
58560 18
58570 16
58580 19
58590 16
58600 15
58610 12
58620 17
58630 11
58640 16
58650 19
58660 18
58670 16
58680 14
58690 16
58700 19
58710 15
58720 13
58730 16
58740 17
58750 18
58760 18
58770 13
58780 7
58790 16
58800 21
58810 16
58820 20
58830 19
58840 18
58850 19
58860 18
58870 18
58880 21
58890 19
58900 18
58910 16
58920 19
58930 19
58940 15
58950 19
58960 15
58970 17
58980 19
58990 11
59000 18
59010 23
59020 19
59030 15
59040 17
59050 20
59060 17
59070 12
59080 18
59090 15
59100 18
59110 7
59120 14
59130 16
59140 16
59150 16
59160 19
59170 18
59180 18
59190 16
59200 15
59210 11
59220 19
59230 18
59240 8
59250 17
59260 7
59270 16
59280 14
59290 16
59300 19
59310 19
59320 20
59330 17
59340 16
59350 11
59360 10
59370 20
59380 16
59390 16
59400 12
59410 11
59420 11
59430 14
59440 9
59450 1
59460 10
59470 12
59480 12
59490 10
59500 3
59510 13
59520 14
59530 15
59540 3
59550 10
59560 14
59570 8
59580 12
59590 15
59600 15
59610 4
59620 11
59630 12
59640 15
59650 15
59660 13
59670 15
59680 15
59690 16
59700 9
59710 6
59720 8
59730 7
59740 15
59750 5
59760 16
59770 15
59780 10
59790 14
59800 14
59810 11
59820 15
59830 11
59840 15
59850 14
59860 14
59870 13
59880 10
59890 10
59900 6
59910 11
59920 12
59930 15
59940 10
59950 12
59960 14
59970 10
59980 3
59990 12
60000 7
60010 15
60020 14
60030 13
60040 4
60050 12
60060 14
60070 17
60080 14
60090 12
60100 14
60110 11
60120 15
60130 10
60140 11
60150 10
60160 9
60170 12
60180 8
60190 12
60200 10
60210 14
60220 14
60230 10
60240 16
60250 15
60260 12
60270 8
60280 12
60290 14
60300 14
60310 12
60320 11
60330 13
60340 10
60350 13
60360 8
60370 12
60380 9
60390 10
60400 11
60410 9
60420 9
60430 9
60440 12
60450 8
60460 6
60470 14
60480 12
60490 5
60500 13
60510 9
60520 6
60530 12
60540 7
60550 13
60560 15
60570 7
60580 15
60590 10
60600 10
60610 15
60620 6
60630 13
60640 12
60650 8
60660 12
60670 13
60680 8
60690 12
60700 13
60710 12
60720 10
60730 15
60740 9
60750 11
60760 11
60770 5
60780 2
60790 7
60800 5
60810 4
60820 15
60830 10
60840 3
60850 11
60860 15
60870 12
60880 3
60890 3
60900 4
60910 11
60920 13
60930 13
60940 6
60950 7
60960 12
60970 11
60980 8
60990 3
61000 10
61010 9
61020 12
61030 11
61040 4
61050 15
61060 11
61070 8
61080 3
61090 6
61100 0
61110 9
61120 10
61130 14
61140 14
61150 5
61160 7
61170 8
61180 5
61190 8
61200 15
61210 11
61220 5
61230 2
61240 15
61250 3
61260 13
61270 6
61280 8
61290 13
61300 9
61310 10
61320 13
61330 19
61340 19
61350 8
61360 9
61370 11
61380 10
61390 11
61400 18
61410 12
61420 14
61430 6
61440 6
61450 9
61460 12
61470 16
61480 9
61490 3
61500 12
61510 8
61520 9
61530 10
61540 5
61550 12
61560 6
61570 4
61580 6
61590 5
61600 4
61610 5
61620 9
61630 3
61640 11
61650 18
61660 9
61670 8
61680 10
61690 4
61700 7
61710 6
61720 5
61730 13
61740 10
61750 13
61760 4
61770 7
61780 2
61790 1
61800 5
61810 3
61820 3
61830 3
61840 2
61850 8
61860 1
61870 11
61880 8
61890 1
61900 3
61910 3
61920 11
61930 7
61940 11
61950 5
61960 5
61970 7
61980 7
61990 9
62000 7
62010 7
62020 8
62030 9
62040 7
62050 11
62060 11
62070 13
62080 12
62090 14
62100 8
62110 8
62120 7
62130 12
62140 11
62150 12
62160 10
62170 14
62180 12
62190 10
62200 6
62210 8
62220 11
62230 10
62240 9
62250 11
62260 1
62270 6
62280 2
62290 7
62300 3
62310 3
62320 5
62330 8
62340 8
62350 9
62360 14
62370 7
62380 10
62390 7
62400 10
62410 10
62420 11
62430 9
62440 12
62450 8
62460 12
62470 7
62480 12
62490 12
62500 13
62510 3
62520 8
62530 4
62540 9
62550 4
62560 11
62570 8
62580 12
62590 11
62600 11
62610 9
62620 13
62630 15
62640 14
62650 13
62660 21
62670 16
62680 17
62690 17
62700 17
62710 20
62720 14
62730 18
62740 14
62750 13
62760 17
62770 7
62780 14
62790 18
62800 17
62810 10
62820 15
62830 18
62840 11
62850 13
62860 13
62870 14
62880 19
62890 18
62900 13
62910 7
62920 11
62930 15
62940 10
62950 9
62960 11
62970 8
62980 13
62990 13
63000 5
63010 14
63020 15
63030 9
63040 17
63050 15
63060 14
63070 14
63080 11
63090 15
63100 16
63110 12
63120 14
63130 9
63140 12
63150 15
63160 16
63170 9
63180 15
63190 5
63200 9
63210 12
63220 14
63230 16
63240 13
63250 15
63260 11
63270 7
63280 15
63290 11
63300 17
63310 14
63320 9
63330 9
63340 9
63350 11
63360 12
63370 12
63380 9
63390 8
63400 11
63410 12
63420 5
63430 12
63440 7
63450 14
63460 1
63470 9
63480 8
63490 9
63500 7
63510 10
63520 9
63530 5
63540 12
63550 12
63560 8
63570 11
63580 9
63590 10
63600 9
63610 8
63620 8
63630 11
63640 12
63650 12
63660 13
63670 11
63680 12
63690 10
63700 12
63710 13
63720 8
63730 13
63740 12
63750 14
63760 12
63770 12
63780 11
63790 14
63800 15
63810 10
63820 12
63830 10
63840 17
63850 12
63860 11
63870 12
63880 12
63890 12
63900 11
63910 16
63920 17
63930 11
63940 15
63950 11
63960 10
63970 16
63980 4
63990 4
64000 15
64010 10
64020 11
64030 12
64040 12
64050 11
64060 12
64070 11
64080 9
64090 6
64100 8
64110 6
64120 10
64130 8
64140 12
64150 12
64160 14
64170 7
64180 6
64190 13
64200 8
64210 16
64220 11
64230 18
64240 12
64250 21
64260 21
64270 9
64280 17
64290 17
64300 15
64310 21
64320 12
64330 13
64340 15
64350 18
64360 14
64370 13
64380 4
64390 13
64400 10
64410 7
64420 10
64430 11
64440 16
64450 9
64460 14
64470 15
64480 9
64490 15
64500 11
64510 11
64520 12
64530 6
64540 18
64550 20
64560 20
64570 19
64580 12
64590 18
64600 15
64610 14
64620 14
64630 20
64640 15
64650 17
64660 18
64670 18
64680 16
64690 8
64700 12
64710 4
64720 10
64730 9
64740 6
64750 10
64760 15
64770 14
64780 15
64790 14
64800 4
64810 11
64820 15
64830 15
64840 14
64850 18
64860 16
64870 4
64880 13
64890 17
64900 16
64910 14
64920 17
64930 18
64940 15
64950 13
64960 14
64970 17
64980 12
64990 16
65000 10
65010 15
65020 12
65030 15
65040 13
65050 12
65060 10
65070 10
65080 7
65090 7
65100 7
65110 6
65120 6
65130 9
65140 16
65150 10
65160 3
65170 9
65180 12
65190 4
65200 4
65210 10
65220 6
65230 10
65240 10
65250 4
65260 4
65270 10
65280 5
65290 7
65300 6
65310 6
65320 6
65330 6
65340 11
65350 5
65360 12
65370 14
65380 8
65390 2
65400 6
65410 14
65420 10
65430 9
65440 4
65450 10
65460 10
65470 8
65480 12
65490 10
65500 13
65510 10
65520 10
65530 7
65540 9
65550 11
65560 9
65570 11
65580 16
65590 14
65600 18
65610 18
65620 19
65630 15
65640 12
65650 19
65660 13
65670 10
65680 13
65690 13
65700 10
65710 15
65720 13
65730 7
65740 9
65750 11
65760 6
65770 4
65780 4
65790 1
65800 3
65810 4
65820 2
65830 2
65840 0
65850 2
65860 4
65870 2
65880 5
65890 3
65900 11
65910 13
65920 9
65930 4
65940 12
65950 15
65960 9
65970 11
65980 13
65990 8
66000 3
66010 2
66020 1
66030 10
66040 13
66050 12
66060 11
66070 9
66080 3
66090 4
66100 16
66110 8
66120 2
66130 4
66140 4
66150 3
66160 1
66170 3
66180 4
66190 2
66200 4
66210 3
66220 4
66230 3
66240 2
66250 4
66260 3
66270 3
66280 3
66290 4
66300 4
66310 3
66320 1
66330 2
66340 2
66350 2
66360 4
66370 4
66380 2
66390 4
66400 4
66410 3
66420 1
66430 4
66440 0
66450 2
66460 4
66470 3
66480 1
66490 0
66500 0
66510 0
66520 0
66530 0
66540 0
66550 0
66560 0
66570 0
66580 0
66590 0
66600 0
66610 0
66620 0
66630 0
66640 0
66650 0
66660 0
66670 0
66680 0
66690 0
66700 2
66710 0
66720 0
66730 3
66740 3
66750 0
66760 2
66770 2
66780 4
66790 4
66800 3
66810 4
66820 4
66830 4
66840 5
66850 2
66860 3
66870 2
66880 4
66890 0
66900 4
66910 2
66920 2
66930 3
66940 3
66950 4
66960 3
66970 0
66980 3
66990 3
67000 4
67010 4
67020 4
67030 4
67040 4
67050 4
67060 4
67070 3
67080 1
67090 4
67100 4
67110 1
67120 5
67130 7
67140 5
67150 5
67160 5
67170 5
67180 4
67190 6
67200 7
67210 5
67220 8
67230 4
67240 6
67250 4
67260 6
67270 5
67280 6
67290 4
67300 7
67310 7
67320 5
67330 5
67340 5
67350 2
67360 6
67370 5
67380 4
67390 5
67400 5
67410 4
67420 4
67430 5
67440 5
67450 5
67460 4
67470 4
67480 4
67490 6
67500 5
67510 6
67520 4
67530 4
67540 4
67550 5
67560 4
67570 5
67580 6
67590 6
67600 4
67610 6
67620 6
67630 0
67640 7
67650 4
67660 6
67670 5
67680 7
67690 5
67700 4
67710 7
67720 4
67730 5
67740 4
67750 2
67760 7
67770 5
67780 4
67790 7
67800 5
67810 4
67820 1
67830 4
67840 2
67850 5
67860 2
67870 6
67880 6
67890 7
67900 7
67910 8
67920 1
67930 5
67940 5
67950 4
67960 6
67970 1
67980 1
67990 0
68000 0
68010 0
68020 0
68030 0
68040 0
68050 0
68060 1
68070 0
68080 1
68090 4
68100 6
68110 6
68120 4
68130 5
68140 2
68150 5
68160 5
68170 5
68180 2
68190 2
68200 0
68210 0
68220 1
68230 0
68240 1
68250 2
68260 2
68270 1
68280 1
68290 3
68300 2
68310 2
68320 1
68330 1
68340 1
68350 0
68360 0
68370 1
68380 1
68390 0
68400 2
68410 0
68420 0
68430 0
68440 0
68450 0
68460 0
68470 0
68480 0
68490 0
68500 0
68510 0
68520 0
68530 0
68540 0
68550 0
68560 0
68570 0
68580 0
68590 0
68600 0
68610 0
68620 0
68630 0
68640 0
68650 0
68660 0
68670 0
68680 0
68690 0
68700 0
68710 0
68720 0
68730 0
68740 0
68750 0
68760 0
68770 0
68780 0
68790 0
68800 0
68810 0
68820 0
68830 0
68840 0
68850 0
68860 0
68870 0
68880 0
68890 0
68900 0
68910 0
68920 0
68930 0
68940 0
68950 0
68960 0
68970 0
68980 0
68990 0
69000 0
69010 0
69020 0
69030 0
69040 0
69050 0
69060 0
69070 0
69080 0
69090 0
69100 0
69110 0
69120 0
69130 0
69140 0
69150 0
69160 0
69170 0
69180 0
69190 0
69200 0
69210 0
69220 0
69230 0
69240 0
69250 0
69260 0
69270 0
69280 0
69290 0
69300 0
69310 0
69320 0
69330 0
69340 0
69350 0
69360 0
69370 0
69380 0
69390 0
69400 0
69410 0
69420 1
69430 0
69440 0
69450 0
69460 0
69470 0
69480 0
69490 0
69500 0
69510 0
69520 0
69530 0
69540 0
69550 0
69560 0
69570 0
69580 0
69590 0
69600 0
69610 0
69620 0
69630 0
69640 0
69650 0
69660 0
69670 0
69680 0
69690 0
69700 0
69710 0
69720 0
69730 0
69740 0
69750 0
69760 0
69770 0
69780 0
69790 0
69800 0
69810 0
69820 0
69830 0
69840 0
69850 0
69860 0
69870 0
69880 0
69890 0
69900 0
69910 0
69920 0
69930 0
69940 0
69950 0
69960 0
69970 0
69980 0
69990 0
70000 0
70010 0
70020 0
70030 0
70040 0
70050 0
70060 0
70070 0
70080 0
70090 0
70100 0
70110 0
70120 0
70130 0
70140 0
70150 0
70160 0
70170 0
70180 0
70190 0
70200 0
70210 0
70220 0
70230 0
70240 0
70250 0
70260 0
70270 0
70280 0
70290 0
70300 0
70310 0
70320 0
70330 0
70340 0
70350 0
70360 0
70370 0
70380 0
70390 0
70400 0
70410 0
70420 0
70430 0
70440 0
70450 0
70460 0
70470 0
70480 0
70490 0
70500 0
70510 0
70520 0
70530 0
70540 0
70550 0
70560 0
70570 0
70580 0
70590 0
70600 0
70610 0
70620 0
70630 0
70640 0
70650 0
70660 0
70670 0
70680 0
70690 0
70700 0
70710 0
70720 0
70730 0
70740 0
70750 0
70760 0
70770 0
70780 0
70790 0
70800 0
70810 0
70820 0
70830 0
70840 0
70850 1
70860 0
70870 0
70880 0
70890 0
70900 0
70910 0
70920 0
70930 0
70940 0
70950 0
70960 0
70970 0
70980 0
70990 0
71000 0
71010 0
71020 0
71030 0
71040 0
71050 0
71060 0
71070 0
71080 0
71090 0
71100 0
71110 0
71120 0
71130 0
71140 0
71150 0
71160 0
71170 0
71180 0
71190 0
71200 0
71210 0
71220 0
71230 0
71240 0
71250 0
71260 0
71270 0
71280 0
71290 0
71300 0
71310 0
71320 0
71330 0
71340 0
71350 0
71360 0
71370 0
71380 0
71390 0
71400 0
71410 0
71420 0
71430 0
71440 0
71450 0
71460 0
71470 0
71480 0
71490 0
71500 0
71510 0
71520 0
71530 0
71540 0
71550 0
71560 0
71570 0
71580 0
71590 0
71600 0
71610 0
71620 0
71630 0
71640 0
71650 0
71660 0
71670 0
71680 0
71690 0
71700 0
71710 0
71720 0
71730 0
71740 0
71750 0
71760 0
71770 0
71780 0
71790 0
71800 0
71810 0
71820 0
71830 0
71840 0
71850 0
71860 0
71870 0
71880 0
71890 0
71900 0
71910 0
71920 0
71930 0
71940 0
71950 0
71960 0
71970 0
71980 0
71990 0
72000 0
72010 0
72020 0
72030 0
72040 0
72050 0
72060 0
72070 0
72080 0
72090 0
72100 0
72110 0
72120 0
72130 0
72140 0
72150 0
72160 0
72170 0
72180 0
72190 0
72200 0
72210 0
72220 0
72230 0
72240 0
72250 0
72260 0
72270 0
72280 0
72290 0
72300 0
72310 0
72320 0
72330 0
72340 0
72350 0
72360 0
72370 0
72380 0
72390 0
72400 0
72410 0
72420 0
72430 0
72440 0
72450 0
72460 0
72470 0
72480 0
72490 0
72500 0
72510 0
72520 0
72530 0
72540 0
72550 0
72560 0
72570 0
72580 0
72590 0
72600 0
72610 0
72620 0
72630 0
72640 0
72650 0
72660 0
72670 0
72680 0
72690 0
72700 0
72710 0
72720 0
72730 0
72740 0
72750 0
72760 0
72770 0
72780 0
72790 0
72800 0
72810 0
72820 0
72830 0
72840 0
72850 0
72860 0
72870 0
72880 0
72890 0
72900 0
72910 0
72920 0
72930 0
72940 0
72950 0
72960 0
72970 0
72980 0
72990 0
73000 0
73010 0
73020 0
73030 0
73040 0
73050 0
73060 0
73070 0
73080 0
73090 0
73100 0
73110 0
73120 0
73130 0
73140 0
73150 0
73160 0
73170 0
73180 0
73190 0
73200 0
73210 0
73220 0
73230 0
73240 0
73250 0
73260 0
73270 0
73280 0
73290 0
73300 0
73310 0
73320 0
73330 0
73340 0
73350 0
73360 0
73370 0
73380 0
73390 0
73400 0
73410 0
73420 0
73430 0
73440 0
73450 0
73460 0
73470 0
73480 0
73490 0
73500 0
73510 0
73520 0
73530 0
73540 0
73550 4
73560 0
73570 3
73580 0
73590 4
73600 1
73610 2
73620 0
73630 0
73640 0
73650 0
73660 0
73670 0
73680 0
73690 0
73700 0
73710 0
73720 0
73730 0
73740 0
73750 0
73760 0
73770 0
73780 0
73790 0
73800 0
73810 0
73820 0
73830 0
73840 0
73850 0
73860 0
73870 0
73880 0
73890 0
73900 0
73910 0
73920 0
73930 0
73940 0
73950 0
73960 0
73970 0
73980 0
73990 0
74000 0
74010 0
74020 0
74030 0
74040 0
74050 0
74060 0
74070 0
74080 0
74090 0
74100 0
74110 0
74120 0
74130 0
74140 0
74150 0
74160 0
74170 0
74180 0
74190 0
74200 0
74210 0
74220 0
74230 0
74240 0
74250 0
74260 0
74270 0
74280 0
74290 0
74300 0
74310 0
74320 0
74330 0
74340 0
74350 0
74360 0
74370 0
74380 0
74390 0
74400 0
74410 0
74420 0
74430 0
74440 0
74450 0
74460 0
74470 0
74480 0
74490 0
74500 0
74510 0
74520 0
74530 0
74540 0
74550 0
74560 0
74570 0
74580 0
74590 0
74600 0
74610 0
74620 0
74630 0
74640 0
74650 0
74660 1
74670 1
74680 0
74690 0
74700 0
74710 0
74720 0
74730 1
74740 0
74750 0
74760 0
74770 0
74780 0
74790 0
74800 0
74810 0
74820 0
74830 0
74840 0
74850 0
74860 0
74870 0
74880 0
74890 0
74900 0
74910 0
74920 0
74930 0
74940 0
74950 0
74960 0
74970 0
74980 0
74990 0
75000 0
75010 0
75020 0
75030 0
75040 0
75050 0
75060 0
75070 0
75080 0
75090 0
75100 0
75110 0
75120 0
75130 0
75140 0
75150 0
75160 0
75170 0
75180 0
75190 0
75200 0
75210 0
75220 0
75230 0
75240 0
75250 0
75260 0
75270 0
75280 0
75290 0
75300 0
75310 0
75320 0
75330 0
75340 1
75350 0
75360 1
75370 0
75380 0
75390 0
75400 0
75410 0
75420 1
75430 0
75440 0
75450 0
75460 0
75470 0
75480 0
75490 0
75500 0
75510 0
75520 0
75530 0
75540 0
75550 0
75560 0
75570 0
75580 0
75590 0
75600 0
75610 0
75620 0
75630 0
75640 0
75650 0
75660 0
75670 2
75680 0
75690 4
75700 2
75710 1
75720 0
75730 2
75740 2
75750 3
75760 1
75770 0
75780 0
75790 2
75800 3
75810 2
75820 0
75830 1
75840 0
75850 2
75860 2
75870 0
75880 2
75890 2
75900 0
75910 1
75920 1
75930 1
75940 0
75950 0
75960 1
75970 0
75980 2
75990 0
76000 0
76010 0
76020 0
76030 3
76040 0
76050 2
76060 4
76070 2
76080 0
76090 0
76100 0
76110 1
76120 3
76130 1
76140 0
76150 1
76160 1
76170 1
76180 0
76190 0
76200 2
76210 1
76220 1
76230 0
76240 0
76250 0
76260 0
76270 0
76280 0
76290 0
76300 0
76310 1
76320 0
76330 0
76340 0
76350 0
76360 0
76370 0
76380 0
76390 0
76400 0
76410 0
76420 3
76430 4
76440 6
76450 1
76460 2
76470 4
76480 4
76490 3
76500 2
76510 2
76520 5
76530 2
76540 6
76550 4
76560 3
76570 0
76580 1
76590 6
76600 6
76610 4
76620 4
76630 9
76640 5
76650 2
76660 9
76670 8
76680 8
76690 10
76700 3
76710 0
76720 0
76730 0
76740 0
76750 1
76760 3
76770 2
76780 1
76790 3
76800 9
76810 9
76820 1
76830 3
76840 1
76850 0
76860 0
76870 0
76880 0
76890 0
76900 0
76910 0
76920 0
76930 0
76940 0
76950 0
76960 0
76970 0
76980 0
76990 0
77000 0
77010 0
77020 0
77030 0
77040 0
77050 0
77060 0
77070 0
77080 0
77090 0
77100 0
77110 0
77120 0
77130 2
77140 2
77150 12
77160 4
77170 4
77180 6
77190 0
77200 3
77210 5
77220 0
77230 0
77240 0
77250 0
77260 0
77270 0
77280 0
77290 0
77300 0
77310 0
77320 0
77330 0
77340 0
77350 0
77360 0
77370 0
77380 0
77390 0
77400 0
77410 0
77420 0
77430 0
77440 0
77450 0
77460 0
77470 0
77480 0
77490 0
77500 0
77510 0
77520 0
77530 0
77540 0
77550 0
77560 0
77570 0
77580 0
77590 0
77600 0
77610 0
77620 0
77630 0
77640 0
77650 0
77660 0
77670 0
77680 0
77690 0
77700 0
77710 0
77720 0
77730 0
77740 0
77750 0
77760 0
77770 0
77780 0
77790 0
77800 0
77810 0
77820 0
77830 0
77840 0
77850 0
77860 0
77870 0
77880 0
77890 0
77900 0
77910 0
77920 0
77930 0
77940 0
77950 0
77960 0
77970 0
77980 0
77990 0
78000 0
78010 0
78020 0
78030 0
78040 0
78050 0
78060 0
78070 0
78080 0
78090 0
78100 0
78110 0
78120 0
78130 0
78140 0
78150 0
78160 0
78170 0
78180 0
78190 0
78200 0
78210 0
78220 0
78230 0
78240 0
78250 0
78260 0
78270 0
78280 0
78290 0
78300 0
78310 0
78320 0
78330 0
78340 0
78350 0
78360 0
78370 0
78380 0
78390 0
78400 0
78410 0
78420 0
78430 0
78440 0
78450 0
78460 0
78470 0
78480 0
78490 0
78500 0
78510 0
78520 0
78530 0
78540 0
78550 0
78560 0
78570 0
78580 0
78590 0
78600 0
78610 0
78620 0
78630 0
78640 0
78650 0
78660 0
78670 0
78680 0
78690 0
78700 0
78710 0
78720 0
78730 0
78740 0
78750 0
78760 0
78770 0
78780 0
78790 0
78800 0
78810 0
78820 0
78830 0
78840 0
78850 0
78860 0
78870 0
78880 0
78890 0
78900 0
78910 0
78920 0
78930 0
78940 0
78950 0
78960 0
78970 0
78980 0
78990 0
79000 0
79010 0
79020 0
79030 0
79040 0
79050 0
79060 0
79070 0
79080 0
79090 0
79100 0
79110 0
79120 0
79130 0
79140 0
79150 0
79160 0
79170 0
79180 0
79190 0
79200 0
79210 0
79220 0
79230 0
79240 0
79250 0
79260 0
79270 0
79280 0
79290 0
79300 0
79310 0
79320 0
79330 0
79340 4
79350 4
79360 0
79370 6
79380 0
79390 0
79400 0
79410 0
79420 0
79430 0
79440 0
79450 0
79460 0
79470 0
79480 0
79490 0
79500 0
79510 0
79520 0
79530 0
79540 0
79550 0
79560 0
79570 2
79580 2
79590 0
79600 0
79610 0
79620 0
79630 1
79640 2
79650 0
79660 0
79670 4
79680 1
79690 1
79700 3
79710 2
79720 2
79730 2
79740 2
79750 4
79760 2
79770 4
79780 4
79790 0
79800 4
79810 0
79820 1
79830 0
79840 2
79850 1
79860 5
79870 0
79880 0
79890 1
79900 1
79910 0
79920 2
79930 1
79940 4
79950 2
79960 5
79970 5
79980 3
79990 0
80000 3
80010 4
80020 4
80030 6
80040 5
80050 3
80060 3
80070 2
80080 3
80090 3
80100 3
80110 2
80120 3
80130 4
80140 4
80150 5
80160 5
80170 4
80180 2
80190 4
80200 3
80210 5
80220 6
80230 4
80240 3
80250 3
80260 4
80270 4
80280 2
80290 2
80300 2
80310 1
80320 0
80330 1
80340 3
80350 1
80360 4
80370 0
80380 2
80390 6
80400 1
80410 0
80420 0
80430 0
80440 0
80450 2
80460 0
80470 2
80480 0
80490 0
80500 1
80510 3
80520 0
80530 0
80540 0
80550 0
80560 2
80570 0
80580 0
80590 0
80600 0
80610 0
80620 0
80630 0
80640 0
80650 0
80660 0
80670 0
80680 0
80690 0
80700 0
80710 0
80720 0
80730 0
80740 0
80750 0
80760 0
80770 0
80780 0
80790 0
80800 0
80810 0
80820 0
80830 0
80840 0
80850 0
80860 0
80870 0
80880 0
80890 0
80900 0
80910 0
80920 0
80930 0
80940 0
80950 0
80960 0
80970 0
80980 0
80990 0
81000 0
81010 0
81020 0
81030 0
81040 0
81050 0
81060 0
81070 0
81080 0
81090 0
81100 0
81110 0
81120 0
81130 0
81140 0
81150 0
81160 0
81170 0
81180 0
81190 0
81200 0
81210 0
81220 0
81230 0
81240 0
81250 0
81260 0
81270 0
81280 0
81290 0
81300 0
81310 0
81320 0
81330 0
81340 0
81350 0
81360 0
81370 0
81380 0
81390 0
81400 0
81410 0
81420 0
81430 0
81440 0
81450 0
81460 0
81470 0
81480 0
81490 0
81500 0
81510 0
81520 0
81530 0
81540 0
81550 0
81560 0
81570 0
81580 0
81590 0
81600 0
81610 0
81620 0
81630 0
81640 0
81650 0
81660 0
81670 0
81680 0
81690 0
81700 0
81710 0
81720 0
81730 0
81740 0
81750 0
81760 0
81770 0
81780 0
81790 0
81800 0
81810 0
81820 0
81830 0
81840 0
81850 0
81860 0
81870 0
81880 0
81890 0
81900 0
81910 0
81920 0
81930 0
81940 0
81950 0
81960 0
81970 0
81980 0
81990 0
82000 0
82010 0
82020 0
82030 0
82040 0
82050 0
82060 0
82070 0
82080 0
82090 0
82100 0
82110 0
82120 0
82130 0
82140 0
82150 0
82160 0
82170 0
82180 0
82190 0
82200 0
82210 0
82220 0
82230 0
82240 0
82250 0
82260 0
82270 0
82280 0
82290 0
82300 0
82310 0
82320 0
82330 0
82340 0
82350 0
82360 0
82370 0
82380 0
82390 0
82400 0
82410 0
82420 0
82430 7
82440 4
82450 7
82460 4
82470 4
82480 5
82490 1
82500 8
82510 7
82520 5
82530 3
82540 4
82550 0
82560 3
82570 3
82580 5
82590 6
82600 5
82610 5
82620 5
82630 1
82640 7
82650 2
82660 3
82670 3
82680 9
82690 3
82700 4
82710 0
82720 0
82730 4
82740 5
82750 11
82760 4
82770 8
82780 5
82790 0
82800 2
82810 3
82820 1
82830 2
82840 3
82850 5
82860 1
82870 1
82880 4
82890 2
82900 0
82910 3
82920 8
82930 1
82940 6
82950 1
82960 2
82970 1
82980 0
82990 3
83000 2
83010 16
83020 8
83030 13
83040 5
83050 7
83060 6
83070 9
83080 9
83090 8
83100 4
83110 8
83120 3
83130 7
83140 11
83150 14
83160 10
83170 4
83180 11
83190 6
83200 8
83210 10
83220 6
83230 12
83240 5
83250 5
83260 5
83270 7
83280 4
83290 8
83300 2
83310 2
83320 8
83330 8
83340 10
83350 11
83360 7
83370 9
83380 11
83390 5
83400 16
83410 7
83420 7
83430 8
83440 8
83450 13
83460 5
83470 1
83480 2
83490 3
83500 4
83510 1
83520 1
83530 1
83540 1
83550 2
83560 5
83570 3
83580 6
83590 2
83600 7
83610 17
83620 5
83630 9
83640 6
83650 3
83660 7
83670 10
83680 9
83690 9
83700 11
83710 5
83720 7
83730 7
83740 3
83750 1
83760 2
83770 3
83780 7
83790 2
83800 1
83810 10
83820 5
83830 2
83840 2
83850 7
83860 3
83870 0
83880 1
83890 6
83900 3
83910 0
83920 4
83930 1
83940 1
83950 0
83960 1
83970 1
83980 0
83990 0
84000 0
84010 0
84020 0
84030 0
84040 0
84050 0
84060 0
84070 0
84080 0
84090 0
84100 0
84110 0
84120 0
84130 0
84140 0
84150 0
84160 0
84170 0
84180 0
84190 0
84200 0
84210 0
84220 0
84230 0
84240 0
84250 0
84260 0
84270 0
84280 0
84290 0
84300 0
84310 0
84320 0
84330 0
84340 0
84350 0
84360 0
84370 0
84380 0
84390 0
84400 0
84410 0
84420 0
84430 0
84440 0
84450 0
84460 0
84470 0
84480 0
84490 0
84500 0
84510 0
84520 0
84530 0
84540 0
84550 0
84560 0
84570 0
84580 0
84590 0
84600 0
84610 0
84620 0
84630 0
84640 0
84650 2
84660 1
84670 0
84680 0
84690 0
84700 0
84710 0
84720 0
84730 0
84740 0
84750 0
84760 0
84770 0
84780 0
84790 0
84800 0
84810 0
84820 0
84830 0
84840 0
84850 0
84860 0
84870 0
84880 0
84890 0
84900 0
84910 0
84920 0
84930 0
84940 0
84950 0
84960 0
84970 0
84980 0
84990 0
85000 0
85010 0
85020 0
85030 0
85040 0
85050 0
85060 0
85070 0
85080 0
85090 0
85100 0
85110 0
85120 0
85130 0
85140 0
85150 0
85160 0
85170 0
85180 0
85190 0
85200 0
85210 0
85220 0
85230 0
85240 0
85250 0
85260 0
85270 0
85280 0
85290 0
85300 0
85310 0
85320 0
85330 0
85340 0
85350 0
85360 0
85370 0
85380 0
85390 0
85400 0
85410 0
85420 0
85430 0
85440 0
85450 0
85460 0
85470 0
85480 0
85490 0
85500 0
85510 0
85520 0
85530 0
85540 0
85550 0
85560 0
85570 0
85580 0
85590 0
85600 0
85610 0
85620 0
85630 0
85640 0
85650 0
85660 0
85670 0
85680 0
85690 0
85700 0
85710 0
85720 0
85730 0
85740 0
85750 0
85760 0
85770 0
85780 0
85790 0
85800 0
85810 0
85820 0
85830 0
85840 0
85850 0
85860 0
85870 0
85880 0
85890 0
85900 0
85910 0
85920 0
85930 0
85940 0
85950 0
85960 0
85970 0
85980 0
85990 0
86000 0
86010 0
86020 0
86030 0
86040 0
86050 0
86060 0
86070 0
86080 0
86090 0
86100 0
86110 0
86120 0
86130 0
86140 0
86150 0
86160 0
86170 0
86180 0
86190 0
86200 0
86210 0
86220 0
86230 0
86240 0
86250 0
86260 0
86270 0
86280 0
86290 0
86300 0
86310 0
86320 0
86330 0
86340 0
86350 0
86360 0
86370 0
86380 0
86390 0
86400 0
86410 0
86420 0
86430 0
86440 0
86450 0
86460 0
86470 0
86480 0
86490 0
86500 0
86510 0
86520 0
86530 0
86540 0
86550 0
86560 0
86570 0
86580 0
86590 0
86600 0
86610 0
86620 0
86630 0
86640 0
86650 0
86660 0
86670 0
86680 0
86690 0
86700 0
86710 0
86720 0
86730 0
86740 0
86750 0
86760 0
86770 0
86780 0
86790 0
86800 0
86810 0
86820 0
86830 0
86840 0
86850 0
86860 0
86870 0
86880 0
86890 0
86900 0
86910 0
86920 0
86930 0
86940 0
86950 0
86960 0
86970 0
86980 0
86990 0
87000 0
87010 0
87020 0
87030 0
87040 0
87050 0
87060 0
87070 0
87080 0
87090 0
87100 0
87110 0
87120 0
87130 0
87140 0
87150 0
87160 0
87170 0
87180 0
87190 0
87200 0
87210 0
87220 0
87230 0
87240 0
87250 0
87260 0
87270 0
87280 0
87290 0
87300 0
87310 0
87320 0
87330 0
87340 0
87350 0
87360 0
87370 0
87380 0
87390 0
87400 0
87410 0
87420 0
87430 0
87440 0
87450 0
87460 0
87470 0
87480 0
87490 0
87500 0
87510 0
87520 0
87530 0
87540 0
87550 0
87560 0
87570 0
87580 0
87590 0
87600 0
87610 0
87620 0
87630 0
87640 0
87650 0
87660 0
87670 0
87680 0
87690 0
87700 0
87710 0
87720 0
87730 0
87740 0
87750 0
87760 0
87770 0
87780 0
87790 0
87800 0
87810 0
87820 0
87830 0
87840 0
87850 0
87860 0
87870 0
87880 0
87890 0
87900 0
87910 0
87920 0
87930 0
87940 3
87950 0
87960 7
87970 4
87980 5
87990 2
88000 1
88010 0
88020 0
88030 2
88040 2
88050 3
88060 0
88070 3
88080 2
88090 3
88100 1
88110 1
88120 3
88130 3
88140 2
88150 1
88160 2
88170 3
88180 3
88190 2
88200 0
88210 2
88220 0
88230 0
88240 0
88250 2
88260 1
88270 2
88280 2
88290 2
88300 0
88310 0
88320 0
88330 0
88340 0
88350 0
88360 0
88370 0
88380 0
88390 0
88400 0
88410 0
88420 0
88430 0
88440 0
88450 0
88460 0
88470 0
88480 0
88490 0
88500 0
88510 0
88520 0
88530 0
88540 0
88550 0
88560 0
88570 0
88580 0
88590 0
88600 0
88610 0
88620 0
88630 0
88640 0
88650 0
88660 0
88670 0
88680 0
88690 0
88700 0
88710 0
88720 0
88730 0
88740 0
88750 0
88760 0
88770 0
88780 0
88790 0
88800 0
88810 0
88820 0
88830 0
88840 0
88850 0
88860 0
88870 0
88880 0
88890 0
88900 2
88910 0
88920 0
88930 0
88940 0
88950 0
88960 0
88970 0
88980 0
88990 0
89000 0
89010 0
89020 0
89030 0
89040 0
89050 0
89060 0
89070 0
89080 0
89090 0
89100 0
89110 0
89120 0
89130 0
89140 0
89150 0
89160 0
89170 0
89180 0
89190 0
89200 0
89210 0
89220 0
89230 0
89240 0
89250 0
89260 0
89270 0
89280 0
89290 0
89300 0
89310 0
89320 0
89330 0
89340 0
89350 0
89360 0
89370 0
89380 0
89390 0
89400 0
89410 0
89420 0
89430 0
89440 0
89450 0
89460 0
89470 0
89480 0
89490 0
89500 0
89510 0
89520 0
89530 0
89540 0
89550 0
89560 0
89570 0
89580 0
89590 0
89600 0
89610 0
89620 0
89630 0
89640 0
89650 0
89660 0
89670 0
89680 0
89690 0
89700 0
89710 0
89720 0
89730 0
89740 0
89750 0
89760 0
89770 0
89780 0
89790 0
89800 0
89810 0
89820 0
89830 0
89840 0
89850 0
89860 0
89870 0
89880 0
89890 0
89900 0
89910 0
89920 0
89930 0
89940 0
89950 0
89960 0
89970 0
89980 0
89990 0
90000 0
90010 0
90020 0
90030 0
90040 0
90050 0
90060 0
90070 0
90080 0
90090 0
90100 0
90110 0
90120 0
90130 0
90140 0
90150 0
90160 0
90170 0
90180 0
90190 0
90200 0
90210 0
90220 0
90230 0
90240 0
90250 0
90260 0
90270 0
90280 0
90290 0
90300 0
90310 0
90320 0
90330 0
90340 0
90350 0
90360 0
90370 0
90380 0
90390 0
90400 0
90410 0
90420 0
90430 0
90440 0
90450 0
90460 0
90470 0
90480 0
90490 0
90500 0
90510 0
90520 0
90530 0
90540 0
90550 0
90560 0
90570 0
90580 0
90590 0
90600 0
90610 0
90620 0
90630 0
90640 0
90650 0
90660 0
90670 0
90680 0
90690 0
90700 0
90710 0
90720 0
90730 0
90740 0
90750 0
90760 0
90770 0
90780 0
90790 0
90800 0
90810 0
90820 0
90830 0
90840 0
90850 0
90860 0
90870 0
90880 0
90890 0
90900 0
90910 0
90920 0
90930 0
90940 0
90950 0
90960 0
90970 0
90980 0
90990 0
91000 0
91010 0
91020 0
91030 0
91040 0
91050 0
91060 0
91070 0
91080 0
91090 0
91100 0
91110 0
91120 0
91130 0
91140 0
91150 0
91160 0
91170 0
91180 0
91190 0
91200 0
91210 0
91220 0
91230 0
91240 0
91250 0
91260 0
91270 0
91280 0
91290 0
91300 0
91310 0
91320 0
91330 0
91340 0
91350 0
91360 0
91370 0
91380 0
91390 0
91400 0
91410 0
91420 0
91430 0
91440 0
91450 0
91460 0
91470 0
91480 0
91490 0
91500 0
91510 0
91520 0
91530 0
91540 0
91550 0
91560 0
91570 0
91580 0
91590 0
91600 0
91610 0
91620 0
91630 0
91640 0
91650 0
91660 0
91670 0
91680 0
91690 0
91700 0
91710 0
91720 0
91730 0
91740 0
91750 0
91760 0
91770 0
91780 0
91790 0
91800 0
91810 0
91820 0
91830 0
91840 0
91850 0
91860 0
91870 0
91880 0
91890 0
91900 0
91910 0
91920 0
91930 0
91940 0
91950 0
91960 0
91970 0
91980 0
91990 0
92000 0
92010 0
92020 0
92030 0
92040 0
92050 0
92060 0
92070 0
92080 0
92090 0
92100 0
92110 0
92120 0
92130 0
92140 0
92150 0
92160 0
92170 0
92180 0
92190 0
92200 0
92210 0
92220 0
92230 0
92240 0
92250 0
92260 0
92270 0
92280 0
92290 0
92300 0
92310 0
92320 0
92330 0
92340 0
92350 0
92360 0
92370 0
92380 0
92390 0
92400 0
92410 0
92420 0
92430 0
92440 0
92450 0
92460 0
92470 0
92480 0
92490 0
92500 0
92510 0
92520 0
92530 0
92540 0
92550 0
92560 0
92570 0
92580 0
92590 0
92600 0
92610 0
92620 0
92630 0
92640 0
92650 0
92660 0
92670 0
92680 0
92690 0
92700 0
92710 0
92720 0
92730 0
92740 0
92750 0
92760 0
92770 0
92780 0
92790 0
92800 0
92810 0
92820 0
92830 0
92840 0
92850 0
92860 0
92870 0
92880 0
92890 0
92900 0
92910 0
92920 0
92930 0
92940 0
92950 0
92960 0
92970 0
92980 0
92990 0
93000 0
93010 0
93020 0
93030 0
93040 0
93050 0
93060 0
93070 0
93080 0
93090 0
93100 0
93110 0
93120 0
93130 0
93140 0
93150 0
93160 0
93170 0
93180 0
93190 0
93200 0
93210 0
93220 0
93230 0
93240 0
93250 0
93260 0
93270 0
93280 0
93290 0
93300 0
93310 0
93320 0
93330 0
93340 0
93350 0
93360 0
93370 0
93380 0
93390 0
93400 0
93410 0
93420 0
93430 0
93440 0
93450 0
93460 0
93470 0
93480 0
93490 0
93500 0
93510 0
93520 0
93530 0
93540 0
93550 0
93560 0
93570 0
93580 0
93590 0
93600 0
93610 0
93620 0
93630 0
93640 0
93650 0
93660 0
93670 0
93680 0
93690 0
93700 0
93710 0
93720 0
93730 0
93740 0
93750 0
93760 0
93770 0
93780 0
93790 0
93800 0
93810 0
93820 0
93830 0
93840 0
93850 0
93860 0
93870 0
93880 0
93890 0
93900 0
93910 0
93920 0
93930 0
93940 0
93950 0
93960 0
93970 0
93980 0
93990 0
94000 0
94010 0
94020 0
94030 0
94040 0
94050 0
94060 0
94070 0
94080 0
94090 0
94100 0
94110 0
94120 0
94130 0
94140 0
94150 0
94160 0
94170 0
94180 0
94190 0
94200 0
94210 0
94220 0
94230 0
94240 0
94250 0
94260 0
94270 0
94280 0
94290 0
94300 0
94310 0
94320 0
94330 0
94340 0
94350 0
94360 0
94370 0
94380 0
94390 0
94400 0
94410 0
94420 0
94430 0
94440 0
94450 0
94460 0
94470 0
94480 0
94490 0
94500 0
94510 0
94520 0
94530 0
94540 0
94550 0
94560 0
94570 0
94580 0
94590 0
94600 0
94610 0
94620 0
94630 0
94640 0
94650 0
94660 0
94670 0
94680 0
94690 0
94700 0
94710 0
94720 0
94730 0
94740 0
94750 0
94760 0
94770 0
94780 0
94790 0
94800 0
94810 0
94820 0
94830 0
94840 0
94850 0
94860 0
94870 0
94880 0
94890 0
94900 0
94910 0
94920 0
94930 0
94940 0
94950 0
94960 0
94970 0
94980 0
94990 0
95000 0
95010 0
95020 0
95030 0
95040 0
95050 0
95060 0
95070 0
95080 0
95090 0
95100 0
95110 0
95120 0
95130 0
95140 0
95150 0
95160 0
95170 0
95180 0
95190 0
95200 0
95210 0
95220 0
95230 0
95240 0
95250 0
95260 0
95270 0
95280 0
95290 0
95300 0
95310 0
95320 0
95330 0
95340 0
95350 0
95360 0
95370 0
95380 0
95390 0
95400 0
95410 0
95420 0
95430 0
95440 0
95450 0
95460 0
95470 0
95480 0
95490 0
95500 0
95510 0
95520 0
95530 0
95540 0
95550 0
95560 0
95570 0
95580 0
95590 0
95600 0
95610 0
95620 0
95630 0
95640 0
95650 0
95660 0
95670 0
95680 0
95690 0
95700 0
95710 0
95720 0
95730 0
95740 0
95750 0
95760 0
95770 0
95780 0
95790 0
95800 0
95810 0
95820 0
95830 0
95840 0
95850 0
95860 0
95870 0
95880 0
95890 0
95900 0
95910 0
95920 0
95930 0
95940 0
95950 0
95960 0
95970 0
95980 0
95990 0
96000 0
96010 0
96020 0
96030 0
96040 0
96050 0
96060 0
96070 0
96080 0
96090 0
96100 0
96110 0
96120 0
96130 0
96140 0
96150 0
96160 0
96170 0
96180 0
96190 0
96200 0
96210 0
96220 0
96230 0
96240 0
96250 0
96260 0
96270 0
96280 0
96290 0
96300 0
96310 0
96320 0
96330 0
96340 0
96350 0
96360 0
96370 0
96380 0
96390 0
96400 0
96410 0
96420 0
96430 0
96440 0
96450 0
96460 0
96470 0
96480 0
96490 0
96500 0
96510 0
96520 0
96530 0
96540 0
96550 0
96560 0
96570 0
96580 0
96590 0
96600 0
96610 0
96620 0
96630 0
96640 0
96650 0
96660 0
96670 0
96680 0
96690 0
96700 0
96710 0
96720 0
96730 0
96740 0
96750 0
96760 0
96770 0
96780 0
96790 0
96800 0
96810 0
96820 0
96830 0
96840 0
96850 0
96860 0
96870 0
96880 0
96890 0
96900 0
96910 0
96920 0
96930 0
96940 0
96950 0
96960 0
96970 0
96980 0
96990 0
97000 0
97010 0
97020 0
97030 0
97040 0
97050 0
97060 0
97070 0
97080 0
97090 0
97100 0
97110 0
97120 0
97130 0
97140 0
97150 0
97160 0
97170 0
97180 0
97190 0
97200 0
97210 0
97220 0
97230 0
97240 0
97250 0
97260 0
97270 0
97280 0
97290 0
97300 0
97310 0
97320 0
97330 0
97340 0
97350 0
97360 0
97370 0
97380 0
97390 0
97400 0
97410 0
97420 0
97430 0
97440 0
97450 0
97460 0
97470 0
97480 0
97490 0
97500 0
97510 0
97520 0
97530 0
97540 0
97550 0
97560 0
97570 0
97580 0
97590 0
97600 0
97610 0
97620 0
97630 0
97640 0
97650 0
97660 0
97670 0
97680 0
97690 0
97700 0
97710 0
97720 0
97730 0
97740 0
97750 0
97760 0
97770 0
97780 0
97790 0
97800 0
97810 0
97820 0
97830 0
97840 0
97850 0
97860 0
97870 0
97880 0
97890 0
97900 0
97910 0
97920 0
97930 0
97940 0
97950 0
97960 0
97970 0
97980 0
97990 0
98000 0
98010 0
98020 0
98030 0
98040 0
98050 0
98060 0
98070 0
98080 0
98090 0
98100 0
98110 0
98120 0
98130 0
98140 0
98150 0
98160 0
98170 0
98180 0
98190 0
98200 0
98210 0
98220 0
98230 0
98240 0
98250 0
98260 0
98270 0
98280 0
98290 0
98300 0
98310 0
98320 0
98330 0
98340 0
98350 0
98360 0
98370 0
98380 0
98390 0
98400 0
98410 0
98420 0
98430 0
98440 0
98450 0
98460 0
98470 0
98480 0
98490 0
98500 0
98510 0
98520 0
98530 0
98540 0
98550 0
98560 0
98570 0
98580 0
98590 0
98600 0
98610 0
98620 0
98630 0
98640 0
98650 0
98660 0
98670 0
98680 0
98690 0
98700 0
98710 0
98720 0
98730 0
98740 0
98750 0
98760 0
98770 0
98780 0
98790 0
98800 0
98810 0
98820 0
98830 0
98840 0
98850 0
98860 0
98870 0
98880 0
98890 0
98900 0
98910 0
98920 0
98930 0
98940 0
98950 0
98960 0
98970 0
98980 0
98990 0
99000 0
99010 0
99020 0
99030 0
99040 0
99050 0
99060 0
99070 0
99080 0
99090 0
99100 0
99110 0
99120 0
99130 0
99140 0
99150 0
99160 0
99170 0
99180 0
99190 0
99200 0
99210 0
99220 0
99230 0
99240 0
99250 0
99260 0
99270 0
99280 0
99290 0
99300 0
99310 0
99320 0
99330 0
99340 0
99350 0
99360 0
99370 0
99380 0
99390 0
99400 0
99410 0
99420 0
99430 0
99440 0
99450 0
99460 0
99470 0
99480 0
99490 0
99500 0
99510 0
99520 0
99530 0
99540 0
99550 0
99560 0
99570 0
99580 0
99590 0
99600 0
99610 0
99620 0
99630 0
99640 0
99650 0
99660 0
99670 0
99680 0
99690 0
99700 0
99710 0
99720 0
99730 0
99740 0
99750 0
99760 0
99770 0
99780 0
99790 0
99800 0
99810 0
99820 0
99830 0
99840 0
99850 0
99860 0
99870 0
99880 0
99890 0
99900 0
99910 0
99920 0
99930 0
99940 0
99950 0
99960 0
99970 0
99980 0
99990 0
