# Frame Contacts
30000 0
30010 0
30020 0
30030 0
30040 0
30050 0
30060 0
30070 0
30080 0
30090 0
30100 0
30110 0
30120 0
30130 0
30140 0
30150 0
30160 0
30170 0
30180 0
30190 0
30200 0
30210 0
30220 0
30230 0
30240 0
30250 0
30260 0
30270 0
30280 0
30290 0
30300 0
30310 0
30320 0
30330 0
30340 0
30350 0
30360 0
30370 0
30380 0
30390 0
30400 0
30410 0
30420 0
30430 0
30440 0
30450 0
30460 0
30470 0
30480 0
30490 0
30500 0
30510 0
30520 0
30530 0
30540 0
30550 0
30560 0
30570 0
30580 0
30590 0
30600 0
30610 0
30620 0
30630 0
30640 0
30650 0
30660 0
30670 0
30680 0
30690 0
30700 0
30710 0
30720 0
30730 0
30740 0
30750 0
30760 0
30770 0
30780 0
30790 0
30800 0
30810 0
30820 0
30830 0
30840 0
30850 0
30860 0
30870 0
30880 0
30890 0
30900 0
30910 0
30920 0
30930 0
30940 0
30950 0
30960 0
30970 0
30980 0
30990 0
31000 0
31010 0
31020 0
31030 0
31040 0
31050 0
31060 0
31070 0
31080 0
31090 0
31100 0
31110 0
31120 0
31130 0
31140 0
31150 0
31160 0
31170 0
31180 0
31190 0
31200 0
31210 0
31220 0
31230 0
31240 0
31250 0
31260 0
31270 0
31280 0
31290 0
31300 0
31310 0
31320 0
31330 0
31340 0
31350 0
31360 0
31370 0
31380 0
31390 0
31400 0
31410 0
31420 0
31430 0
31440 0
31450 0
31460 0
31470 0
31480 0
31490 0
31500 0
31510 0
31520 0
31530 0
31540 0
31550 0
31560 0
31570 0
31580 0
31590 0
31600 0
31610 0
31620 0
31630 0
31640 0
31650 0
31660 0
31670 0
31680 0
31690 0
31700 0
31710 0
31720 0
31730 0
31740 0
31750 0
31760 0
31770 0
31780 0
31790 0
31800 0
31810 0
31820 0
31830 0
31840 0
31850 0
31860 0
31870 0
31880 0
31890 0
31900 0
31910 0
31920 0
31930 0
31940 0
31950 0
31960 0
31970 0
31980 0
31990 0
32000 0
32010 0
32020 0
32030 0
32040 0
32050 0
32060 0
32070 0
32080 0
32090 0
32100 0
32110 0
32120 0
32130 0
32140 0
32150 0
32160 10
32170 11
32180 11
32190 12
32200 5
32210 9
32220 29
32230 37
32240 16
32250 36
32260 17
32270 14
32280 36
32290 15
32300 31
32310 6
32320 17
32330 5
32340 0
32350 0
32360 1
32370 4
32380 0
32390 0
32400 0
32410 0
32420 0
32430 0
32440 0
32450 3
32460 8
32470 6
32480 9
32490 10
32500 0
32510 0
32520 0
32530 0
32540 0
32550 0
32560 0
32570 0
32580 0
32590 0
32600 0
32610 0
32620 0
32630 0
32640 0
32650 0
32660 0
32670 0
32680 0
32690 0
32700 0
32710 0
32720 0
32730 0
32740 0
32750 0
32760 0
32770 0
32780 0
32790 0
32800 0
32810 0
32820 0
32830 0
32840 0
32850 0
32860 0
32870 0
32880 0
32890 0
32900 0
32910 0
32920 0
32930 0
32940 0
32950 0
32960 0
32970 0
32980 0
32990 0
33000 0
33010 0
33020 0
33030 0
33040 1
33050 9
33060 9
33070 9
33080 9
33090 9
33100 9
33110 9
33120 9
33130 9
33140 9
33150 9
33160 9
33170 9
33180 9
33190 10
33200 9
33210 9
33220 9
33230 5
33240 9
33250 9
33260 9
33270 9
33280 5
33290 5
33300 9
33310 5
33320 13
33330 0
33340 0
33350 0
33360 0
33370 0
33380 10
33390 6
33400 0
33410 0
33420 0
33430 0
33440 0
33450 0
33460 0
33470 0
33480 0
33490 0
33500 0
33510 0
33520 0
33530 0
33540 0
33550 0
33560 0
33570 0
33580 0
33590 0
33600 0
33610 0
33620 0
33630 0
33640 0
33650 0
33660 0
33670 0
33680 0
33690 0
33700 0
33710 1
33720 0
33730 0
33740 0
33750 0
33760 0
33770 0
33780 0
33790 0
33800 0
33810 0
33820 0
33830 0
33840 0
33850 0
33860 0
33870 0
33880 0
33890 0
33900 0
33910 0
33920 0
33930 0
33940 0
33950 0
33960 0
33970 0
33980 0
33990 0
34000 0
34010 0
34020 0
34030 0
34040 0
34050 0
34060 1
34070 4
34080 1
34090 0
34100 0
34110 10
34120 10
34130 9
34140 9
34150 9
34160 9
34170 9
34180 9
34190 9
34200 9
34210 9
34220 9
34230 10
34240 9
34250 9
34260 9
34270 9
34280 9
34290 8
34300 7
34310 6
34320 0
34330 0
34340 1
34350 0
34360 1
34370 0
34380 0
34390 0
34400 1
34410 6
34420 13
34430 7
34440 10
34450 9
34460 15
34470 13
34480 11
34490 12
34500 10
34510 0
34520 0
34530 0
34540 0
34550 0
34560 0
34570 0
34580 0
34590 7
34600 0
34610 7
34620 0
34630 0
34640 0
34650 0
34660 0
34670 0
34680 0
34690 0
34700 0
34710 0
34720 0
34730 0
34740 0
34750 0
34760 0
34770 0
34780 0
34790 0
34800 0
34810 0
34820 0
34830 0
34840 0
34850 0
34860 0
34870 0
34880 0
34890 0
34900 0
34910 0
34920 0
34930 0
34940 0
34950 0
34960 0
34970 0
34980 0
34990 0
35000 0
35010 0
35020 0
35030 0
35040 0
35050 0
35060 0
35070 0
35080 0
35090 0
35100 0
35110 0
35120 0
35130 0
35140 0
35150 0
35160 0
35170 0
35180 0
35190 0
35200 0
35210 0
35220 0
35230 0
35240 0
35250 0
35260 0
35270 0
35280 0
35290 0
35300 0
35310 0
35320 0
35330 0
35340 0
35350 0
35360 0
35370 0
35380 0
35390 0
35400 0
35410 0
35420 0
35430 0
35440 0
35450 0
35460 0
35470 0
35480 0
35490 0
35500 0
35510 0
35520 0
35530 0
35540 0
35550 0
35560 0
35570 0
35580 0
35590 0
35600 0
35610 0
35620 0
35630 0
35640 0
35650 0
35660 0
35670 0
35680 0
35690 0
35700 0
35710 0
35720 0
35730 0
35740 0
35750 0
35760 0
35770 0
35780 0
35790 0
35800 0
35810 0
35820 0
35830 0
35840 0
35850 0
35860 0
35870 0
35880 0
35890 0
35900 0
35910 0
35920 0
35930 0
35940 0
35950 0
35960 0
35970 0
35980 0
35990 0
36000 0
36010 0
36020 0
36030 0
36040 0
36050 0
36060 0
36070 0
36080 0
36090 0
36100 0
36110 0
36120 0
36130 0
36140 0
36150 0
36160 0
36170 0
36180 0
36190 0
36200 0
36210 0
36220 0
36230 0
36240 0
36250 0
36260 0
36270 0
36280 0
36290 0
36300 0
36310 0
36320 0
36330 0
36340 0
36350 0
36360 0
36370 0
36380 0
36390 0
36400 0
36410 0
36420 0
36430 0
36440 0
36450 0
36460 0
36470 0
36480 0
36490 0
36500 0
36510 0
36520 0
36530 0
36540 0
36550 0
36560 0
36570 0
36580 0
36590 0
36600 0
36610 0
36620 0
36630 0
36640 0
36650 0
36660 0
36670 0
36680 0
36690 0
36700 0
36710 0
36720 0
36730 0
36740 0
36750 0
36760 0
36770 0
36780 0
36790 0
36800 0
36810 0
36820 0
36830 0
36840 0
36850 0
36860 0
36870 0
36880 0
36890 0
36900 0
36910 0
36920 0
36930 0
36940 0
36950 0
36960 0
36970 0
36980 0
36990 0
37000 0
37010 0
37020 0
37030 0
37040 0
37050 0
37060 0
37070 0
37080 0
37090 0
37100 0
37110 0
37120 0
37130 0
37140 0
37150 0
37160 0
37170 0
37180 0
37190 0
37200 0
37210 0
37220 0
37230 0
37240 0
37250 0
37260 0
37270 0
37280 0
37290 0
37300 0
37310 0
37320 0
37330 0
37340 0
37350 0
37360 0
37370 0
37380 0
37390 0
37400 0
37410 0
37420 0
37430 0
37440 0
37450 0
37460 0
37470 0
37480 0
37490 0
37500 0
37510 0
37520 0
37530 0
37540 0
37550 0
37560 0
37570 0
37580 0
37590 0
37600 0
37610 0
37620 0
37630 0
37640 0
37650 0
37660 0
37670 0
37680 0
37690 0
37700 0
37710 0
37720 0
37730 0
37740 0
37750 0
37760 0
37770 0
37780 0
37790 0
37800 0
37810 0
37820 0
37830 0
37840 0
37850 0
37860 0
37870 0
37880 0
37890 0
37900 0
37910 0
37920 0
37930 0
37940 0
37950 0
37960 0
37970 0
37980 0
37990 0
38000 0
38010 0
38020 0
38030 0
38040 0
38050 0
38060 0
38070 0
38080 0
38090 0
38100 0
38110 0
38120 0
38130 0
38140 0
38150 0
38160 0
38170 0
38180 0
38190 0
38200 0
38210 0
38220 0
38230 0
38240 0
38250 0
38260 0
38270 0
38280 0
38290 0
38300 0
38310 0
38320 0
38330 0
38340 0
38350 0
38360 0
38370 0
38380 0
38390 0
38400 0
38410 0
38420 0
38430 0
38440 0
38450 0
38460 0
38470 0
38480 0
38490 0
38500 0
38510 0
38520 0
38530 0
38540 0
38550 0
38560 0
38570 0
38580 0
38590 0
38600 0
38610 0
38620 0
38630 0
38640 0
38650 0
38660 0
38670 0
38680 0
38690 0
38700 0
38710 0
38720 0
38730 0
38740 0
38750 0
38760 0
38770 0
38780 0
38790 0
38800 0
38810 0
38820 0
38830 0
38840 0
38850 0
38860 0
38870 0
38880 0
38890 0
38900 0
38910 0
38920 0
38930 0
38940 0
38950 0
38960 0
38970 0
38980 0
38990 0
39000 0
39010 0
39020 0
39030 0
39040 0
39050 0
39060 0
39070 0
39080 0
39090 0
39100 0
39110 0
39120 0
39130 0
39140 0
39150 0
39160 0
39170 0
39180 0
39190 0
39200 0
39210 0
39220 0
39230 0
39240 0
39250 0
39260 0
39270 0
39280 0
39290 0
39300 0
39310 0
39320 0
39330 0
39340 0
39350 0
39360 0
39370 0
39380 0
39390 0
39400 0
39410 0
39420 0
39430 0
39440 0
39450 0
39460 0
39470 0
39480 0
39490 0
39500 0
39510 0
39520 0
39530 0
39540 0
39550 0
39560 0
39570 0
39580 0
39590 0
39600 0
39610 0
39620 0
39630 0
39640 0
39650 0
39660 0
39670 0
39680 0
39690 0
39700 0
39710 0
39720 0
39730 0
39740 0
39750 0
39760 0
39770 0
39780 0
39790 0
39800 0
39810 0
39820 0
39830 0
39840 0
39850 0
39860 0
39870 0
39880 0
39890 0
39900 0
39910 0
39920 0
39930 0
39940 0
39950 0
39960 0
39970 0
39980 0
39990 0
40000 0
40010 0
40020 0
40030 0
40040 0
40050 0
40060 0
40070 0
40080 0
40090 0
40100 0
40110 0
40120 0
40130 0
40140 0
40150 0
40160 0
40170 0
40180 0
40190 0
40200 0
40210 0
40220 0
40230 0
40240 0
40250 0
40260 0
40270 0
40280 0
40290 0
40300 0
40310 0
40320 0
40330 0
40340 0
40350 0
40360 0
40370 0
40380 0
40390 0
40400 0
40410 0
40420 0
40430 0
40440 0
40450 0
40460 0
40470 0
40480 0
40490 0
40500 0
40510 0
40520 0
40530 0
40540 0
40550 0
40560 0
40570 0
40580 0
40590 0
40600 0
40610 0
40620 0
40630 0
40640 0
40650 0
40660 0
40670 0
40680 0
40690 0
40700 0
40710 0
40720 0
40730 0
40740 0
40750 0
40760 0
40770 0
40780 0
40790 0
40800 0
40810 0
40820 0
40830 0
40840 0
40850 0
40860 0
40870 0
40880 0
40890 0
40900 0
40910 0
40920 0
40930 0
40940 0
40950 0
40960 0
40970 0
40980 0
40990 0
41000 0
41010 0
41020 0
41030 0
41040 0
41050 0
41060 0
41070 0
41080 0
41090 0
41100 0
41110 0
41120 0
41130 0
41140 0
41150 0
41160 0
41170 0
41180 0
41190 0
41200 0
41210 0
41220 0
41230 0
41240 0
41250 0
41260 0
41270 0
41280 0
41290 0
41300 0
41310 0
41320 0
41330 0
41340 0
41350 0
41360 0
41370 0
41380 0
41390 0
41400 0
41410 0
41420 0
41430 0
41440 0
41450 0
41460 0
41470 0
41480 0
41490 0
41500 0
41510 0
41520 0
41530 0
41540 0
41550 0
41560 0
41570 0
41580 0
41590 0
41600 0
41610 0
41620 0
41630 0
41640 0
41650 0
41660 0
41670 0
41680 0
41690 0
41700 0
41710 0
41720 0
41730 0
41740 0
41750 0
41760 0
41770 0
41780 0
41790 0
41800 0
41810 0
41820 0
41830 0
41840 0
41850 0
41860 0
41870 0
41880 0
41890 0
41900 0
41910 0
41920 0
41930 0
41940 0
41950 0
41960 0
41970 0
41980 0
41990 0
42000 0
42010 0
42020 0
42030 0
42040 0
42050 0
42060 0
42070 0
42080 0
42090 0
42100 0
42110 0
42120 0
42130 0
42140 0
42150 0
42160 0
42170 0
42180 0
42190 0
42200 0
42210 0
42220 0
42230 0
42240 0
42250 0
42260 0
42270 0
42280 0
42290 0
42300 0
42310 0
42320 0
42330 0
42340 0
42350 0
42360 0
42370 0
42380 0
42390 0
42400 0
42410 0
42420 0
42430 0
42440 0
42450 0
42460 0
42470 0
42480 0
42490 0
42500 0
42510 0
42520 0
42530 0
42540 0
42550 0
42560 0
42570 0
42580 0
42590 0
42600 0
42610 0
42620 0
42630 0
42640 0
42650 0
42660 0
42670 0
42680 0
42690 0
42700 0
42710 0
42720 0
42730 0
42740 0
42750 0
42760 0
42770 0
42780 0
42790 0
42800 0
42810 0
42820 0
42830 0
42840 0
42850 0
42860 0
42870 0
42880 0
42890 0
42900 0
42910 0
42920 0
42930 0
42940 0
42950 0
42960 0
42970 0
42980 0
42990 0
43000 0
43010 0
43020 0
43030 0
43040 0
43050 0
43060 0
43070 0
43080 0
43090 0
43100 0
43110 0
43120 0
43130 0
43140 0
43150 0
43160 0
43170 0
43180 0
43190 0
43200 0
43210 0
43220 11
43230 0
43240 0
43250 0
43260 0
43270 0
43280 0
43290 0
43300 0
43310 0
43320 0
43330 0
43340 0
43350 0
43360 9
43370 9
43380 9
43390 8
43400 8
43410 5
43420 5
43430 12
43440 12
43450 11
43460 11
43470 13
43480 11
43490 14
43500 17
43510 11
43520 11
43530 11
43540 11
43550 12
43560 12
43570 11
43580 15
43590 9
43600 12
43610 12
43620 7
43630 10
43640 11
43650 10
43660 0
43670 0
43680 0
43690 0
43700 0
43710 0
43720 0
43730 0
43740 0
43750 0
43760 0
43770 0
43780 0
43790 0
43800 0
43810 0
43820 0
43830 0
43840 0
43850 0
43860 0
43870 0
43880 0
43890 0
43900 0
43910 0
43920 0
43930 0
43940 0
43950 0
43960 0
43970 0
43980 0
43990 0
44000 0
44010 0
44020 0
44030 0
44040 0
44050 0
44060 0
44070 1
44080 0
44090 0
44100 0
44110 0
44120 0
44130 0
44140 0
44150 0
44160 0
44170 0
44180 0
44190 0
44200 0
44210 0
44220 0
44230 0
44240 0
44250 0
44260 0
44270 0
44280 0
44290 0
44300 0
44310 0
44320 0
44330 0
44340 0
44350 0
44360 0
44370 0
44380 0
44390 0
44400 3
44410 1
44420 2
44430 0
44440 0
44450 0
44460 0
44470 0
44480 0
44490 0
44500 0
44510 0
44520 0
44530 0
44540 0
44550 0
44560 0
44570 0
44580 0
44590 0
44600 0
44610 0
44620 0
44630 0
44640 0
44650 0
44660 0
44670 0
44680 0
44690 0
44700 0
44710 0
44720 5
44730 0
44740 0
44750 0
44760 0
44770 0
44780 0
44790 0
44800 0
44810 0
44820 0
44830 0
44840 0
44850 0
44860 0
44870 0
44880 0
44890 0
44900 0
44910 0
44920 0
44930 0
44940 0
44950 0
44960 0
44970 0
44980 0
44990 1
45000 1
45010 1
45020 0
45030 3
45040 1
45050 0
45060 0
45070 0
45080 0
45090 0
45100 0
45110 0
45120 0
45130 0
45140 0
45150 0
45160 0
45170 0
45180 0
45190 0
45200 0
45210 0
45220 0
45230 0
45240 0
45250 0
45260 0
45270 0
45280 0
45290 0
45300 0
45310 0
45320 0
45330 0
45340 0
45350 0
45360 0
45370 0
45380 0
45390 0
45400 0
45410 0
45420 0
45430 0
45440 0
45450 0
45460 0
45470 0
45480 0
45490 0
45500 0
45510 0
45520 0
45530 0
45540 0
45550 0
45560 0
45570 0
45580 0
45590 0
45600 0
45610 0
45620 0
45630 0
45640 0
45650 0
45660 0
45670 0
45680 0
45690 0
45700 0
45710 0
45720 0
45730 0
45740 0
45750 0
45760 0
45770 0
45780 0
45790 0
45800 0
45810 0
45820 0
45830 0
45840 0
45850 0
45860 0
45870 0
45880 0
45890 0
45900 0
45910 0
45920 0
45930 0
45940 0
45950 0
45960 0
45970 0
45980 0
45990 0
46000 0
46010 0
46020 0
46030 0
46040 0
46050 0
46060 0
46070 0
46080 0
46090 0
46100 0
46110 0
46120 0
46130 0
46140 0
46150 0
46160 0
46170 0
46180 0
46190 0
46200 0
46210 0
46220 0
46230 0
46240 0
46250 0
46260 0
46270 0
46280 0
46290 0
46300 0
46310 0
46320 0
46330 0
46340 0
46350 0
46360 0
46370 0
46380 0
46390 0
46400 0
46410 0
46420 0
46430 0
46440 0
46450 0
46460 0
46470 0
46480 0
46490 0
46500 0
46510 0
46520 0
46530 0
46540 0
46550 0
46560 0
46570 0
46580 0
46590 0
46600 0
46610 0
46620 0
46630 0
46640 0
46650 0
46660 0
46670 0
46680 0
46690 0
46700 0
46710 0
46720 0
46730 0
46740 0
46750 0
46760 0
46770 0
46780 0
46790 0
46800 0
46810 0
46820 0
46830 0
46840 0
46850 0
46860 0
46870 0
46880 0
46890 0
46900 0
46910 0
46920 0
46930 0
46940 0
46950 0
46960 0
46970 0
46980 0
46990 0
47000 0
47010 0
47020 0
47030 0
47040 0
47050 0
47060 0
47070 0
47080 0
47090 0
47100 0
47110 0
47120 0
47130 0
47140 0
47150 0
47160 0
47170 0
47180 0
47190 0
47200 0
47210 0
47220 0
47230 0
47240 0
47250 0
47260 0
47270 0
47280 0
47290 1
47300 0
47310 0
47320 0
47330 0
47340 0
47350 0
47360 0
47370 0
47380 0
47390 0
47400 0
47410 0
47420 0
47430 0
47440 0
47450 0
47460 0
47470 0
47480 0
47490 0
47500 0
47510 0
47520 0
47530 0
47540 0
47550 0
47560 0
47570 0
47580 0
47590 0
47600 0
47610 0
47620 0
47630 7
47640 9
47650 6
47660 6
47670 10
47680 11
47690 4
47700 2
47710 1
47720 4
47730 5
47740 4
47750 1
47760 3
47770 3
47780 1
47790 3
47800 0
47810 3
47820 3
47830 0
47840 1
47850 2
47860 0
47870 2
47880 3
47890 3
47900 0
47910 2
47920 3
47930 2
47940 0
47950 0
47960 0
47970 0
47980 0
47990 0
48000 0
48010 0
48020 0
48030 0
48040 0
48050 0
48060 0
48070 0
48080 0
48090 0
48100 0
48110 0
48120 0
48130 0
48140 0
48150 0
48160 0
48170 0
48180 1
48190 1
48200 2
48210 3
48220 0
48230 0
48240 0
48250 0
48260 0
48270 0
48280 0
48290 0
48300 0
48310 0
48320 0
48330 0
48340 2
48350 5
48360 4
48370 0
48380 1
48390 5
48400 7
48410 7
48420 2
48430 7
48440 7
48450 1
48460 0
48470 1
48480 5
48490 7
48500 7
48510 6
48520 9
48530 7
48540 1
48550 6
48560 16
48570 7
48580 10
48590 7
48600 16
48610 8
48620 8
48630 10
48640 16
48650 15
48660 14
48670 14
48680 12
48690 16
48700 19
48710 14
48720 21
48730 17
48740 16
48750 14
48760 8
48770 9
48780 1
48790 0
48800 7
48810 12
48820 16
48830 14
48840 10
48850 9
48860 8
48870 12
48880 19
48890 15
48900 11
48910 11
48920 7
48930 15
48940 14
48950 14
48960 16
48970 15
48980 6
48990 11
49000 2
49010 0
49020 0
49030 0
49040 6
49050 3
49060 0
49070 0
49080 0
49090 0
49100 0
49110 3
49120 0
49130 0
49140 1
49150 0
49160 6
49170 7
49180 13
49190 6
49200 1
49210 0
49220 0
49230 0
49240 0
49250 0
49260 0
49270 0
49280 0
49290 0
49300 0
49310 0
49320 0
49330 0
49340 0
49350 0
49360 0
49370 0
49380 0
49390 0
49400 0
49410 0
49420 0
49430 0
49440 0
49450 0
49460 0
49470 0
49480 0
49490 0
49500 0
49510 0
49520 0
49530 0
49540 0
49550 0
49560 0
49570 0
49580 0
49590 0
49600 0
49610 0
49620 0
49630 0
49640 0
49650 0
49660 0
49670 0
49680 0
49690 0
49700 0
49710 0
49720 0
49730 0
49740 0
49750 0
49760 0
49770 0
49780 0
49790 0
49800 0
49810 0
49820 0
49830 0
49840 0
49850 0
49860 1
49870 2
49880 2
49890 0
49900 2
49910 5
49920 1
49930 1
49940 2
49950 2
49960 0
49970 3
49980 0
49990 2
50000 1
50010 4
50020 2
50030 2
50040 0
50050 0
50060 0
50070 3
50080 6
50090 2
50100 3
50110 5
50120 2
50130 0
50140 0
50150 0
50160 0
50170 0
50180 0
50190 0
50200 0
50210 0
50220 0
50230 0
50240 0
50250 0
50260 0
50270 0
50280 0
50290 0
50300 0
50310 0
50320 0
50330 0
50340 0
50350 0
50360 0
50370 0
50380 0
50390 0
50400 0
50410 0
50420 0
50430 0
50440 0
50450 0
50460 0
50470 0
50480 0
50490 0
50500 0
50510 0
50520 0
50530 0
50540 0
50550 0
50560 0
50570 0
50580 0
50590 0
50600 0
50610 0
50620 0
50630 0
50640 0
50650 0
50660 0
50670 0
50680 0
50690 0
50700 0
50710 0
50720 0
50730 0
50740 0
50750 0
50760 0
50770 0
50780 0
50790 0
50800 0
50810 0
50820 0
50830 0
50840 0
50850 0
50860 0
50870 0
50880 1
50890 0
50900 5
50910 1
50920 2
50930 4
50940 5
50950 5
50960 2
50970 7
50980 1
50990 5
51000 0
51010 2
51020 0
51030 1
51040 2
51050 3
51060 3
51070 3
51080 3
51090 1
51100 5
51110 2
51120 0
51130 3
51140 2
51150 2
51160 2
51170 4
51180 3
51190 1
51200 0
51210 1
51220 2
51230 2
51240 2
51250 2
51260 1
51270 0
51280 1
51290 2
51300 5
51310 3
51320 0
51330 5
51340 1
51350 6
51360 3
51370 4
51380 4
51390 4
51400 3
51410 3
51420 6
51430 3
51440 8
51450 8
51460 2
51470 3
51480 10
51490 4
51500 5
51510 8
51520 6
51530 3
51540 4
51550 4
51560 2
51570 2
51580 2
51590 2
51600 4
51610 4
51620 2
51630 5
51640 2
51650 5
51660 6
51670 8
51680 8
51690 5
51700 4
51710 1
51720 0
51730 2
51740 0
51750 3
51760 4
51770 0
51780 2
51790 4
51800 1
51810 2
51820 3
51830 3
51840 0
51850 1
51860 0
51870 0
51880 0
51890 2
51900 2
51910 5
51920 1
51930 0
51940 1
51950 0
51960 0
51970 0
51980 0
51990 2
52000 1
52010 0
52020 0
52030 1
52040 0
52050 9
52060 3
52070 7
52080 6
52090 8
52100 3
52110 2
52120 1
52130 8
52140 11
52150 11
52160 6
52170 2
52180 16
52190 14
52200 8
52210 8
52220 5
52230 8
52240 8
52250 9
52260 10
52270 10
52280 11
52290 7
52300 10
52310 8
52320 9
52330 10
52340 9
52350 8
52360 9
52370 6
52380 10
52390 9
52400 9
52410 12
52420 9
52430 11
52440 8
52450 11
52460 9
52470 8
52480 11
52490 8
52500 6
52510 8
52520 6
52530 5
52540 13
52550 10
52560 4
52570 8
52580 11
52590 11
52600 10
52610 11
52620 6
52630 14
52640 15
52650 4
52660 15
52670 7
52680 10
52690 6
52700 11
52710 7
52720 11
52730 10
52740 6
52750 6
52760 9
52770 9
52780 6
52790 5
52800 13
52810 10
52820 8
52830 2
52840 6
52850 1
52860 0
52870 6
52880 14
52890 10
52900 3
52910 1
52920 5
52930 12
52940 6
52950 3
52960 7
52970 6
52980 5
52990 7
53000 5
53010 4
53020 6
53030 4
53040 7
53050 12
53060 10
53070 15
53080 13
53090 13
53100 14
53110 17
53120 19
53130 14
53140 11
53150 11
53160 14
53170 12
53180 9
53190 4
53200 7
53210 8
53220 6
53230 8
53240 9
53250 18
53260 10
53270 2
53280 10
53290 1
53300 1
53310 1
53320 1
53330 5
53340 0
53350 3
53360 9
53370 1
53380 1
53390 3
53400 3
53410 7
53420 7
53430 9
53440 6
53450 6
53460 6
53470 1
53480 6
53490 0
53500 11
53510 5
53520 3
53530 0
53540 3
53550 0
53560 7
53570 9
53580 6
53590 7
53600 10
53610 1
53620 2
53630 0
53640 2
53650 0
53660 0
53670 0
53680 2
53690 0
53700 0
53710 0
53720 0
53730 0
53740 0
53750 0
53760 0
53770 1
53780 6
53790 0
53800 0
53810 0
53820 0
53830 0
53840 0
53850 0
53860 0
53870 1
53880 0
53890 0
53900 0
53910 0
53920 0
53930 2
53940 0
53950 0
53960 0
53970 0
53980 0
53990 0
54000 0
54010 0
54020 0
54030 0
54040 0
54050 0
54060 0
54070 0
54080 0
54090 0
54100 0
54110 0
54120 0
54130 0
54140 0
54150 0
54160 0
54170 0
54180 0
54190 0
54200 0
54210 0
54220 0
54230 0
54240 0
54250 0
54260 0
54270 0
54280 0
54290 0
54300 0
54310 0
54320 0
54330 0
54340 0
54350 0
54360 0
54370 0
54380 0
54390 0
54400 0
54410 0
54420 0
54430 0
54440 0
54450 0
54460 0
54470 0
54480 0
54490 0
54500 0
54510 0
54520 0
54530 0
54540 0
54550 0
54560 0
54570 0
54580 0
54590 0
54600 0
54610 0
54620 0
54630 0
54640 0
54650 0
54660 0
54670 0
54680 0
54690 0
54700 0
54710 0
54720 0
54730 0
54740 0
54750 0
54760 0
54770 0
54780 0
54790 0
54800 0
54810 0
54820 0
54830 0
54840 0
54850 0
54860 0
54870 0
54880 0
54890 0
54900 0
54910 0
54920 0
54930 0
54940 0
54950 0
54960 0
54970 0
54980 0
54990 0
55000 0
55010 0
55020 0
55030 0
55040 0
55050 0
55060 0
55070 0
55080 0
55090 0
55100 0
55110 0
55120 0
55130 0
55140 0
55150 0
55160 0
55170 0
55180 0
55190 0
55200 0
55210 0
55220 1
55230 0
55240 1
55250 0
55260 0
55270 0
55280 0
55290 0
55300 0
55310 0
55320 0
55330 0
55340 0
55350 1
55360 0
55370 0
55380 0
55390 0
55400 0
55410 0
55420 2
55430 4
55440 3
55450 3
55460 1
55470 3
55480 1
55490 2
55500 2
55510 1
55520 3
55530 2
55540 1
55550 9
55560 3
55570 1
55580 11
55590 3
55600 2
55610 6
55620 1
55630 0
55640 1
55650 4
55660 2
55670 9
55680 4
55690 1
55700 1
55710 5
55720 2
55730 3
55740 3
55750 7
55760 2
55770 5
55780 5
55790 7
55800 7
55810 7
55820 6
55830 5
55840 5
55850 5
55860 1
55870 7
55880 2
55890 2
55900 8
55910 1
55920 9
55930 3
55940 5
55950 9
55960 2
55970 3
55980 2
55990 1
56000 3
56010 6
56020 3
56030 4
56040 5
56050 2
56060 4
56070 1
56080 2
56090 0
56100 2
56110 2
56120 0
56130 0
56140 0
56150 0
56160 0
56170 2
56180 3
56190 0
56200 3
56210 1
56220 2
56230 2
56240 0
56250 0
56260 0
56270 1
56280 4
56290 3
56300 0
56310 3
56320 7
56330 2
56340 2
56350 3
56360 10
56370 3
56380 3
56390 5
56400 3
56410 2
56420 3
56430 2
56440 3
56450 2
56460 5
56470 3
56480 4
56490 4
56500 3
56510 3
56520 5
56530 3
56540 4
56550 3
56560 3
56570 2
56580 3
56590 5
56600 5
56610 4
56620 4
56630 2
56640 3
56650 3
56660 5
56670 2
56680 3
56690 4
56700 5
56710 4
56720 2
56730 2
56740 3
56750 4
56760 2
56770 6
56780 4
56790 3
56800 2
56810 5
56820 3
56830 4
56840 3
56850 8
56860 2
56870 3
56880 2
56890 3
56900 3
56910 3
56920 2
56930 1
56940 3
56950 2
56960 2
56970 2
56980 2
56990 3
57000 2
57010 3
57020 4
57030 3
57040 4
57050 5
57060 4
57070 2
57080 3
57090 2
57100 3
57110 2
57120 3
57130 2
57140 2
57150 2
57160 2
57170 4
57180 4
57190 2
57200 3
57210 5
57220 3
57230 5
57240 5
57250 3
57260 3
57270 3
57280 5
57290 5
57300 3
57310 3
57320 3
57330 5
57340 5
57350 3
57360 2
57370 2
57380 5
57390 3
57400 2
57410 3
57420 4
57430 3
57440 3
57450 2
57460 3
57470 3
57480 3
57490 3
57500 3
57510 3
57520 3
57530 3
57540 3
57550 5
57560 3
57570 1
57580 3
57590 3
57600 2
57610 2
57620 3
57630 2
57640 5
57650 2
57660 2
57670 2
57680 2
57690 3
57700 3
57710 2
57720 3
57730 1
57740 3
57750 2
57760 3
57770 3
57780 2
57790 3
57800 3
57810 3
57820 3
57830 3
57840 3
57850 4
57860 3
57870 3
57880 4
57890 3
57900 3
57910 3
57920 3
57930 3
57940 3
57950 5
57960 5
57970 4
57980 5
57990 5
58000 3
58010 5
58020 2
58030 3
58040 1
58050 5
58060 3
58070 11
58080 3
58090 4
58100 1
58110 6
58120 5
58130 4
58140 8
58150 0
58160 5
58170 6
58180 3
58190 9
58200 9
58210 9
58220 10
58230 8
58240 3
58250 8
58260 11
58270 14
58280 14
58290 4
58300 14
58310 11
58320 16
58330 9
58340 10
58350 7
58360 5
58370 10
58380 10
58390 7
58400 9
58410 6
58420 9
58430 12
58440 16
58450 13
58460 9
58470 12
58480 13
58490 15
58500 2
58510 18
58520 16
58530 17
58540 13
58550 20
58560 15
58570 14
58580 16
58590 11
58600 14
58610 9
58620 15
58630 16
58640 13
58650 10
58660 11
58670 11
58680 14
58690 10
58700 15
58710 12
58720 16
58730 17
58740 16
58750 11
58760 11
58770 10
58780 3
58790 6
58800 15
58810 12
58820 3
58830 12
58840 10
58850 15
58860 15
58870 12
58880 14
58890 14
58900 15
58910 13
58920 15
58930 15
58940 15
58950 17
58960 13
58970 17
58980 12
58990 8
59000 10
59010 13
59020 16
59030 7
59040 15
59050 17
59060 14
59070 10
59080 11
59090 13
59100 17
59110 12
59120 14
59130 16
59140 16
59150 11
59160 20
59170 15
59180 17
59190 12
59200 10
59210 10
59220 11
59230 20
59240 12
59250 15
59260 6
59270 12
59280 17
59290 15
59300 14
59310 12
59320 14
59330 12
59340 11
59350 3
59360 6
59370 17
59380 14
59390 9
59400 8
59410 5
59420 4
59430 7
59440 6
59450 1
59460 7
59470 8
59480 6
59490 6
59500 2
59510 7
59520 5
59530 10
59540 6
59550 6
59560 9
59570 3
59580 2
59590 7
59600 8
59610 2
59620 1
59630 8
59640 7
59650 4
59660 4
59670 5
59680 10
59690 9
59700 9
59710 1
59720 5
59730 1
59740 6
59750 6
59760 7
59770 7
59780 7
59790 8
59800 7
59810 7
59820 7
59830 2
59840 10
59850 11
59860 3
59870 0
59880 0
59890 2
59900 2
59910 1
59920 3
59930 9
59940 6
59950 7
59960 4
59970 2
59980 3
59990 9
60000 10
60010 5
60020 6
60030 6
60040 7
60050 7
60060 8
60070 7
60080 7
60090 2
60100 10
60110 6
60120 7
60130 5
60140 8
60150 5
60160 3
60170 7
60180 8
60190 5
60200 8
60210 8
60220 10
60230 7
60240 4
60250 10
60260 8
60270 7
60280 7
60290 7
60300 6
60310 4
60320 6
60330 7
60340 4
60350 8
60360 8
60370 3
60380 6
60390 5
60400 6
60410 6
60420 6
60430 6
60440 6
60450 7
60460 8
60470 7
60480 7
60490 5
60500 6
60510 6
60520 6
60530 6
60540 8
60550 10
60560 7
60570 7
60580 7
60590 4
60600 3
60610 5
60620 10
60630 5
60640 3
60650 8
60660 8
60670 5
60680 5
60690 7
60700 8
60710 5
60720 8
60730 9
60740 9
60750 4
60760 10
60770 7
60780 6
60790 5
60800 8
60810 8
60820 4
60830 7
60840 7
60850 6
60860 7
60870 5
60880 3
60890 8
60900 9
60910 6
60920 5
60930 6
60940 2
60950 6
60960 7
60970 6
60980 5
60990 7
61000 5
61010 5
61020 7
61030 8
61040 7
61050 4
61060 5
61070 4
61080 4
61090 5
61100 3
61110 6
61120 5
61130 7
61140 3
61150 7
61160 7
61170 3
61180 3
61190 3
61200 7
61210 2
61220 0
61230 3
61240 9
61250 7
61260 8
61270 4
61280 7
61290 2
61300 7
61310 3
61320 5
61330 4
61340 4
61350 3
61360 3
61370 5
61380 7
61390 3
61400 6
61410 5
61420 3
61430 3
61440 9
61450 5
61460 5
61470 7
61480 3
61490 2
61500 9
61510 4
61520 8
61530 3
61540 5
61550 9
61560 3
61570 2
61580 6
61590 3
61600 4
61610 2
61620 1
61630 0
61640 3
61650 6
61660 3
61670 3
61680 3
61690 7
61700 2
61710 3
61720 4
61730 2
61740 6
61750 6
61760 2
61770 6
61780 5
61790 1
61800 5
61810 2
61820 3
61830 3
61840 6
61850 2
61860 2
61870 2
61880 0
61890 2
61900 7
61910 6
61920 2
61930 2
61940 10
61950 4
61960 1
61970 2
61980 3
61990 6
62000 4
62010 4
62020 2
62030 3
62040 3
62050 5
62060 4
62070 2
62080 4
62090 6
62100 4
62110 3
62120 5
62130 5
62140 4
62150 6
62160 8
62170 6
62180 0
62190 5
62200 4
62210 5
62220 6
62230 5
62240 8
62250 3
62260 5
62270 1
62280 1
62290 5
62300 2
62310 1
62320 4
62330 4
62340 2
62350 6
62360 7
62370 5
62380 3
62390 4
62400 5
62410 2
62420 5
62430 6
62440 10
62450 5
62460 4
62470 3
62480 8
62490 6
62500 13
62510 5
62520 6
62530 2
62540 3
62550 2
62560 3
62570 4
62580 5
62590 2
62600 9
62610 2
62620 4
62630 9
62640 10
62650 9
62660 9
62670 7
62680 6
62690 6
62700 8
62710 10
62720 10
62730 12
62740 11
62750 8
62760 8
62770 11
62780 8
62790 12
62800 8
62810 9
62820 8
62830 7
62840 9
62850 9
62860 13
62870 6
62880 9
62890 21
62900 11
62910 6
62920 4
62930 8
62940 2
62950 3
62960 4
62970 7
62980 14
62990 13
63000 14
63010 12
63020 14
63030 11
63040 13
63050 13
63060 9
63070 13
63080 9
63090 27
63100 25
63110 24
63120 25
63130 17
63140 18
63150 22
63160 27
63170 23
63180 26
63190 26
63200 23
63210 17
63220 12
63230 10
63240 19
63250 7
63260 3
63270 5
63280 11
63290 11
63300 12
63310 10
63320 3
63330 2
63340 2
63350 3
63360 9
63370 4
63380 4
63390 3
63400 3
63410 6
63420 1
63430 3
63440 1
63450 6
63460 3
63470 3
63480 5
63490 7
63500 2
63510 5
63520 3
63530 6
63540 3
63550 4
63560 0
63570 2
63580 2
63590 2
63600 0
63610 0
63620 2
63630 3
63640 4
63650 6
63660 2
63670 6
63680 6
63690 7
63700 7
63710 6
63720 0
63730 4
63740 4
63750 3
63760 2
63770 3
63780 3
63790 7
63800 4
63810 1
63820 3
63830 5
63840 10
63850 10
63860 1
63870 4
63880 12
63890 4
63900 14
63910 8
63920 13
63930 11
63940 10
63950 10
63960 8
63970 7
63980 13
63990 7
64000 9
64010 16
64020 18
64030 12
64040 11
64050 10
64060 15
64070 12
64080 11
64090 8
64100 11
64110 7
64120 7
64130 6
64140 7
64150 17
64160 17
64170 8
64180 14
64190 10
64200 14
64210 24
64220 11
64230 15
64240 16
64250 21
64260 18
64270 13
64280 24
64290 16
64300 21
64310 26
64320 13
64330 21
64340 21
64350 21
64360 23
64370 16
64380 19
64390 21
64400 16
64410 23
64420 19
64430 18
64440 19
64450 24
64460 21
64470 21
64480 24
64490 32
64500 29
64510 27
64520 25
64530 8
64540 15
64550 17
64560 20
64570 18
64580 17
64590 17
64600 22
64610 25
64620 21
64630 22
64640 21
64650 19
64660 16
64670 19
64680 21
64690 21
64700 16
64710 25
64720 25
64730 26
64740 24
64750 30
64760 26
64770 22
64780 26
64790 23
64800 20
64810 32
64820 24
64830 19
64840 16
64850 31
64860 25
64870 13
64880 22
64890 17
64900 22
64910 25
64920 25
64930 20
64940 23
64950 15
64960 22
64970 24
64980 24
64990 26
65000 21
65010 22
65020 17
65030 19
65040 27
65050 18
65060 20
65070 23
65080 25
65090 17
65100 22
65110 18
65120 18
65130 27
65140 29
65150 23
65160 17
65170 13
65180 23
65190 27
65200 24
65210 27
65220 22
65230 23
65240 24
65250 30
65260 22
65270 21
65280 20
65290 22
65300 17
65310 17
65320 16
65330 13
65340 18
65350 15
65360 15
65370 19
65380 12
65390 14
65400 11
65410 16
65420 17
65430 14
65440 9
65450 17
65460 15
65470 13
65480 16
65490 12
65500 15
65510 13
65520 11
65530 10
65540 14
65550 9
65560 14
65570 8
65580 20
65590 16
65600 19
65610 11
65620 23
65630 14
65640 22
65650 26
65660 28
65670 25
65680 19
65690 25
65700 25
65710 22
65720 24
65730 25
65740 24
65750 27
65760 24
65770 16
65780 23
65790 9
65800 10
65810 1
65820 0
65830 0
65840 0
65850 3
65860 1
65870 0
65880 3
65890 1
65900 11
65910 13
65920 12
65930 13
65940 11
65950 13
65960 8
65970 12
65980 11
65990 11
66000 3
66010 1
66020 0
66030 3
66040 6
66050 11
66060 9
66070 10
66080 0
66090 0
66100 2
66110 1
66120 4
66130 1
66140 2
66150 3
66160 3
66170 3
66180 4
66190 3
66200 7
66210 0
66220 2
66230 0
66240 2
66250 1
66260 2
66270 1
66280 0
66290 0
66300 0
66310 0
66320 0
66330 0
66340 0
66350 0
66360 0
66370 0
66380 0
66390 0
66400 0
66410 0
66420 1
66430 0
66440 0
66450 0
66460 0
66470 0
66480 1
66490 0
66500 0
66510 0
66520 0
66530 0
66540 0
66550 0
66560 0
66570 0
66580 0
66590 0
66600 0
66610 0
66620 0
66630 0
66640 0
66650 0
66660 0
66670 0
66680 0
66690 0
66700 0
66710 0
66720 0
66730 3
66740 3
66750 1
66760 0
66770 0
66780 3
66790 2
66800 3
66810 4
66820 3
66830 5
66840 5
66850 2
66860 4
66870 4
66880 8
66890 1
66900 4
66910 3
66920 0
66930 0
66940 1
66950 1
66960 1
66970 3
66980 5
66990 2
67000 1
67010 5
67020 1
67030 1
67040 1
67050 2
67060 3
67070 4
67080 1
67090 1
67100 4
67110 2
67120 3
67130 4
67140 3
67150 1
67160 2
67170 1
67180 1
67190 4
67200 4
67210 3
67220 4
67230 2
67240 4
67250 5
67260 4
67270 6
67280 4
67290 4
67300 4
67310 2
67320 6
67330 3
67340 6
67350 4
67360 3
67370 2
67380 4
67390 0
67400 4
67410 4
67420 1
67430 5
67440 2
67450 4
67460 1
67470 4
67480 1
67490 1
67500 1
67510 6
67520 6
67530 6
67540 3
67550 2
67560 7
67570 3
67580 4
67590 4
67600 2
67610 2
67620 2
67630 1
67640 1
67650 1
67660 3
67670 0
67680 2
67690 1
67700 3
67710 5
67720 6
67730 7
67740 4
67750 4
67760 2
67770 2
67780 2
67790 6
67800 2
67810 4
67820 3
67830 4
67840 3
67850 4
67860 4
67870 4
67880 1
67890 0
67900 1
67910 2
67920 1
67930 5
67940 5
67950 4
67960 5
67970 4
67980 2
67990 1
68000 1
68010 0
68020 2
68030 1
68040 1
68050 0
68060 1
68070 0
68080 0
68090 3
68100 3
68110 7
68120 2
68130 2
68140 1
68150 4
68160 4
68170 0
68180 2
68190 0
68200 0
68210 1
68220 0
68230 0
68240 0
68250 5
68260 1
68270 3
68280 1
68290 2
68300 0
68310 0
68320 3
68330 1
68340 1
68350 1
68360 1
68370 1
68380 0
68390 3
68400 4
68410 2
68420 1
68430 4
68440 3
68450 4
68460 2
68470 5
68480 1
68490 6
68500 5
68510 3
68520 6
68530 1
68540 3
68550 7
68560 5
68570 5
68580 9
68590 7
68600 13
68610 21
68620 22
68630 21
68640 23
68650 12
68660 14
68670 18
68680 15
68690 10
68700 15
68710 15
68720 16
68730 23
68740 23
68750 22
68760 22
68770 12
68780 11
68790 13
68800 17
68810 5
68820 18
68830 17
68840 15
68850 10
68860 13
68870 11
68880 16
68890 3
68900 1
68910 3
68920 0
68930 0
68940 0
68950 0
68960 0
68970 0
68980 1
68990 1
69000 1
69010 1
69020 0
69030 0
69040 1
69050 1
69060 0
69070 3
69080 1
69090 2
69100 2
69110 1
69120 1
69130 2
69140 0
69150 1
69160 1
69170 1
69180 0
69190 0
69200 1
69210 1
69220 3
69230 4
69240 1
69250 1
69260 0
69270 0
69280 1
69290 1
69300 0
69310 1
69320 1
69330 0
69340 1
69350 1
69360 1
69370 2
69380 0
69390 0
69400 0
69410 2
69420 3
69430 1
69440 1
69450 1
69460 0
69470 1
69480 0
69490 1
69500 1
69510 0
69520 0
69530 0
69540 0
69550 0
69560 0
69570 0
69580 0
69590 0
69600 1
69610 0
69620 1
69630 1
69640 1
69650 2
69660 1
69670 1
69680 1
69690 0
69700 1
69710 0
69720 0
69730 1
69740 0
69750 0
69760 0
69770 0
69780 0
69790 0
69800 0
69810 0
69820 0
69830 0
69840 0
69850 0
69860 0
69870 0
69880 0
69890 0
69900 0
69910 0
69920 0
69930 0
69940 0
69950 0
69960 0
69970 0
69980 0
69990 0
70000 0
70010 0
70020 0
70030 0
70040 0
70050 0
70060 0
70070 0
70080 0
70090 0
70100 0
70110 0
70120 0
70130 0
70140 0
70150 0
70160 0
70170 0
70180 0
70190 0
70200 0
70210 0
70220 0
70230 0
70240 0
70250 0
70260 0
70270 0
70280 0
70290 0
70300 0
70310 0
70320 0
70330 0
70340 0
70350 0
70360 0
70370 0
70380 0
70390 0
70400 0
70410 0
70420 0
70430 0
70440 0
70450 0
70460 0
70470 0
70480 0
70490 0
70500 0
70510 0
70520 0
70530 0
70540 0
70550 0
70560 0
70570 0
70580 0
70590 0
70600 0
70610 0
70620 0
70630 0
70640 0
70650 0
70660 0
70670 0
70680 0
70690 0
70700 0
70710 0
70720 0
70730 0
70740 0
70750 0
70760 0
70770 0
70780 0
70790 0
70800 0
70810 0
70820 0
70830 0
70840 0
70850 0
70860 0
70870 0
70880 0
70890 0
70900 0
70910 0
70920 0
70930 0
70940 0
70950 0
70960 0
70970 0
70980 0
70990 0
71000 0
71010 0
71020 0
71030 0
71040 0
71050 0
71060 0
71070 0
71080 0
71090 0
71100 0
71110 0
71120 0
71130 0
71140 0
71150 0
71160 0
71170 0
71180 0
71190 0
71200 0
71210 0
71220 0
71230 0
71240 0
71250 0
71260 0
71270 0
71280 0
71290 0
71300 0
71310 0
71320 0
71330 0
71340 0
71350 0
71360 0
71370 0
71380 0
71390 0
71400 0
71410 0
71420 0
71430 0
71440 0
71450 0
71460 0
71470 0
71480 0
71490 0
71500 0
71510 0
71520 0
71530 0
71540 0
71550 0
71560 0
71570 0
71580 0
71590 0
71600 0
71610 0
71620 0
71630 0
71640 0
71650 0
71660 0
71670 0
71680 0
71690 0
71700 0
71710 0
71720 0
71730 1
71740 0
71750 0
71760 0
71770 0
71780 0
71790 0
71800 0
71810 0
71820 0
71830 0
71840 1
71850 0
71860 1
71870 3
71880 1
71890 0
71900 0
71910 0
71920 0
71930 0
71940 0
71950 0
71960 0
71970 0
71980 0
71990 0
72000 0
72010 0
72020 0
72030 0
72040 0
72050 0
72060 0
72070 0
72080 0
72090 0
72100 0
72110 0
72120 0
72130 0
72140 0
72150 0
72160 0
72170 0
72180 0
72190 0
72200 0
72210 0
72220 0
72230 0
72240 0
72250 0
72260 0
72270 0
72280 0
72290 0
72300 0
72310 0
72320 0
72330 0
72340 0
72350 0
72360 0
72370 0
72380 0
72390 0
72400 0
72410 0
72420 0
72430 0
72440 0
72450 0
72460 0
72470 0
72480 0
72490 0
72500 0
72510 0
72520 0
72530 0
72540 0
72550 0
72560 0
72570 0
72580 0
72590 0
72600 0
72610 0
72620 0
72630 0
72640 0
72650 1
72660 0
72670 0
72680 0
72690 0
72700 0
72710 0
72720 0
72730 0
72740 0
72750 0
72760 0
72770 0
72780 0
72790 0
72800 1
72810 1
72820 5
72830 3
72840 0
72850 0
72860 0
72870 0
72880 0
72890 0
72900 0
72910 0
72920 0
72930 0
72940 0
72950 0
72960 0
72970 0
72980 0
72990 0
73000 0
73010 0
73020 0
73030 0
73040 0
73050 0
73060 0
73070 0
73080 0
73090 0
73100 0
73110 0
73120 0
73130 0
73140 0
73150 0
73160 0
73170 0
73180 0
73190 0
73200 0
73210 0
73220 0
73230 0
73240 0
73250 0
73260 0
73270 0
73280 0
73290 0
73300 0
73310 0
73320 0
73330 0
73340 0
73350 0
73360 0
73370 1
73380 0
73390 0
73400 3
73410 0
73420 0
73430 4
73440 0
73450 0
73460 0
73470 0
73480 0
73490 2
73500 0
73510 0
73520 0
73530 1
73540 1
73550 5
73560 2
73570 3
73580 2
73590 3
73600 2
73610 2
73620 1
73630 0
73640 0
73650 0
73660 0
73670 0
73680 0
73690 0
73700 0
73710 0
73720 0
73730 0
73740 0
73750 0
73760 0
73770 0
73780 0
73790 0
73800 0
73810 0
73820 0
73830 0
73840 0
73850 0
73860 0
73870 0
73880 0
73890 0
73900 0
73910 0
73920 0
73930 0
73940 0
73950 0
73960 0
73970 0
73980 0
73990 0
74000 0
74010 0
74020 0
74030 0
74040 0
74050 0
74060 0
74070 0
74080 0
74090 0
74100 0
74110 0
74120 0
74130 0
74140 0
74150 0
74160 0
74170 0
74180 0
74190 0
74200 0
74210 0
74220 0
74230 0
74240 0
74250 0
74260 0
74270 0
74280 0
74290 0
74300 0
74310 0
74320 0
74330 0
74340 0
74350 0
74360 0
74370 0
74380 0
74390 0
74400 0
74410 0
74420 0
74430 0
74440 0
74450 0
74460 0
74470 0
74480 0
74490 0
74500 0
74510 0
74520 0
74530 0
74540 0
74550 0
74560 0
74570 0
74580 0
74590 0
74600 0
74610 0
74620 0
74630 0
74640 0
74650 0
74660 0
74670 0
74680 0
74690 0
74700 0
74710 0
74720 0
74730 0
74740 0
74750 0
74760 0
74770 0
74780 0
74790 0
74800 0
74810 0
74820 0
74830 0
74840 0
74850 0
74860 0
74870 0
74880 0
74890 0
74900 0
74910 0
74920 0
74930 0
74940 0
74950 0
74960 0
74970 0
74980 0
74990 0
75000 0
75010 0
75020 0
75030 0
75040 0
75050 0
75060 0
75070 0
75080 0
75090 0
75100 0
75110 0
75120 0
75130 0
75140 0
75150 0
75160 0
75170 0
75180 0
75190 0
75200 0
75210 0
75220 0
75230 0
75240 0
75250 0
75260 0
75270 0
75280 0
75290 0
75300 0
75310 0
75320 0
75330 0
75340 0
75350 0
75360 3
75370 0
75380 0
75390 0
75400 0
75410 0
75420 2
75430 5
75440 9
75450 0
75460 1
75470 1
75480 1
75490 3
75500 4
75510 0
75520 0
75530 5
75540 7
75550 2
75560 6
75570 0
75580 0
75590 0
75600 1
75610 0
75620 0
75630 0
75640 0
75650 0
75660 0
75670 0
75680 0
75690 1
75700 0
75710 1
75720 0
75730 0
75740 0
75750 0
75760 2
75770 6
75780 0
75790 0
75800 0
75810 0
75820 0
75830 5
75840 0
75850 0
75860 0
75870 0
75880 0
75890 0
75900 0
75910 0
75920 0
75930 0
75940 0
75950 0
75960 0
75970 0
75980 1
75990 0
76000 0
76010 0
76020 0
76030 0
76040 0
76050 0
76060 0
76070 0
76080 0
76090 0
76100 0
76110 0
76120 0
76130 0
76140 0
76150 0
76160 0
76170 0
76180 0
76190 0
76200 0
76210 0
76220 0
76230 0
76240 0
76250 0
76260 1
76270 0
76280 0
76290 1
76300 0
76310 0
76320 0
76330 0
76340 0
76350 2
76360 0
76370 0
76380 1
76390 0
76400 0
76410 0
76420 0
76430 0
76440 0
76450 0
76460 0
76470 0
76480 0
76490 0
76500 0
76510 0
76520 0
76530 0
76540 0
76550 0
76560 0
76570 0
76580 0
76590 0
76600 0
76610 0
76620 0
76630 0
76640 0
76650 0
76660 0
76670 0
76680 0
76690 0
76700 0
76710 0
76720 0
76730 0
76740 0
76750 0
76760 0
76770 0
76780 0
76790 0
76800 0
76810 0
76820 0
76830 0
76840 0
76850 0
76860 0
76870 0
76880 0
76890 0
76900 0
76910 0
76920 0
76930 0
76940 0
76950 0
76960 0
76970 0
76980 0
76990 0
77000 0
77010 0
77020 0
77030 0
77040 0
77050 0
77060 0
77070 0
77080 0
77090 0
77100 0
77110 0
77120 0
77130 0
77140 0
77150 0
77160 0
77170 0
77180 0
77190 0
77200 0
77210 0
77220 0
77230 0
77240 0
77250 0
77260 0
77270 0
77280 0
77290 0
77300 0
77310 0
77320 0
77330 0
77340 0
77350 0
77360 0
77370 0
77380 0
77390 0
77400 0
77410 0
77420 0
77430 0
77440 0
77450 0
77460 0
77470 0
77480 0
77490 0
77500 0
77510 0
77520 0
77530 0
77540 0
77550 0
77560 0
77570 0
77580 0
77590 0
77600 0
77610 0
77620 0
77630 0
77640 0
77650 0
77660 0
77670 0
77680 0
77690 0
77700 0
77710 0
77720 0
77730 0
77740 0
77750 0
77760 0
77770 0
77780 0
77790 0
77800 0
77810 0
77820 0
77830 0
77840 0
77850 0
77860 0
77870 0
77880 0
77890 0
77900 0
77910 0
77920 0
77930 0
77940 0
77950 0
77960 0
77970 0
77980 0
77990 0
78000 0
78010 0
78020 0
78030 0
78040 0
78050 0
78060 0
78070 0
78080 0
78090 0
78100 0
78110 0
78120 0
78130 0
78140 0
78150 0
78160 0
78170 0
78180 0
78190 0
78200 0
78210 0
78220 0
78230 0
78240 0
78250 0
78260 0
78270 0
78280 0
78290 0
78300 0
78310 0
78320 0
78330 0
78340 0
78350 0
78360 0
78370 0
78380 0
78390 0
78400 0
78410 0
78420 0
78430 0
78440 0
78450 0
78460 0
78470 0
78480 0
78490 0
78500 0
78510 0
78520 0
78530 0
78540 0
78550 0
78560 0
78570 0
78580 0
78590 0
78600 0
78610 0
78620 0
78630 0
78640 0
78650 0
78660 0
78670 0
78680 0
78690 0
78700 0
78710 0
78720 0
78730 0
78740 0
78750 0
78760 0
78770 0
78780 0
78790 0
78800 0
78810 0
78820 0
78830 0
78840 0
78850 0
78860 0
78870 0
78880 0
78890 0
78900 0
78910 0
78920 0
78930 0
78940 0
78950 0
78960 0
78970 0
78980 0
78990 0
79000 0
79010 0
79020 0
79030 0
79040 0
79050 0
79060 0
79070 0
79080 0
79090 0
79100 0
79110 0
79120 0
79130 0
79140 0
79150 0
79160 0
79170 0
79180 0
79190 0
79200 0
79210 0
79220 0
79230 0
79240 0
79250 0
79260 0
79270 0
79280 0
79290 0
79300 0
79310 0
79320 0
79330 0
79340 0
79350 0
79360 0
79370 0
79380 0
79390 0
79400 0
79410 0
79420 0
79430 0
79440 0
79450 0
79460 0
79470 0
79480 0
79490 0
79500 0
79510 0
79520 0
79530 0
79540 0
79550 0
79560 0
79570 0
79580 0
79590 0
79600 0
79610 0
79620 0
79630 0
79640 0
79650 0
79660 0
79670 0
79680 0
79690 0
79700 0
79710 0
79720 0
79730 0
79740 0
79750 0
79760 0
79770 0
79780 0
79790 0
79800 0
79810 0
79820 0
79830 0
79840 0
79850 0
79860 0
79870 0
79880 0
79890 0
79900 0
79910 0
79920 0
79930 0
79940 0
79950 0
79960 0
79970 0
79980 0
79990 0
80000 0
80010 0
80020 0
80030 0
80040 0
80050 0
80060 0
80070 0
80080 0
80090 0
80100 0
80110 0
80120 0
80130 0
80140 0
80150 0
80160 0
80170 0
80180 0
80190 0
80200 0
80210 0
80220 0
80230 0
80240 0
80250 0
80260 0
80270 0
80280 0
80290 0
80300 0
80310 0
80320 0
80330 0
80340 0
80350 0
80360 0
80370 0
80380 0
80390 0
80400 0
80410 0
80420 0
80430 0
80440 0
80450 0
80460 0
80470 0
80480 0
80490 0
80500 0
80510 0
80520 0
80530 0
80540 0
80550 0
80560 0
80570 0
80580 0
80590 0
80600 0
80610 0
80620 0
80630 0
80640 0
80650 0
80660 0
80670 0
80680 0
80690 0
80700 0
80710 0
80720 0
80730 0
80740 0
80750 0
80760 0
80770 0
80780 0
80790 0
80800 0
80810 0
80820 0
80830 0
80840 0
80850 0
80860 0
80870 0
80880 0
80890 0
80900 0
80910 0
80920 0
80930 0
80940 0
80950 0
80960 0
80970 0
80980 0
80990 0
81000 0
81010 0
81020 0
81030 0
81040 0
81050 0
81060 0
81070 0
81080 0
81090 0
81100 0
81110 0
81120 0
81130 0
81140 0
81150 0
81160 0
81170 0
81180 0
81190 0
81200 0
81210 0
81220 0
81230 0
81240 0
81250 0
81260 0
81270 0
81280 0
81290 0
81300 0
81310 0
81320 0
81330 0
81340 0
81350 0
81360 0
81370 0
81380 0
81390 0
81400 0
81410 0
81420 0
81430 0
81440 0
81450 0
81460 0
81470 0
81480 0
81490 0
81500 0
81510 0
81520 0
81530 0
81540 0
81550 0
81560 0
81570 0
81580 0
81590 0
81600 0
81610 0
81620 0
81630 0
81640 0
81650 0
81660 0
81670 0
81680 0
81690 0
81700 0
81710 0
81720 0
81730 0
81740 0
81750 0
81760 0
81770 0
81780 0
81790 0
81800 0
81810 0
81820 0
81830 0
81840 0
81850 0
81860 0
81870 0
81880 0
81890 0
81900 0
81910 0
81920 0
81930 0
81940 0
81950 0
81960 0
81970 0
81980 0
81990 0
82000 0
82010 0
82020 0
82030 0
82040 0
82050 0
82060 0
82070 0
82080 0
82090 0
82100 0
82110 0
82120 0
82130 0
82140 0
82150 0
82160 0
82170 0
82180 0
82190 0
82200 0
82210 0
82220 0
82230 0
82240 0
82250 0
82260 0
82270 0
82280 0
82290 0
82300 0
82310 0
82320 0
82330 0
82340 0
82350 0
82360 0
82370 0
82380 0
82390 0
82400 0
82410 0
82420 0
82430 0
82440 0
82450 0
82460 0
82470 0
82480 0
82490 0
82500 0
82510 0
82520 0
82530 0
82540 0
82550 0
82560 0
82570 0
82580 0
82590 0
82600 0
82610 0
82620 0
82630 0
82640 0
82650 0
82660 0
82670 0
82680 0
82690 0
82700 0
82710 0
82720 0
82730 0
82740 0
82750 0
82760 0
82770 0
82780 0
82790 0
82800 0
82810 0
82820 0
82830 0
82840 0
82850 0
82860 0
82870 0
82880 0
82890 0
82900 0
82910 0
82920 0
82930 0
82940 0
82950 0
82960 0
82970 0
82980 0
82990 0
83000 0
83010 0
83020 0
83030 0
83040 0
83050 0
83060 0
83070 0
83080 0
83090 0
83100 0
83110 0
83120 0
83130 0
83140 0
83150 0
83160 0
83170 0
83180 0
83190 0
83200 0
83210 0
83220 0
83230 0
83240 0
83250 0
83260 0
83270 0
83280 0
83290 0
83300 0
83310 0
83320 0
83330 0
83340 0
83350 0
83360 0
83370 0
83380 0
83390 0
83400 0
83410 0
83420 0
83430 0
83440 0
83450 0
83460 0
83470 0
83480 0
83490 0
83500 0
83510 0
83520 0
83530 0
83540 0
83550 0
83560 0
83570 0
83580 0
83590 0
83600 0
83610 0
83620 0
83630 0
83640 0
83650 0
83660 0
83670 0
83680 0
83690 0
83700 0
83710 0
83720 0
83730 0
83740 0
83750 0
83760 0
83770 0
83780 0
83790 0
83800 0
83810 0
83820 0
83830 0
83840 0
83850 0
83860 0
83870 0
83880 0
83890 0
83900 0
83910 0
83920 0
83930 0
83940 0
83950 0
83960 0
83970 0
83980 0
83990 0
84000 0
84010 0
84020 0
84030 0
84040 0
84050 0
84060 0
84070 0
84080 0
84090 0
84100 0
84110 0
84120 0
84130 0
84140 0
84150 0
84160 0
84170 0
84180 0
84190 0
84200 0
84210 0
84220 0
84230 0
84240 0
84250 0
84260 0
84270 0
84280 0
84290 0
84300 0
84310 0
84320 0
84330 0
84340 0
84350 0
84360 0
84370 0
84380 0
84390 0
84400 0
84410 0
84420 0
84430 0
84440 0
84450 0
84460 0
84470 0
84480 0
84490 0
84500 0
84510 0
84520 0
84530 0
84540 0
84550 0
84560 0
84570 0
84580 0
84590 0
84600 0
84610 0
84620 0
84630 0
84640 0
84650 0
84660 0
84670 0
84680 0
84690 0
84700 0
84710 0
84720 0
84730 0
84740 0
84750 0
84760 0
84770 0
84780 0
84790 0
84800 0
84810 0
84820 0
84830 0
84840 0
84850 0
84860 0
84870 0
84880 0
84890 0
84900 0
84910 0
84920 0
84930 0
84940 0
84950 0
84960 0
84970 0
84980 0
84990 0
85000 0
85010 0
85020 0
85030 0
85040 0
85050 0
85060 0
85070 0
85080 0
85090 0
85100 0
85110 0
85120 0
85130 0
85140 0
85150 0
85160 0
85170 0
85180 0
85190 0
85200 0
85210 0
85220 0
85230 0
85240 0
85250 0
85260 0
85270 0
85280 0
85290 0
85300 0
85310 0
85320 0
85330 0
85340 0
85350 0
85360 0
85370 0
85380 0
85390 0
85400 0
85410 0
85420 0
85430 0
85440 0
85450 0
85460 0
85470 0
85480 0
85490 0
85500 0
85510 0
85520 0
85530 0
85540 0
85550 0
85560 0
85570 0
85580 0
85590 0
85600 0
85610 0
85620 0
85630 0
85640 0
85650 0
85660 0
85670 0
85680 0
85690 0
85700 0
85710 0
85720 0
85730 0
85740 0
85750 0
85760 0
85770 0
85780 0
85790 0
85800 0
85810 0
85820 0
85830 0
85840 0
85850 0
85860 0
85870 0
85880 0
85890 0
85900 0
85910 0
85920 0
85930 0
85940 0
85950 0
85960 0
85970 0
85980 0
85990 0
86000 0
86010 0
86020 0
86030 0
86040 0
86050 0
86060 0
86070 0
86080 0
86090 0
86100 0
86110 0
86120 0
86130 0
86140 0
86150 0
86160 0
86170 0
86180 0
86190 0
86200 0
86210 0
86220 0
86230 0
86240 0
86250 0
86260 0
86270 0
86280 0
86290 0
86300 0
86310 0
86320 0
86330 0
86340 0
86350 0
86360 0
86370 0
86380 0
86390 0
86400 0
86410 0
86420 0
86430 0
86440 0
86450 0
86460 0
86470 0
86480 0
86490 0
86500 0
86510 0
86520 0
86530 0
86540 0
86550 0
86560 0
86570 0
86580 0
86590 0
86600 0
86610 0
86620 0
86630 0
86640 0
86650 0
86660 0
86670 0
86680 0
86690 0
86700 0
86710 0
86720 0
86730 0
86740 0
86750 0
86760 0
86770 0
86780 0
86790 0
86800 0
86810 0
86820 0
86830 0
86840 0
86850 0
86860 0
86870 0
86880 0
86890 0
86900 0
86910 0
86920 0
86930 0
86940 0
86950 0
86960 0
86970 0
86980 0
86990 0
87000 0
87010 0
87020 0
87030 0
87040 0
87050 0
87060 0
87070 0
87080 0
87090 0
87100 0
87110 0
87120 0
87130 0
87140 0
87150 0
87160 0
87170 0
87180 0
87190 0
87200 0
87210 0
87220 0
87230 0
87240 0
87250 0
87260 0
87270 0
87280 0
87290 0
87300 0
87310 0
87320 0
87330 0
87340 0
87350 0
87360 0
87370 0
87380 0
87390 0
87400 0
87410 0
87420 0
87430 0
87440 0
87450 0
87460 0
87470 0
87480 0
87490 0
87500 0
87510 0
87520 0
87530 0
87540 0
87550 0
87560 0
87570 0
87580 0
87590 0
87600 0
87610 0
87620 0
87630 0
87640 0
87650 0
87660 0
87670 0
87680 0
87690 0
87700 0
87710 0
87720 0
87730 0
87740 0
87750 0
87760 0
87770 0
87780 0
87790 0
87800 0
87810 0
87820 0
87830 0
87840 0
87850 0
87860 0
87870 0
87880 0
87890 0
87900 0
87910 0
87920 0
87930 0
87940 0
87950 0
87960 0
87970 0
87980 0
87990 0
88000 0
88010 0
88020 0
88030 0
88040 0
88050 0
88060 0
88070 0
88080 0
88090 0
88100 0
88110 0
88120 0
88130 0
88140 0
88150 0
88160 0
88170 0
88180 0
88190 0
88200 0
88210 0
88220 0
88230 0
88240 0
88250 0
88260 0
88270 0
88280 0
88290 0
88300 0
88310 0
88320 0
88330 0
88340 0
88350 0
88360 0
88370 0
88380 0
88390 0
88400 0
88410 0
88420 0
88430 0
88440 0
88450 0
88460 0
88470 0
88480 0
88490 0
88500 0
88510 0
88520 0
88530 0
88540 0
88550 0
88560 0
88570 0
88580 0
88590 0
88600 0
88610 0
88620 0
88630 0
88640 0
88650 0
88660 0
88670 0
88680 0
88690 0
88700 0
88710 0
88720 0
88730 0
88740 0
88750 0
88760 0
88770 0
88780 0
88790 0
88800 0
88810 0
88820 0
88830 0
88840 0
88850 0
88860 0
88870 0
88880 0
88890 0
88900 0
88910 0
88920 0
88930 0
88940 0
88950 0
88960 0
88970 0
88980 0
88990 0
89000 0
89010 0
89020 0
89030 0
89040 0
89050 0
89060 0
89070 0
89080 0
89090 0
89100 0
89110 0
89120 0
89130 0
89140 0
89150 0
89160 0
89170 0
89180 0
89190 0
89200 0
89210 0
89220 0
89230 0
89240 0
89250 0
89260 0
89270 0
89280 0
89290 0
89300 0
89310 0
89320 0
89330 0
89340 0
89350 0
89360 0
89370 0
89380 0
89390 0
89400 0
89410 0
89420 0
89430 0
89440 0
89450 0
89460 0
89470 0
89480 0
89490 0
89500 0
89510 0
89520 0
89530 0
89540 0
89550 0
89560 0
89570 0
89580 0
89590 0
89600 0
89610 0
89620 0
89630 0
89640 0
89650 0
89660 0
89670 0
89680 0
89690 0
89700 0
89710 0
89720 0
89730 0
89740 0
89750 0
89760 0
89770 0
89780 0
89790 0
89800 0
89810 0
89820 0
89830 0
89840 0
89850 0
89860 0
89870 0
89880 0
89890 0
89900 0
89910 0
89920 0
89930 0
89940 0
89950 0
89960 0
89970 0
89980 0
89990 0
90000 0
90010 0
90020 0
90030 0
90040 0
90050 0
90060 0
90070 0
90080 0
90090 0
90100 0
90110 0
90120 0
90130 0
90140 0
90150 0
90160 0
90170 0
90180 0
90190 0
90200 0
90210 0
90220 0
90230 0
90240 0
90250 0
90260 0
90270 0
90280 0
90290 0
90300 0
90310 0
90320 0
90330 0
90340 0
90350 0
90360 0
90370 0
90380 0
90390 0
90400 0
90410 0
90420 0
90430 0
90440 0
90450 0
90460 0
90470 0
90480 0
90490 0
90500 0
90510 0
90520 0
90530 0
90540 0
90550 0
90560 0
90570 0
90580 0
90590 0
90600 0
90610 0
90620 0
90630 0
90640 0
90650 0
90660 0
90670 0
90680 0
90690 0
90700 0
90710 0
90720 0
90730 0
90740 0
90750 0
90760 0
90770 0
90780 0
90790 0
90800 0
90810 0
90820 0
90830 0
90840 0
90850 0
90860 0
90870 0
90880 0
90890 0
90900 0
90910 0
90920 0
90930 0
90940 0
90950 0
90960 0
90970 0
90980 0
90990 0
91000 0
91010 0
91020 0
91030 0
91040 0
91050 0
91060 0
91070 0
91080 0
91090 0
91100 0
91110 0
91120 0
91130 0
91140 0
91150 0
91160 0
91170 0
91180 0
91190 0
91200 0
91210 0
91220 0
91230 0
91240 0
91250 0
91260 0
91270 0
91280 0
91290 0
91300 0
91310 0
91320 0
91330 0
91340 0
91350 0
91360 0
91370 0
91380 0
91390 0
91400 0
91410 0
91420 0
91430 0
91440 0
91450 0
91460 0
91470 0
91480 0
91490 0
91500 0
91510 0
91520 0
91530 0
91540 0
91550 0
91560 0
91570 0
91580 0
91590 0
91600 0
91610 0
91620 0
91630 0
91640 0
91650 0
91660 0
91670 0
91680 0
91690 0
91700 0
91710 0
91720 0
91730 0
91740 0
91750 0
91760 0
91770 0
91780 0
91790 0
91800 0
91810 0
91820 0
91830 0
91840 0
91850 0
91860 0
91870 0
91880 0
91890 0
91900 0
91910 0
91920 0
91930 0
91940 0
91950 0
91960 0
91970 0
91980 0
91990 0
92000 0
92010 0
92020 0
92030 0
92040 0
92050 0
92060 0
92070 0
92080 0
92090 0
92100 0
92110 0
92120 0
92130 0
92140 0
92150 0
92160 0
92170 0
92180 0
92190 0
92200 0
92210 0
92220 0
92230 0
92240 0
92250 0
92260 0
92270 0
92280 0
92290 0
92300 0
92310 0
92320 0
92330 0
92340 0
92350 0
92360 0
92370 0
92380 0
92390 0
92400 0
92410 0
92420 0
92430 0
92440 0
92450 0
92460 0
92470 0
92480 0
92490 0
92500 0
92510 0
92520 0
92530 0
92540 0
92550 0
92560 0
92570 0
92580 0
92590 0
92600 0
92610 0
92620 0
92630 0
92640 0
92650 0
92660 0
92670 0
92680 0
92690 0
92700 0
92710 0
92720 0
92730 0
92740 0
92750 0
92760 0
92770 0
92780 0
92790 0
92800 0
92810 0
92820 0
92830 0
92840 0
92850 0
92860 0
92870 0
92880 0
92890 0
92900 0
92910 0
92920 0
92930 0
92940 0
92950 0
92960 0
92970 0
92980 0
92990 0
93000 0
93010 0
93020 0
93030 0
93040 0
93050 0
93060 0
93070 0
93080 0
93090 0
93100 0
93110 0
93120 0
93130 0
93140 0
93150 0
93160 0
93170 0
93180 0
93190 0
93200 0
93210 0
93220 0
93230 0
93240 0
93250 0
93260 0
93270 0
93280 0
93290 0
93300 0
93310 0
93320 0
93330 0
93340 0
93350 0
93360 0
93370 0
93380 0
93390 0
93400 0
93410 0
93420 0
93430 0
93440 0
93450 0
93460 0
93470 0
93480 0
93490 0
93500 0
93510 0
93520 0
93530 0
93540 0
93550 0
93560 0
93570 0
93580 0
93590 0
93600 0
93610 0
93620 0
93630 0
93640 0
93650 0
93660 0
93670 0
93680 0
93690 0
93700 0
93710 0
93720 0
93730 0
93740 0
93750 0
93760 0
93770 0
93780 0
93790 0
93800 0
93810 0
93820 0
93830 0
93840 0
93850 0
93860 0
93870 0
93880 0
93890 0
93900 0
93910 0
93920 0
93930 0
93940 0
93950 0
93960 0
93970 0
93980 0
93990 0
94000 0
94010 0
94020 0
94030 0
94040 0
94050 0
94060 0
94070 0
94080 0
94090 0
94100 0
94110 0
94120 0
94130 0
94140 0
94150 0
94160 0
94170 0
94180 0
94190 0
94200 0
94210 0
94220 0
94230 0
94240 0
94250 0
94260 0
94270 0
94280 0
94290 0
94300 0
94310 0
94320 0
94330 0
94340 0
94350 0
94360 0
94370 0
94380 0
94390 0
94400 0
94410 0
94420 0
94430 0
94440 0
94450 0
94460 0
94470 0
94480 0
94490 0
94500 0
94510 0
94520 0
94530 0
94540 0
94550 0
94560 0
94570 0
94580 0
94590 0
94600 0
94610 0
94620 0
94630 0
94640 0
94650 0
94660 0
94670 0
94680 0
94690 0
94700 0
94710 0
94720 0
94730 0
94740 0
94750 0
94760 0
94770 0
94780 0
94790 0
94800 0
94810 0
94820 0
94830 0
94840 0
94850 0
94860 0
94870 0
94880 0
94890 0
94900 0
94910 0
94920 0
94930 0
94940 0
94950 0
94960 0
94970 0
94980 0
94990 0
95000 0
95010 0
95020 0
95030 0
95040 0
95050 0
95060 0
95070 0
95080 0
95090 0
95100 0
95110 0
95120 0
95130 0
95140 0
95150 0
95160 0
95170 0
95180 0
95190 0
95200 0
95210 0
95220 0
95230 0
95240 0
95250 0
95260 0
95270 0
95280 0
95290 0
95300 0
95310 0
95320 0
95330 0
95340 0
95350 0
95360 0
95370 0
95380 0
95390 0
95400 0
95410 0
95420 0
95430 0
95440 0
95450 0
95460 0
95470 0
95480 0
95490 0
95500 0
95510 0
95520 0
95530 0
95540 0
95550 0
95560 0
95570 0
95580 0
95590 0
95600 0
95610 0
95620 0
95630 0
95640 0
95650 0
95660 0
95670 0
95680 0
95690 0
95700 0
95710 0
95720 0
95730 0
95740 0
95750 0
95760 0
95770 0
95780 0
95790 0
95800 0
95810 0
95820 0
95830 0
95840 0
95850 0
95860 0
95870 0
95880 0
95890 0
95900 0
95910 0
95920 0
95930 0
95940 0
95950 0
95960 0
95970 0
95980 0
95990 0
96000 0
96010 0
96020 0
96030 0
96040 0
96050 0
96060 0
96070 0
96080 0
96090 0
96100 0
96110 0
96120 0
96130 0
96140 0
96150 0
96160 0
96170 0
96180 0
96190 0
96200 0
96210 0
96220 0
96230 0
96240 0
96250 0
96260 0
96270 0
96280 0
96290 0
96300 0
96310 0
96320 0
96330 0
96340 0
96350 0
96360 0
96370 0
96380 0
96390 0
96400 0
96410 0
96420 0
96430 0
96440 0
96450 0
96460 0
96470 0
96480 0
96490 0
96500 0
96510 0
96520 0
96530 0
96540 0
96550 0
96560 0
96570 0
96580 0
96590 0
96600 0
96610 0
96620 0
96630 0
96640 0
96650 0
96660 0
96670 0
96680 0
96690 0
96700 0
96710 0
96720 0
96730 0
96740 0
96750 0
96760 0
96770 0
96780 0
96790 0
96800 0
96810 0
96820 0
96830 0
96840 0
96850 0
96860 0
96870 0
96880 0
96890 0
96900 0
96910 0
96920 0
96930 0
96940 0
96950 0
96960 0
96970 0
96980 0
96990 0
97000 0
97010 0
97020 0
97030 0
97040 0
97050 0
97060 0
97070 0
97080 0
97090 0
97100 0
97110 0
97120 0
97130 0
97140 0
97150 0
97160 0
97170 0
97180 0
97190 0
97200 0
97210 0
97220 0
97230 0
97240 0
97250 0
97260 0
97270 0
97280 0
97290 0
97300 0
97310 0
97320 0
97330 0
97340 0
97350 0
97360 0
97370 0
97380 0
97390 0
97400 0
97410 0
97420 0
97430 0
97440 0
97450 0
97460 0
97470 0
97480 0
97490 0
97500 0
97510 0
97520 0
97530 0
97540 0
97550 0
97560 0
97570 0
97580 0
97590 0
97600 0
97610 0
97620 0
97630 0
97640 0
97650 0
97660 0
97670 0
97680 0
97690 0
97700 0
97710 0
97720 0
97730 0
97740 0
97750 0
97760 0
97770 0
97780 0
97790 0
97800 0
97810 0
97820 0
97830 0
97840 0
97850 0
97860 0
97870 0
97880 0
97890 0
97900 0
97910 0
97920 0
97930 0
97940 0
97950 0
97960 0
97970 0
97980 0
97990 0
98000 0
98010 0
98020 0
98030 0
98040 0
98050 0
98060 0
98070 0
98080 0
98090 0
98100 0
98110 0
98120 0
98130 0
98140 0
98150 0
98160 0
98170 0
98180 0
98190 0
98200 0
98210 0
98220 0
98230 0
98240 0
98250 0
98260 0
98270 0
98280 0
98290 0
98300 0
98310 0
98320 0
98330 0
98340 0
98350 0
98360 0
98370 0
98380 0
98390 0
98400 0
98410 0
98420 0
98430 0
98440 0
98450 0
98460 0
98470 0
98480 0
98490 0
98500 0
98510 0
98520 0
98530 0
98540 0
98550 0
98560 0
98570 0
98580 0
98590 0
98600 0
98610 0
98620 0
98630 0
98640 0
98650 0
98660 0
98670 0
98680 0
98690 0
98700 0
98710 0
98720 0
98730 0
98740 0
98750 0
98760 0
98770 0
98780 0
98790 0
98800 0
98810 0
98820 0
98830 0
98840 0
98850 0
98860 0
98870 0
98880 0
98890 0
98900 0
98910 0
98920 0
98930 0
98940 0
98950 0
98960 0
98970 0
98980 0
98990 0
99000 0
99010 0
99020 0
99030 0
99040 0
99050 0
99060 0
99070 0
99080 0
99090 0
99100 0
99110 0
99120 0
99130 0
99140 0
99150 0
99160 0
99170 0
99180 0
99190 0
99200 0
99210 0
99220 0
99230 0
99240 0
99250 0
99260 0
99270 0
99280 0
99290 0
99300 0
99310 0
99320 0
99330 0
99340 0
99350 0
99360 0
99370 0
99380 0
99390 0
99400 0
99410 0
99420 0
99430 0
99440 0
99450 0
99460 0
99470 0
99480 0
99490 0
99500 0
99510 0
99520 0
99530 0
99540 0
99550 0
99560 0
99570 0
99580 0
99590 0
99600 0
99610 0
99620 0
99630 0
99640 0
99650 0
99660 0
99670 0
99680 0
99690 0
99700 0
99710 0
99720 0
99730 0
99740 0
99750 0
99760 0
99770 0
99780 0
99790 0
99800 0
99810 0
99820 0
99830 0
99840 0
99850 0
99860 0
99870 0
99880 0
99890 0
99900 0
99910 0
99920 0
99930 0
99940 0
99950 0
99960 0
99970 0
99980 0
99990 0
