# Frame Contacts
30000 0
30010 0
30020 0
30030 0
30040 0
30050 0
30060 0
30070 0
30080 0
30090 0
30100 0
30110 0
30120 0
30130 0
30140 0
30150 0
30160 0
30170 0
30180 0
30190 0
30200 0
30210 0
30220 0
30230 0
30240 0
30250 0
30260 0
30270 0
30280 0
30290 0
30300 0
30310 0
30320 0
30330 0
30340 0
30350 0
30360 0
30370 0
30380 0
30390 0
30400 0
30410 0
30420 0
30430 0
30440 0
30450 0
30460 0
30470 0
30480 0
30490 0
30500 0
30510 0
30520 0
30530 0
30540 0
30550 0
30560 0
30570 0
30580 0
30590 0
30600 0
30610 0
30620 0
30630 0
30640 0
30650 0
30660 0
30670 0
30680 0
30690 0
30700 0
30710 0
30720 0
30730 0
30740 0
30750 0
30760 0
30770 0
30780 0
30790 0
30800 0
30810 0
30820 0
30830 0
30840 0
30850 0
30860 0
30870 0
30880 0
30890 0
30900 0
30910 0
30920 0
30930 0
30940 0
30950 0
30960 0
30970 0
30980 0
30990 0
31000 0
31010 0
31020 0
31030 0
31040 0
31050 0
31060 0
31070 0
31080 0
31090 0
31100 0
31110 0
31120 0
31130 0
31140 0
31150 0
31160 0
31170 0
31180 0
31190 0
31200 0
31210 0
31220 0
31230 0
31240 0
31250 0
31260 0
31270 0
31280 0
31290 0
31300 0
31310 0
31320 0
31330 0
31340 0
31350 0
31360 0
31370 0
31380 1
31390 0
31400 0
31410 0
31420 0
31430 0
31440 0
31450 0
31460 0
31470 0
31480 0
31490 0
31500 0
31510 0
31520 0
31530 0
31540 0
31550 0
31560 1
31570 0
31580 0
31590 0
31600 0
31610 1
31620 0
31630 1
31640 1
31650 0
31660 3
31670 0
31680 0
31690 0
31700 0
31710 0
31720 0
31730 0
31740 0
31750 0
31760 0
31770 0
31780 0
31790 0
31800 0
31810 0
31820 0
31830 0
31840 0
31850 0
31860 0
31870 0
31880 0
31890 0
31900 1
31910 0
31920 0
31930 0
31940 0
31950 3
31960 2
31970 1
31980 1
31990 1
32000 1
32010 0
32020 0
32030 0
32040 0
32050 0
32060 0
32070 0
32080 0
32090 0
32100 4
32110 4
32120 4
32130 4
32140 3
32150 2
32160 1
32170 4
32180 4
32190 6
32200 6
32210 5
32220 4
32230 3
32240 3
32250 4
32260 4
32270 3
32280 3
32290 3
32300 3
32310 3
32320 3
32330 4
32340 3
32350 4
32360 6
32370 3
32380 3
32390 4
32400 5
32410 3
32420 3
32430 3
32440 2
32450 2
32460 3
32470 1
32480 1
32490 0
32500 0
32510 0
32520 1
32530 0
32540 0
32550 0
32560 0
32570 0
32580 0
32590 0
32600 0
32610 0
32620 0
32630 0
32640 0
32650 0
32660 0
32670 0
32680 0
32690 0
32700 0
32710 0
32720 0
32730 0
32740 0
32750 0
32760 0
32770 0
32780 0
32790 0
32800 0
32810 0
32820 0
32830 0
32840 1
32850 0
32860 0
32870 0
32880 0
32890 0
32900 0
32910 0
32920 0
32930 0
32940 0
32950 0
32960 0
32970 0
32980 0
32990 0
33000 0
33010 0
33020 0
33030 0
33040 0
33050 0
33060 0
33070 0
33080 0
33090 0
33100 0
33110 0
33120 0
33130 0
33140 0
33150 0
33160 0
33170 0
33180 0
33190 0
33200 0
33210 0
33220 0
33230 0
33240 0
33250 0
33260 0
33270 0
33280 0
33290 0
33300 0
33310 0
33320 0
33330 0
33340 0
33350 0
33360 0
33370 0
33380 0
33390 0
33400 0
33410 0
33420 0
33430 0
33440 0
33450 0
33460 0
33470 0
33480 0
33490 0
33500 0
33510 0
33520 0
33530 0
33540 0
33550 0
33560 0
33570 0
33580 0
33590 0
33600 0
33610 0
33620 0
33630 0
33640 0
33650 0
33660 2
33670 2
33680 3
33690 0
33700 2
33710 2
33720 0
33730 0
33740 0
33750 0
33760 2
33770 2
33780 2
33790 4
33800 2
33810 1
33820 3
33830 0
33840 3
33850 3
33860 2
33870 0
33880 6
33890 2
33900 1
33910 3
33920 1
33930 0
33940 0
33950 0
33960 1
33970 0
33980 0
33990 0
34000 0
34010 0
34020 1
34030 0
34040 0
34050 0
34060 2
34070 0
34080 0
34090 0
34100 0
34110 0
34120 0
34130 0
34140 0
34150 0
34160 0
34170 0
34180 0
34190 0
34200 2
34210 0
34220 0
34230 0
34240 2
34250 1
34260 2
34270 0
34280 0
34290 0
34300 0
34310 0
34320 0
34330 1
34340 0
34350 0
34360 0
34370 0
34380 0
34390 0
34400 0
34410 1
34420 3
34430 2
34440 2
34450 2
34460 2
34470 0
34480 0
34490 1
34500 0
34510 0
34520 0
34530 1
34540 0
34550 0
34560 0
34570 1
34580 2
34590 1
34600 1
34610 2
34620 2
34630 2
34640 3
34650 1
34660 0
34670 0
34680 0
34690 0
34700 0
34710 0
34720 0
34730 0
34740 1
34750 0
34760 0
34770 0
34780 1
34790 1
34800 1
34810 1
34820 1
34830 0
34840 0
34850 0
34860 0
34870 1
34880 0
34890 0
34900 0
34910 1
34920 0
34930 0
34940 0
34950 0
34960 0
34970 1
34980 0
34990 1
35000 0
35010 0
35020 1
35030 0
35040 0
35050 0
35060 0
35070 0
35080 1
35090 0
35100 2
35110 1
35120 1
35130 0
35140 0
35150 0
35160 0
35170 0
35180 0
35190 1
35200 10
35210 7
35220 10
35230 6
35240 7
35250 10
35260 9
35270 13
35280 9
35290 9
35300 11
35310 9
35320 8
35330 10
35340 1
35350 12
35360 8
35370 5
35380 8
35390 11
35400 5
35410 3
35420 3
35430 11
35440 4
35450 13
35460 6
35470 17
35480 14
35490 13
35500 3
35510 9
35520 5
35530 4
35540 11
35550 15
35560 21
35570 13
35580 16
35590 20
35600 11
35610 6
35620 8
35630 10
35640 7
35650 15
35660 4
35670 3
35680 2
35690 7
35700 13
35710 12
35720 9
35730 8
35740 11
35750 12
35760 12
35770 7
35780 10
35790 7
35800 6
35810 6
35820 11
35830 12
35840 14
35850 7
35860 12
35870 7
35880 7
35890 7
35900 7
35910 6
35920 9
35930 13
35940 10
35950 8
35960 11
35970 8
35980 8
35990 5
36000 6
36010 7
36020 7
36030 2
36040 7
36050 11
36060 6
36070 13
36080 10
36090 9
36100 6
36110 5
36120 7
36130 5
36140 5
36150 5
36160 3
36170 2
36180 6
36190 6
36200 10
36210 7
36220 6
36230 4
36240 9
36250 8
36260 5
36270 10
36280 12
36290 8
36300 9
36310 9
36320 9
36330 10
36340 12
36350 12
36360 10
36370 10
36380 9
36390 7
36400 2
36410 1
36420 1
36430 1
36440 0
36450 2
36460 0
36470 0
36480 2
36490 1
36500 0
36510 0
36520 1
36530 2
36540 6
36550 8
36560 5
36570 12
36580 12
36590 5
36600 11
36610 9
36620 12
36630 16
36640 15
36650 9
36660 4
36670 9
36680 11
36690 8
36700 12
36710 6
36720 12
36730 4
36740 2
36750 10
36760 3
36770 12
36780 7
36790 7
36800 10
36810 16
36820 15
36830 10
36840 4
36850 9
36860 10
36870 14
36880 11
36890 12
36900 5
36910 1
36920 3
36930 9
36940 7
36950 8
36960 8
36970 0
36980 13
36990 15
37000 15
37010 4
37020 19
37030 15
37040 10
37050 9
37060 9
37070 9
37080 6
37090 11
37100 10
37110 10
37120 4
37130 0
37140 8
37150 8
37160 13
37170 10
37180 8
37190 9
37200 7
37210 8
37220 8
37230 5
37240 0
37250 0
37260 3
37270 0
37280 0
37290 0
37300 0
37310 0
37320 0
37330 4
37340 1
37350 0
37360 0
37370 3
37380 1
37390 2
37400 1
37410 0
37420 2
37430 1
37440 1
37450 2
37460 0
37470 1
37480 1
37490 1
37500 0
37510 0
37520 1
37530 4
37540 0
37550 0
37560 2
37570 0
37580 4
37590 1
37600 0
37610 2
37620 1
37630 3
37640 0
37650 0
37660 3
37670 1
37680 0
37690 1
37700 1
37710 1
37720 1
37730 0
37740 0
37750 0
37760 3
37770 1
37780 0
37790 1
37800 1
37810 0
37820 0
37830 1
37840 1
37850 0
37860 0
37870 0
37880 1
37890 1
37900 1
37910 1
37920 0
37930 0
37940 0
37950 0
37960 0
37970 1
37980 0
37990 3
38000 1
38010 0
38020 1
38030 0
38040 0
38050 0
38060 0
38070 1
38080 0
38090 1
38100 0
38110 1
38120 0
38130 0
38140 1
38150 4
38160 4
38170 5
38180 5
38190 2
38200 0
38210 1
38220 2
38230 4
38240 2
38250 2
38260 2
38270 1
38280 0
38290 1
38300 2
38310 8
38320 6
38330 9
38340 7
38350 8
38360 11
38370 17
38380 1
38390 0
38400 2
38410 2
38420 8
38430 10
38440 12
38450 3
38460 6
38470 6
38480 1
38490 1
38500 1
38510 0
38520 1
38530 2
38540 2
38550 1
38560 0
38570 0
38580 2
38590 1
38600 1
38610 1
38620 1
38630 2
38640 2
38650 4
38660 8
38670 7
38680 15
38690 3
38700 4
38710 5
38720 9
38730 8
38740 2
38750 3
38760 1
38770 1
38780 1
38790 0
38800 0
38810 3
38820 0
38830 1
38840 6
38850 16
38860 18
38870 5
38880 5
38890 2
38900 5
38910 11
38920 2
38930 1
38940 3
38950 5
38960 5
38970 6
38980 9
38990 8
39000 10
39010 11
39020 6
39030 8
39040 9
39050 8
39060 0
39070 10
39080 9
39090 20
39100 11
39110 13
39120 2
39130 3
39140 12
39150 7
39160 5
39170 3
39180 2
39190 6
39200 5
39210 5
39220 4
39230 9
39240 4
39250 0
39260 7
39270 4
39280 2
39290 2
39300 1
39310 5
39320 9
39330 6
39340 3
39350 2
39360 4
39370 0
39380 0
39390 0
39400 0
39410 0
39420 0
39430 1
39440 0
39450 2
39460 1
39470 3
39480 1
39490 1
39500 0
39510 0
39520 1
39530 0
39540 1
39550 8
39560 4
39570 16
39580 13
39590 13
39600 7
39610 11
39620 14
39630 8
39640 11
39650 9
39660 7
39670 4
39680 0
39690 1
39700 0
39710 1
39720 3
39730 6
39740 8
39750 0
39760 0
39770 0
39780 3
39790 6
39800 1
39810 6
39820 0
39830 0
39840 3
39850 7
39860 3
39870 6
39880 12
39890 6
39900 5
39910 15
39920 11
39930 15
39940 10
39950 3
39960 14
39970 7
39980 3
39990 10
40000 14
40010 3
40020 1
40030 0
40040 0
40050 2
40060 8
40070 19
40080 10
40090 9
40100 9
40110 8
40120 11
40130 1
40140 5
40150 6
40160 10
40170 10
40180 7
40190 4
40200 7
40210 7
40220 3
40230 4
40240 2
40250 0
40260 0
40270 0
40280 0
40290 0
40300 0
40310 7
40320 14
40330 14
40340 25
40350 7
40360 19
40370 15
40380 12
40390 12
40400 14
40410 16
40420 20
40430 25
40440 17
40450 22
40460 11
40470 22
40480 16
40490 20
40500 24
40510 19
40520 7
40530 19
40540 24
40550 19
40560 23
40570 17
40580 19
40590 13
40600 7
40610 11
40620 13
40630 13
40640 18
40650 16
40660 10
40670 10
40680 14
40690 13
40700 17
40710 11
40720 15
40730 21
40740 14
40750 13
40760 8
40770 13
40780 12
40790 12
40800 11
40810 10
40820 8
40830 11
40840 10
40850 5
40860 10
40870 8
40880 10
40890 8
40900 16
40910 19
40920 17
40930 14
40940 18
40950 12
40960 16
40970 19
40980 13
40990 12
41000 11
41010 12
41020 9
41030 16
41040 9
41050 5
41060 4
41070 5
41080 2
41090 3
41100 12
41110 2
41120 3
41130 8
41140 11
41150 1
41160 2
41170 1
41180 7
41190 4
41200 7
41210 9
41220 8
41230 11
41240 8
41250 10
41260 12
41270 11
41280 8
41290 13
41300 9
41310 13
41320 10
41330 13
41340 8
41350 9
41360 17
41370 10
41380 10
41390 9
41400 10
41410 10
41420 12
41430 9
41440 11
41450 9
41460 9
41470 5
41480 22
41490 6
41500 13
41510 8
41520 9
41530 6
41540 5
41550 8
41560 18
41570 14
41580 7
41590 6
41600 11
41610 19
41620 20
41630 25
41640 24
41650 8
41660 21
41670 23
41680 26
41690 23
41700 13
41710 12
41720 21
41730 17
41740 18
41750 17
41760 13
41770 16
41780 13
41790 11
41800 16
41810 17
41820 12
41830 13
41840 18
41850 15
41860 3
41870 0
41880 2
41890 5
41900 1
41910 18
41920 20
41930 24
41940 20
41950 14
41960 11
41970 12
41980 15
41990 16
42000 18
42010 20
42020 20
42030 19
42040 16
42050 14
42060 24
42070 22
42080 18
42090 18
42100 8
42110 15
42120 8
42130 16
42140 12
42150 11
42160 12
42170 7
42180 7
42190 7
42200 8
42210 18
42220 15
42230 20
42240 18
42250 31
42260 20
42270 28
42280 23
42290 25
42300 14
42310 16
42320 16
42330 27
42340 18
42350 15
42360 18
42370 6
42380 13
42390 23
42400 16
42410 15
42420 22
42430 21
42440 28
42450 18
42460 21
42470 25
42480 24
42490 18
42500 22
42510 12
42520 18
42530 23
42540 16
42550 16
42560 6
42570 1
42580 2
42590 0
42600 7
42610 6
42620 5
42630 5
42640 6
42650 7
42660 6
42670 1
42680 0
42690 0
42700 0
42710 1
42720 1
42730 0
42740 0
42750 0
42760 2
42770 13
42780 6
42790 5
42800 5
42810 0
42820 0
42830 0
42840 0
42850 2
42860 9
42870 12
42880 11
42890 5
42900 6
42910 6
42920 8
42930 8
42940 11
42950 9
42960 11
42970 13
42980 12
42990 7
43000 7
43010 10
43020 9
43030 10
43040 5
43050 0
43060 0
43070 0
43080 1
43090 1
43100 7
43110 5
43120 9
43130 9
43140 8
43150 0
43160 0
43170 0
43180 4
43190 0
43200 0
43210 0
43220 0
43230 0
43240 0
43250 0
43260 0
43270 0
43280 0
43290 0
43300 0
43310 0
43320 0
43330 0
43340 0
43350 0
43360 0
43370 0
43380 0
43390 0
43400 0
43410 0
43420 0
43430 0
43440 0
43450 0
43460 0
43470 0
43480 0
43490 0
43500 0
43510 0
43520 0
43530 0
43540 0
43550 0
43560 0
43570 0
43580 0
43590 0
43600 0
43610 0
43620 0
43630 0
43640 0
43650 0
43660 0
43670 0
43680 0
43690 0
43700 0
43710 0
43720 0
43730 0
43740 0
43750 0
43760 0
43770 0
43780 0
43790 0
43800 0
43810 0
43820 0
43830 1
43840 0
43850 0
43860 0
43870 0
43880 0
43890 0
43900 0
43910 0
43920 1
43930 0
43940 0
43950 0
43960 0
43970 0
43980 0
43990 0
44000 0
44010 0
44020 0
44030 0
44040 0
44050 0
44060 0
44070 0
44080 0
44090 0
44100 0
44110 0
44120 0
44130 1
44140 0
44150 0
44160 0
44170 0
44180 0
44190 0
44200 0
44210 0
44220 0
44230 0
44240 0
44250 0
44260 0
44270 0
44280 0
44290 0
44300 0
44310 0
44320 0
44330 0
44340 0
44350 0
44360 0
44370 0
44380 0
44390 0
44400 0
44410 0
44420 0
44430 0
44440 0
44450 0
44460 0
44470 0
44480 0
44490 0
44500 0
44510 0
44520 0
44530 0
44540 0
44550 0
44560 0
44570 0
44580 0
44590 0
44600 0
44610 0
44620 0
44630 0
44640 0
44650 0
44660 0
44670 0
44680 0
44690 0
44700 0
44710 0
44720 0
44730 0
44740 0
44750 0
44760 0
44770 0
44780 0
44790 0
44800 0
44810 0
44820 0
44830 0
44840 0
44850 0
44860 0
44870 0
44880 0
44890 0
44900 0
44910 0
44920 0
44930 0
44940 0
44950 0
44960 0
44970 0
44980 0
44990 0
45000 0
45010 0
45020 0
45030 0
45040 0
45050 0
45060 0
45070 0
45080 0
45090 0
45100 0
45110 0
45120 0
45130 0
45140 0
45150 0
45160 0
45170 0
45180 0
45190 0
45200 0
45210 0
45220 0
45230 0
45240 0
45250 0
45260 0
45270 0
45280 0
45290 0
45300 0
45310 0
45320 0
45330 0
45340 0
45350 0
45360 0
45370 0
45380 0
45390 0
45400 0
45410 0
45420 0
45430 0
45440 0
45450 0
45460 0
45470 0
45480 0
45490 0
45500 0
45510 0
45520 0
45530 0
45540 0
45550 0
45560 0
45570 0
45580 0
45590 0
45600 0
45610 0
45620 0
45630 0
45640 0
45650 0
45660 0
45670 0
45680 0
45690 0
45700 0
45710 0
45720 0
45730 0
45740 0
45750 0
45760 0
45770 0
45780 0
45790 0
45800 0
45810 0
45820 0
45830 0
45840 0
45850 0
45860 0
45870 0
45880 0
45890 0
45900 0
45910 0
45920 0
45930 0
45940 0
45950 0
45960 0
45970 0
45980 0
45990 0
46000 0
46010 0
46020 0
46030 0
46040 0
46050 0
46060 0
46070 0
46080 0
46090 0
46100 0
46110 0
46120 0
46130 0
46140 0
46150 0
46160 0
46170 0
46180 0
46190 0
46200 0
46210 0
46220 0
46230 0
46240 0
46250 0
46260 0
46270 0
46280 0
46290 0
46300 0
46310 0
46320 0
46330 0
46340 0
46350 0
46360 0
46370 0
46380 0
46390 0
46400 0
46410 0
46420 0
46430 0
46440 0
46450 0
46460 0
46470 0
46480 0
46490 0
46500 0
46510 0
46520 0
46530 0
46540 0
46550 0
46560 0
46570 0
46580 0
46590 0
46600 0
46610 0
46620 0
46630 0
46640 0
46650 0
46660 0
46670 0
46680 0
46690 0
46700 0
46710 0
46720 0
46730 0
46740 0
46750 0
46760 0
46770 0
46780 0
46790 0
46800 0
46810 0
46820 0
46830 0
46840 0
46850 0
46860 0
46870 0
46880 0
46890 0
46900 0
46910 0
46920 0
46930 0
46940 0
46950 0
46960 0
46970 0
46980 0
46990 0
47000 0
47010 0
47020 0
47030 0
47040 0
47050 0
47060 0
47070 0
47080 0
47090 0
47100 0
47110 0
47120 0
47130 0
47140 0
47150 0
47160 0
47170 0
47180 0
47190 0
47200 0
47210 0
47220 0
47230 0
47240 0
47250 0
47260 0
47270 0
47280 0
47290 0
47300 0
47310 0
47320 0
47330 0
47340 0
47350 0
47360 0
47370 0
47380 0
47390 0
47400 0
47410 0
47420 0
47430 0
47440 0
47450 0
47460 0
47470 0
47480 0
47490 0
47500 0
47510 0
47520 0
47530 0
47540 0
47550 0
47560 0
47570 0
47580 0
47590 0
47600 0
47610 0
47620 0
47630 0
47640 0
47650 0
47660 0
47670 0
47680 0
47690 0
47700 0
47710 0
47720 0
47730 0
47740 0
47750 0
47760 0
47770 0
47780 0
47790 0
47800 0
47810 0
47820 0
47830 0
47840 0
47850 0
47860 0
47870 0
47880 0
47890 0
47900 0
47910 0
47920 0
47930 0
47940 0
47950 0
47960 0
47970 0
47980 0
47990 0
48000 0
48010 0
48020 0
48030 0
48040 0
48050 0
48060 0
48070 0
48080 0
48090 0
48100 0
48110 0
48120 0
48130 0
48140 0
48150 0
48160 0
48170 0
48180 0
48190 0
48200 0
48210 0
48220 0
48230 0
48240 0
48250 0
48260 0
48270 0
48280 0
48290 0
48300 0
48310 0
48320 0
48330 0
48340 0
48350 0
48360 0
48370 0
48380 0
48390 0
48400 0
48410 0
48420 0
48430 0
48440 0
48450 0
48460 0
48470 0
48480 0
48490 0
48500 0
48510 0
48520 0
48530 0
48540 0
48550 0
48560 0
48570 0
48580 0
48590 0
48600 0
48610 0
48620 0
48630 0
48640 0
48650 0
48660 0
48670 3
48680 0
48690 0
48700 0
48710 0
48720 0
48730 0
48740 0
48750 0
48760 0
48770 0
48780 0
48790 0
48800 0
48810 0
48820 0
48830 0
48840 0
48850 0
48860 0
48870 0
48880 0
48890 0
48900 0
48910 0
48920 0
48930 0
48940 0
48950 0
48960 0
48970 0
48980 0
48990 0
49000 0
49010 0
49020 0
49030 0
49040 0
49050 0
49060 0
49070 0
49080 0
49090 1
49100 0
49110 0
49120 0
49130 0
49140 0
49150 0
49160 0
49170 0
49180 0
49190 0
49200 0
49210 0
49220 0
49230 0
49240 0
49250 0
49260 0
49270 0
49280 0
49290 0
49300 0
49310 0
49320 0
49330 0
49340 0
49350 0
49360 4
49370 0
49380 0
49390 1
49400 0
49410 0
49420 0
49430 0
49440 0
49450 0
49460 0
49470 0
49480 0
49490 0
49500 0
49510 0
49520 0
49530 4
49540 3
49550 0
49560 0
49570 0
49580 0
49590 0
49600 0
49610 0
49620 0
49630 0
49640 0
49650 0
49660 0
49670 0
49680 0
49690 0
49700 0
49710 0
49720 0
49730 0
49740 0
49750 0
49760 0
49770 0
49780 0
49790 0
49800 0
49810 0
49820 0
49830 0
49840 0
49850 1
49860 0
49870 0
49880 0
49890 0
49900 0
49910 0
49920 0
49930 0
49940 0
49950 0
49960 0
49970 0
49980 0
49990 0
50000 0
50010 0
50020 0
50030 0
50040 0
50050 0
50060 0
50070 0
50080 0
50090 1
50100 0
50110 0
50120 0
50130 0
50140 0
50150 0
50160 0
50170 0
50180 0
50190 0
50200 0
50210 0
50220 0
50230 0
50240 0
50250 0
50260 0
50270 0
50280 0
50290 1
50300 0
50310 0
50320 0
50330 0
50340 0
50350 0
50360 0
50370 0
50380 0
50390 0
50400 0
50410 0
50420 0
50430 0
50440 0
50450 1
50460 0
50470 0
50480 0
50490 0
50500 0
50510 0
50520 0
50530 0
50540 0
50550 0
50560 0
50570 0
50580 0
50590 0
50600 0
50610 0
50620 0
50630 0
50640 0
50650 0
50660 0
50670 0
50680 0
50690 0
50700 0
50710 0
50720 0
50730 0
50740 0
50750 0
50760 0
50770 0
50780 0
50790 0
50800 0
50810 0
50820 0
50830 0
50840 0
50850 0
50860 0
50870 0
50880 0
50890 0
50900 0
50910 0
50920 0
50930 0
50940 0
50950 0
50960 0
50970 0
50980 0
50990 3
51000 0
51010 0
51020 0
51030 0
51040 0
51050 0
51060 0
51070 0
51080 0
51090 0
51100 0
51110 0
51120 0
51130 0
51140 0
51150 0
51160 0
51170 0
51180 0
51190 0
51200 0
51210 0
51220 0
51230 0
51240 0
51250 0
51260 1
51270 1
51280 0
51290 0
51300 0
51310 0
51320 0
51330 0
51340 0
51350 0
51360 0
51370 0
51380 0
51390 7
51400 0
51410 1
51420 0
51430 0
51440 0
51450 4
51460 6
51470 1
51480 2
51490 1
51500 0
51510 1
51520 0
51530 0
51540 2
51550 0
51560 4
51570 1
51580 1
51590 2
51600 0
51610 2
51620 8
51630 0
51640 0
51650 0
51660 0
51670 0
51680 0
51690 0
51700 0
51710 0
51720 4
51730 0
51740 0
51750 2
51760 8
51770 5
51780 2
51790 0
51800 1
51810 4
51820 9
51830 14
51840 6
51850 9
51860 11
51870 5
51880 3
51890 0
51900 0
51910 0
51920 0
51930 0
51940 9
51950 4
51960 1
51970 13
51980 9
51990 8
52000 11
52010 2
52020 10
52030 9
52040 9
52050 7
52060 8
52070 9
52080 2
52090 5
52100 11
52110 12
52120 13
52130 8
52140 13
52150 24
52160 15
52170 24
52180 20
52190 23
52200 22
52210 23
52220 16
52230 19
52240 22
52250 19
52260 18
52270 21
52280 12
52290 15
52300 21
52310 17
52320 15
52330 22
52340 13
52350 15
52360 9
52370 13
52380 9
52390 18
52400 12
52410 4
52420 12
52430 13
52440 15
52450 6
52460 2
52470 5
52480 6
52490 6
52500 6
52510 8
52520 6
52530 8
52540 10
52550 11
52560 2
52570 2
52580 0
52590 1
52600 1
52610 3
52620 0
52630 3
52640 4
52650 0
52660 2
52670 1
52680 0
52690 1
52700 7
52710 3
52720 0
52730 0
52740 2
52750 1
52760 3
52770 5
52780 1
52790 4
52800 3
52810 4
52820 4
52830 6
52840 6
52850 3
52860 5
52870 6
52880 6
52890 5
52900 4
52910 4
52920 4
52930 7
52940 5
52950 5
52960 6
52970 4
52980 4
52990 4
53000 5
53010 5
53020 4
53030 5
53040 4
53050 4
53060 3
53070 5
53080 4
53090 5
53100 7
53110 5
53120 6
53130 5
53140 3
53150 4
53160 6
53170 6
53180 6
53190 6
53200 6
53210 7
53220 4
53230 13
53240 12
53250 7
53260 8
53270 0
53280 0
53290 0
53300 0
53310 0
53320 0
53330 5
53340 0
53350 7
53360 0
53370 11
53380 15
53390 18
53400 17
53410 18
53420 13
53430 13
53440 21
53450 17
53460 8
53470 7
53480 6
53490 6
53500 4
53510 2
53520 9
53530 14
53540 10
53550 14
53560 13
53570 10
53580 11
53590 16
53600 16
53610 19
53620 9
53630 4
53640 7
53650 4
53660 4
53670 6
53680 17
53690 15
53700 20
53710 14
53720 25
53730 18
53740 17
53750 24
53760 21
53770 15
53780 11
53790 22
53800 10
53810 16
53820 13
53830 16
53840 13
53850 22
53860 14
53870 18
53880 16
53890 7
53900 14
53910 13
53920 17
53930 11
53940 16
53950 10
53960 16
53970 20
53980 19
53990 28
54000 9
54010 19
54020 18
54030 22
54040 21
54050 19
54060 19
54070 15
54080 20
54090 19
54100 16
54110 12
54120 24
54130 11
54140 23
54150 6
54160 5
54170 5
54180 6
54190 5
54200 6
54210 6
54220 5
54230 3
54240 4
54250 7
54260 1
54270 4
54280 7
54290 2
54300 0
54310 0
54320 0
54330 0
54340 5
54350 3
54360 1
54370 5
54380 11
54390 13
54400 13
54410 12
54420 22
54430 13
54440 21
54450 10
54460 19
54470 20
54480 20
54490 26
54500 14
54510 13
54520 16
54530 22
54540 17
54550 15
54560 17
54570 21
54580 17
54590 15
54600 19
54610 15
54620 16
54630 19
54640 20
54650 23
54660 22
54670 26
54680 19
54690 17
54700 23
54710 18
54720 12
54730 15
54740 9
54750 9
54760 6
54770 6
54780 6
54790 8
54800 6
54810 14
54820 12
54830 12
54840 15
54850 10
54860 13
54870 15
54880 4
54890 4
54900 5
54910 13
54920 7
54930 7
54940 8
54950 24
54960 12
54970 12
54980 3
54990 3
55000 6
55010 8
55020 5
55030 3
55040 0
55050 3
55060 12
55070 26
55080 16
55090 9
55100 2
55110 15
55120 13
55130 27
55140 22
55150 9
55160 6
55170 22
55180 22
55190 16
55200 11
55210 8
55220 7
55230 7
55240 2
55250 4
55260 4
55270 4
55280 3
55290 4
55300 4
55310 4
55320 4
55330 4
55340 10
55350 1
55360 1
55370 0
55380 0
55390 4
55400 6
55410 0
55420 2
55430 3
55440 6
55450 3
55460 4
55470 3
55480 5
55490 4
55500 0
55510 3
55520 5
55530 4
55540 7
55550 4
55560 3
55570 5
55580 3
55590 4
55600 5
55610 5
55620 4
55630 3
55640 5
55650 3
55660 4
55670 5
55680 3
55690 4
55700 4
55710 4
55720 7
55730 4
55740 4
55750 5
55760 3
55770 4
55780 5
55790 5
55800 5
55810 4
55820 6
55830 4
55840 4
55850 4
55860 0
55870 9
55880 6
55890 6
55900 8
55910 3
55920 12
55930 10
55940 3
55950 8
55960 0
55970 10
55980 12
55990 11
56000 7
56010 6
56020 0
56030 6
56040 6
56050 4
56060 2
56070 2
56080 3
56090 5
56100 4
56110 8
56120 18
56130 1
56140 0
56150 0
56160 0
56170 0
56180 0
56190 0
56200 0
56210 0
56220 1
56230 2
56240 0
56250 0
56260 1
56270 0
56280 0
56290 0
56300 0
56310 2
56320 0
56330 0
56340 1
56350 0
56360 0
56370 0
56380 5
56390 3
56400 1
56410 3
56420 4
56430 9
56440 16
56450 11
56460 21
56470 23
56480 13
56490 20
56500 19
56510 28
56520 22
56530 28
56540 23
56550 19
56560 15
56570 13
56580 6
56590 9
56600 9
56610 7
56620 22
56630 17
56640 18
56650 16
56660 13
56670 25
56680 19
56690 19
56700 25
56710 15
56720 16
56730 15
56740 16
56750 25
56760 17
56770 24
56780 18
56790 23
56800 16
56810 26
56820 22
56830 15
56840 10
56850 11
56860 16
56870 37
56880 28
56890 24
56900 15
56910 15
56920 9
56930 16
56940 26
56950 23
56960 22
56970 19
56980 26
56990 25
57000 13
57010 3
57020 6
57030 23
57040 26
57050 3
57060 21
57070 5
57080 12
57090 15
57100 21
57110 16
57120 25
57130 18
57140 14
57150 17
57160 9
57170 8
57180 10
57190 9
57200 11
57210 16
57220 23
57230 10
57240 1
57250 12
57260 13
57270 5
57280 16
57290 18
57300 15
57310 15
57320 15
57330 17
57340 6
57350 17
57360 15
57370 13
57380 15
57390 4
57400 5
57410 18
57420 13
57430 17
57440 9
57450 13
57460 14
57470 15
57480 17
57490 14
57500 9
57510 4
57520 11
57530 14
57540 15
57550 19
57560 5
57570 15
57580 13
57590 14
57600 19
57610 16
57620 16
57630 13
57640 7
57650 15
57660 7
57670 13
57680 4
57690 14
57700 16
57710 13
57720 16
57730 14
57740 13
57750 12
57760 14
57770 13
57780 10
57790 13
57800 16
57810 15
57820 13
57830 23
57840 17
57850 10
57860 11
57870 6
57880 16
57890 12
57900 19
57910 18
57920 10
57930 13
57940 30
57950 34
57960 9
57970 16
57980 10
57990 3
58000 19
58010 11
58020 12
58030 13
58040 4
58050 18
58060 9
58070 13
58080 22
58090 8
58100 19
58110 21
58120 21
58130 13
58140 14
58150 17
58160 12
58170 11
58180 4
58190 1
58200 0
58210 0
58220 0
58230 0
58240 0
58250 0
58260 4
58270 9
58280 18
58290 23
58300 7
58310 15
58320 22
58330 17
58340 20
58350 13
58360 23
58370 20
58380 7
58390 7
58400 2
58410 9
58420 12
58430 15
58440 0
58450 6
58460 3
58470 10
58480 5
58490 7
58500 8
58510 9
58520 0
58530 1
58540 0
58550 0
58560 7
58570 10
58580 16
58590 8
58600 8
58610 6
58620 9
58630 5
58640 9
58650 5
58660 0
58670 1
58680 11
58690 13
58700 21
58710 13
58720 7
58730 6
58740 19
58750 24
58760 21
58770 14
58780 16
58790 17
58800 17
58810 6
58820 0
58830 6
58840 8
58850 4
58860 25
58870 11
58880 13
58890 10
58900 14
58910 24
58920 13
58930 6
58940 23
58950 23
58960 24
58970 17
58980 18
58990 21
59000 21
59010 22
59020 15
59030 19
59040 22
59050 27
59060 26
59070 20
59080 23
59090 26
59100 11
59110 13
59120 13
59130 14
59140 30
59150 19
59160 26
59170 14
59180 14
59190 6
59200 5
59210 2
59220 0
59230 1
59240 6
59250 2
59260 18
59270 17
59280 14
59290 1
59300 0
59310 1
59320 1
59330 10
59340 1
59350 0
59360 1
59370 1
59380 4
59390 15
59400 22
59410 19
59420 22
59430 18
59440 21
59450 18
59460 18
59470 20
59480 16
59490 13
59500 11
59510 21
59520 6
59530 14
59540 23
59550 14
59560 19
59570 10
59580 6
59590 3
59600 1
59610 3
59620 0
59630 0
59640 0
59650 0
59660 0
59670 0
59680 1
59690 7
59700 5
59710 13
59720 5
59730 3
59740 2
59750 7
59760 8
59770 7
59780 0
59790 1
59800 3
59810 15
59820 9
59830 11
59840 19
59850 19
59860 11
59870 16
59880 24
59890 20
59900 14
59910 12
59920 10
59930 6
59940 15
59950 13
59960 15
59970 18
59980 14
59990 24
60000 7
60010 1
60020 5
60030 12
60040 4
60050 6
60060 4
60070 10
60080 9
60090 9
60100 4
60110 0
60120 1
60130 4
60140 3
60150 10
60160 14
60170 13
60180 19
60190 13
60200 11
60210 22
60220 28
60230 23
60240 16
60250 10
60260 9
60270 18
60280 9
60290 14
60300 9
60310 5
60320 1
60330 1
60340 16
60350 12
60360 12
60370 12
60380 12
60390 8
60400 2
60410 17
60420 18
60430 17
60440 22
60450 21
60460 14
60470 16
60480 27
60490 22
60500 21
60510 20
60520 22
60530 19
60540 19
60550 24
60560 20
60570 19
60580 20
60590 13
60600 19
60610 16
60620 21
60630 19
60640 21
60650 20
60660 19
60670 20
60680 15
60690 19
60700 18
60710 19
60720 17
60730 20
60740 20
60750 15
60760 20
60770 15
60780 13
60790 18
60800 18
60810 18
60820 18
60830 20
60840 19
60850 12
60860 15
60870 11
60880 14
60890 17
60900 20
60910 11
60920 14
60930 15
60940 15
60950 18
60960 19
60970 17
60980 2
60990 17
61000 11
61010 29
61020 20
61030 1
61040 9
61050 16
61060 24
61070 16
61080 24
61090 22
61100 22
61110 24
61120 17
61130 19
61140 20
61150 17
61160 19
61170 22
61180 24
61190 25
61200 21
61210 21
61220 21
61230 20
61240 23
61250 20
61260 20
61270 26
61280 22
61290 28
61300 30
61310 28
61320 27
61330 26
61340 23
61350 29
61360 30
61370 26
61380 25
61390 16
61400 22
61410 31
61420 19
61430 21
61440 19
61450 8
61460 20
61470 28
61480 28
61490 16
61500 8
61510 12
61520 17
61530 13
61540 14
61550 7
61560 15
61570 11
61580 25
61590 13
61600 10
61610 16
61620 15
61630 15
61640 16
61650 12
61660 15
61670 12
61680 9
61690 14
61700 22
61710 13
61720 18
61730 12
61740 13
61750 15
61760 3
61770 0
61780 0
61790 0
61800 0
61810 0
61820 0
61830 7
61840 6
61850 6
61860 1
61870 0
61880 0
61890 3
61900 4
61910 8
61920 6
61930 20
61940 16
61950 7
61960 8
61970 15
61980 1
61990 9
62000 9
62010 9
62020 0
62030 9
62040 9
62050 0
62060 0
62070 0
62080 0
62090 0
62100 1
62110 0
62120 8
62130 0
62140 11
62150 5
62160 10
62170 1
62180 5
62190 2
62200 10
62210 10
62220 7
62230 9
62240 7
62250 7
62260 10
62270 4
62280 11
62290 5
62300 6
62310 11
62320 10
62330 10
62340 8
62350 6
62360 9
62370 8
62380 8
62390 8
62400 5
62410 8
62420 14
62430 13
62440 10
62450 9
62460 11
62470 5
62480 6
62490 5
62500 4
62510 15
62520 14
62530 20
62540 10
62550 17
62560 18
62570 8
62580 11
62590 17
62600 0
62610 4
62620 6
62630 10
62640 4
62650 13
62660 11
62670 21
62680 19
62690 17
62700 12
62710 12
62720 22
62730 17
62740 11
62750 7
62760 18
62770 16
62780 19
62790 19
62800 9
62810 27
62820 22
62830 3
62840 17
62850 17
62860 9
62870 7
62880 10
62890 11
62900 10
62910 23
62920 18
62930 26
62940 22
62950 22
62960 25
62970 26
62980 15
62990 29
63000 15
63010 27
63020 31
63030 28
63040 12
63050 30
63060 27
63070 31
63080 35
63090 31
63100 25
63110 27
63120 22
63130 14
63140 21
63150 25
63160 20
63170 18
63180 24
63190 9
63200 9
63210 5
63220 18
63230 14
63240 16
63250 19
63260 17
63270 19
63280 15
63290 11
63300 20
63310 15
63320 18
63330 10
63340 27
63350 8
63360 10
63370 18
63380 18
63390 23
63400 20
63410 22
63420 26
63430 19
63440 27
63450 24
63460 28
63470 30
63480 20
63490 14
63500 22
63510 23
63520 18
63530 23
63540 16
63550 10
63560 11
63570 8
63580 14
63590 23
63600 29
63610 7
63620 37
63630 34
63640 22
63650 8
63660 20
63670 32
63680 20
63690 13
63700 9
63710 9
63720 17
63730 23
63740 13
63750 12
63760 16
63770 27
63780 24
63790 18
63800 18
63810 1
63820 15
63830 31
63840 14
63850 18
63860 16
63870 24
63880 10
63890 18
63900 27
63910 25
63920 17
63930 25
63940 24
63950 25
63960 22
63970 22
63980 23
63990 19
64000 3
64010 1
64020 8
64030 3
64040 15
64050 6
64060 3
64070 1
64080 1
64090 11
64100 21
64110 8
64120 22
64130 13
64140 14
64150 22
64160 17
64170 13
64180 12
64190 22
64200 16
64210 15
64220 19
64230 3
64240 15
64250 20
64260 25
64270 12
64280 18
64290 15
64300 8
64310 16
64320 15
64330 18
64340 13
64350 22
64360 19
64370 25
64380 18
64390 18
64400 22
64410 18
64420 16
64430 2
64440 17
64450 16
64460 13
64470 22
64480 17
64490 0
64500 13
64510 14
64520 13
64530 14
64540 13
64550 10
64560 24
64570 27
64580 18
64590 10
64600 17
64610 11
64620 25
64630 11
64640 16
64650 19
64660 15
64670 14
64680 11
64690 15
64700 11
64710 3
64720 4
64730 16
64740 2
64750 9
64760 6
64770 0
64780 3
64790 5
64800 1
64810 2
64820 18
64830 13
64840 12
64850 8
64860 6
64870 0
64880 1
64890 13
64900 1
64910 4
64920 8
64930 11
64940 7
64950 3
64960 1
64970 4
64980 9
64990 4
65000 14
65010 13
65020 0
65030 0
65040 1
65050 2
65060 4
65070 6
65080 3
65090 7
65100 10
65110 11
65120 2
65130 6
65140 0
65150 2
65160 3
65170 2
65180 5
65190 7
65200 1
65210 3
65220 3
65230 16
65240 6
65250 5
65260 2
65270 12
65280 18
65290 16
65300 15
65310 12
65320 5
65330 5
65340 2
65350 1
65360 6
65370 10
65380 1
65390 4
65400 2
65410 10
65420 5
65430 7
65440 9
65450 10
65460 22
65470 10
65480 11
65490 11
65500 23
65510 20
65520 20
65530 24
65540 13
65550 12
65560 16
65570 11
65580 4
65590 13
65600 9
65610 16
65620 4
65630 11
65640 7
65650 16
65660 19
65670 28
65680 5
65690 13
65700 13
65710 27
65720 18
65730 16
65740 15
65750 23
65760 15
65770 20
65780 12
65790 13
65800 10
65810 1
65820 13
65830 6
65840 10
65850 4
65860 12
65870 5
65880 11
65890 19
65900 16
65910 16
65920 6
65930 12
65940 19
65950 11
65960 10
65970 9
65980 15
65990 13
66000 19
66010 8
66020 15
66030 13
66040 17
66050 18
66060 11
66070 10
66080 10
66090 3
66100 9
66110 12
66120 13
66130 21
66140 20
66150 25
66160 13
66170 12
66180 17
66190 5
66200 20
66210 22
66220 22
66230 26
66240 20
66250 21
66260 17
66270 24
66280 18
66290 14
66300 26
66310 14
66320 22
66330 21
66340 18
66350 15
66360 14
66370 17
66380 15
66390 33
66400 11
66410 17
66420 15
66430 17
66440 4
66450 10
66460 14
66470 20
66480 19
66490 13
66500 5
66510 9
66520 14
66530 9
66540 15
66550 13
66560 10
66570 5
66580 11
66590 17
66600 16
66610 13
66620 5
66630 6
66640 15
66650 18
66660 19
66670 5
66680 12
66690 10
66700 15
66710 14
66720 11
66730 13
66740 10
66750 21
66760 15
66770 12
66780 10
66790 6
66800 8
66810 11
66820 8
66830 8
66840 8
66850 16
66860 10
66870 16
66880 8
66890 11
66900 12
66910 12
66920 14
66930 14
66940 12
66950 13
66960 11
66970 16
66980 11
66990 17
67000 8
67010 10
67020 8
67030 6
67040 5
67050 11
67060 9
67070 7
67080 4
67090 5
67100 7
67110 5
67120 2
67130 6
67140 9
67150 5
67160 12
67170 14
67180 11
67190 16
67200 10
67210 16
67220 4
67230 15
67240 7
67250 7
67260 9
67270 12
67280 15
67290 8
67300 10
67310 5
67320 7
67330 15
67340 13
67350 5
67360 7
67370 5
67380 12
67390 20
67400 11
67410 8
67420 5
67430 16
67440 1
67450 8
67460 1
67470 2
67480 2
67490 0
67500 4
67510 9
67520 8
67530 6
67540 2
67550 2
67560 0
67570 2
67580 2
67590 14
67600 7
67610 4
67620 5
67630 3
67640 5
67650 3
67660 0
67670 5
67680 8
67690 4
67700 9
67710 9
67720 10
67730 9
67740 9
67750 10
67760 13
67770 11
67780 14
67790 10
67800 7
67810 9
67820 9
67830 6
67840 3
67850 8
67860 13
67870 7
67880 6
67890 8
67900 11
67910 14
67920 11
67930 12
67940 16
67950 5
67960 6
67970 8
67980 7
67990 11
68000 11
68010 7
68020 10
68030 11
68040 9
68050 11
68060 9
68070 6
68080 13
68090 7
68100 15
68110 14
68120 13
68130 7
68140 7
68150 13
68160 21
68170 9
68180 4
68190 16
68200 11
68210 10
68220 11
68230 7
68240 10
68250 14
68260 14
68270 14
68280 17
68290 8
68300 6
68310 6
68320 13
68330 23
68340 11
68350 15
68360 17
68370 12
68380 11
68390 11
68400 13
68410 12
68420 18
68430 11
68440 14
68450 16
68460 11
68470 9
68480 10
68490 21
68500 24
68510 11
68520 10
68530 14
68540 18
68550 16
68560 14
68570 1
68580 18
68590 27
68600 22
68610 12
68620 11
68630 16
68640 19
68650 19
68660 11
68670 11
68680 7
68690 10
68700 14
68710 16
68720 10
68730 13
68740 12
68750 9
68760 10
68770 11
68780 16
68790 19
68800 8
68810 10
68820 6
68830 8
68840 8
68850 13
68860 9
68870 9
68880 13
68890 13
68900 23
68910 9
68920 10
68930 13
68940 13
68950 11
68960 8
68970 13
68980 12
68990 13
69000 14
69010 11
69020 14
69030 8
69040 12
69050 12
69060 11
69070 12
69080 12
69090 11
69100 12
69110 18
69120 14
69130 12
69140 11
69150 20
69160 9
69170 14
69180 13
69190 8
69200 10
69210 14
69220 14
69230 17
69240 13
69250 13
69260 11
69270 14
69280 13
69290 14
69300 19
69310 9
69320 15
69330 14
69340 13
69350 12
69360 14
69370 10
69380 9
69390 12
69400 14
69410 13
69420 19
69430 12
69440 7
69450 14
69460 10
69470 14
69480 3
69490 15
69500 10
69510 12
69520 12
69530 18
69540 15
69550 15
69560 10
69570 13
69580 14
69590 9
69600 12
69610 14
69620 9
69630 7
69640 13
69650 13
69660 13
69670 16
69680 13
69690 17
69700 7
69710 16
69720 14
69730 18
69740 22
69750 18
69760 9
69770 22
69780 26
69790 21
69800 11
69810 11
69820 12
69830 14
69840 16
69850 20
69860 17
69870 9
69880 13
69890 16
69900 12
69910 11
69920 12
69930 20
69940 16
69950 12
69960 11
69970 12
69980 8
69990 17
70000 16
70010 14
70020 18
70030 17
70040 11
70050 17
70060 12
70070 16
70080 18
70090 19
70100 13
70110 23
70120 24
70130 17
70140 12
70150 14
70160 18
70170 15
70180 14
70190 15
70200 21
70210 11
70220 19
70230 14
70240 12
70250 14
70260 16
70270 18
70280 15
70290 16
70300 11
70310 17
70320 14
70330 8
70340 11
70350 12
70360 12
70370 12
70380 15
70390 14
70400 16
70410 9
70420 19
70430 14
70440 20
70450 16
70460 17
70470 15
70480 14
70490 15
70500 8
70510 16
70520 10
70530 13
70540 14
70550 11
70560 11
70570 9
70580 13
70590 16
70600 14
70610 10
70620 12
70630 13
70640 14
70650 22
70660 12
70670 13
70680 15
70690 15
70700 17
70710 17
70720 20
70730 19
70740 17
70750 18
70760 18
70770 17
70780 21
70790 21
70800 12
70810 14
70820 17
70830 14
70840 19
70850 16
70860 18
70870 15
70880 12
70890 15
70900 23
70910 18
70920 16
70930 17
70940 16
70950 15
70960 13
70970 10
70980 17
70990 17
71000 15
71010 13
71020 17
71030 17
71040 17
71050 21
71060 15
71070 13
71080 13
71090 18
71100 17
71110 16
71120 15
71130 16
71140 13
71150 13
71160 10
71170 15
71180 15
71190 21
71200 18
71210 15
71220 16
71230 19
71240 20
71250 12
71260 13
71270 9
71280 16
71290 19
71300 18
71310 18
71320 17
71330 17
71340 18
71350 14
71360 18
71370 13
71380 15
71390 14
71400 18
71410 13
71420 12
71430 16
71440 15
71450 17
71460 14
71470 21
71480 17
71490 16
71500 16
71510 18
71520 12
71530 15
71540 15
71550 13
71560 14
71570 14
71580 11
71590 16
71600 15
71610 14
71620 17
71630 9
71640 16
71650 12
71660 17
71670 17
71680 15
71690 13
71700 16
71710 12
71720 14
71730 18
71740 14
71750 23
71760 21
71770 14
71780 18
71790 14
71800 9
71810 2
71820 4
71830 3
71840 3
71850 2
71860 13
71870 0
71880 0
71890 0
71900 0
71910 0
71920 4
71930 5
71940 6
71950 6
71960 8
71970 4
71980 4
71990 7
72000 2
72010 1
72020 2
72030 2
72040 4
72050 3
72060 3
72070 2
72080 2
72090 2
72100 3
72110 3
72120 3
72130 5
72140 1
72150 0
72160 1
72170 0
72180 0
72190 2
72200 3
72210 5
72220 5
72230 5
72240 7
72250 3
72260 4
72270 6
72280 9
72290 8
72300 9
72310 8
72320 7
72330 6
72340 7
72350 4
72360 7
72370 3
72380 2
72390 7
72400 8
72410 12
72420 11
72430 10
72440 5
72450 6
72460 11
72470 6
72480 11
72490 8
72500 8
72510 8
72520 8
72530 11
72540 10
72550 10
72560 10
72570 10
72580 9
72590 11
72600 12
72610 9
72620 9
72630 7
72640 10
72650 12
72660 11
72670 9
72680 8
72690 11
72700 12
72710 12
72720 11
72730 10
72740 11
72750 11
72760 11
72770 15
72780 11
72790 11
72800 10
72810 10
72820 11
72830 11
72840 8
72850 8
72860 6
72870 6
72880 8
72890 10
72900 7
72910 8
72920 12
72930 12
72940 12
72950 11
72960 10
72970 10
72980 11
72990 10
73000 11
73010 11
73020 10
73030 10
73040 12
73050 9
73060 12
73070 7
73080 11
73090 10
73100 10
73110 12
73120 8
73130 6
73140 10
73150 8
73160 10
73170 7
73180 6
73190 11
73200 10
73210 9
73220 12
73230 13
73240 10
73250 9
73260 11
73270 11
73280 11
73290 12
73300 7
73310 8
73320 8
73330 7
73340 8
73350 10
73360 11
73370 11
73380 12
73390 8
73400 9
73410 12
73420 12
73430 12
73440 12
73450 12
73460 12
73470 10
73480 12
73490 11
73500 11
73510 10
73520 6
73530 8
73540 8
73550 7
73560 10
73570 10
73580 8
73590 9
73600 11
73610 9
73620 12
73630 12
73640 14
73650 8
73660 12
73670 11
73680 8
73690 14
73700 7
73710 11
73720 12
73730 9
73740 10
73750 8
73760 11
73770 11
73780 12
73790 9
73800 12
73810 12
73820 12
73830 10
73840 15
73850 11
73860 13
73870 13
73880 10
73890 10
73900 10
73910 11
73920 12
73930 11
73940 12
73950 11
73960 13
73970 10
73980 12
73990 12
74000 12
74010 12
74020 9
74030 12
74040 10
74050 12
74060 10
74070 9
74080 9
74090 9
74100 11
74110 11
74120 10
74130 12
74140 10
74150 10
74160 9
74170 8
74180 10
74190 13
74200 11
74210 12
74220 11
74230 10
74240 10
74250 10
74260 10
74270 8
74280 13
74290 14
74300 11
74310 10
74320 9
74330 11
74340 9
74350 12
74360 11
74370 9
74380 8
74390 11
74400 10
74410 13
74420 13
74430 13
74440 13
74450 12
74460 11
74470 12
74480 10
74490 13
74500 12
74510 12
74520 12
74530 13
74540 13
74550 12
74560 13
74570 13
74580 11
74590 13
74600 11
74610 10
74620 11
74630 13
74640 11
74650 13
74660 12
74670 13
74680 15
74690 13
74700 13
74710 12
74720 12
74730 11
74740 13
74750 13
74760 12
74770 9
74780 10
74790 13
74800 12
74810 12
74820 13
74830 13
74840 11
74850 11
74860 13
74870 12
74880 12
74890 10
74900 12
74910 12
74920 11
74930 11
74940 11
74950 11
74960 10
74970 12
74980 13
74990 12
75000 12
75010 10
75020 12
75030 13
75040 11
75050 12
75060 12
75070 11
75080 11
75090 13
75100 11
75110 12
75120 9
75130 10
75140 11
75150 10
75160 12
75170 11
75180 12
75190 11
75200 12
75210 12
75220 11
75230 11
75240 10
75250 6
75260 7
75270 6
75280 8
75290 8
75300 8
75310 7
75320 9
75330 7
75340 10
75350 7
75360 6
75370 8
75380 12
75390 8
75400 6
75410 6
75420 6
75430 10
75440 6
75450 5
75460 10
75470 8
75480 7
75490 11
75500 8
75510 9
75520 6
75530 8
75540 10
75550 8
75560 7
75570 6
75580 6
75590 5
75600 8
75610 12
75620 6
75630 7
75640 7
75650 8
75660 7
75670 6
75680 5
75690 6
75700 8
75710 7
75720 8
75730 7
75740 8
75750 5
75760 16
75770 7
75780 10
75790 9
75800 10
75810 12
75820 11
75830 12
75840 11
75850 12
75860 10
75870 12
75880 12
75890 12
75900 12
75910 12
75920 12
75930 11
75940 12
75950 13
75960 14
75970 12
75980 12
75990 12
76000 12
76010 12
76020 12
76030 12
76040 10
76050 12
76060 12
76070 11
76080 15
76090 12
76100 13
76110 12
76120 12
76130 14
76140 6
76150 10
76160 9
76170 9
76180 15
76190 11
76200 10
76210 13
76220 18
76230 14
76240 19
76250 17
76260 15
76270 15
76280 13
76290 12
76300 15
76310 16
76320 12
76330 14
76340 14
76350 9
76360 12
76370 14
76380 13
76390 9
76400 12
76410 9
76420 13
76430 8
76440 9
76450 11
76460 7
76470 10
76480 10
76490 10
76500 10
76510 8
76520 10
76530 10
76540 7
76550 6
76560 9
76570 7
76580 6
76590 5
76600 8
76610 11
76620 7
76630 9
76640 6
76650 7
76660 7
76670 8
76680 8
76690 6
76700 4
76710 5
76720 7
76730 8
76740 8
76750 8
76760 8
76770 5
76780 5
76790 10
76800 11
76810 11
76820 12
76830 8
76840 7
76850 12
76860 13
76870 11
76880 12
76890 13
76900 13
76910 16
76920 12
76930 12
76940 13
76950 11
76960 11
76970 11
76980 13
76990 13
77000 13
77010 11
77020 12
77030 11
77040 12
77050 10
77060 14
77070 11
77080 13
77090 10
77100 7
77110 14
77120 11
77130 13
77140 11
77150 11
77160 9
77170 7
77180 11
77190 8
77200 11
77210 10
77220 11
77230 9
77240 6
77250 10
77260 11
77270 9
77280 12
77290 11
77300 12
77310 10
77320 13
77330 12
77340 6
77350 3
77360 6
77370 5
77380 8
77390 6
77400 4
77410 6
77420 8
77430 4
77440 10
77450 6
77460 4
77470 10
77480 13
77490 10
77500 8
77510 9
77520 5
77530 11
77540 12
77550 11
77560 11
77570 13
77580 12
77590 11
77600 10
77610 9
77620 12
77630 9
77640 12
77650 10
77660 11
77670 11
77680 9
77690 9
77700 11
77710 12
77720 7
77730 9
77740 10
77750 11
77760 13
77770 14
77780 12
77790 12
77800 13
77810 12
77820 12
77830 11
77840 12
77850 13
77860 11
77870 13
77880 13
77890 10
77900 10
77910 12
77920 11
77930 9
77940 10
77950 10
77960 10
77970 10
77980 10
77990 10
78000 10
78010 10
78020 10
78030 14
78040 11
78050 8
78060 9
78070 8
78080 9
78090 8
78100 9
78110 12
78120 12
78130 8
78140 10
78150 8
78160 11
78170 11
78180 9
78190 12
78200 10
78210 10
78220 9
78230 9
78240 7
78250 8
78260 6
78270 5
78280 8
78290 7
78300 5
78310 6
78320 7
78330 8
78340 13
78350 8
78360 6
78370 12
78380 8
78390 8
78400 11
78410 9
78420 8
78430 7
78440 6
78450 11
78460 9
78470 13
78480 6
78490 9
78500 8
78510 5
78520 7
78530 5
78540 7
78550 8
78560 7
78570 8
78580 8
78590 9
78600 8
78610 7
78620 7
78630 7
78640 9
78650 6
78660 9
78670 11
78680 11
78690 11
78700 11
78710 11
78720 9
78730 10
78740 10
78750 11
78760 10
78770 12
78780 12
78790 12
78800 12
78810 12
78820 10
78830 13
78840 9
78850 12
78860 10
78870 11
78880 9
78890 11
78900 13
78910 10
78920 13
78930 13
78940 12
78950 12
78960 12
78970 13
78980 13
78990 13
79000 9
79010 10
79020 10
79030 11
79040 10
79050 10
79060 10
79070 13
79080 14
79090 10
79100 11
79110 11
79120 14
79130 13
79140 13
79150 12
79160 11
79170 8
79180 11
79190 11
79200 7
79210 12
79220 10
79230 13
79240 12
79250 10
79260 12
79270 10
79280 10
79290 12
79300 11
79310 11
79320 8
79330 8
79340 10
79350 7
79360 12
79370 9
79380 4
79390 6
79400 6
79410 4
79420 8
79430 4
79440 4
79450 8
79460 9
79470 10
79480 9
79490 7
79500 7
79510 10
79520 10
79530 7
79540 6
79550 9
79560 9
79570 6
79580 8
79590 8
79600 7
79610 6
79620 4
79630 6
79640 5
79650 6
79660 7
79670 7
79680 9
79690 8
79700 9
79710 10
79720 9
79730 10
79740 9
79750 6
79760 4
79770 9
79780 7
79790 8
79800 6
79810 9
79820 8
79830 2
79840 8
79850 6
79860 4
79870 4
79880 5
79890 6
79900 9
79910 0
79920 0
79930 1
79940 0
79950 4
79960 3
79970 0
79980 0
79990 1
80000 0
80010 0
80020 0
80030 3
80040 6
80050 4
80060 6
80070 4
80080 7
80090 3
80100 2
80110 3
80120 3
80130 3
80140 9
80150 5
80160 5
80170 5
80180 8
80190 9
80200 6
80210 9
80220 8
80230 9
80240 10
80250 8
80260 7
80270 5
80280 5
80290 4
80300 8
80310 10
80320 7
80330 11
80340 8
80350 10
80360 9
80370 11
80380 11
80390 9
80400 9
80410 9
80420 9
80430 9
80440 10
80450 10
80460 10
80470 8
80480 10
80490 11
80500 7
80510 6
80520 10
80530 10
80540 10
80550 11
80560 11
80570 12
80580 14
80590 9
80600 15
80610 14
80620 9
80630 14
80640 11
80650 6
80660 10
80670 11
80680 12
80690 10
80700 11
80710 11
80720 13
80730 10
80740 11
80750 11
80760 11
80770 12
80780 11
80790 10
80800 11
80810 9
80820 10
80830 10
80840 9
80850 10
80860 10
80870 12
80880 12
80890 11
80900 11
80910 10
80920 13
80930 9
80940 12
80950 13
80960 9
80970 11
80980 12
80990 13
81000 12
81010 12
81020 12
81030 12
81040 11
81050 12
81060 11
81070 12
81080 15
81090 14
81100 11
81110 13
81120 13
81130 9
81140 12
81150 12
81160 13
81170 13
81180 16
81190 14
81200 14
81210 13
81220 13
81230 14
81240 11
81250 11
81260 14
81270 10
81280 12
81290 10
81300 13
81310 13
81320 13
81330 11
81340 11
81350 11
81360 12
81370 12
81380 14
81390 13
81400 13
81410 12
81420 13
81430 10
81440 11
81450 12
81460 13
81470 13
81480 13
81490 10
81500 9
81510 7
81520 7
81530 8
81540 10
81550 9
81560 9
81570 8
81580 11
81590 11
81600 9
81610 10
81620 10
81630 9
81640 9
81650 11
81660 8
81670 7
81680 9
81690 10
81700 10
81710 10
81720 6
81730 7
81740 5
81750 7
81760 7
81770 8
81780 6
81790 6
81800 10
81810 10
81820 9
81830 10
81840 10
81850 11
81860 13
81870 11
81880 7
81890 7
81900 9
81910 7
81920 8
81930 11
81940 9
81950 8
81960 7
81970 6
81980 6
81990 9
82000 7
82010 10
82020 11
82030 9
82040 9
82050 8
82060 9
82070 8
82080 11
82090 12
82100 10
82110 9
82120 10
82130 10
82140 9
82150 10
82160 12
82170 12
82180 10
82190 12
82200 9
82210 12
82220 12
82230 12
82240 12
82250 12
82260 12
82270 9
82280 12
82290 13
82300 11
82310 13
82320 10
82330 10
82340 12
82350 9
82360 9
82370 9
82380 9
82390 9
82400 7
82410 8
82420 7
82430 9
82440 8
82450 8
82460 9
82470 9
82480 10
82490 8
82500 9
82510 9
82520 7
82530 10
82540 11
82550 10
82560 9
82570 7
82580 7
82590 8
82600 8
82610 7
82620 9
82630 7
82640 10
82650 5
82660 8
82670 10
82680 9
82690 7
82700 10
82710 8
82720 9
82730 7
82740 9
82750 9
82760 7
82770 6
82780 11
82790 7
82800 7
82810 9
82820 9
82830 9
82840 10
82850 10
82860 9
82870 8
82880 9
82890 9
82900 9
82910 10
82920 8
82930 7
82940 10
82950 9
82960 9
82970 9
82980 10
82990 9
83000 7
83010 11
83020 11
83030 10
83040 9
83050 8
83060 9
83070 10
83080 6
83090 8
83100 10
83110 9
83120 9
83130 8
83140 10
83150 8
83160 9
83170 10
83180 10
83190 8
83200 10
83210 7
83220 9
83230 8
83240 10
83250 8
83260 10
83270 7
83280 7
83290 6
83300 6
83310 6
83320 7
83330 8
83340 9
83350 8
83360 10
83370 8
83380 10
83390 8
83400 8
83410 9
83420 9
83430 9
83440 10
83450 8
83460 9
83470 10
83480 9
83490 9
83500 8
83510 9
83520 8
83530 6
83540 8
83550 8
83560 8
83570 7
83580 8
83590 7
83600 8
83610 10
83620 9
83630 11
83640 10
83650 11
83660 8
83670 10
83680 8
83690 10
83700 9
83710 9
83720 7
83730 9
83740 8
83750 8
83760 9
83770 13
83780 9
83790 12
83800 9
83810 6
83820 10
83830 11
83840 11
83850 8
83860 6
83870 10
83880 11
83890 6
83900 9
83910 8
83920 10
83930 11
83940 11
83950 10
83960 6
83970 9
83980 9
83990 6
84000 9
84010 9
84020 11
84030 8
84040 6
84050 9
84060 11
84070 7
84080 9
84090 7
84100 9
84110 9
84120 7
84130 7
84140 8
84150 8
84160 8
84170 7
84180 7
84190 8
84200 9
84210 6
84220 9
84230 7
84240 6
84250 5
84260 5
84270 5
84280 8
84290 6
84300 7
84310 9
84320 9
84330 8
84340 8
84350 9
84360 8
84370 7
84380 8
84390 7
84400 7
84410 6
84420 7
84430 7
84440 7
84450 7
84460 7
84470 7
84480 5
84490 7
84500 7
84510 8
84520 7
84530 6
84540 8
84550 7
84560 7
84570 6
84580 7
84590 7
84600 7
84610 8
84620 7
84630 7
84640 11
84650 8
84660 9
84670 10
84680 9
84690 9
84700 9
84710 8
84720 9
84730 9
84740 10
84750 9
84760 7
84770 8
84780 8
84790 8
84800 9
84810 9
84820 9
84830 8
84840 10
84850 8
84860 7
84870 7
84880 8
84890 9
84900 8
84910 7
84920 10
84930 11
84940 13
84950 11
84960 12
84970 10
84980 13
84990 11
85000 12
85010 12
85020 12
85030 12
85040 12
85050 12
85060 11
85070 11
85080 11
85090 11
85100 12
85110 11
85120 10
85130 10
85140 8
85150 8
85160 10
85170 11
85180 9
85190 8
85200 9
85210 9
85220 10
85230 9
85240 9
85250 9
85260 8
85270 7
85280 8
85290 8
85300 9
85310 8
85320 8
85330 8
85340 9
85350 8
85360 8
85370 9
85380 9
85390 8
85400 9
85410 9
85420 8
85430 10
85440 10
85450 9
85460 8
85470 8
85480 10
85490 8
85500 10
85510 10
85520 9
85530 9
85540 8
85550 8
85560 10
85570 9
85580 10
85590 9
85600 12
85610 9
85620 9
85630 9
85640 7
85650 13
85660 11
85670 12
85680 11
85690 12
85700 11
85710 9
85720 12
85730 11
85740 14
85750 11
85760 15
85770 16
85780 16
85790 12
85800 11
85810 12
85820 12
85830 11
85840 9
85850 7
85860 8
85870 8
85880 7
85890 10
85900 11
85910 9
85920 10
85930 9
85940 11
85950 9
85960 11
85970 10
85980 9
85990 8
86000 10
86010 8
86020 8
86030 8
86040 8
86050 8
86060 7
86070 9
86080 11
86090 10
86100 8
86110 8
86120 9
86130 8
86140 8
86150 7
86160 9
86170 7
86180 9
86190 11
86200 9
86210 9
86220 10
86230 9
86240 8
86250 10
86260 11
86270 9
86280 9
86290 9
86300 10
86310 6
86320 8
86330 10
86340 10
86350 10
86360 8
86370 10
86380 7
86390 11
86400 7
86410 7
86420 7
86430 7
86440 7
86450 8
86460 9
86470 9
86480 10
86490 9
86500 13
86510 11
86520 11
86530 12
86540 12
86550 12
86560 14
86570 11
86580 13
86590 12
86600 9
86610 12
86620 10
86630 14
86640 13
86650 10
86660 12
86670 12
86680 11
86690 12
86700 11
86710 11
86720 12
86730 11
86740 12
86750 13
86760 12
86770 10
86780 10
86790 11
86800 11
86810 9
86820 9
86830 11
86840 11
86850 10
86860 11
86870 8
86880 8
86890 11
86900 9
86910 11
86920 8
86930 9
86940 8
86950 10
86960 10
86970 12
86980 10
86990 11
87000 12
87010 9
87020 12
87030 11
87040 9
87050 10
87060 11
87070 9
87080 9
87090 11
87100 11
87110 9
87120 9
87130 11
87140 8
87150 7
87160 9
87170 7
87180 7
87190 10
87200 11
87210 11
87220 8
87230 8
87240 11
87250 11
87260 9
87270 9
87280 7
87290 10
87300 10
87310 8
87320 8
87330 11
87340 11
87350 8
87360 10
87370 9
87380 8
87390 10
87400 8
87410 8
87420 7
87430 7
87440 7
87450 7
87460 7
87470 10
87480 8
87490 8
87500 8
87510 8
87520 7
87530 8
87540 8
87550 9
87560 10
87570 9
87580 10
87590 8
87600 8
87610 8
87620 8
87630 8
87640 8
87650 9
87660 10
87670 8
87680 7
87690 9
87700 8
87710 8
87720 13
87730 10
87740 10
87750 8
87760 8
87770 7
87780 8
87790 10
87800 8
87810 9
87820 10
87830 10
87840 9
87850 8
87860 10
87870 10
87880 11
87890 8
87900 10
87910 10
87920 8
87930 10
87940 9
87950 9
87960 10
87970 10
87980 11
87990 11
88000 10
88010 8
88020 11
88030 13
88040 11
88050 11
88060 12
88070 9
88080 12
88090 12
88100 13
88110 8
88120 8
88130 8
88140 9
88150 9
88160 8
88170 9
88180 10
88190 9
88200 12
88210 10
88220 11
88230 10
88240 14
88250 11
88260 12
88270 11
88280 11
88290 11
88300 12
88310 11
88320 10
88330 8
88340 8
88350 12
88360 12
88370 10
88380 11
88390 7
88400 8
88410 8
88420 9
88430 10
88440 10
88450 8
88460 8
88470 7
88480 12
88490 7
88500 7
88510 5
88520 7
88530 9
88540 8
88550 9
88560 9
88570 9
88580 7
88590 11
88600 11
88610 11
88620 12
88630 10
88640 10
88650 11
88660 11
88670 12
88680 11
88690 11
88700 12
88710 13
88720 10
88730 11
88740 11
88750 11
88760 11
88770 12
88780 10
88790 11
88800 9
88810 8
88820 11
88830 7
88840 7
88850 9
88860 7
88870 11
88880 11
88890 10
88900 8
88910 8
88920 9
88930 7
88940 7
88950 7
88960 12
88970 12
88980 12
88990 12
89000 11
89010 11
89020 12
89030 10
89040 14
89050 9
89060 12
89070 12
89080 12
89090 13
89100 11
89110 12
89120 11
89130 13
89140 11
89150 13
89160 12
89170 11
89180 13
89190 10
89200 11
89210 12
89220 12
89230 13
89240 10
89250 10
89260 9
89270 9
89280 9
89290 5
89300 10
89310 10
89320 11
89330 12
89340 11
89350 13
89360 13
89370 8
89380 7
89390 8
89400 11
89410 7
89420 8
89430 12
89440 9
89450 9
89460 7
89470 8
89480 9
89490 7
89500 6
89510 9
89520 9
89530 7
89540 9
89550 9
89560 9
89570 11
89580 8
89590 10
89600 12
89610 9
89620 7
89630 9
89640 12
89650 11
89660 10
89670 7
89680 9
89690 12
89700 13
89710 10
89720 13
89730 13
89740 11
89750 8
89760 10
89770 7
89780 10
89790 8
89800 9
89810 7
89820 10
89830 6
89840 7
89850 4
89860 10
89870 11
89880 8
89890 8
89900 8
89910 10
89920 10
89930 9
89940 10
89950 10
89960 10
89970 9
89980 10
89990 9
90000 9
90010 8
90020 9
90030 8
90040 9
90050 10
90060 11
90070 8
90080 14
90090 11
90100 12
90110 9
90120 10
90130 7
90140 9
90150 12
90160 7
90170 8
90180 8
90190 9
90200 7
90210 8
90220 8
90230 8
90240 9
90250 9
90260 9
90270 9
90280 8
90290 7
90300 8
90310 9
90320 10
90330 10
90340 10
90350 9
90360 7
90370 8
90380 9
90390 8
90400 11
90410 10
90420 10
90430 11
90440 11
90450 6
90460 10
90470 11
90480 7
90490 8
90500 7
90510 9
90520 8
90530 7
90540 7
90550 7
90560 8
90570 8
90580 7
90590 7
90600 8
90610 7
90620 10
90630 9
90640 8
90650 8
90660 7
90670 8
90680 7
90690 8
90700 8
90710 6
90720 9
90730 10
90740 9
90750 8
90760 9
90770 8
90780 10
90790 10
90800 9
90810 6
90820 9
90830 6
90840 9
90850 5
90860 7
90870 7
90880 8
90890 9
90900 8
90910 9
90920 8
90930 8
90940 7
90950 8
90960 9
90970 5
90980 9
90990 9
91000 7
91010 9
91020 7
91030 7
91040 0
91050 0
91060 0
91070 0
91080 0
91090 0
91100 0
91110 7
91120 8
91130 11
91140 7
91150 0
91160 0
91170 10
91180 0
91190 0
91200 0
91210 0
91220 0
91230 0
91240 0
91250 0
91260 0
91270 0
91280 0
91290 0
91300 0
91310 0
91320 0
91330 0
91340 0
91350 0
91360 0
91370 0
91380 0
91390 0
91400 0
91410 0
91420 0
91430 0
91440 0
91450 0
91460 0
91470 0
91480 0
91490 0
91500 0
91510 0
91520 0
91530 0
91540 0
91550 0
91560 8
91570 0
91580 0
91590 0
91600 0
91610 0
91620 0
91630 0
91640 0
91650 0
91660 0
91670 0
91680 0
91690 0
91700 0
91710 0
91720 0
91730 0
91740 0
91750 0
91760 0
91770 0
91780 0
91790 0
91800 0
91810 0
91820 0
91830 0
91840 0
91850 0
91860 0
91870 0
91880 0
91890 0
91900 0
91910 0
91920 0
91930 0
91940 0
91950 0
91960 0
91970 0
91980 0
91990 0
92000 0
92010 7
92020 0
92030 0
92040 0
92050 0
92060 0
92070 0
92080 0
92090 0
92100 0
92110 0
92120 0
92130 0
92140 0
92150 0
92160 0
92170 0
92180 0
92190 0
92200 0
92210 0
92220 0
92230 0
92240 0
92250 0
92260 0
92270 0
92280 8
92290 0
92300 0
92310 0
92320 0
92330 0
92340 0
92350 0
92360 0
92370 0
92380 9
92390 10
92400 8
92410 5
92420 9
92430 0
92440 10
92450 0
92460 8
92470 10
92480 0
92490 0
92500 0
92510 0
92520 0
92530 8
92540 0
92550 0
92560 0
92570 0
92580 0
92590 9
92600 8
92610 10
92620 8
92630 9
92640 9
92650 0
92660 10
92670 7
92680 9
92690 8
92700 8
92710 9
92720 0
92730 7
92740 0
92750 9
92760 7
92770 0
92780 9
92790 7
92800 8
92810 0
92820 9
92830 0
92840 0
92850 0
92860 0
92870 0
92880 0
92890 0
92900 0
92910 0
92920 0
92930 0
92940 0
92950 0
92960 0
92970 0
92980 0
92990 0
93000 0
93010 0
93020 0
93030 0
93040 0
93050 0
93060 0
93070 0
93080 0
93090 10
93100 12
93110 12
93120 13
93130 12
93140 12
93150 11
93160 11
93170 0
93180 10
93190 12
93200 12
93210 11
93220 11
93230 11
93240 13
93250 11
93260 12
93270 12
93280 11
93290 6
93300 7
93310 7
93320 7
93330 8
93340 8
93350 8
93360 8
93370 8
93380 8
93390 8
93400 7
93410 7
93420 10
93430 10
93440 8
93450 7
93460 7
93470 7
93480 9
93490 9
93500 7
93510 9
93520 10
93530 11
93540 9
93550 10
93560 10
93570 9
93580 11
93590 9
93600 9
93610 10
93620 11
93630 11
93640 11
93650 14
93660 12
93670 8
93680 12
93690 12
93700 12
93710 11
93720 12
93730 11
93740 13
93750 11
93760 10
93770 11
93780 7
93790 11
93800 13
93810 10
93820 6
93830 0
93840 6
93850 6
93860 8
93870 5
93880 7
93890 8
93900 8
93910 9
93920 10
93930 10
93940 7
93950 5
93960 9
93970 10
93980 10
93990 10
94000 10
94010 9
94020 10
94030 10
94040 9
94050 11
94060 10
94070 8
94080 8
94090 7
94100 9
94110 7
94120 9
94130 8
94140 7
94150 7
94160 10
94170 7
94180 10
94190 9
94200 10
94210 8
94220 9
94230 9
94240 9
94250 10
94260 9
94270 9
94280 9
94290 10
94300 10
94310 10
94320 9
94330 8
94340 8
94350 10
94360 10
94370 9
94380 9
94390 9
94400 10
94410 8
94420 9
94430 9
94440 10
94450 9
94460 9
94470 10
94480 9
94490 7
94500 9
94510 9
94520 9
94530 10
94540 9
94550 8
94560 8
94570 10
94580 8
94590 5
94600 8
94610 9
94620 8
94630 10
94640 9
94650 10
94660 9
94670 0
94680 9
94690 10
94700 9
94710 10
94720 0
94730 0
94740 10
94750 9
94760 9
94770 9
94780 9
94790 9
94800 10
94810 7
94820 9
94830 11
94840 9
94850 10
94860 9
94870 9
94880 11
94890 8
94900 9
94910 9
94920 9
94930 8
94940 9
94950 7
94960 7
94970 0
94980 0
94990 0
95000 7
95010 8
95020 8
95030 7
95040 9
95050 8
95060 8
95070 8
95080 0
95090 0
95100 0
95110 0
95120 0
95130 0
95140 0
95150 0
95160 0
95170 0
95180 8
95190 7
95200 8
95210 0
95220 10
95230 12
95240 8
95250 8
95260 0
95270 0
95280 8
95290 8
95300 10
95310 12
95320 8
95330 10
95340 8
95350 11
95360 11
95370 9
95380 11
95390 7
95400 9
95410 7
95420 7
95430 7
95440 4
95450 7
95460 3
95470 9
95480 7
95490 7
95500 7
95510 8
95520 7
95530 7
95540 8
95550 7
95560 7
95570 8
95580 8
95590 7
95600 7
95610 8
95620 7
95630 5
95640 7
95650 6
95660 6
95670 8
95680 8
95690 9
95700 9
95710 10
95720 10
95730 8
95740 8
95750 7
95760 9
95770 9
95780 9
95790 9
95800 9
95810 7
95820 7
95830 9
95840 8
95850 7
95860 7
95870 9
95880 8
95890 8
95900 7
95910 8
95920 7
95930 10
95940 9
95950 8
95960 8
95970 7
95980 9
95990 8
96000 9
96010 8
96020 8
96030 10
96040 9
96050 10
96060 8
96070 9
96080 8
96090 9
96100 9
96110 7
96120 10
96130 8
96140 9
96150 9
96160 8
96170 7
96180 6
96190 9
96200 6
96210 5
96220 6
96230 7
96240 9
96250 10
96260 11
96270 9
96280 7
96290 8
96300 11
96310 12
96320 10
96330 9
96340 8
96350 10
96360 9
96370 8
96380 10
96390 9
96400 9
96410 9
96420 6
96430 6
96440 9
96450 9
96460 9
96470 10
96480 11
96490 7
96500 10
96510 7
96520 8
96530 9
96540 10
96550 10
96560 8
96570 9
96580 4
96590 8
96600 6
96610 6
96620 6
96630 3
96640 5
96650 4
96660 7
96670 9
96680 8
96690 9
96700 9
96710 7
96720 7
96730 9
96740 9
96750 10
96760 7
96770 9
96780 7
96790 7
96800 7
96810 10
96820 7
96830 7
96840 7
96850 7
96860 7
96870 8
96880 7
96890 9
96900 7
96910 6
96920 1
96930 6
96940 6
96950 5
96960 6
96970 5
96980 5
96990 4
97000 5
97010 1
97020 2
97030 0
97040 0
97050 3
97060 3
97070 6
97080 8
97090 6
97100 4
97110 6
97120 7
97130 9
97140 7
97150 5
97160 6
97170 9
97180 6
97190 6
97200 6
97210 6
97220 7
97230 10
97240 7
97250 8
97260 3
97270 7
97280 8
97290 9
97300 9
97310 8
97320 6
97330 8
97340 8
97350 6
97360 5
97370 5
97380 7
97390 7
97400 7
97410 7
97420 9
97430 9
97440 7
97450 7
97460 7
97470 4
97480 6
97490 6
97500 7
97510 5
97520 3
97530 4
97540 5
97550 0
97560 1
97570 0
97580 0
97590 0
97600 0
97610 0
97620 0
97630 0
97640 0
97650 6
97660 5
97670 4
97680 5
97690 3
97700 3
97710 7
97720 3
97730 7
97740 0
97750 2
97760 1
97770 1
97780 6
97790 8
97800 7
97810 4
97820 6
97830 5
97840 4
97850 3
97860 6
97870 3
97880 3
97890 3
97900 0
97910 0
97920 1
97930 0
97940 0
97950 0
97960 0
97970 0
97980 0
97990 0
98000 0
98010 0
98020 0
98030 0
98040 0
98050 0
98060 0
98070 0
98080 0
98090 0
98100 1
98110 1
98120 0
98130 0
98140 0
98150 0
98160 0
98170 0
98180 0
98190 0
98200 0
98210 0
98220 0
98230 0
98240 0
98250 0
98260 0
98270 0
98280 0
98290 0
98300 0
98310 0
98320 0
98330 0
98340 0
98350 0
98360 0
98370 1
98380 0
98390 0
98400 0
98410 0
98420 0
98430 0
98440 0
98450 0
98460 0
98470 0
98480 0
98490 0
98500 0
98510 0
98520 0
98530 0
98540 0
98550 0
98560 0
98570 1
98580 0
98590 0
98600 0
98610 0
98620 0
98630 0
98640 0
98650 0
98660 0
98670 0
98680 0
98690 0
98700 0
98710 0
98720 0
98730 0
98740 0
98750 0
98760 0
98770 0
98780 0
98790 0
98800 0
98810 0
98820 0
98830 0
98840 0
98850 0
98860 0
98870 0
98880 0
98890 0
98900 0
98910 0
98920 0
98930 0
98940 0
98950 0
98960 0
98970 4
98980 0
98990 0
99000 0
99010 0
99020 0
99030 0
99040 0
99050 0
99060 0
99070 1
99080 0
99090 0
99100 0
99110 0
99120 0
99130 0
99140 0
99150 0
99160 0
99170 0
99180 0
99190 0
99200 0
99210 0
99220 0
99230 0
99240 0
99250 0
99260 0
99270 0
99280 0
99290 0
99300 0
99310 0
99320 0
99330 0
99340 0
99350 0
99360 6
99370 0
99380 0
99390 0
99400 0
99410 0
99420 6
99430 0
99440 0
99450 0
99460 0
99470 0
99480 0
99490 0
99500 0
99510 1
99520 0
99530 0
99540 0
99550 0
99560 5
99570 0
99580 0
99590 0
99600 1
99610 0
99620 2
99630 3
99640 1
99650 2
99660 2
99670 2
99680 2
99690 2
99700 0
99710 2
99720 1
99730 1
99740 0
99750 0
99760 0
99770 0
99780 0
99790 0
99800 0
99810 0
99820 0
99830 0
99840 0
99850 0
99860 0
99870 0
99880 1
99890 0
99900 0
99910 0
99920 0
99930 0
99940 0
99950 0
99960 0
99970 0
99980 0
99990 0
