# Frame Contacts
30000 0
30010 0
30020 0
30030 0
30040 0
30050 0
30060 0
30070 0
30080 0
30090 0
30100 0
30110 0
30120 0
30130 0
30140 0
30150 0
30160 0
30170 0
30180 0
30190 0
30200 0
30210 0
30220 0
30230 0
30240 0
30250 0
30260 0
30270 0
30280 0
30290 0
30300 0
30310 0
30320 0
30330 0
30340 0
30350 0
30360 0
30370 0
30380 0
30390 0
30400 0
30410 0
30420 0
30430 0
30440 0
30450 0
30460 0
30470 0
30480 0
30490 0
30500 0
30510 0
30520 0
30530 0
30540 0
30550 0
30560 0
30570 0
30580 0
30590 0
30600 0
30610 0
30620 0
30630 0
30640 0
30650 0
30660 0
30670 0
30680 0
30690 0
30700 0
30710 0
30720 0
30730 0
30740 0
30750 0
30760 0
30770 0
30780 0
30790 0
30800 0
30810 0
30820 0
30830 0
30840 0
30850 0
30860 0
30870 0
30880 0
30890 0
30900 0
30910 0
30920 0
30930 0
30940 0
30950 0
30960 0
30970 0
30980 0
30990 0
31000 0
31010 0
31020 0
31030 0
31040 0
31050 0
31060 0
31070 0
31080 0
31090 0
31100 0
31110 0
31120 1
31130 1
31140 2
31150 4
31160 1
31170 1
31180 1
31190 1
31200 1
31210 3
31220 4
31230 1
31240 1
31250 2
31260 2
31270 2
31280 4
31290 1
31300 2
31310 4
31320 5
31330 4
31340 4
31350 2
31360 3
31370 3
31380 6
31390 2
31400 4
31410 3
31420 5
31430 4
31440 4
31450 6
31460 3
31470 4
31480 4
31490 1
31500 2
31510 1
31520 3
31530 3
31540 0
31550 4
31560 3
31570 1
31580 4
31590 3
31600 2
31610 0
31620 2
31630 5
31640 2
31650 4
31660 5
31670 2
31680 10
31690 6
31700 5
31710 11
31720 9
31730 6
31740 15
31750 7
31760 13
31770 7
31780 7
31790 10
31800 10
31810 13
31820 4
31830 2
31840 3
31850 12
31860 7
31870 11
31880 12
31890 16
31900 11
31910 6
31920 5
31930 9
31940 10
31950 14
31960 13
31970 4
31980 14
31990 18
32000 8
32010 15
32020 12
32030 17
32040 12
32050 10
32060 13
32070 23
32080 18
32090 14
32100 21
32110 15
32120 20
32130 13
32140 11
32150 17
32160 18
32170 10
32180 14
32190 18
32200 8
32210 12
32220 18
32230 12
32240 17
32250 11
32260 23
32270 23
32280 20
32290 15
32300 23
32310 21
32320 14
32330 12
32340 10
32350 12
32360 13
32370 12
32380 15
32390 10
32400 16
32410 11
32420 13
32430 15
32440 4
32450 7
32460 11
32470 5
32480 7
32490 2
32500 5
32510 7
32520 1
32530 10
32540 0
32550 1
32560 3
32570 6
32580 3
32590 0
32600 4
32610 0
32620 0
32630 3
32640 3
32650 2
32660 0
32670 0
32680 0
32690 0
32700 0
32710 0
32720 0
32730 0
32740 4
32750 0
32760 0
32770 1
32780 0
32790 0
32800 0
32810 0
32820 0
32830 0
32840 0
32850 0
32860 0
32870 0
32880 0
32890 0
32900 0
32910 0
32920 0
32930 0
32940 0
32950 0
32960 0
32970 0
32980 0
32990 0
33000 0
33010 0
33020 0
33030 0
33040 0
33050 0
33060 0
33070 0
33080 0
33090 0
33100 0
33110 0
33120 0
33130 0
33140 0
33150 0
33160 0
33170 0
33180 0
33190 0
33200 0
33210 0
33220 0
33230 0
33240 0
33250 0
33260 0
33270 0
33280 0
33290 0
33300 0
33310 0
33320 0
33330 0
33340 0
33350 0
33360 0
33370 0
33380 0
33390 0
33400 0
33410 0
33420 0
33430 0
33440 0
33450 0
33460 0
33470 0
33480 0
33490 0
33500 0
33510 0
33520 0
33530 0
33540 0
33550 0
33560 0
33570 0
33580 0
33590 0
33600 0
33610 0
33620 0
33630 0
33640 0
33650 0
33660 0
33670 2
33680 2
33690 2
33700 4
33710 14
33720 9
33730 8
33740 3
33750 9
33760 6
33770 5
33780 9
33790 7
33800 4
33810 4
33820 6
33830 5
33840 10
33850 11
33860 9
33870 5
33880 10
33890 4
33900 5
33910 10
33920 6
33930 5
33940 8
33950 5
33960 9
33970 0
33980 3
33990 4
34000 2
34010 2
34020 5
34030 7
34040 3
34050 2
34060 5
34070 3
34080 2
34090 3
34100 3
34110 4
34120 2
34130 3
34140 2
34150 0
34160 0
34170 0
34180 1
34190 1
34200 5
34210 4
34220 4
34230 3
34240 5
34250 6
34260 5
34270 2
34280 2
34290 2
34300 5
34310 4
34320 6
34330 3
34340 2
34350 4
34360 7
34370 4
34380 10
34390 8
34400 2
34410 4
34420 7
34430 1
34440 5
34450 4
34460 11
34470 2
34480 5
34490 10
34500 13
34510 8
34520 10
34530 8
34540 6
34550 3
34560 2
34570 8
34580 5
34590 3
34600 9
34610 7
34620 10
34630 11
34640 9
34650 4
34660 6
34670 4
34680 4
34690 3
34700 5
34710 2
34720 3
34730 8
34740 9
34750 9
34760 7
34770 8
34780 3
34790 4
34800 3
34810 9
34820 3
34830 6
34840 2
34850 3
34860 2
34870 4
34880 2
34890 4
34900 2
34910 4
34920 4
34930 3
34940 3
34950 0
34960 3
34970 5
34980 3
34990 4
35000 2
35010 3
35020 7
35030 2
35040 6
35050 5
35060 3
35070 3
35080 10
35090 9
35100 4
35110 4
35120 7
35130 2
35140 4
35150 2
35160 7
35170 5
35180 6
35190 6
35200 10
35210 5
35220 3
35230 4
35240 4
35250 5
35260 10
35270 10
35280 8
35290 10
35300 12
35310 9
35320 5
35330 11
35340 6
35350 5
35360 9
35370 10
35380 8
35390 7
35400 11
35410 12
35420 7
35430 10
35440 10
35450 6
35460 6
35470 7
35480 9
35490 5
35500 5
35510 4
35520 2
35530 2
35540 4
35550 2
35560 4
35570 4
35580 4
35590 6
35600 2
35610 3
35620 6
35630 7
35640 8
35650 6
35660 4
35670 6
35680 7
35690 4
35700 9
35710 5
35720 7
35730 5
35740 7
35750 4
35760 6
35770 11
35780 8
35790 3
35800 6
35810 8
35820 8
35830 6
35840 7
35850 2
35860 3
35870 2
35880 5
35890 3
35900 6
35910 4
35920 6
35930 6
35940 4
35950 7
35960 6
35970 3
35980 3
35990 2
36000 6
36010 7
36020 8
36030 4
36040 5
36050 6
36060 5
36070 6
36080 8
36090 8
36100 8
36110 5
36120 7
36130 6
36140 3
36150 3
36160 2
36170 2
36180 1
36190 1
36200 3
36210 3
36220 4
36230 2
36240 4
36250 2
36260 3
36270 6
36280 9
36290 8
36300 9
36310 6
36320 4
36330 3
36340 5
36350 1
36360 3
36370 3
36380 6
36390 4
36400 6
36410 3
36420 0
36430 3
36440 3
36450 4
36460 9
36470 2
36480 7
36490 4
36500 3
36510 2
36520 4
36530 1
36540 4
36550 5
36560 1
36570 6
36580 4
36590 2
36600 4
36610 6
36620 5
36630 4
36640 7
36650 10
36660 3
36670 5
36680 6
36690 6
36700 6
36710 6
36720 7
36730 5
36740 6
36750 8
36760 4
36770 2
36780 4
36790 2
36800 3
36810 0
36820 1
36830 0
36840 3
36850 4
36860 4
36870 5
36880 1
36890 2
36900 4
36910 6
36920 6
36930 10
36940 4
36950 4
36960 5
36970 8
36980 7
36990 7
37000 6
37010 5
37020 4
37030 7
37040 5
37050 4
37060 4
37070 0
37080 4
37090 4
37100 4
37110 4
37120 3
37130 3
37140 5
37150 3
37160 10
37170 7
37180 2
37190 5
37200 3
37210 2
37220 7
37230 7
37240 6
37250 11
37260 2
37270 3
37280 8
37290 4
37300 2
37310 3
37320 6
37330 9
37340 4
37350 0
37360 0
37370 10
37380 2
37390 6
37400 3
37410 3
37420 5
37430 10
37440 4
37450 5
37460 3
37470 3
37480 6
37490 4
37500 4
37510 3
37520 4
37530 12
37540 4
37550 6
37560 3
37570 3
37580 7
37590 6
37600 2
37610 6
37620 5
37630 5
37640 3
37650 3
37660 4
37670 5
37680 2
37690 4
37700 4
37710 4
37720 3
37730 2
37740 6
37750 4
37760 7
37770 4
37780 0
37790 5
37800 4
37810 6
37820 3
37830 4
37840 4
37850 5
37860 7
37870 4
37880 4
37890 4
37900 4
37910 5
37920 3
37930 4
37940 2
37950 2
37960 3
37970 0
37980 0
37990 1
38000 5
38010 3
38020 3
38030 2
38040 2
38050 4
38060 8
38070 5
38080 0
38090 4
38100 4
38110 6
38120 3
38130 6
38140 4
38150 5
38160 4
38170 1
38180 8
38190 4
38200 2
38210 4
38220 7
38230 5
38240 5
38250 6
38260 13
38270 6
38280 5
38290 4
38300 6
38310 6
38320 2
38330 4
38340 4
38350 6
38360 6
38370 9
38380 10
38390 8
38400 7
38410 4
38420 6
38430 6
38440 10
38450 4
38460 5
38470 7
38480 4
38490 4
38500 3
38510 3
38520 4
38530 6
38540 5
38550 6
38560 1
38570 3
38580 9
38590 2
38600 5
38610 5
38620 3
38630 8
38640 2
38650 4
38660 3
38670 2
38680 5
38690 7
38700 5
38710 7
38720 7
38730 2
38740 5
38750 10
38760 5
38770 4
38780 4
38790 2
38800 2
38810 10
38820 1
38830 0
38840 5
38850 6
38860 8
38870 5
38880 6
38890 5
38900 11
38910 8
38920 5
38930 4
38940 4
38950 5
38960 4
38970 4
38980 5
38990 0
39000 4
39010 1
39020 2
39030 4
39040 0
39050 1
39060 0
39070 5
39080 5
39090 6
39100 6
39110 3
39120 3
39130 4
39140 6
39150 11
39160 6
39170 7
39180 3
39190 7
39200 9
39210 7
39220 7
39230 10
39240 2
39250 0
39260 7
39270 8
39280 5
39290 3
39300 3
39310 0
39320 3
39330 5
39340 7
39350 2
39360 3
39370 2
39380 1
39390 2
39400 0
39410 1
39420 0
39430 1
39440 3
39450 2
39460 2
39470 1
39480 3
39490 1
39500 1
39510 2
39520 3
39530 2
39540 1
39550 0
39560 0
39570 0
39580 0
39590 0
39600 0
39610 0
39620 0
39630 0
39640 0
39650 0
39660 0
39670 0
39680 0
39690 0
39700 0
39710 0
39720 0
39730 0
39740 0
39750 0
39760 0
39770 0
39780 0
39790 0
39800 0
39810 1
39820 0
39830 0
39840 0
39850 0
39860 0
39870 0
39880 0
39890 0
39900 0
39910 2
39920 4
39930 3
39940 4
39950 0
39960 3
39970 1
39980 3
39990 2
40000 1
40010 0
40020 0
40030 0
40040 0
40050 3
40060 0
40070 0
40080 0
40090 0
40100 1
40110 1
40120 1
40130 0
40140 0
40150 0
40160 0
40170 0
40180 0
40190 0
40200 0
40210 0
40220 0
40230 0
40240 0
40250 0
40260 0
40270 0
40280 0
40290 0
40300 2
40310 2
40320 8
40330 1
40340 11
40350 5
40360 6
40370 13
40380 5
40390 3
40400 2
40410 7
40420 3
40430 5
40440 3
40450 6
40460 3
40470 2
40480 3
40490 5
40500 1
40510 0
40520 4
40530 4
40540 3
40550 5
40560 3
40570 2
40580 2
40590 4
40600 3
40610 8
40620 6
40630 5
40640 7
40650 13
40660 8
40670 11
40680 10
40690 8
40700 12
40710 4
40720 10
40730 5
40740 7
40750 12
40760 6
40770 4
40780 6
40790 5
40800 4
40810 6
40820 8
40830 7
40840 0
40850 9
40860 5
40870 4
40880 8
40890 3
40900 9
40910 4
40920 10
40930 10
40940 4
40950 7
40960 10
40970 6
40980 10
40990 6
41000 3
41010 5
41020 6
41030 4
41040 6
41050 7
41060 6
41070 3
41080 3
41090 4
41100 8
41110 3
41120 2
41130 8
41140 5
41150 6
41160 7
41170 9
41180 6
41190 9
41200 2
41210 14
41220 7
41230 8
41240 9
41250 6
41260 1
41270 5
41280 0
41290 3
41300 0
41310 0
41320 0
41330 0
41340 0
41350 0
41360 0
41370 0
41380 0
41390 0
41400 0
41410 0
41420 0
41430 0
41440 0
41450 0
41460 0
41470 0
41480 0
41490 0
41500 0
41510 0
41520 0
41530 0
41540 0
41550 0
41560 0
41570 0
41580 0
41590 0
41600 0
41610 0
41620 0
41630 0
41640 0
41650 0
41660 0
41670 0
41680 0
41690 0
41700 0
41710 0
41720 0
41730 1
41740 3
41750 6
41760 3
41770 6
41780 4
41790 6
41800 4
41810 3
41820 3
41830 5
41840 2
41850 8
41860 4
41870 0
41880 0
41890 0
41900 0
41910 0
41920 0
41930 1
41940 0
41950 0
41960 0
41970 0
41980 0
41990 1
42000 0
42010 1
42020 1
42030 4
42040 1
42050 2
42060 0
42070 1
42080 0
42090 0
42100 0
42110 0
42120 0
42130 0
42140 0
42150 0
42160 0
42170 0
42180 0
42190 0
42200 0
42210 1
42220 0
42230 0
42240 0
42250 0
42260 0
42270 1
42280 1
42290 0
42300 0
42310 0
42320 0
42330 1
42340 0
42350 0
42360 0
42370 0
42380 0
42390 0
42400 0
42410 0
42420 0
42430 1
42440 0
42450 0
42460 0
42470 0
42480 0
42490 0
42500 0
42510 0
42520 1
42530 0
42540 0
42550 0
42560 0
42570 0
42580 0
42590 0
42600 0
42610 0
42620 0
42630 0
42640 0
42650 0
42660 0
42670 0
42680 0
42690 0
42700 0
42710 0
42720 0
42730 0
42740 1
42750 0
42760 3
42770 2
42780 2
42790 1
42800 0
42810 1
42820 0
42830 1
42840 0
42850 0
42860 0
42870 1
42880 1
42890 12
42900 7
42910 6
42920 8
42930 9
42940 6
42950 5
42960 6
42970 6
42980 2
42990 5
43000 4
43010 6
43020 8
43030 7
43040 0
43050 0
43060 0
43070 0
43080 0
43090 0
43100 0
43110 0
43120 4
43130 0
43140 0
43150 0
43160 0
43170 0
43180 0
43190 0
43200 0
43210 0
43220 0
43230 0
43240 0
43250 0
43260 0
43270 0
43280 0
43290 0
43300 0
43310 0
43320 0
43330 0
43340 0
43350 0
43360 0
43370 0
43380 0
43390 0
43400 0
43410 0
43420 0
43430 0
43440 0
43450 0
43460 0
43470 0
43480 0
43490 0
43500 0
43510 0
43520 0
43530 0
43540 0
43550 0
43560 0
43570 0
43580 0
43590 0
43600 0
43610 0
43620 0
43630 0
43640 0
43650 0
43660 0
43670 0
43680 0
43690 0
43700 0
43710 0
43720 0
43730 0
43740 0
43750 0
43760 0
43770 0
43780 0
43790 0
43800 0
43810 0
43820 0
43830 0
43840 0
43850 0
43860 0
43870 0
43880 0
43890 0
43900 0
43910 0
43920 0
43930 0
43940 0
43950 0
43960 0
43970 0
43980 0
43990 0
44000 0
44010 0
44020 0
44030 0
44040 0
44050 1
44060 1
44070 1
44080 0
44090 0
44100 0
44110 0
44120 1
44130 1
44140 1
44150 1
44160 0
44170 2
44180 1
44190 0
44200 0
44210 0
44220 1
44230 5
44240 4
44250 5
44260 0
44270 0
44280 0
44290 1
44300 0
44310 0
44320 0
44330 0
44340 0
44350 0
44360 0
44370 0
44380 0
44390 0
44400 0
44410 0
44420 0
44430 0
44440 0
44450 0
44460 0
44470 0
44480 4
44490 5
44500 2
44510 1
44520 3
44530 0
44540 1
44550 1
44560 3
44570 4
44580 0
44590 1
44600 0
44610 2
44620 0
44630 0
44640 2
44650 0
44660 0
44670 1
44680 3
44690 3
44700 0
44710 1
44720 0
44730 0
44740 0
44750 0
44760 1
44770 3
44780 4
44790 1
44800 1
44810 1
44820 1
44830 0
44840 0
44850 0
44860 0
44870 0
44880 0
44890 0
44900 0
44910 0
44920 0
44930 0
44940 0
44950 0
44960 0
44970 0
44980 0
44990 0
45000 1
45010 0
45020 0
45030 0
45040 0
45050 0
45060 0
45070 0
45080 0
45090 0
45100 0
45110 0
45120 0
45130 0
45140 0
45150 0
45160 0
45170 0
45180 0
45190 0
45200 0
45210 0
45220 0
45230 0
45240 0
45250 0
45260 0
45270 0
45280 0
45290 0
45300 0
45310 0
45320 0
45330 0
45340 0
45350 0
45360 0
45370 0
45380 0
45390 0
45400 0
45410 0
45420 0
45430 0
45440 0
45450 0
45460 0
45470 0
45480 0
45490 0
45500 0
45510 0
45520 0
45530 0
45540 0
45550 0
45560 0
45570 0
45580 0
45590 0
45600 0
45610 0
45620 0
45630 0
45640 0
45650 0
45660 0
45670 0
45680 0
45690 0
45700 0
45710 0
45720 0
45730 0
45740 0
45750 0
45760 0
45770 0
45780 0
45790 0
45800 0
45810 0
45820 0
45830 0
45840 0
45850 0
45860 0
45870 0
45880 0
45890 0
45900 0
45910 0
45920 0
45930 0
45940 0
45950 0
45960 0
45970 0
45980 0
45990 0
46000 0
46010 0
46020 0
46030 0
46040 0
46050 0
46060 0
46070 0
46080 0
46090 0
46100 0
46110 0
46120 0
46130 0
46140 0
46150 0
46160 0
46170 0
46180 0
46190 0
46200 0
46210 0
46220 0
46230 0
46240 0
46250 0
46260 0
46270 0
46280 0
46290 0
46300 0
46310 0
46320 0
46330 0
46340 0
46350 0
46360 0
46370 0
46380 0
46390 0
46400 0
46410 0
46420 0
46430 0
46440 0
46450 0
46460 0
46470 0
46480 0
46490 0
46500 0
46510 0
46520 0
46530 0
46540 0
46550 0
46560 0
46570 0
46580 0
46590 0
46600 0
46610 0
46620 0
46630 0
46640 0
46650 0
46660 0
46670 0
46680 0
46690 0
46700 0
46710 0
46720 0
46730 0
46740 0
46750 0
46760 0
46770 0
46780 0
46790 0
46800 0
46810 0
46820 0
46830 0
46840 0
46850 0
46860 0
46870 0
46880 0
46890 0
46900 0
46910 0
46920 0
46930 0
46940 0
46950 0
46960 0
46970 0
46980 0
46990 0
47000 0
47010 0
47020 0
47030 0
47040 0
47050 0
47060 0
47070 0
47080 0
47090 1
47100 0
47110 0
47120 0
47130 0
47140 0
47150 0
47160 0
47170 0
47180 0
47190 0
47200 0
47210 0
47220 0
47230 0
47240 0
47250 0
47260 0
47270 0
47280 0
47290 0
47300 0
47310 0
47320 0
47330 0
47340 0
47350 0
47360 0
47370 0
47380 0
47390 0
47400 0
47410 0
47420 0
47430 0
47440 0
47450 1
47460 0
47470 0
47480 0
47490 0
47500 0
47510 0
47520 0
47530 0
47540 0
47550 0
47560 0
47570 0
47580 0
47590 0
47600 0
47610 0
47620 0
47630 0
47640 0
47650 0
47660 0
47670 0
47680 0
47690 0
47700 0
47710 0
47720 0
47730 0
47740 0
47750 0
47760 0
47770 0
47780 0
47790 0
47800 0
47810 0
47820 0
47830 0
47840 0
47850 0
47860 0
47870 0
47880 1
47890 1
47900 0
47910 0
47920 0
47930 0
47940 0
47950 0
47960 0
47970 0
47980 0
47990 0
48000 0
48010 0
48020 0
48030 0
48040 0
48050 0
48060 0
48070 0
48080 0
48090 0
48100 0
48110 0
48120 0
48130 0
48140 0
48150 0
48160 0
48170 0
48180 0
48190 0
48200 0
48210 0
48220 0
48230 0
48240 0
48250 0
48260 0
48270 0
48280 0
48290 0
48300 0
48310 0
48320 0
48330 1
48340 0
48350 0
48360 0
48370 0
48380 0
48390 0
48400 1
48410 2
48420 2
48430 0
48440 0
48450 1
48460 4
48470 6
48480 1
48490 1
48500 2
48510 0
48520 0
48530 2
48540 2
48550 2
48560 2
48570 2
48580 0
48590 0
48600 0
48610 0
48620 0
48630 0
48640 0
48650 0
48660 0
48670 0
48680 0
48690 0
48700 0
48710 0
48720 1
48730 0
48740 1
48750 0
48760 1
48770 0
48780 1
48790 0
48800 1
48810 0
48820 3
48830 2
48840 1
48850 1
48860 2
48870 1
48880 1
48890 1
48900 1
48910 2
48920 1
48930 0
48940 0
48950 1
48960 0
48970 0
48980 0
48990 0
49000 0
49010 0
49020 0
49030 0
49040 0
49050 0
49060 0
49070 0
49080 0
49090 2
49100 0
49110 0
49120 1
49130 0
49140 0
49150 0
49160 0
49170 0
49180 0
49190 0
49200 0
49210 0
49220 0
49230 0
49240 0
49250 0
49260 0
49270 0
49280 0
49290 0
49300 0
49310 0
49320 0
49330 0
49340 0
49350 0
49360 4
49370 0
49380 0
49390 1
49400 0
49410 0
49420 1
49430 0
49440 0
49450 0
49460 0
49470 0
49480 0
49490 0
49500 0
49510 3
49520 1
49530 0
49540 1
49550 2
49560 0
49570 2
49580 0
49590 1
49600 0
49610 0
49620 0
49630 2
49640 0
49650 0
49660 0
49670 0
49680 3
49690 0
49700 6
49710 6
49720 3
49730 0
49740 2
49750 11
49760 5
49770 3
49780 7
49790 0
49800 5
49810 1
49820 2
49830 3
49840 4
49850 3
49860 0
49870 12
49880 0
49890 0
49900 0
49910 4
49920 4
49930 1
49940 1
49950 1
49960 6
49970 4
49980 8
49990 7
50000 1
50010 4
50020 3
50030 1
50040 1
50050 2
50060 5
50070 2
50080 2
50090 5
50100 3
50110 1
50120 1
50130 1
50140 4
50150 0
50160 0
50170 1
50180 0
50190 2
50200 1
50210 2
50220 0
50230 0
50240 1
50250 4
50260 1
50270 1
50280 0
50290 1
50300 3
50310 4
50320 3
50330 3
50340 2
50350 0
50360 2
50370 1
50380 1
50390 1
50400 3
50410 5
50420 0
50430 1
50440 5
50450 7
50460 6
50470 3
50480 3
50490 6
50500 8
50510 3
50520 1
50530 2
50540 5
50550 4
50560 3
50570 3
50580 3
50590 3
50600 4
50610 2
50620 5
50630 5
50640 4
50650 3
50660 0
50670 2
50680 7
50690 3
50700 3
50710 1
50720 2
50730 0
50740 3
50750 2
50760 4
50770 3
50780 4
50790 0
50800 2
50810 5
50820 3
50830 4
50840 7
50850 2
50860 1
50870 0
50880 3
50890 3
50900 5
50910 6
50920 2
50930 2
50940 3
50950 5
50960 1
50970 1
50980 6
50990 7
51000 1
51010 1
51020 4
51030 3
51040 4
51050 1
51060 3
51070 1
51080 0
51090 1
51100 0
51110 0
51120 3
51130 0
51140 3
51150 1
51160 2
51170 1
51180 0
51190 1
51200 5
51210 9
51220 12
51230 3
51240 6
51250 2
51260 10
51270 4
51280 6
51290 7
51300 2
51310 8
51320 3
51330 1
51340 1
51350 1
51360 0
51370 2
51380 0
51390 0
51400 0
51410 0
51420 0
51430 0
51440 0
51450 0
51460 0
51470 0
51480 0
51490 0
51500 0
51510 0
51520 0
51530 0
51540 0
51550 0
51560 0
51570 0
51580 0
51590 0
51600 0
51610 0
51620 0
51630 0
51640 0
51650 0
51660 0
51670 0
51680 0
51690 0
51700 0
51710 0
51720 0
51730 0
51740 0
51750 0
51760 0
51770 0
51780 0
51790 0
51800 0
51810 0
51820 0
51830 0
51840 0
51850 0
51860 0
51870 0
51880 0
51890 0
51900 0
51910 0
51920 0
51930 0
51940 0
51950 0
51960 0
51970 0
51980 0
51990 0
52000 0
52010 0
52020 0
52030 0
52040 0
52050 0
52060 0
52070 0
52080 0
52090 0
52100 0
52110 0
52120 0
52130 0
52140 0
52150 0
52160 0
52170 0
52180 1
52190 0
52200 0
52210 0
52220 2
52230 0
52240 0
52250 0
52260 0
52270 0
52280 0
52290 0
52300 0
52310 0
52320 0
52330 0
52340 0
52350 0
52360 0
52370 0
52380 0
52390 0
52400 0
52410 0
52420 0
52430 0
52440 0
52450 0
52460 0
52470 0
52480 0
52490 0
52500 0
52510 0
52520 0
52530 0
52540 0
52550 0
52560 0
52570 0
52580 0
52590 0
52600 0
52610 0
52620 0
52630 0
52640 0
52650 0
52660 0
52670 0
52680 0
52690 0
52700 0
52710 0
52720 0
52730 0
52740 0
52750 0
52760 0
52770 0
52780 0
52790 0
52800 1
52810 0
52820 0
52830 0
52840 2
52850 0
52860 0
52870 0
52880 0
52890 0
52900 0
52910 0
52920 2
52930 0
52940 0
52950 0
52960 2
52970 1
52980 3
52990 0
53000 0
53010 0
53020 0
53030 0
53040 0
53050 0
53060 0
53070 0
53080 0
53090 0
53100 0
53110 0
53120 0
53130 0
53140 1
53150 0
53160 0
53170 0
53180 0
53190 0
53200 0
53210 0
53220 0
53230 0
53240 0
53250 0
53260 0
53270 0
53280 0
53290 0
53300 0
53310 0
53320 0
53330 0
53340 0
53350 0
53360 0
53370 0
53380 1
53390 0
53400 0
53410 0
53420 0
53430 0
53440 0
53450 0
53460 0
53470 0
53480 0
53490 0
53500 0
53510 0
53520 0
53530 0
53540 0
53550 0
53560 0
53570 0
53580 0
53590 2
53600 0
53610 0
53620 0
53630 0
53640 3
53650 0
53660 0
53670 0
53680 0
53690 0
53700 1
53710 0
53720 0
53730 0
53740 0
53750 0
53760 0
53770 0
53780 0
53790 0
53800 0
53810 0
53820 0
53830 0
53840 0
53850 0
53860 0
53870 0
53880 0
53890 0
53900 0
53910 0
53920 0
53930 0
53940 0
53950 0
53960 0
53970 0
53980 0
53990 0
54000 0
54010 2
54020 0
54030 0
54040 0
54050 0
54060 0
54070 0
54080 0
54090 0
54100 0
54110 0
54120 0
54130 0
54140 0
54150 0
54160 0
54170 0
54180 0
54190 0
54200 0
54210 0
54220 1
54230 0
54240 0
54250 0
54260 0
54270 0
54280 0
54290 0
54300 0
54310 0
54320 0
54330 0
54340 0
54350 0
54360 0
54370 0
54380 0
54390 0
54400 0
54410 0
54420 0
54430 0
54440 0
54450 0
54460 0
54470 0
54480 0
54490 0
54500 0
54510 0
54520 0
54530 0
54540 1
54550 0
54560 0
54570 0
54580 0
54590 0
54600 0
54610 0
54620 0
54630 0
54640 0
54650 0
54660 0
54670 0
54680 0
54690 0
54700 1
54710 0
54720 0
54730 0
54740 0
54750 0
54760 0
54770 0
54780 0
54790 0
54800 0
54810 0
54820 0
54830 0
54840 0
54850 0
54860 0
54870 0
54880 0
54890 0
54900 0
54910 0
54920 0
54930 0
54940 0
54950 0
54960 0
54970 2
54980 0
54990 0
55000 0
55010 0
55020 0
55030 0
55040 0
55050 0
55060 0
55070 0
55080 0
55090 0
55100 0
55110 0
55120 0
55130 0
55140 0
55150 0
55160 0
55170 0
55180 0
55190 0
55200 0
55210 0
55220 0
55230 0
55240 0
55250 3
55260 2
55270 3
55280 0
55290 0
55300 0
55310 0
55320 0
55330 0
55340 0
55350 0
55360 0
55370 0
55380 0
55390 0
55400 0
55410 0
55420 0
55430 0
55440 1
55450 1
55460 2
55470 2
55480 0
55490 1
55500 0
55510 1
55520 0
55530 0
55540 0
55550 0
55560 1
55570 0
55580 0
55590 0
55600 0
55610 0
55620 0
55630 0
55640 0
55650 0
55660 0
55670 1
55680 0
55690 0
55700 0
55710 0
55720 0
55730 3
55740 0
55750 2
55760 0
55770 0
55780 0
55790 0
55800 0
55810 0
55820 0
55830 0
55840 0
55850 0
55860 0
55870 0
55880 0
55890 0
55900 0
55910 0
55920 0
55930 0
55940 0
55950 0
55960 0
55970 0
55980 0
55990 0
56000 0
56010 0
56020 0
56030 0
56040 0
56050 0
56060 0
56070 0
56080 0
56090 0
56100 0
56110 0
56120 0
56130 0
56140 0
56150 0
56160 0
56170 3
56180 2
56190 2
56200 1
56210 0
56220 2
56230 8
56240 4
56250 5
56260 2
56270 1
56280 1
56290 3
56300 4
56310 4
56320 3
56330 5
56340 3
56350 2
56360 2
56370 5
56380 10
56390 17
56400 10
56410 10
56420 13
56430 7
56440 8
56450 5
56460 7
56470 8
56480 12
56490 11
56500 6
56510 6
56520 12
56530 7
56540 13
56550 11
56560 13
56570 4
56580 5
56590 5
56600 2
56610 1
56620 2
56630 14
56640 8
56650 16
56660 10
56670 8
56680 13
56690 10
56700 9
56710 8
56720 9
56730 9
56740 12
56750 14
56760 18
56770 13
56780 15
56790 10
56800 14
56810 20
56820 18
56830 22
56840 17
56850 27
56860 14
56870 18
56880 20
56890 10
56900 11
56910 15
56920 18
56930 25
56940 13
56950 16
56960 13
56970 10
56980 16
56990 20
57000 17
57010 17
57020 3
57030 9
57040 15
57050 18
57060 12
57070 7
57080 18
57090 14
57100 17
57110 16
57120 15
57130 12
57140 10
57150 8
57160 12
57170 7
57180 8
57190 17
57200 19
57210 12
57220 16
57230 17
57240 9
57250 13
57260 17
57270 14
57280 14
57290 12
57300 19
57310 19
57320 7
57330 15
57340 22
57350 17
57360 19
57370 14
57380 21
57390 16
57400 21
57410 20
57420 24
57430 15
57440 19
57450 16
57460 21
57470 10
57480 21
57490 21
57500 15
57510 13
57520 12
57530 11
57540 13
57550 17
57560 17
57570 18
57580 20
57590 9
57600 17
57610 18
57620 14
57630 15
57640 18
57650 14
57660 11
57670 19
57680 14
57690 19
57700 8
57710 19
57720 9
57730 17
57740 18
57750 11
57760 19
57770 11
57780 14
57790 19
57800 11
57810 21
57820 27
57830 21
57840 19
57850 17
57860 24
57870 20
57880 24
57890 15
57900 23
57910 25
57920 23
57930 18
57940 20
57950 16
57960 9
57970 8
57980 15
57990 14
58000 14
58010 7
58020 13
58030 25
58040 23
58050 17
58060 14
58070 19
58080 13
58090 28
58100 27
58110 26
58120 17
58130 11
58140 14
58150 21
58160 15
58170 16
58180 10
58190 5
58200 4
58210 6
58220 5
58230 7
58240 7
58250 7
58260 3
58270 15
58280 13
58290 18
58300 18
58310 17
58320 20
58330 11
58340 15
58350 18
58360 16
58370 8
58380 20
58390 17
58400 15
58410 23
58420 18
58430 12
58440 17
58450 20
58460 22
58470 16
58480 23
58490 16
58500 14
58510 12
58520 12
58530 15
58540 7
58550 5
58560 7
58570 17
58580 17
58590 14
58600 12
58610 9
58620 13
58630 19
58640 7
58650 12
58660 16
58670 15
58680 17
58690 18
58700 14
58710 13
58720 5
58730 12
58740 15
58750 22
58760 16
58770 20
58780 20
58790 10
58800 15
58810 13
58820 11
58830 12
58840 13
58850 8
58860 16
58870 9
58880 8
58890 16
58900 12
58910 15
58920 11
58930 14
58940 9
58950 6
58960 11
58970 3
58980 14
58990 12
59000 17
59010 15
59020 22
59030 19
59040 18
59050 17
59060 11
59070 11
59080 13
59090 9
59100 10
59110 12
59120 11
59130 13
59140 14
59150 14
59160 22
59170 25
59180 14
59190 26
59200 17
59210 11
59220 12
59230 17
59240 14
59250 11
59260 10
59270 8
59280 16
59290 15
59300 16
59310 14
59320 18
59330 19
59340 21
59350 18
59360 16
59370 21
59380 17
59390 15
59400 16
59410 19
59420 9
59430 22
59440 3
59450 2
59460 3
59470 1
59480 9
59490 14
59500 10
59510 22
59520 14
59530 14
59540 12
59550 16
59560 6
59570 12
59580 11
59590 11
59600 16
59610 8
59620 8
59630 15
59640 7
59650 12
59660 7
59670 7
59680 9
59690 4
59700 6
59710 9
59720 6
59730 13
59740 4
59750 8
59760 12
59770 5
59780 10
59790 5
59800 15
59810 10
59820 9
59830 12
59840 10
59850 16
59860 15
59870 15
59880 16
59890 20
59900 10
59910 15
59920 9
59930 14
59940 12
59950 4
59960 11
59970 7
59980 10
59990 19
60000 12
60010 15
60020 10
60030 4
60040 11
60050 8
60060 3
60070 5
60080 4
60090 7
60100 5
60110 0
60120 5
60130 16
60140 17
60150 22
60160 15
60170 12
60180 16
60190 18
60200 18
60210 22
60220 10
60230 9
60240 10
60250 20
60260 20
60270 19
60280 17
60290 20
60300 19
60310 17
60320 18
60330 11
60340 4
60350 24
60360 9
60370 13
60380 11
60390 28
60400 21
60410 24
60420 24
60430 22
60440 25
60450 18
60460 10
60470 12
60480 18
60490 18
60500 15
60510 17
60520 21
60530 14
60540 16
60550 22
60560 14
60570 18
60580 18
60590 11
60600 17
60610 15
60620 13
60630 17
60640 14
60650 14
60660 10
60670 7
60680 17
60690 17
60700 18
60710 16
60720 15
60730 19
60740 14
60750 12
60760 21
60770 22
60780 13
60790 20
60800 12
60810 12
60820 13
60830 16
60840 19
60850 15
60860 11
60870 13
60880 8
60890 12
60900 21
60910 12
60920 9
60930 15
60940 7
60950 20
60960 7
60970 12
60980 12
60990 14
61000 11
61010 13
61020 15
61030 8
61040 21
61050 19
61060 18
61070 18
61080 18
61090 20
61100 19
61110 19
61120 15
61130 19
61140 20
61150 21
61160 21
61170 20
61180 16
61190 20
61200 21
61210 23
61220 21
61230 18
61240 16
61250 16
61260 10
61270 19
61280 19
61290 14
61300 12
61310 19
61320 18
61330 9
61340 19
61350 21
61360 14
61370 18
61380 24
61390 17
61400 22
61410 22
61420 17
61430 12
61440 7
61450 18
61460 16
61470 20
61480 14
61490 14
61500 9
61510 18
61520 13
61530 10
61540 11
61550 13
61560 15
61570 13
61580 17
61590 8
61600 15
61610 14
61620 14
61630 17
61640 19
61650 18
61660 10
61670 18
61680 23
61690 22
61700 13
61710 19
61720 17
61730 22
61740 15
61750 11
61760 11
61770 8
61780 13
61790 8
61800 4
61810 4
61820 6
61830 4
61840 9
61850 7
61860 6
61870 0
61880 3
61890 11
61900 18
61910 14
61920 13
61930 14
61940 17
61950 15
61960 15
61970 12
61980 14
61990 7
62000 11
62010 15
62020 7
62030 5
62040 5
62050 11
62060 5
62070 6
62080 6
62090 5
62100 4
62110 10
62120 5
62130 7
62140 13
62150 17
62160 12
62170 6
62180 10
62190 9
62200 15
62210 6
62220 9
62230 14
62240 9
62250 14
62260 11
62270 14
62280 16
62290 15
62300 13
62310 8
62320 13
62330 3
62340 14
62350 13
62360 12
62370 11
62380 10
62390 14
62400 17
62410 9
62420 19
62430 12
62440 16
62450 14
62460 19
62470 11
62480 9
62490 18
62500 18
62510 16
62520 17
62530 14
62540 14
62550 13
62560 19
62570 21
62580 18
62590 7
62600 9
62610 23
62620 17
62630 17
62640 18
62650 15
62660 14
62670 17
62680 15
62690 11
62700 18
62710 12
62720 16
62730 15
62740 13
62750 22
62760 12
62770 11
62780 8
62790 15
62800 12
62810 12
62820 17
62830 15
62840 10
62850 12
62860 4
62870 11
62880 9
62890 6
62900 6
62910 4
62920 6
62930 6
62940 15
62950 11
62960 5
62970 11
62980 21
62990 20
63000 9
63010 13
63020 11
63030 11
63040 12
63050 13
63060 12
63070 11
63080 11
63090 17
63100 10
63110 18
63120 15
63130 19
63140 14
63150 13
63160 9
63170 20
63180 13
63190 17
63200 15
63210 17
63220 14
63230 8
63240 11
63250 17
63260 12
63270 24
63280 10
63290 8
63300 7
63310 5
63320 20
63330 17
63340 15
63350 21
63360 20
63370 15
63380 20
63390 11
63400 19
63410 11
63420 9
63430 14
63440 22
63450 17
63460 18
63470 14
63480 21
63490 13
63500 14
63510 24
63520 24
63530 21
63540 18
63550 14
63560 18
63570 10
63580 14
63590 19
63600 15
63610 19
63620 22
63630 19
63640 19
63650 12
63660 11
63670 10
63680 17
63690 12
63700 17
63710 21
63720 16
63730 16
63740 11
63750 24
63760 11
63770 19
63780 12
63790 14
63800 13
63810 7
63820 15
63830 15
63840 17
63850 15
63860 13
63870 15
63880 18
63890 8
63900 15
63910 15
63920 10
63930 18
63940 13
63950 19
63960 14
63970 19
63980 21
63990 15
64000 15
64010 12
64020 10
64030 13
64040 14
64050 8
64060 6
64070 17
64080 17
64090 18
64100 19
64110 17
64120 7
64130 15
64140 19
64150 18
64160 9
64170 13
64180 18
64190 11
64200 13
64210 12
64220 15
64230 13
64240 8
64250 5
64260 12
64270 12
64280 16
64290 13
64300 21
64310 15
64320 11
64330 9
64340 13
64350 9
64360 11
64370 19
64380 19
64390 12
64400 20
64410 14
64420 15
64430 4
64440 4
64450 6
64460 11
64470 18
64480 6
64490 2
64500 8
64510 21
64520 18
64530 8
64540 15
64550 5
64560 13
64570 5
64580 10
64590 12
64600 12
64610 7
64620 13
64630 5
64640 4
64650 15
64660 14
64670 12
64680 14
64690 12
64700 9
64710 8
64720 11
64730 3
64740 6
64750 10
64760 6
64770 4
64780 4
64790 12
64800 18
64810 6
64820 9
64830 11
64840 8
64850 16
64860 8
64870 11
64880 10
64890 11
64900 8
64910 5
64920 4
64930 14
64940 5
64950 5
64960 10
64970 5
64980 5
64990 5
65000 11
65010 11
65020 0
65030 9
65040 7
65050 7
65060 7
65070 12
65080 3
65090 4
65100 6
65110 8
65120 7
65130 13
65140 11
65150 6
65160 15
65170 9
65180 9
65190 9
65200 8
65210 9
65220 12
65230 13
65240 13
65250 18
65260 13
65270 18
65280 14
65290 10
65300 13
65310 14
65320 20
65330 12
65340 15
65350 15
65360 11
65370 12
65380 14
65390 21
65400 14
65410 11
65420 7
65430 8
65440 15
65450 10
65460 10
65470 14
65480 5
65490 14
65500 12
65510 15
65520 20
65530 16
65540 18
65550 12
65560 11
65570 6
65580 16
65590 12
65600 22
65610 14
65620 20
65630 7
65640 15
65650 14
65660 4
65670 11
65680 7
65690 15
65700 5
65710 7
65720 18
65730 15
65740 11
65750 9
65760 9
65770 8
65780 7
65790 8
65800 4
65810 4
65820 3
65830 6
65840 5
65850 2
65860 2
65870 6
65880 6
65890 2
65900 5
65910 9
65920 9
65930 10
65940 6
65950 7
65960 2
65970 11
65980 11
65990 16
66000 10
66010 10
66020 10
66030 5
66040 5
66050 8
66060 7
66070 10
66080 9
66090 3
66100 9
66110 4
66120 8
66130 6
66140 6
66150 12
66160 3
66170 12
66180 9
66190 11
66200 6
66210 10
66220 11
66230 10
66240 11
66250 13
66260 6
66270 11
66280 14
66290 7
66300 5
66310 11
66320 12
66330 4
66340 5
66350 4
66360 5
66370 11
66380 7
66390 4
66400 4
66410 8
66420 5
66430 6
66440 5
66450 5
66460 2
66470 4
66480 3
66490 3
66500 3
66510 3
66520 2
66530 4
66540 3
66550 4
66560 3
66570 1
66580 2
66590 5
66600 4
66610 4
66620 3
66630 3
66640 6
66650 2
66660 3
66670 3
66680 3
66690 3
66700 3
66710 3
66720 2
66730 4
66740 3
66750 4
66760 3
66770 3
66780 3
66790 2
66800 2
66810 3
66820 3
66830 4
66840 5
66850 3
66860 5
66870 5
66880 4
66890 4
66900 4
66910 4
66920 5
66930 3
66940 2
66950 5
66960 3
66970 5
66980 3
66990 3
67000 3
67010 3
67020 5
67030 3
67040 2
67050 4
67060 3
67070 6
67080 3
67090 3
67100 3
67110 2
67120 2
67130 3
67140 5
67150 3
67160 3
67170 3
67180 3
67190 3
67200 4
67210 3
67220 3
67230 2
67240 5
67250 3
67260 3
67270 3
67280 4
67290 4
67300 3
67310 3
67320 3
67330 5
67340 3
67350 3
67360 3
67370 5
67380 2
67390 3
67400 5
67410 2
67420 3
67430 3
67440 2
67450 3
67460 3
67470 3
67480 1
67490 2
67500 3
67510 2
67520 3
67530 5
67540 3
67550 3
67560 1
67570 3
67580 2
67590 3
67600 2
67610 3
67620 3
67630 3
67640 3
67650 2
67660 3
67670 1
67680 3
67690 3
67700 3
67710 3
67720 3
67730 2
67740 1
67750 2
67760 2
67770 3
67780 4
67790 3
67800 2
67810 3
67820 2
67830 2
67840 0
67850 3
67860 4
67870 2
67880 4
67890 5
67900 3
67910 2
67920 2
67930 2
67940 3
67950 4
67960 3
67970 3
67980 3
67990 2
68000 3
68010 3
68020 1
68030 3
68040 2
68050 2
68060 3
68070 2
68080 3
68090 3
68100 5
68110 3
68120 2
68130 2
68140 4
68150 2
68160 6
68170 6
68180 2
68190 4
68200 2
68210 3
68220 2
68230 3
68240 2
68250 3
68260 4
68270 4
68280 2
68290 2
68300 2
68310 2
68320 2
68330 2
68340 3
68350 2
68360 7
68370 2
68380 2
68390 1
68400 2
68410 0
68420 2
68430 0
68440 2
68450 15
68460 2
68470 0
68480 0
68490 4
68500 8
68510 3
68520 8
68530 5
68540 1
68550 9
68560 5
68570 2
68580 8
68590 6
68600 5
68610 7
68620 6
68630 5
68640 5
68650 6
68660 7
68670 3
68680 9
68690 2
68700 4
68710 5
68720 6
68730 4
68740 3
68750 5
68760 5
68770 5
68780 5
68790 2
68800 5
68810 5
68820 9
68830 6
68840 4
68850 7
68860 5
68870 5
68880 7
68890 6
68900 7
68910 4
68920 4
68930 10
68940 7
68950 7
68960 4
68970 11
68980 9
68990 6
69000 3
69010 6
69020 11
69030 6
69040 8
69050 7
69060 3
69070 2
69080 5
69090 4
69100 3
69110 7
69120 5
69130 5
69140 6
69150 6
69160 3
69170 6
69180 6
69190 0
69200 5
69210 5
69220 6
69230 7
69240 3
69250 12
69260 1
69270 8
69280 3
69290 1
69300 1
69310 1
69320 11
69330 5
69340 6
69350 7
69360 5
69370 6
69380 8
69390 4
69400 4
69410 5
69420 6
69430 3
69440 4
69450 8
69460 2
69470 6
69480 3
69490 2
69500 5
69510 8
69520 2
69530 5
69540 6
69550 2
69560 4
69570 6
69580 5
69590 8
69600 5
69610 8
69620 9
69630 2
69640 6
69650 2
69660 7
69670 6
69680 5
69690 9
69700 5
69710 5
69720 10
69730 4
69740 6
69750 4
69760 4
69770 4
69780 8
69790 6
69800 4
69810 4
69820 6
69830 10
69840 7
69850 8
69860 6
69870 5
69880 6
69890 6
69900 3
69910 4
69920 6
69930 5
69940 3
69950 6
69960 6
69970 5
69980 6
69990 7
70000 5
70010 2
70020 5
70030 6
70040 2
70050 6
70060 7
70070 6
70080 7
70090 5
70100 6
70110 5
70120 5
70130 3
70140 0
70150 5
70160 3
70170 2
70180 6
70190 7
70200 6
70210 2
70220 4
70230 3
70240 6
70250 5
70260 6
70270 2
70280 6
70290 7
70300 3
70310 6
70320 4
70330 5
70340 6
70350 2
70360 5
70370 7
70380 7
70390 4
70400 5
70410 5
70420 5
70430 2
70440 4
70450 7
70460 3
70470 2
70480 8
70490 5
70500 3
70510 3
70520 7
70530 5
70540 7
70550 2
70560 6
70570 5
70580 10
70590 9
70600 6
70610 4
70620 8
70630 4
70640 6
70650 8
70660 9
70670 6
70680 8
70690 7
70700 5
70710 7
70720 6
70730 3
70740 6
70750 5
70760 3
70770 6
70780 6
70790 7
70800 4
70810 6
70820 7
70830 3
70840 4
70850 3
70860 6
70870 4
70880 9
70890 7
70900 11
70910 5
70920 8
70930 9
70940 10
70950 8
70960 7
70970 10
70980 5
70990 6
71000 9
71010 10
71020 4
71030 4
71040 6
71050 7
71060 10
71070 9
71080 9
71090 6
71100 10
71110 11
71120 8
71130 5
71140 5
71150 5
71160 3
71170 4
71180 6
71190 3
71200 6
71210 4
71220 5
71230 8
71240 5
71250 8
71260 4
71270 6
71280 5
71290 5
71300 7
71310 4
71320 5
71330 10
71340 8
71350 13
71360 8
71370 9
71380 12
71390 8
71400 11
71410 5
71420 11
71430 8
71440 7
71450 8
71460 9
71470 5
71480 8
71490 10
71500 2
71510 7
71520 6
71530 4
71540 4
71550 6
71560 4
71570 13
71580 4
71590 8
71600 10
71610 9
71620 5
71630 6
71640 6
71650 8
71660 9
71670 7
71680 5
71690 9
71700 4
71710 1
71720 1
71730 5
71740 6
71750 5
71760 4
71770 10
71780 8
71790 5
71800 7
71810 3
71820 3
71830 3
71840 3
71850 2
71860 6
71870 6
71880 3
71890 6
71900 8
71910 3
71920 4
71930 4
71940 6
71950 5
71960 6
71970 4
71980 3
71990 6
72000 5
72010 4
72020 1
72030 3
72040 3
72050 13
72060 5
72070 10
72080 8
72090 4
72100 5
72110 7
72120 7
72130 6
72140 2
72150 2
72160 3
72170 1
72180 1
72190 0
72200 1
72210 1
72220 1
72230 1
72240 0
72250 3
72260 5
72270 3
72280 2
72290 1
72300 4
72310 2
72320 6
72330 3
72340 3
72350 2
72360 2
72370 2
72380 1
72390 2
72400 1
72410 1
72420 2
72430 2
72440 2
72450 3
72460 2
72470 2
72480 6
72490 5
72500 7
72510 5
72520 5
72530 2
72540 4
72550 4
72560 6
72570 2
72580 5
72590 3
72600 3
72610 4
72620 5
72630 2
72640 4
72650 5
72660 3
72670 5
72680 3
72690 4
72700 4
72710 7
72720 6
72730 7
72740 7
72750 4
72760 9
72770 8
72780 10
72790 7
72800 6
72810 5
72820 6
72830 2
72840 3
72850 2
72860 6
72870 3
72880 0
72890 6
72900 5
72910 9
72920 2
72930 5
72940 6
72950 4
72960 3
72970 5
72980 3
72990 3
73000 2
73010 3
73020 8
73030 8
73040 4
73050 5
73060 4
73070 3
73080 3
73090 6
73100 8
73110 4
73120 2
73130 3
73140 5
73150 3
73160 4
73170 10
73180 3
73190 7
73200 2
73210 2
73220 3
73230 3
73240 0
73250 4
73260 3
73270 3
73280 1
73290 4
73300 3
73310 4
73320 3
73330 3
73340 3
73350 5
73360 0
73370 3
73380 1
73390 4
73400 3
73410 4
73420 3
73430 7
73440 7
73450 7
73460 5
73470 7
73480 7
73490 4
73500 5
73510 6
73520 5
73530 4
73540 3
73550 3
73560 4
73570 4
73580 4
73590 6
73600 5
73610 4
73620 7
73630 7
73640 3
73650 3
73660 2
73670 5
73680 4
73690 7
73700 10
73710 8
73720 7
73730 5
73740 2
73750 2
73760 4
73770 1
73780 3
73790 2
73800 5
73810 4
73820 2
73830 0
73840 2
73850 1
73860 4
73870 4
73880 9
73890 6
73900 7
73910 3
73920 2
73930 3
73940 3
73950 3
73960 3
73970 1
73980 7
73990 3
74000 5
74010 3
74020 7
74030 4
74040 2
74050 2
74060 4
74070 4
74080 3
74090 1
74100 0
74110 1
74120 1
74130 3
74140 0
74150 0
74160 0
74170 1
74180 0
74190 0
74200 0
74210 1
74220 0
74230 0
74240 1
74250 2
74260 0
74270 1
74280 3
74290 1
74300 4
74310 2
74320 3
74330 6
74340 2
74350 4
74360 6
74370 3
74380 3
74390 2
74400 2
74410 2
74420 8
74430 4
74440 1
74450 3
74460 5
74470 3
74480 3
74490 2
74500 5
74510 8
74520 2
74530 3
74540 2
74550 6
74560 3
74570 2
74580 3
74590 2
74600 4
74610 3
74620 3
74630 3
74640 0
74650 1
74660 5
74670 3
74680 1
74690 0
74700 1
74710 1
74720 0
74730 3
74740 5
74750 3
74760 4
74770 3
74780 3
74790 0
74800 2
74810 6
74820 2
74830 1
74840 3
74850 2
74860 0
74870 2
74880 3
74890 4
74900 1
74910 4
74920 5
74930 7
74940 4
74950 3
74960 4
74970 1
74980 1
74990 2
75000 2
75010 0
75020 3
75030 3
75040 3
75050 2
75060 5
75070 5
75080 2
75090 6
75100 11
75110 7
75120 7
75130 9
75140 8
75150 10
75160 13
75170 13
75180 6
75190 8
75200 12
75210 8
75220 12
75230 8
75240 2
75250 12
75260 11
75270 13
75280 11
75290 7
75300 4
75310 6
75320 7
75330 10
75340 11
75350 12
75360 2
75370 2
75380 7
75390 5
75400 3
75410 4
75420 2
75430 3
75440 3
75450 8
75460 11
75470 5
75480 3
75490 4
75500 3
75510 2
75520 6
75530 4
75540 7
75550 4
75560 4
75570 4
75580 4
75590 4
75600 7
75610 5
75620 6
75630 7
75640 9
75650 8
75660 4
75670 2
75680 3
75690 3
75700 4
75710 3
75720 4
75730 3
75740 5
75750 6
75760 8
75770 3
75780 5
75790 6
75800 8
75810 4
75820 6
75830 4
75840 6
75850 3
75860 7
75870 4
75880 3
75890 1
75900 0
75910 3
75920 4
75930 6
75940 9
75950 8
75960 11
75970 3
75980 7
75990 4
76000 5
76010 5
76020 5
76030 4
76040 5
76050 5
76060 6
76070 6
76080 7
76090 7
76100 4
76110 5
76120 5
76130 3
76140 5
76150 4
76160 8
76170 5
76180 9
76190 6
76200 6
76210 3
76220 4
76230 6
76240 8
76250 3
76260 7
76270 8
76280 5
76290 9
76300 6
76310 9
76320 7
76330 7
76340 5
76350 5
76360 5
76370 7
76380 5
76390 6
76400 9
76410 8
76420 7
76430 3
76440 2
76450 1
76460 5
76470 6
76480 6
76490 5
76500 4
76510 3
76520 4
76530 2
76540 3
76550 4
76560 3
76570 2
76580 1
76590 3
76600 6
76610 3
76620 1
76630 7
76640 4
76650 8
76660 5
76670 2
76680 5
76690 3
76700 2
76710 1
76720 6
76730 0
76740 2
76750 3
76760 0
76770 3
76780 3
76790 4
76800 8
76810 7
76820 5
76830 4
76840 3
76850 5
76860 3
76870 5
76880 3
76890 3
76900 1
76910 3
76920 1
76930 3
76940 6
76950 4
76960 5
76970 3
76980 3
76990 3
77000 1
77010 3
77020 4
77030 8
77040 13
77050 6
77060 8
77070 5
77080 7
77090 5
77100 8
77110 3
77120 3
77130 4
77140 5
77150 6
77160 4
77170 7
77180 7
77190 6
77200 7
77210 7
77220 2
77230 5
77240 4
77250 4
77260 4
77270 2
77280 3
77290 2
77300 3
77310 3
77320 3
77330 3
77340 3
77350 3
77360 1
77370 3
77380 4
77390 3
77400 3
77410 3
77420 3
77430 2
77440 2
77450 2
77460 4
77470 1
77480 3
77490 6
77500 0
77510 8
77520 3
77530 3
77540 5
77550 7
77560 7
77570 6
77580 4
77590 2
77600 4
77610 1
77620 4
77630 3
77640 2
77650 3
77660 5
77670 3
77680 3
77690 7
77700 6
77710 6
77720 6
77730 2
77740 5
77750 5
77760 5
77770 5
77780 4
77790 4
77800 3
77810 4
77820 3
77830 4
77840 4
77850 2
77860 4
77870 4
77880 3
77890 7
77900 1
77910 3
77920 3
77930 3
77940 4
77950 4
77960 4
77970 4
77980 3
77990 5
78000 4
78010 3
78020 3
78030 2
78040 1
78050 4
78060 6
78070 4
78080 3
78090 4
78100 5
78110 4
78120 1
78130 2
78140 0
78150 0
78160 5
78170 0
78180 4
78190 1
78200 2
78210 7
78220 8
78230 2
78240 0
78250 8
78260 7
78270 2
78280 7
78290 5
78300 3
78310 4
78320 6
78330 7
78340 6
78350 5
78360 9
78370 10
78380 7
78390 11
78400 11
78410 9
78420 3
78430 16
78440 8
78450 11
78460 6
78470 6
78480 12
78490 9
78500 6
78510 15
78520 13
78530 10
78540 5
78550 5
78560 7
78570 5
78580 9
78590 7
78600 4
78610 7
78620 8
78630 5
78640 5
78650 8
78660 3
78670 2
78680 3
78690 3
78700 3
78710 2
78720 6
78730 4
78740 5
78750 3
78760 3
78770 4
78780 4
78790 7
78800 4
78810 7
78820 6
78830 4
78840 3
78850 3
78860 8
78870 6
78880 3
78890 10
78900 4
78910 4
78920 7
78930 3
78940 6
78950 5
78960 4
78970 6
78980 0
78990 3
79000 10
79010 4
79020 3
79030 5
79040 2
79050 2
79060 7
79070 4
79080 3
79090 4
79100 5
79110 2
79120 1
79130 4
79140 5
79150 9
79160 4
79170 6
79180 6
79190 5
79200 8
79210 4
79220 7
79230 8
79240 7
79250 6
79260 7
79270 2
79280 4
79290 12
79300 5
79310 9
79320 6
79330 1
79340 1
79350 2
79360 1
79370 1
79380 0
79390 1
79400 2
79410 1
79420 2
79430 1
79440 0
79450 0
79460 0
79470 0
79480 0
79490 0
79500 2
79510 1
79520 0
79530 0
79540 0
79550 1
79560 2
79570 4
79580 1
79590 2
79600 1
79610 0
79620 0
79630 0
79640 0
79650 0
79660 0
79670 0
79680 0
79690 0
79700 0
79710 0
79720 1
79730 3
79740 1
79750 0
79760 0
79770 0
79780 0
79790 0
79800 0
79810 0
79820 0
79830 0
79840 0
79850 0
79860 0
79870 0
79880 0
79890 0
79900 0
79910 0
79920 0
79930 0
79940 0
79950 1
79960 0
79970 0
79980 0
79990 0
80000 0
80010 0
80020 0
80030 0
80040 0
80050 0
80060 1
80070 0
80080 0
80090 0
80100 0
80110 0
80120 0
80130 2
80140 3
80150 3
80160 3
80170 1
80180 4
80190 2
80200 2
80210 6
80220 2
80230 4
80240 0
80250 0
80260 1
80270 1
80280 0
80290 0
80300 0
80310 0
80320 0
80330 0
80340 0
80350 0
80360 0
80370 0
80380 0
80390 0
80400 0
80410 0
80420 0
80430 0
80440 0
80450 0
80460 0
80470 0
80480 0
80490 2
80500 0
80510 0
80520 0
80530 0
80540 0
80550 0
80560 0
80570 1
80580 3
80590 0
80600 1
80610 0
80620 0
80630 1
80640 0
80650 0
80660 0
80670 0
80680 0
80690 0
80700 0
80710 0
80720 0
80730 0
80740 0
80750 0
80760 0
80770 0
80780 0
80790 0
80800 0
80810 0
80820 0
80830 0
80840 0
80850 0
80860 0
80870 1
80880 0
80890 0
80900 1
80910 0
80920 0
80930 0
80940 0
80950 0
80960 0
80970 0
80980 0
80990 0
81000 0
81010 0
81020 0
81030 0
81040 0
81050 0
81060 0
81070 0
81080 0
81090 0
81100 0
81110 0
81120 0
81130 0
81140 0
81150 0
81160 0
81170 0
81180 0
81190 0
81200 0
81210 0
81220 0
81230 0
81240 0
81250 0
81260 0
81270 0
81280 0
81290 0
81300 0
81310 0
81320 0
81330 0
81340 0
81350 0
81360 0
81370 0
81380 0
81390 0
81400 0
81410 0
81420 0
81430 0
81440 0
81450 0
81460 0
81470 0
81480 0
81490 0
81500 0
81510 0
81520 0
81530 0
81540 0
81550 0
81560 0
81570 0
81580 0
81590 0
81600 0
81610 0
81620 0
81630 0
81640 0
81650 0
81660 0
81670 0
81680 0
81690 0
81700 0
81710 0
81720 0
81730 0
81740 0
81750 0
81760 0
81770 0
81780 0
81790 0
81800 0
81810 0
81820 0
81830 0
81840 0
81850 0
81860 0
81870 0
81880 0
81890 0
81900 0
81910 0
81920 0
81930 0
81940 0
81950 0
81960 0
81970 0
81980 0
81990 0
82000 0
82010 0
82020 0
82030 0
82040 0
82050 0
82060 0
82070 0
82080 0
82090 0
82100 0
82110 0
82120 0
82130 0
82140 0
82150 0
82160 0
82170 0
82180 0
82190 0
82200 0
82210 3
82220 1
82230 0
82240 0
82250 0
82260 0
82270 0
82280 0
82290 0
82300 0
82310 0
82320 0
82330 0
82340 0
82350 0
82360 0
82370 0
82380 0
82390 0
82400 0
82410 0
82420 0
82430 0
82440 0
82450 0
82460 0
82470 0
82480 0
82490 0
82500 0
82510 0
82520 0
82530 0
82540 0
82550 0
82560 0
82570 0
82580 0
82590 0
82600 0
82610 0
82620 0
82630 0
82640 0
82650 0
82660 0
82670 0
82680 0
82690 0
82700 0
82710 0
82720 0
82730 0
82740 0
82750 0
82760 0
82770 0
82780 0
82790 0
82800 0
82810 0
82820 0
82830 0
82840 0
82850 0
82860 0
82870 0
82880 0
82890 0
82900 0
82910 0
82920 0
82930 0
82940 0
82950 0
82960 0
82970 0
82980 0
82990 0
83000 0
83010 0
83020 0
83030 0
83040 0
83050 0
83060 0
83070 0
83080 0
83090 0
83100 0
83110 0
83120 0
83130 0
83140 0
83150 0
83160 0
83170 0
83180 0
83190 0
83200 0
83210 0
83220 0
83230 0
83240 0
83250 0
83260 0
83270 0
83280 0
83290 0
83300 0
83310 0
83320 0
83330 0
83340 0
83350 0
83360 0
83370 0
83380 0
83390 0
83400 0
83410 0
83420 0
83430 0
83440 0
83450 0
83460 0
83470 0
83480 0
83490 0
83500 0
83510 0
83520 0
83530 0
83540 0
83550 0
83560 0
83570 0
83580 0
83590 0
83600 0
83610 0
83620 0
83630 0
83640 0
83650 0
83660 0
83670 0
83680 0
83690 0
83700 0
83710 0
83720 0
83730 0
83740 0
83750 0
83760 0
83770 0
83780 0
83790 0
83800 0
83810 0
83820 0
83830 0
83840 0
83850 0
83860 0
83870 0
83880 0
83890 0
83900 0
83910 0
83920 0
83930 0
83940 0
83950 0
83960 0
83970 0
83980 0
83990 0
84000 0
84010 0
84020 0
84030 0
84040 0
84050 0
84060 0
84070 0
84080 0
84090 0
84100 0
84110 0
84120 0
84130 0
84140 0
84150 0
84160 0
84170 0
84180 0
84190 0
84200 0
84210 0
84220 0
84230 0
84240 0
84250 0
84260 0
84270 0
84280 0
84290 0
84300 0
84310 0
84320 0
84330 0
84340 0
84350 0
84360 0
84370 0
84380 0
84390 0
84400 0
84410 0
84420 0
84430 0
84440 0
84450 0
84460 0
84470 0
84480 0
84490 0
84500 0
84510 0
84520 0
84530 0
84540 0
84550 0
84560 0
84570 0
84580 0
84590 0
84600 0
84610 0
84620 0
84630 0
84640 0
84650 0
84660 0
84670 0
84680 0
84690 0
84700 0
84710 0
84720 0
84730 0
84740 0
84750 0
84760 0
84770 0
84780 0
84790 0
84800 0
84810 0
84820 0
84830 0
84840 0
84850 0
84860 0
84870 0
84880 0
84890 0
84900 0
84910 0
84920 0
84930 0
84940 0
84950 0
84960 0
84970 0
84980 0
84990 0
85000 0
85010 0
85020 0
85030 0
85040 0
85050 0
85060 0
85070 0
85080 0
85090 0
85100 0
85110 0
85120 0
85130 0
85140 0
85150 0
85160 0
85170 0
85180 1
85190 0
85200 0
85210 0
85220 0
85230 0
85240 0
85250 0
85260 0
85270 0
85280 0
85290 0
85300 0
85310 0
85320 0
85330 0
85340 0
85350 0
85360 0
85370 0
85380 0
85390 0
85400 0
85410 0
85420 0
85430 0
85440 0
85450 0
85460 0
85470 0
85480 0
85490 0
85500 0
85510 0
85520 0
85530 0
85540 0
85550 0
85560 0
85570 0
85580 0
85590 0
85600 0
85610 0
85620 0
85630 0
85640 0
85650 0
85660 0
85670 0
85680 0
85690 0
85700 0
85710 0
85720 0
85730 0
85740 0
85750 0
85760 0
85770 0
85780 0
85790 0
85800 0
85810 0
85820 0
85830 0
85840 0
85850 0
85860 0
85870 0
85880 0
85890 0
85900 0
85910 0
85920 0
85930 0
85940 0
85950 0
85960 0
85970 0
85980 0
85990 0
86000 0
86010 0
86020 0
86030 0
86040 0
86050 0
86060 0
86070 0
86080 0
86090 0
86100 0
86110 0
86120 0
86130 0
86140 0
86150 0
86160 0
86170 0
86180 0
86190 0
86200 0
86210 0
86220 0
86230 0
86240 0
86250 0
86260 0
86270 0
86280 0
86290 0
86300 0
86310 0
86320 0
86330 0
86340 0
86350 0
86360 0
86370 1
86380 3
86390 0
86400 0
86410 0
86420 3
86430 0
86440 1
86450 1
86460 2
86470 4
86480 3
86490 2
86500 1
86510 1
86520 3
86530 2
86540 3
86550 1
86560 1
86570 3
86580 4
86590 1
86600 3
86610 1
86620 1
86630 3
86640 1
86650 0
86660 4
86670 1
86680 1
86690 3
86700 2
86710 0
86720 0
86730 3
86740 0
86750 0
86760 0
86770 2
86780 0
86790 0
86800 0
86810 0
86820 0
86830 0
86840 0
86850 0
86860 0
86870 0
86880 0
86890 0
86900 0
86910 0
86920 0
86930 0
86940 0
86950 0
86960 0
86970 0
86980 0
86990 0
87000 0
87010 0
87020 0
87030 0
87040 0
87050 0
87060 0
87070 0
87080 0
87090 0
87100 0
87110 0
87120 0
87130 0
87140 0
87150 0
87160 0
87170 0
87180 0
87190 0
87200 0
87210 0
87220 0
87230 0
87240 0
87250 0
87260 0
87270 0
87280 0
87290 0
87300 0
87310 0
87320 0
87330 0
87340 0
87350 0
87360 0
87370 0
87380 0
87390 0
87400 0
87410 0
87420 0
87430 0
87440 0
87450 0
87460 0
87470 0
87480 0
87490 0
87500 0
87510 0
87520 0
87530 0
87540 0
87550 0
87560 0
87570 0
87580 0
87590 0
87600 0
87610 0
87620 0
87630 0
87640 0
87650 0
87660 0
87670 0
87680 0
87690 0
87700 0
87710 0
87720 0
87730 0
87740 0
87750 0
87760 0
87770 0
87780 0
87790 0
87800 0
87810 0
87820 0
87830 0
87840 0
87850 1
87860 1
87870 0
87880 1
87890 2
87900 0
87910 0
87920 0
87930 0
87940 0
87950 0
87960 0
87970 0
87980 0
87990 0
88000 0
88010 0
88020 0
88030 0
88040 0
88050 0
88060 0
88070 0
88080 0
88090 0
88100 0
88110 0
88120 0
88130 0
88140 0
88150 0
88160 0
88170 0
88180 0
88190 0
88200 0
88210 0
88220 0
88230 0
88240 0
88250 0
88260 0
88270 0
88280 0
88290 0
88300 0
88310 0
88320 0
88330 0
88340 0
88350 0
88360 0
88370 0
88380 0
88390 0
88400 0
88410 0
88420 0
88430 0
88440 0
88450 0
88460 0
88470 0
88480 0
88490 0
88500 0
88510 0
88520 0
88530 0
88540 0
88550 0
88560 0
88570 0
88580 0
88590 0
88600 0
88610 0
88620 0
88630 0
88640 0
88650 0
88660 0
88670 0
88680 0
88690 0
88700 0
88710 0
88720 0
88730 0
88740 0
88750 0
88760 0
88770 0
88780 0
88790 0
88800 0
88810 0
88820 0
88830 0
88840 0
88850 0
88860 0
88870 0
88880 0
88890 0
88900 0
88910 0
88920 0
88930 0
88940 0
88950 0
88960 0
88970 0
88980 0
88990 0
89000 0
89010 0
89020 0
89030 0
89040 0
89050 0
89060 0
89070 0
89080 0
89090 0
89100 0
89110 0
89120 0
89130 0
89140 0
89150 0
89160 0
89170 0
89180 0
89190 0
89200 0
89210 0
89220 0
89230 0
89240 0
89250 0
89260 0
89270 0
89280 0
89290 0
89300 0
89310 0
89320 0
89330 0
89340 0
89350 0
89360 0
89370 0
89380 0
89390 0
89400 0
89410 0
89420 0
89430 0
89440 0
89450 0
89460 0
89470 0
89480 0
89490 0
89500 0
89510 0
89520 0
89530 0
89540 0
89550 0
89560 0
89570 0
89580 0
89590 0
89600 0
89610 0
89620 0
89630 0
89640 0
89650 0
89660 0
89670 0
89680 0
89690 0
89700 0
89710 0
89720 0
89730 0
89740 0
89750 0
89760 0
89770 0
89780 0
89790 0
89800 0
89810 0
89820 0
89830 0
89840 0
89850 0
89860 0
89870 0
89880 0
89890 0
89900 0
89910 0
89920 0
89930 0
89940 0
89950 0
89960 0
89970 0
89980 0
89990 0
90000 0
90010 0
90020 0
90030 0
90040 0
90050 0
90060 0
90070 0
90080 0
90090 0
90100 0
90110 0
90120 0
90130 0
90140 0
90150 0
90160 0
90170 0
90180 0
90190 0
90200 0
90210 0
90220 0
90230 0
90240 0
90250 0
90260 0
90270 0
90280 0
90290 0
90300 0
90310 0
90320 0
90330 0
90340 0
90350 0
90360 0
90370 0
90380 0
90390 0
90400 0
90410 0
90420 0
90430 0
90440 0
90450 0
90460 0
90470 0
90480 0
90490 0
90500 0
90510 0
90520 0
90530 0
90540 0
90550 0
90560 0
90570 0
90580 0
90590 0
90600 0
90610 0
90620 0
90630 0
90640 0
90650 0
90660 0
90670 0
90680 0
90690 0
90700 0
90710 0
90720 0
90730 0
90740 0
90750 0
90760 0
90770 0
90780 0
90790 0
90800 0
90810 0
90820 0
90830 0
90840 0
90850 0
90860 0
90870 0
90880 0
90890 0
90900 0
90910 0
90920 0
90930 0
90940 0
90950 0
90960 0
90970 0
90980 0
90990 0
91000 0
91010 0
91020 0
91030 0
91040 0
91050 0
91060 0
91070 0
91080 0
91090 0
91100 0
91110 0
91120 0
91130 0
91140 0
91150 0
91160 0
91170 0
91180 0
91190 0
91200 0
91210 0
91220 0
91230 0
91240 0
91250 0
91260 0
91270 0
91280 0
91290 0
91300 0
91310 0
91320 0
91330 0
91340 0
91350 0
91360 0
91370 0
91380 0
91390 0
91400 0
91410 0
91420 0
91430 0
91440 0
91450 0
91460 0
91470 0
91480 0
91490 0
91500 0
91510 0
91520 0
91530 0
91540 0
91550 0
91560 0
91570 0
91580 0
91590 0
91600 0
91610 0
91620 0
91630 0
91640 0
91650 0
91660 0
91670 0
91680 0
91690 0
91700 0
91710 0
91720 0
91730 0
91740 0
91750 0
91760 0
91770 0
91780 0
91790 0
91800 0
91810 0
91820 0
91830 0
91840 0
91850 0
91860 0
91870 0
91880 0
91890 0
91900 0
91910 0
91920 0
91930 0
91940 0
91950 0
91960 0
91970 0
91980 0
91990 0
92000 0
92010 0
92020 0
92030 0
92040 0
92050 0
92060 0
92070 0
92080 0
92090 0
92100 0
92110 0
92120 0
92130 0
92140 0
92150 0
92160 0
92170 0
92180 0
92190 0
92200 0
92210 0
92220 0
92230 0
92240 0
92250 0
92260 0
92270 0
92280 0
92290 0
92300 0
92310 0
92320 0
92330 0
92340 0
92350 0
92360 0
92370 0
92380 0
92390 0
92400 0
92410 0
92420 0
92430 0
92440 0
92450 0
92460 0
92470 0
92480 0
92490 0
92500 0
92510 0
92520 0
92530 0
92540 0
92550 0
92560 0
92570 0
92580 0
92590 0
92600 0
92610 0
92620 0
92630 0
92640 0
92650 0
92660 0
92670 0
92680 0
92690 0
92700 0
92710 0
92720 0
92730 0
92740 0
92750 0
92760 0
92770 0
92780 0
92790 0
92800 0
92810 0
92820 0
92830 0
92840 0
92850 0
92860 0
92870 0
92880 0
92890 0
92900 0
92910 0
92920 0
92930 0
92940 0
92950 0
92960 0
92970 0
92980 0
92990 0
93000 0
93010 0
93020 0
93030 0
93040 0
93050 0
93060 0
93070 0
93080 0
93090 0
93100 0
93110 0
93120 0
93130 0
93140 0
93150 0
93160 0
93170 0
93180 0
93190 0
93200 0
93210 0
93220 0
93230 0
93240 0
93250 0
93260 0
93270 0
93280 0
93290 0
93300 0
93310 0
93320 0
93330 0
93340 0
93350 0
93360 0
93370 1
93380 0
93390 0
93400 0
93410 0
93420 0
93430 0
93440 0
93450 0
93460 0
93470 0
93480 0
93490 0
93500 0
93510 0
93520 0
93530 0
93540 0
93550 0
93560 0
93570 0
93580 0
93590 0
93600 0
93610 0
93620 0
93630 0
93640 0
93650 0
93660 0
93670 0
93680 0
93690 0
93700 0
93710 0
93720 0
93730 0
93740 0
93750 0
93760 0
93770 0
93780 0
93790 0
93800 0
93810 0
93820 0
93830 0
93840 0
93850 0
93860 0
93870 0
93880 0
93890 0
93900 0
93910 0
93920 0
93930 0
93940 0
93950 0
93960 0
93970 0
93980 0
93990 0
94000 0
94010 0
94020 0
94030 0
94040 0
94050 0
94060 0
94070 0
94080 0
94090 0
94100 0
94110 0
94120 0
94130 0
94140 0
94150 0
94160 0
94170 0
94180 0
94190 0
94200 0
94210 0
94220 0
94230 0
94240 0
94250 0
94260 0
94270 0
94280 0
94290 0
94300 0
94310 0
94320 0
94330 0
94340 0
94350 0
94360 0
94370 0
94380 0
94390 0
94400 0
94410 0
94420 0
94430 0
94440 0
94450 0
94460 0
94470 0
94480 0
94490 0
94500 0
94510 0
94520 0
94530 0
94540 0
94550 0
94560 0
94570 0
94580 0
94590 0
94600 0
94610 0
94620 0
94630 0
94640 0
94650 0
94660 0
94670 0
94680 0
94690 0
94700 0
94710 0
94720 0
94730 0
94740 0
94750 0
94760 0
94770 0
94780 0
94790 0
94800 0
94810 0
94820 0
94830 0
94840 0
94850 0
94860 0
94870 0
94880 0
94890 0
94900 0
94910 0
94920 0
94930 0
94940 0
94950 0
94960 0
94970 0
94980 0
94990 0
95000 0
95010 0
95020 0
95030 0
95040 0
95050 0
95060 0
95070 0
95080 0
95090 0
95100 0
95110 0
95120 0
95130 0
95140 0
95150 0
95160 0
95170 0
95180 0
95190 0
95200 0
95210 0
95220 0
95230 0
95240 0
95250 0
95260 0
95270 0
95280 0
95290 0
95300 0
95310 0
95320 0
95330 0
95340 0
95350 0
95360 1
95370 0
95380 1
95390 0
95400 0
95410 0
95420 0
95430 0
95440 0
95450 0
95460 0
95470 0
95480 0
95490 0
95500 0
95510 0
95520 0
95530 0
95540 0
95550 0
95560 0
95570 1
95580 3
95590 0
95600 1
95610 3
95620 1
95630 2
95640 2
95650 3
95660 2
95670 1
95680 0
95690 3
95700 2
95710 2
95720 3
95730 3
95740 2
95750 1
95760 0
95770 1
95780 0
95790 0
95800 1
95810 0
95820 1
95830 1
95840 0
95850 1
95860 1
95870 0
95880 1
95890 0
95900 0
95910 3
95920 0
95930 0
95940 0
95950 0
95960 0
95970 0
95980 0
95990 1
96000 0
96010 1
96020 0
96030 0
96040 0
96050 0
96060 0
96070 0
96080 0
96090 0
96100 0
96110 0
96120 0
96130 0
96140 0
96150 0
96160 0
96170 0
96180 0
96190 0
96200 0
96210 0
96220 0
96230 0
96240 0
96250 0
96260 0
96270 0
96280 0
96290 0
96300 0
96310 0
96320 0
96330 0
96340 0
96350 0
96360 0
96370 0
96380 0
96390 0
96400 0
96410 0
96420 0
96430 0
96440 0
96450 0
96460 0
96470 0
96480 0
96490 0
96500 0
96510 0
96520 0
96530 0
96540 1
96550 0
96560 0
96570 1
96580 0
96590 0
96600 0
96610 0
96620 0
96630 0
96640 0
96650 0
96660 0
96670 3
96680 2
96690 2
96700 1
96710 1
96720 0
96730 0
96740 1
96750 2
96760 4
96770 4
96780 2
96790 0
96800 0
96810 5
96820 0
96830 0
96840 0
96850 0
96860 0
96870 0
96880 0
96890 0
96900 0
96910 0
96920 0
96930 0
96940 0
96950 0
96960 0
96970 0
96980 0
96990 0
97000 0
97010 0
97020 0
97030 0
97040 0
97050 0
97060 0
97070 2
97080 2
97090 0
97100 0
97110 0
97120 3
97130 6
97140 2
97150 3
97160 3
97170 1
97180 0
97190 2
97200 0
97210 2
97220 0
97230 1
97240 3
97250 1
97260 3
97270 1
97280 2
97290 1
97300 3
97310 0
97320 0
97330 1
97340 0
97350 0
97360 0
97370 0
97380 2
97390 0
97400 0
97410 0
97420 4
97430 0
97440 0
97450 0
97460 0
97470 0
97480 0
97490 0
97500 0
97510 0
97520 1
97530 0
97540 0
97550 0
97560 0
97570 0
97580 0
97590 0
97600 0
97610 0
97620 0
97630 0
97640 0
97650 0
97660 0
97670 0
97680 0
97690 0
97700 0
97710 1
97720 0
97730 0
97740 0
97750 0
97760 0
97770 0
97780 0
97790 2
97800 4
97810 0
97820 0
97830 0
97840 0
97850 1
97860 1
97870 1
97880 3
97890 1
97900 0
97910 0
97920 0
97930 0
97940 0
97950 2
97960 0
97970 0
97980 0
97990 1
98000 0
98010 0
98020 0
98030 0
98040 0
98050 0
98060 0
98070 0
98080 2
98090 0
98100 0
98110 0
98120 0
98130 0
98140 0
98150 0
98160 0
98170 0
98180 0
98190 0
98200 0
98210 0
98220 0
98230 0
98240 0
98250 0
98260 0
98270 0
98280 0
98290 0
98300 0
98310 0
98320 0
98330 0
98340 0
98350 0
98360 0
98370 0
98380 0
98390 0
98400 0
98410 0
98420 0
98430 0
98440 0
98450 0
98460 0
98470 0
98480 0
98490 1
98500 0
98510 0
98520 0
98530 0
98540 0
98550 0
98560 0
98570 0
98580 0
98590 0
98600 0
98610 0
98620 0
98630 0
98640 0
98650 0
98660 0
98670 1
98680 0
98690 0
98700 3
98710 1
98720 2
98730 0
98740 1
98750 0
98760 0
98770 0
98780 0
98790 0
98800 0
98810 2
98820 1
98830 1
98840 0
98850 0
98860 0
98870 0
98880 0
98890 0
98900 0
98910 1
98920 0
98930 0
98940 0
98950 0
98960 0
98970 0
98980 0
98990 0
99000 0
99010 0
99020 0
99030 0
99040 0
99050 0
99060 0
99070 0
99080 0
99090 0
99100 0
99110 0
99120 0
99130 0
99140 0
99150 0
99160 0
99170 0
99180 0
99190 0
99200 0
99210 0
99220 0
99230 0
99240 0
99250 0
99260 0
99270 0
99280 0
99290 0
99300 0
99310 2
99320 3
99330 0
99340 0
99350 0
99360 0
99370 0
99380 0
99390 0
99400 0
99410 0
99420 0
99430 0
99440 0
99450 0
99460 0
99470 0
99480 0
99490 0
99500 0
99510 0
99520 0
99530 0
99540 0
99550 0
99560 0
99570 0
99580 0
99590 0
99600 0
99610 1
99620 4
99630 7
99640 2
99650 3
99660 7
99670 3
99680 4
99690 5
99700 1
99710 4
99720 4
99730 3
99740 2
99750 2
99760 1
99770 4
99780 1
99790 0
99800 0
99810 0
99820 0
99830 0
99840 0
99850 0
99860 0
99870 0
99880 0
99890 0
99900 0
99910 0
99920 0
99930 0
99940 4
99950 0
99960 0
99970 2
99980 0
99990 1
