# Frame Contacts
30000 0
30010 1
30020 1
30030 0
30040 1
30050 0
30060 0
30070 0
30080 0
30090 0
30100 1
30110 0
30120 0
30130 0
30140 0
30150 0
30160 1
30170 0
30180 1
30190 0
30200 0
30210 1
30220 0
30230 0
30240 0
30250 1
30260 1
30270 1
30280 0
30290 1
30300 0
30310 5
30320 6
30330 7
30340 9
30350 11
30360 11
30370 7
30380 8
30390 9
30400 14
30410 10
30420 9
30430 8
30440 8
30450 0
30460 1
30470 0
30480 3
30490 2
30500 2
30510 1
30520 11
30530 14
30540 15
30550 12
30560 11
30570 12
30580 11
30590 18
30600 13
30610 11
30620 13
30630 14
30640 10
30650 8
30660 9
30670 8
30680 13
30690 10
30700 17
30710 13
30720 7
30730 3
30740 11
30750 11
30760 11
30770 13
30780 10
30790 6
30800 11
30810 15
30820 15
30830 11
30840 12
30850 18
30860 7
30870 12
30880 12
30890 10
30900 17
30910 16
30920 8
30930 13
30940 10
30950 9
30960 10
30970 9
30980 14
30990 12
31000 10
31010 14
31020 14
31030 7
31040 8
31050 10
31060 8
31070 7
31080 7
31090 7
31100 15
31110 9
31120 9
31130 10
31140 10
31150 10
31160 14
31170 11
31180 5
31190 10
31200 9
31210 15
31220 11
31230 12
31240 14
31250 9
31260 12
31270 11
31280 8
31290 7
31300 11
31310 11
31320 14
31330 8
31340 13
31350 11
31360 17
31370 10
31380 9
31390 18
31400 9
31410 12
31420 9
31430 9
31440 7
31450 11
31460 10
31470 13
31480 15
31490 9
31500 12
31510 9
31520 11
31530 12
31540 7
31550 8
31560 11
31570 10
31580 15
31590 10
31600 10
31610 10
31620 9
31630 4
31640 7
31650 9
31660 12
31670 11
31680 5
31690 14
31700 11
31710 4
31720 9
31730 6
31740 6
31750 10
31760 11
31770 8
31780 11
31790 14
31800 13
31810 11
31820 13
31830 14
31840 8
31850 8
31860 5
31870 3
31880 13
31890 7
31900 8
31910 5
31920 15
31930 13
31940 7
31950 11
31960 11
31970 6
31980 7
31990 9
32000 10
32010 11
32020 12
32030 8
32040 13
32050 5
32060 8
32070 13
32080 8
32090 12
32100 7
32110 9
32120 11
32130 10
32140 11
32150 8
32160 9
32170 14
32180 9
32190 12
32200 9
32210 10
32220 11
32230 10
32240 8
32250 10
32260 8
32270 6
32280 9
32290 8
32300 6
32310 7
32320 9
32330 13
32340 7
32350 5
32360 5
32370 8
32380 6
32390 9
32400 7
32410 14
32420 9
32430 10
32440 9
32450 4
32460 8
32470 6
32480 5
32490 4
32500 4
32510 4
32520 6
32530 8
32540 7
32550 15
32560 18
32570 7
32580 12
32590 5
32600 7
32610 5
32620 6
32630 10
32640 5
32650 9
32660 13
32670 0
32680 0
32690 0
32700 0
32710 0
32720 0
32730 0
32740 10
32750 13
32760 17
32770 8
32780 5
32790 11
32800 10
32810 5
32820 14
32830 11
32840 15
32850 9
32860 10
32870 8
32880 19
32890 19
32900 13
32910 10
32920 12
32930 6
32940 9
32950 8
32960 8
32970 10
32980 5
32990 6
33000 9
33010 5
33020 5
33030 10
33040 12
33050 8
33060 8
33070 12
33080 11
33090 18
33100 7
33110 13
33120 13
33130 9
33140 8
33150 8
33160 11
33170 7
33180 11
33190 7
33200 8
33210 12
33220 8
33230 10
33240 12
33250 8
33260 9
33270 8
33280 7
33290 8
33300 8
33310 13
33320 12
33330 8
33340 10
33350 9
33360 7
33370 10
33380 9
33390 13
33400 14
33410 12
33420 10
33430 16
33440 12
33450 12
33460 2
33470 4
33480 0
33490 7
33500 0
33510 3
33520 4
33530 9
33540 0
33550 3
33560 0
33570 1
33580 1
33590 2
33600 0
33610 0
33620 0
33630 0
33640 0
33650 0
33660 0
33670 0
33680 0
33690 0
33700 0
33710 0
33720 0
33730 0
33740 2
33750 0
33760 0
33770 0
33780 1
33790 0
33800 0
33810 0
33820 0
33830 0
33840 1
33850 1
33860 1
33870 0
33880 0
33890 1
33900 0
33910 1
33920 1
33930 1
33940 1
33950 1
33960 2
33970 1
33980 0
33990 0
34000 0
34010 1
34020 1
34030 0
34040 0
34050 4
34060 8
34070 0
34080 1
34090 1
34100 5
34110 5
34120 5
34130 0
34140 0
34150 0
34160 1
34170 0
34180 0
34190 0
34200 0
34210 0
34220 0
34230 0
34240 0
34250 1
34260 1
34270 2
34280 0
34290 0
34300 0
34310 0
34320 1
34330 0
34340 0
34350 0
34360 7
34370 13
34380 8
34390 8
34400 8
34410 14
34420 9
34430 4
34440 12
34450 13
34460 15
34470 10
34480 10
34490 7
34500 6
34510 7
34520 4
34530 8
34540 15
34550 6
34560 12
34570 10
34580 11
34590 11
34600 7
34610 8
34620 10
34630 7
34640 10
34650 14
34660 16
34670 12
34680 12
34690 14
34700 8
34710 11
34720 12
34730 11
34740 11
34750 13
34760 8
34770 10
34780 8
34790 10
34800 13
34810 9
34820 7
34830 13
34840 13
34850 8
34860 8
34870 11
34880 10
34890 8
34900 8
34910 7
34920 6
34930 9
34940 11
34950 6
34960 5
34970 1
34980 0
34990 0
35000 1
35010 0
35020 0
35030 0
35040 1
35050 0
35060 0
35070 0
35080 0
35090 0
35100 0
35110 0
35120 0
35130 0
35140 0
35150 0
35160 0
35170 0
35180 0
35190 0
35200 0
35210 0
35220 0
35230 0
35240 0
35250 0
35260 0
35270 0
35280 0
35290 0
35300 0
35310 0
35320 0
35330 0
35340 0
35350 0
35360 0
35370 0
35380 0
35390 0
35400 0
35410 0
35420 0
35430 0
35440 0
35450 0
35460 0
35470 0
35480 0
35490 0
35500 0
35510 0
35520 0
35530 0
35540 0
35550 0
35560 0
35570 0
35580 0
35590 0
35600 0
35610 0
35620 0
35630 0
35640 1
35650 0
35660 0
35670 0
35680 0
35690 0
35700 0
35710 0
35720 0
35730 0
35740 0
35750 0
35760 0
35770 0
35780 0
35790 0
35800 0
35810 0
35820 0
35830 0
35840 0
35850 0
35860 0
35870 0
35880 0
35890 0
35900 0
35910 0
35920 1
35930 0
35940 0
35950 0
35960 0
35970 1
35980 0
35990 0
36000 0
36010 0
36020 0
36030 0
36040 0
36050 0
36060 0
36070 0
36080 0
36090 1
36100 0
36110 0
36120 0
36130 0
36140 1
36150 0
36160 0
36170 0
36180 0
36190 0
36200 0
36210 0
36220 0
36230 0
36240 0
36250 0
36260 0
36270 0
36280 0
36290 0
36300 0
36310 0
36320 0
36330 0
36340 0
36350 0
36360 0
36370 0
36380 0
36390 0
36400 0
36410 0
36420 0
36430 0
36440 0
36450 0
36460 0
36470 0
36480 0
36490 0
36500 0
36510 0
36520 0
36530 0
36540 0
36550 0
36560 0
36570 0
36580 0
36590 0
36600 0
36610 0
36620 0
36630 0
36640 0
36650 0
36660 0
36670 0
36680 0
36690 0
36700 0
36710 0
36720 0
36730 0
36740 0
36750 0
36760 0
36770 0
36780 0
36790 0
36800 0
36810 0
36820 0
36830 0
36840 0
36850 0
36860 0
36870 0
36880 0
36890 0
36900 0
36910 0
36920 0
36930 0
36940 0
36950 0
36960 0
36970 0
36980 0
36990 0
37000 0
37010 0
37020 0
37030 0
37040 0
37050 0
37060 0
37070 0
37080 0
37090 0
37100 0
37110 0
37120 0
37130 0
37140 0
37150 0
37160 0
37170 0
37180 0
37190 0
37200 0
37210 0
37220 0
37230 0
37240 0
37250 0
37260 0
37270 0
37280 0
37290 0
37300 0
37310 0
37320 0
37330 0
37340 0
37350 0
37360 0
37370 0
37380 0
37390 0
37400 0
37410 0
37420 1
37430 0
37440 0
37450 0
37460 0
37470 0
37480 1
37490 0
37500 0
37510 0
37520 0
37530 0
37540 0
37550 0
37560 0
37570 0
37580 0
37590 0
37600 0
37610 0
37620 0
37630 0
37640 0
37650 0
37660 0
37670 0
37680 0
37690 0
37700 0
37710 0
37720 0
37730 0
37740 0
37750 0
37760 0
37770 0
37780 0
37790 0
37800 0
37810 0
37820 0
37830 0
37840 0
37850 0
37860 0
37870 0
37880 0
37890 0
37900 0
37910 0
37920 0
37930 0
37940 0
37950 0
37960 0
37970 0
37980 0
37990 0
38000 0
38010 0
38020 0
38030 0
38040 0
38050 0
38060 0
38070 0
38080 0
38090 0
38100 0
38110 0
38120 0
38130 0
38140 0
38150 0
38160 0
38170 0
38180 0
38190 0
38200 0
38210 0
38220 0
38230 0
38240 0
38250 0
38260 0
38270 0
38280 0
38290 0
38300 0
38310 0
38320 0
38330 0
38340 0
38350 0
38360 0
38370 0
38380 0
38390 0
38400 0
38410 0
38420 0
38430 0
38440 0
38450 0
38460 0
38470 0
38480 0
38490 0
38500 0
38510 0
38520 0
38530 0
38540 0
38550 0
38560 0
38570 0
38580 0
38590 0
38600 0
38610 0
38620 0
38630 0
38640 0
38650 0
38660 0
38670 0
38680 0
38690 0
38700 0
38710 0
38720 0
38730 0
38740 0
38750 0
38760 0
38770 0
38780 0
38790 0
38800 0
38810 0
38820 0
38830 0
38840 0
38850 0
38860 0
38870 0
38880 0
38890 0
38900 0
38910 0
38920 0
38930 0
38940 0
38950 0
38960 0
38970 0
38980 0
38990 0
39000 0
39010 0
39020 0
39030 1
39040 0
39050 0
39060 0
39070 0
39080 0
39090 0
39100 0
39110 0
39120 0
39130 0
39140 0
39150 0
39160 0
39170 0
39180 0
39190 0
39200 0
39210 0
39220 0
39230 0
39240 0
39250 0
39260 0
39270 0
39280 0
39290 0
39300 0
39310 0
39320 0
39330 0
39340 0
39350 0
39360 0
39370 0
39380 0
39390 0
39400 0
39410 0
39420 0
39430 0
39440 0
39450 0
39460 0
39470 0
39480 0
39490 0
39500 0
39510 0
39520 0
39530 0
39540 0
39550 0
39560 0
39570 0
39580 0
39590 0
39600 0
39610 0
39620 0
39630 0
39640 0
39650 0
39660 0
39670 0
39680 0
39690 0
39700 0
39710 0
39720 0
39730 0
39740 0
39750 0
39760 0
39770 0
39780 0
39790 0
39800 0
39810 0
39820 0
39830 0
39840 0
39850 0
39860 0
39870 0
39880 0
39890 0
39900 0
39910 0
39920 0
39930 0
39940 0
39950 0
39960 0
39970 0
39980 0
39990 0
40000 0
40010 0
40020 0
40030 0
40040 0
40050 0
40060 0
40070 0
40080 0
40090 0
40100 0
40110 0
40120 0
40130 0
40140 0
40150 0
40160 0
40170 1
40180 1
40190 1
40200 0
40210 0
40220 0
40230 0
40240 3
40250 0
40260 0
40270 0
40280 0
40290 0
40300 0
40310 8
40320 0
40330 0
40340 0
40350 0
40360 0
40370 0
40380 0
40390 0
40400 0
40410 0
40420 0
40430 0
40440 0
40450 0
40460 0
40470 0
40480 0
40490 0
40500 0
40510 0
40520 0
40530 0
40540 0
40550 0
40560 0
40570 0
40580 0
40590 0
40600 0
40610 0
40620 0
40630 0
40640 0
40650 0
40660 0
40670 0
40680 0
40690 0
40700 0
40710 0
40720 0
40730 0
40740 0
40750 0
40760 0
40770 0
40780 0
40790 0
40800 0
40810 0
40820 0
40830 0
40840 0
40850 0
40860 0
40870 0
40880 0
40890 0
40900 0
40910 0
40920 0
40930 0
40940 0
40950 0
40960 0
40970 0
40980 0
40990 0
41000 0
41010 0
41020 0
41030 0
41040 0
41050 0
41060 0
41070 0
41080 0
41090 0
41100 0
41110 0
41120 0
41130 0
41140 0
41150 0
41160 0
41170 0
41180 0
41190 0
41200 0
41210 0
41220 0
41230 0
41240 0
41250 0
41260 0
41270 0
41280 0
41290 0
41300 0
41310 0
41320 0
41330 0
41340 0
41350 0
41360 0
41370 0
41380 0
41390 0
41400 0
41410 2
41420 1
41430 1
41440 0
41450 1
41460 2
41470 0
41480 2
41490 1
41500 0
41510 1
41520 0
41530 0
41540 0
41550 0
41560 0
41570 0
41580 0
41590 0
41600 0
41610 0
41620 0
41630 0
41640 0
41650 0
41660 0
41670 0
41680 0
41690 0
41700 0
41710 0
41720 0
41730 0
41740 0
41750 0
41760 0
41770 0
41780 0
41790 0
41800 0
41810 0
41820 0
41830 0
41840 0
41850 0
41860 0
41870 0
41880 0
41890 0
41900 0
41910 0
41920 0
41930 0
41940 0
41950 0
41960 12
41970 4
41980 13
41990 7
42000 8
42010 10
42020 9
42030 0
42040 0
42050 0
42060 0
42070 0
42080 0
42090 0
42100 0
42110 0
42120 0
42130 0
42140 0
42150 0
42160 0
42170 0
42180 0
42190 0
42200 0
42210 0
42220 0
42230 0
42240 0
42250 0
42260 0
42270 0
42280 0
42290 0
42300 0
42310 0
42320 0
42330 0
42340 0
42350 1
42360 0
42370 0
42380 0
42390 0
42400 0
42410 0
42420 0
42430 0
42440 0
42450 0
42460 0
42470 0
42480 0
42490 0
42500 0
42510 0
42520 0
42530 0
42540 5
42550 9
42560 16
42570 8
42580 10
42590 16
42600 8
42610 13
42620 15
42630 13
42640 9
42650 6
42660 12
42670 11
42680 8
42690 9
42700 9
42710 13
42720 16
42730 13
42740 9
42750 8
42760 13
42770 9
42780 10
42790 13
42800 11
42810 11
42820 11
42830 8
42840 8
42850 7
42860 9
42870 4
42880 6
42890 3
42900 15
42910 3
42920 4
42930 6
42940 13
42950 11
42960 12
42970 9
42980 11
42990 9
43000 11
43010 10
43020 15
43030 10
43040 13
43050 9
43060 15
43070 14
43080 10
43090 8
43100 10
43110 11
43120 12
43130 11
43140 6
43150 10
43160 8
43170 10
43180 11
43190 8
43200 8
43210 9
43220 9
43230 6
43240 3
43250 1
43260 0
43270 0
43280 0
43290 0
43300 4
43310 0
43320 0
43330 0
43340 0
43350 0
43360 0
43370 0
43380 1
43390 0
43400 5
43410 2
43420 5
43430 1
43440 0
43450 6
43460 1
43470 2
43480 1
43490 0
43500 2
43510 1
43520 0
43530 3
43540 1
43550 0
43560 0
43570 2
43580 1
43590 1
43600 0
43610 1
43620 3
43630 3
43640 0
43650 4
43660 3
43670 0
43680 2
43690 0
43700 5
43710 7
43720 9
43730 2
43740 8
43750 10
43760 1
43770 1
43780 0
43790 0
43800 1
43810 2
43820 0
43830 7
43840 4
43850 0
43860 3
43870 12
43880 8
43890 0
43900 1
43910 5
43920 2
43930 1
43940 9
43950 6
43960 5
43970 7
43980 4
43990 7
44000 1
44010 5
44020 3
44030 2
44040 6
44050 3
44060 4
44070 9
44080 5
44090 2
44100 2
44110 0
44120 1
44130 0
44140 0
44150 0
44160 1
44170 0
44180 3
44190 3
44200 3
44210 2
44220 2
44230 0
44240 0
44250 0
44260 0
44270 0
44280 7
44290 4
44300 2
44310 4
44320 3
44330 0
44340 0
44350 0
44360 0
44370 0
44380 0
44390 0
44400 3
44410 2
44420 3
44430 0
44440 0
44450 0
44460 1
44470 0
44480 0
44490 0
44500 0
44510 1
44520 1
44530 1
44540 2
44550 0
44560 2
44570 0
44580 1
44590 0
44600 2
44610 0
44620 2
44630 0
44640 0
44650 2
44660 3
44670 3
44680 3
44690 3
44700 2
44710 2
44720 0
44730 0
44740 2
44750 1
44760 0
44770 0
44780 0
44790 0
44800 2
44810 3
44820 1
44830 2
44840 2
44850 1
44860 2
44870 1
44880 3
44890 3
44900 3
44910 3
44920 2
44930 1
44940 3
44950 2
44960 3
44970 2
44980 6
44990 2
45000 0
45010 1
45020 2
45030 3
45040 1
45050 4
45060 1
45070 2
45080 2
45090 2
45100 6
45110 3
45120 9
45130 4
45140 2
45150 2
45160 2
45170 1
45180 2
45190 3
45200 4
45210 4
45220 3
45230 2
45240 4
45250 2
45260 1
45270 1
45280 2
45290 5
45300 1
45310 3
45320 3
45330 2
45340 0
45350 0
45360 1
45370 1
45380 2
45390 6
45400 3
45410 3
45420 3
45430 3
45440 2
45450 2
45460 6
45470 4
45480 2
45490 3
45500 6
45510 2
45520 3
45530 3
45540 2
45550 1
45560 1
45570 1
45580 3
45590 2
45600 2
45610 1
45620 3
45630 0
45640 2
45650 3
45660 1
45670 1
45680 3
45690 2
45700 2
45710 3
45720 0
45730 0
45740 0
45750 0
45760 0
45770 5
45780 6
45790 6
45800 4
45810 10
45820 9
45830 12
45840 8
45850 10
45860 13
45870 17
45880 12
45890 17
45900 7
45910 8
45920 9
45930 13
45940 11
45950 8
45960 13
45970 8
45980 13
45990 6
46000 10
46010 14
46020 14
46030 11
46040 11
46050 13
46060 13
46070 7
46080 12
46090 7
46100 8
46110 10
46120 12
46130 10
46140 11
46150 14
46160 13
46170 9
46180 13
46190 10
46200 11
46210 12
46220 11
46230 14
46240 7
46250 9
46260 11
46270 11
46280 11
46290 8
46300 12
46310 11
46320 10
46330 11
46340 11
46350 13
46360 11
46370 9
46380 9
46390 10
46400 13
46410 14
46420 10
46430 12
46440 12
46450 11
46460 13
46470 7
46480 14
46490 10
46500 13
46510 9
46520 9
46530 10
46540 12
46550 10
46560 11
46570 10
46580 14
46590 12
46600 11
46610 11
46620 14
46630 10
46640 7
46650 13
46660 12
46670 14
46680 10
46690 12
46700 12
46710 9
46720 14
46730 15
46740 14
46750 8
46760 12
46770 10
46780 11
46790 12
46800 11
46810 12
46820 15
46830 11
46840 10
46850 4
46860 8
46870 11
46880 10
46890 11
46900 10
46910 11
46920 12
46930 17
46940 9
46950 16
46960 13
46970 11
46980 9
46990 15
47000 10
47010 12
47020 11
47030 12
47040 13
47050 7
47060 8
47070 10
47080 9
47090 8
47100 10
47110 10
47120 9
47130 13
47140 11
47150 10
47160 12
47170 12
47180 10
47190 14
47200 11
47210 9
47220 10
47230 9
47240 10
47250 7
47260 13
47270 5
47280 10
47290 9
47300 2
47310 7
47320 9
47330 0
47340 0
47350 12
47360 10
47370 11
47380 11
47390 13
47400 9
47410 12
47420 12
47430 6
47440 11
47450 10
47460 10
47470 15
47480 10
47490 11
47500 10
47510 8
47520 10
47530 6
47540 6
47550 11
47560 6
47570 11
47580 12
47590 8
47600 14
47610 11
47620 8
47630 7
47640 13
47650 7
47660 9
47670 12
47680 14
47690 11
47700 8
47710 14
47720 10
47730 15
47740 13
47750 11
47760 8
47770 11
47780 9
47790 12
47800 10
47810 10
47820 11
47830 10
47840 13
47850 5
47860 13
47870 9
47880 5
47890 16
47900 15
47910 12
47920 2
47930 19
47940 18
47950 15
47960 9
47970 10
47980 14
47990 10
48000 13
48010 13
48020 10
48030 10
48040 10
48050 9
48060 12
48070 12
48080 8
48090 11
48100 17
48110 8
48120 14
48130 6
48140 13
48150 12
48160 9
48170 10
48180 11
48190 13
48200 12
48210 11
48220 8
48230 11
48240 11
48250 9
48260 10
48270 11
48280 10
48290 11
48300 11
48310 11
48320 4
48330 14
48340 12
48350 10
48360 13
48370 7
48380 10
48390 11
48400 13
48410 18
48420 13
48430 15
48440 13
48450 10
48460 16
48470 12
48480 14
48490 13
48500 10
48510 10
48520 12
48530 14
48540 14
48550 11
48560 7
48570 10
48580 10
48590 12
48600 8
48610 10
48620 8
48630 14
48640 8
48650 10
48660 9
48670 14
48680 10
48690 10
48700 13
48710 13
48720 13
48730 11
48740 13
48750 13
48760 15
48770 14
48780 15
48790 13
48800 17
48810 14
48820 13
48830 17
48840 15
48850 18
48860 15
48870 13
48880 8
48890 11
48900 23
48910 15
48920 14
48930 21
48940 16
48950 11
48960 15
48970 13
48980 15
48990 10
49000 12
49010 15
49020 17
49030 15
49040 15
49050 15
49060 15
49070 13
49080 17
49090 13
49100 13
49110 16
49120 15
49130 14
49140 13
49150 19
49160 14
49170 13
49180 14
49190 12
49200 13
49210 17
49220 20
49230 17
49240 14
49250 16
49260 10
49270 12
49280 18
49290 13
49300 17
49310 11
49320 19
49330 15
49340 14
49350 18
49360 10
49370 12
49380 10
49390 11
49400 11
49410 9
49420 9
49430 11
49440 9
49450 9
49460 12
49470 17
49480 12
49490 13
49500 15
49510 10
49520 7
49530 7
49540 9
49550 9
49560 13
49570 12
49580 13
49590 9
49600 9
49610 13
49620 13
49630 10
49640 11
49650 15
49660 19
49670 11
49680 7
49690 10
49700 10
49710 8
49720 12
49730 15
49740 10
49750 10
49760 13
49770 11
49780 8
49790 13
49800 9
49810 12
49820 11
49830 11
49840 11
49850 8
49860 17
49870 13
49880 13
49890 6
49900 11
49910 7
49920 12
49930 18
49940 14
49950 14
49960 18
49970 11
49980 13
49990 9
50000 10
50010 9
50020 7
50030 13
50040 10
50050 9
50060 11
50070 9
50080 9
50090 10
50100 12
50110 11
50120 10
50130 13
50140 11
50150 11
50160 9
50170 10
50180 4
50190 0
50200 11
50210 10
50220 15
50230 11
50240 12
50250 3
50260 8
50270 7
50280 15
50290 13
50300 10
50310 10
50320 10
50330 11
50340 10
50350 15
50360 13
50370 11
50380 11
50390 13
50400 13
50410 11
50420 10
50430 8
50440 13
50450 5
50460 7
50470 13
50480 8
50490 8
50500 13
50510 13
50520 10
50530 6
50540 10
50550 13
50560 4
50570 8
50580 7
50590 6
50600 15
50610 12
50620 8
50630 8
50640 5
50650 6
50660 10
50670 13
50680 15
50690 14
50700 12
50710 7
50720 3
50730 9
50740 7
50750 8
50760 11
50770 9
50780 5
50790 9
50800 9
50810 15
50820 10
50830 14
50840 12
50850 12
50860 14
50870 14
50880 12
50890 16
50900 16
50910 14
50920 17
50930 14
50940 13
50950 11
50960 11
50970 12
50980 10
50990 12
51000 13
51010 14
51020 15
51030 12
51040 9
51050 15
51060 10
51070 12
51080 11
51090 3
51100 9
51110 3
51120 13
51130 14
51140 16
51150 17
51160 12
51170 4
51180 14
51190 12
51200 11
51210 4
51220 12
51230 11
51240 11
51250 15
51260 11
51270 13
51280 5
51290 10
51300 10
51310 12
51320 15
51330 13
51340 12
51350 15
51360 10
51370 11
51380 10
51390 6
51400 7
51410 14
51420 10
51430 10
51440 17
51450 10
51460 16
51470 12
51480 11
51490 15
51500 11
51510 17
51520 6
51530 10
51540 10
51550 9
51560 10
51570 11
51580 10
51590 10
51600 14
51610 8
51620 11
51630 10
51640 11
51650 14
51660 13
51670 12
51680 9
51690 15
51700 10
51710 9
51720 12
51730 11
51740 12
51750 12
51760 10
51770 10
51780 10
51790 7
51800 10
51810 6
51820 10
51830 10
51840 13
51850 13
51860 12
51870 14
51880 7
51890 8
51900 9
51910 18
51920 10
51930 7
51940 12
51950 7
51960 5
51970 9
51980 14
51990 10
52000 8
52010 11
52020 9
52030 7
52040 11
52050 9
52060 13
52070 11
52080 13
52090 11
52100 13
52110 13
52120 1
52130 12
52140 10
52150 10
52160 9
52170 6
52180 8
52190 10
52200 10
52210 9
52220 14
52230 9
52240 12
52250 11
52260 11
52270 14
52280 10
52290 17
52300 11
52310 13
52320 12
52330 8
52340 9
52350 9
52360 7
52370 10
52380 9
52390 10
52400 10
52410 9
52420 9
52430 11
52440 9
52450 15
52460 12
52470 11
52480 15
52490 8
52500 8
52510 12
52520 10
52530 9
52540 9
52550 10
52560 12
52570 11
52580 13
52590 13
52600 12
52610 10
52620 7
52630 12
52640 13
52650 7
52660 11
52670 9
52680 12
52690 11
52700 13
52710 10
52720 14
52730 11
52740 14
52750 10
52760 10
52770 7
52780 11
52790 10
52800 12
52810 10
52820 9
52830 9
52840 10
52850 9
52860 12
52870 11
52880 13
52890 12
52900 9
52910 10
52920 9
52930 15
52940 14
52950 9
52960 11
52970 11
52980 10
52990 17
53000 16
53010 12
53020 11
53030 10
53040 17
53050 16
53060 13
53070 11
53080 15
53090 15
53100 11
53110 9
53120 14
53130 10
53140 16
53150 18
53160 14
53170 12
53180 12
53190 13
53200 15
53210 15
53220 13
53230 17
53240 16
53250 6
53260 11
53270 10
53280 16
53290 20
53300 15
53310 18
53320 12
53330 16
53340 8
53350 15
53360 7
53370 13
53380 6
53390 16
53400 15
53410 12
53420 13
53430 6
53440 9
53450 8
53460 12
53470 8
53480 8
53490 10
53500 11
53510 11
53520 11
53530 11
53540 8
53550 13
53560 10
53570 16
53580 12
53590 14
53600 11
53610 10
53620 11
53630 9
53640 14
53650 9
53660 5
53670 9
53680 10
53690 14
53700 12
53710 8
53720 14
53730 13
53740 13
53750 11
53760 11
53770 10
53780 16
53790 11
53800 7
53810 9
53820 4
53830 8
53840 13
53850 14
53860 18
53870 17
53880 14
53890 18
53900 13
53910 14
53920 12
53930 12
53940 10
53950 12
53960 15
53970 18
53980 17
53990 11
54000 14
54010 9
54020 13
54030 14
54040 12
54050 12
54060 16
54070 12
54080 19
54090 12
54100 15
54110 12
54120 12
54130 17
54140 9
54150 15
54160 13
54170 17
54180 17
54190 12
54200 13
54210 18
54220 14
54230 13
54240 14
54250 7
54260 11
54270 12
54280 13
54290 14
54300 10
54310 11
54320 19
54330 14
54340 12
54350 16
54360 14
54370 18
54380 13
54390 12
54400 13
54410 18
54420 10
54430 18
54440 15
54450 12
54460 13
54470 13
54480 11
54490 17
54500 8
54510 17
54520 10
54530 15
54540 17
54550 19
54560 10
54570 15
54580 15
54590 11
54600 17
54610 15
54620 11
54630 13
54640 11
54650 4
54660 11
54670 12
54680 11
54690 17
54700 13
54710 12
54720 12
54730 9
54740 13
54750 9
54760 13
54770 13
54780 9
54790 10
54800 6
54810 13
54820 7
54830 12
54840 17
54850 6
54860 8
54870 10
54880 8
54890 14
54900 7
54910 11
54920 7
54930 6
54940 10
54950 15
54960 9
54970 12
54980 11
54990 12
55000 19
55010 16
55020 10
55030 14
55040 8
55050 16
55060 14
55070 15
55080 12
55090 16
55100 12
55110 7
55120 6
55130 5
55140 14
55150 11
55160 10
55170 10
55180 14
55190 8
55200 12
55210 10
55220 12
55230 16
55240 10
55250 12
55260 9
55270 12
55280 11
55290 15
55300 9
55310 12
55320 13
55330 9
55340 8
55350 13
55360 16
55370 6
55380 9
55390 14
55400 13
55410 8
55420 11
55430 10
55440 6
55450 10
55460 6
55470 11
55480 14
55490 13
55500 13
55510 11
55520 14
55530 14
55540 15
55550 3
55560 5
55570 5
55580 4
55590 2
55600 4
55610 6
55620 8
55630 5
55640 4
55650 8
55660 1
55670 0
55680 4
55690 1
55700 3
55710 1
55720 4
55730 0
55740 0
55750 2
55760 3
55770 1
55780 2
55790 0
55800 3
55810 8
55820 11
55830 9
55840 9
55850 11
55860 5
55870 7
55880 9
55890 11
55900 10
55910 9
55920 11
55930 12
55940 11
55950 11
55960 11
55970 10
55980 12
55990 10
56000 5
56010 11
56020 15
56030 9
56040 15
56050 9
56060 10
56070 11
56080 10
56090 11
56100 8
56110 9
56120 13
56130 8
56140 16
56150 9
56160 6
56170 8
56180 14
56190 7
56200 17
56210 9
56220 11
56230 6
56240 11
56250 9
56260 9
56270 14
56280 13
56290 9
56300 8
56310 9
56320 13
56330 14
56340 9
56350 12
56360 7
56370 9
56380 11
56390 14
56400 11
56410 12
56420 10
56430 12
56440 13
56450 12
56460 11
56470 11
56480 11
56490 12
56500 13
56510 16
56520 15
56530 15
56540 15
56550 13
56560 18
56570 14
56580 15
56590 15
56600 14
56610 12
56620 17
56630 12
56640 12
56650 12
56660 12
56670 13
56680 16
56690 12
56700 14
56710 15
56720 18
56730 11
56740 12
56750 14
56760 13
56770 10
56780 11
56790 12
56800 16
56810 19
56820 10
56830 12
56840 10
56850 14
56860 17
56870 14
56880 14
56890 14
56900 11
56910 9
56920 10
56930 12
56940 9
56950 10
56960 12
56970 10
56980 11
56990 9
57000 7
57010 8
57020 9
57030 7
57040 13
57050 16
57060 10
57070 4
57080 14
57090 10
57100 10
57110 5
57120 7
57130 10
57140 11
57150 12
57160 17
57170 9
57180 10
57190 15
57200 9
57210 7
57220 12
57230 12
57240 11
57250 12
57260 13
57270 12
57280 9
57290 9
57300 10
57310 11
57320 8
57330 14
57340 11
57350 5
57360 9
57370 9
57380 11
57390 14
57400 10
57410 9
57420 12
57430 10
57440 12
57450 10
57460 12
57470 10
57480 10
57490 8
57500 16
57510 10
57520 15
57530 12
57540 10
57550 13
57560 14
57570 10
57580 11
57590 8
57600 8
57610 8
57620 9
57630 11
57640 15
57650 9
57660 11
57670 11
57680 10
57690 11
57700 13
57710 8
57720 7
57730 11
57740 10
57750 9
57760 12
57770 11
57780 15
57790 14
57800 16
57810 11
57820 9
57830 12
57840 11
57850 13
57860 12
57870 9
57880 10
57890 10
57900 11
57910 9
57920 12
57930 13
57940 11
57950 12
57960 14
57970 12
57980 13
57990 10
58000 10
58010 15
58020 3
58030 10
58040 5
58050 14
58060 9
58070 11
58080 9
58090 13
58100 12
58110 9
58120 13
58130 13
58140 9
58150 13
58160 12
58170 10
58180 9
58190 11
58200 14
58210 11
58220 12
58230 8
58240 14
58250 14
58260 11
58270 10
58280 8
58290 9
58300 9
58310 14
58320 14
58330 14
58340 10
58350 11
58360 11
58370 12
58380 10
58390 13
58400 14
58410 10
58420 11
58430 7
58440 10
58450 12
58460 12
58470 11
58480 13
58490 16
58500 10
58510 11
58520 9
58530 11
58540 9
58550 10
58560 11
58570 9
58580 12
58590 9
58600 15
58610 9
58620 12
58630 10
58640 5
58650 10
58660 13
58670 7
58680 9
58690 8
58700 13
58710 11
58720 9
58730 12
58740 14
58750 12
58760 10
58770 10
58780 9
58790 10
58800 12
58810 12
58820 9
58830 9
58840 10
58850 9
58860 18
58870 11
58880 13
58890 9
58900 11
58910 9
58920 12
58930 12
58940 18
58950 13
58960 9
58970 8
58980 13
58990 13
59000 11
59010 15
59020 14
59030 15
59040 12
59050 10
59060 14
59070 15
59080 11
59090 8
59100 8
59110 11
59120 10
59130 11
59140 10
59150 12
59160 11
59170 10
59180 9
59190 14
59200 12
59210 10
59220 12
59230 13
59240 10
59250 12
59260 9
59270 8
59280 8
59290 7
59300 6
59310 10
59320 8
59330 13
59340 8
59350 9
59360 10
59370 12
59380 9
59390 13
59400 8
59410 15
59420 12
59430 9
59440 8
59450 15
59460 6
59470 13
59480 11
59490 12
59500 10
59510 7
59520 11
59530 11
59540 12
59550 15
59560 10
59570 15
59580 10
59590 8
59600 14
59610 9
59620 8
59630 10
59640 9
59650 8
59660 11
59670 13
59680 13
59690 12
59700 9
59710 11
59720 12
59730 13
59740 14
59750 17
59760 10
59770 10
59780 12
59790 13
59800 5
59810 13
59820 12
59830 11
59840 12
59850 9
59860 12
59870 16
59880 13
59890 10
59900 12
59910 12
59920 11
59930 14
59940 13
59950 10
59960 9
59970 10
59980 12
59990 13
60000 12
60010 8
60020 11
60030 12
60040 14
60050 8
60060 11
60070 11
60080 11
60090 20
60100 9
60110 11
60120 13
60130 13
60140 10
60150 14
60160 14
60170 11
60180 12
60190 10
60200 10
60210 7
60220 10
60230 10
60240 10
60250 12
60260 9
60270 8
60280 16
60290 7
60300 12
60310 7
60320 8
60330 13
60340 13
60350 14
60360 8
60370 10
60380 9
60390 10
60400 10
60410 5
60420 11
60430 9
60440 13
60450 14
60460 10
60470 9
60480 8
60490 9
60500 10
60510 7
60520 10
60530 11
60540 10
60550 14
60560 14
60570 12
60580 10
60590 12
60600 11
60610 11
60620 9
60630 8
60640 7
60650 8
60660 11
60670 12
60680 11
60690 9
60700 11
60710 14
60720 10
60730 9
60740 11
60750 13
60760 8
60770 17
60780 7
60790 10
60800 7
60810 8
60820 8
60830 7
60840 5
60850 13
60860 8
60870 8
60880 13
60890 11
60900 9
60910 7
60920 10
60930 11
60940 12
60950 11
60960 9
60970 7
60980 10
60990 14
61000 10
61010 10
61020 10
61030 9
61040 16
61050 10
61060 9
61070 9
61080 9
61090 9
61100 15
61110 9
61120 7
61130 9
61140 10
61150 10
61160 10
61170 9
61180 9
61190 8
61200 8
61210 8
61220 6
61230 7
61240 10
61250 15
61260 15
61270 6
61280 6
61290 8
61300 11
61310 12
61320 9
61330 10
61340 10
61350 10
61360 9
61370 8
61380 6
61390 10
61400 11
61410 8
61420 9
61430 11
61440 10
61450 9
61460 8
61470 7
61480 8
61490 8
61500 8
61510 9
61520 7
61530 8
61540 11
61550 8
61560 10
61570 12
61580 11
61590 10
61600 9
61610 9
61620 9
61630 9
61640 13
61650 8
61660 11
61670 7
61680 7
61690 9
61700 10
61710 13
61720 10
61730 11
61740 7
61750 12
61760 12
61770 11
61780 10
61790 11
61800 11
61810 8
61820 5
61830 8
61840 7
61850 13
61860 7
61870 5
61880 9
61890 7
61900 11
61910 9
61920 10
61930 10
61940 11
61950 11
61960 6
61970 10
61980 8
61990 8
62000 13
62010 11
62020 10
62030 15
62040 13
62050 11
62060 12
62070 9
62080 12
62090 5
62100 15
62110 11
62120 9
62130 16
62140 15
62150 11
62160 11
62170 8
62180 9
62190 7
62200 10
62210 8
62220 8
62230 10
62240 8
62250 11
62260 11
62270 8
62280 11
62290 13
62300 16
62310 12
62320 7
62330 8
62340 10
62350 11
62360 9
62370 10
62380 10
62390 9
62400 9
62410 8
62420 13
62430 12
62440 11
62450 9
62460 8
62470 9
62480 8
62490 8
62500 9
62510 7
62520 13
62530 9
62540 9
62550 9
62560 9
62570 6
62580 9
62590 8
62600 5
62610 8
62620 10
62630 7
62640 10
62650 9
62660 9
62670 9
62680 11
62690 12
62700 12
62710 9
62720 8
62730 7
62740 9
62750 8
62760 10
62770 9
62780 7
62790 7
62800 7
62810 8
62820 7
62830 9
62840 7
62850 7
62860 10
62870 9
62880 9
62890 10
62900 10
62910 6
62920 7
62930 10
62940 10
62950 3
62960 14
62970 11
62980 9
62990 9
63000 8
63010 7
63020 9
63030 10
63040 12
63050 10
63060 12
63070 10
63080 15
63090 11
63100 11
63110 11
63120 10
63130 7
63140 8
63150 8
63160 7
63170 10
63180 11
63190 10
63200 8
63210 11
63220 11
63230 14
63240 7
63250 12
63260 7
63270 7
63280 12
63290 11
63300 11
63310 11
63320 9
63330 9
63340 8
63350 8
63360 7
63370 9
63380 7
63390 13
63400 8
63410 13
63420 10
63430 10
63440 10
63450 13
63460 8
63470 9
63480 9
63490 12
63500 9
63510 10
63520 10
63530 7
63540 7
63550 9
63560 7
63570 8
63580 9
63590 8
63600 12
63610 7
63620 10
63630 6
63640 10
63650 11
63660 7
63670 9
63680 11
63690 9
63700 11
63710 8
63720 12
63730 10
63740 8
63750 12
63760 9
63770 10
63780 12
63790 11
63800 7
63810 11
63820 13
63830 10
63840 11
63850 11
63860 11
63870 8
63880 10
63890 7
63900 10
63910 10
63920 8
63930 5
63940 14
63950 9
63960 9
63970 5
63980 10
63990 8
64000 9
64010 10
64020 8
64030 8
64040 10
64050 12
64060 10
64070 10
64080 11
64090 7
64100 7
64110 7
64120 10
64130 9
64140 9
64150 6
64160 8
64170 9
64180 7
64190 12
64200 9
64210 12
64220 7
64230 10
64240 15
64250 6
64260 13
64270 11
64280 13
64290 8
64300 13
64310 11
64320 11
64330 14
64340 9
64350 16
64360 16
64370 11
64380 9
64390 11
64400 11
64410 12
64420 10
64430 13
64440 13
64450 9
64460 13
64470 10
64480 12
64490 14
64500 8
64510 16
64520 17
64530 12
64540 11
64550 12
64560 11
64570 12
64580 9
64590 7
64600 13
64610 13
64620 11
64630 12
64640 16
64650 9
64660 10
64670 12
64680 8
64690 7
64700 11
64710 10
64720 8
64730 14
64740 12
64750 8
64760 9
64770 17
64780 13
64790 9
64800 16
64810 11
64820 11
64830 8
64840 7
64850 7
64860 7
64870 8
64880 16
64890 12
64900 11
64910 12
64920 11
64930 6
64940 7
64950 10
64960 12
64970 7
64980 13
64990 10
65000 19
65010 13
65020 8
65030 18
65040 8
65050 9
65060 10
65070 7
65080 17
65090 12
65100 14
65110 19
65120 11
65130 18
65140 15
65150 9
65160 7
65170 9
65180 14
65190 11
65200 16
65210 14
65220 8
65230 8
65240 10
65250 6
65260 8
65270 8
65280 6
65290 14
65300 8
65310 12
65320 10
65330 15
65340 13
65350 10
65360 11
65370 7
65380 10
65390 10
65400 10
65410 13
65420 14
65430 9
65440 9
65450 9
65460 8
65470 7
65480 12
65490 11
65500 12
65510 10
65520 14
65530 11
65540 13
65550 9
65560 5
65570 11
65580 10
65590 9
65600 8
65610 8
65620 9
65630 8
65640 14
65650 10
65660 9
65670 13
65680 12
65690 11
65700 11
65710 10
65720 10
65730 7
65740 11
65750 9
65760 13
65770 10
65780 7
65790 11
65800 4
65810 8
65820 9
65830 13
65840 10
65850 6
65860 11
65870 10
65880 8
65890 9
65900 7
65910 16
65920 10
65930 17
65940 12
65950 11
65960 11
65970 11
65980 9
65990 15
66000 11
66010 10
66020 13
66030 10
66040 13
66050 16
66060 10
66070 11
66080 11
66090 15
66100 10
66110 9
66120 8
66130 8
66140 9
66150 10
66160 10
66170 11
66180 12
66190 12
66200 11
66210 12
66220 9
66230 7
66240 9
66250 13
66260 9
66270 13
66280 6
66290 10
66300 13
66310 9
66320 13
66330 9
66340 4
66350 11
66360 10
66370 10
66380 10
66390 11
66400 12
66410 13
66420 14
66430 13
66440 15
66450 17
66460 13
66470 12
66480 9
66490 14
66500 13
66510 13
66520 12
66530 8
66540 13
66550 12
66560 14
66570 15
66580 11
66590 10
66600 14
66610 16
66620 13
66630 10
66640 10
66650 5
66660 9
66670 13
66680 11
66690 2
66700 3
66710 11
66720 9
66730 12
66740 11
66750 11
66760 7
66770 14
66780 9
66790 6
66800 8
66810 13
66820 8
66830 7
66840 9
66850 6
66860 12
66870 6
66880 9
66890 10
66900 7
66910 9
66920 10
66930 10
66940 9
66950 14
66960 11
66970 8
66980 10
66990 5
67000 15
67010 9
67020 12
67030 8
67040 12
67050 4
67060 4
67070 8
67080 10
67090 7
67100 13
67110 5
67120 7
67130 8
67140 5
67150 12
67160 7
67170 9
67180 9
67190 12
67200 12
67210 15
67220 12
67230 14
67240 10
67250 12
67260 14
67270 11
67280 12
67290 11
67300 9
67310 10
67320 10
67330 9
67340 14
67350 11
67360 8
67370 9
67380 10
67390 10
67400 14
67410 11
67420 8
67430 12
67440 11
67450 12
67460 11
67470 7
67480 7
67490 12
67500 7
67510 9
67520 11
67530 10
67540 8
67550 11
67560 9
67570 9
67580 8
67590 9
67600 12
67610 7
67620 11
67630 8
67640 12
67650 5
67660 12
67670 10
67680 13
67690 7
67700 11
67710 12
67720 11
67730 13
67740 9
67750 7
67760 9
67770 9
67780 9
67790 7
67800 13
67810 11
67820 14
67830 15
67840 8
67850 13
67860 13
67870 12
67880 15
67890 8
67900 12
67910 12
67920 10
67930 12
67940 9
67950 14
67960 11
67970 10
67980 10
67990 11
68000 13
68010 14
68020 12
68030 7
68040 10
68050 9
68060 7
68070 8
68080 8
68090 10
68100 14
68110 8
68120 10
68130 8
68140 9
68150 9
68160 10
68170 8
68180 10
68190 12
68200 12
68210 10
68220 12
68230 15
68240 15
68250 14
68260 13
68270 13
68280 10
68290 8
68300 10
68310 15
68320 12
68330 5
68340 6
68350 10
68360 5
68370 7
68380 6
68390 12
68400 5
68410 17
68420 10
68430 6
68440 11
68450 8
68460 13
68470 12
68480 10
68490 5
68500 8
68510 9
68520 6
68530 9
68540 7
68550 7
68560 4
68570 10
68580 13
68590 7
68600 7
68610 12
68620 9
68630 7
68640 7
68650 11
68660 7
68670 7
68680 12
68690 13
68700 11
68710 12
68720 11
68730 16
68740 5
68750 12
68760 11
68770 9
68780 13
68790 8
68800 7
68810 8
68820 6
68830 10
68840 11
68850 8
68860 8
68870 11
68880 14
68890 7
68900 8
68910 9
68920 7
68930 8
68940 7
68950 15
68960 9
68970 13
68980 9
68990 11
69000 13
69010 11
69020 5
69030 5
69040 8
69050 11
69060 9
69070 11
69080 8
69090 8
69100 5
69110 14
69120 8
69130 9
69140 9
69150 8
69160 9
69170 7
69180 10
69190 15
69200 9
69210 9
69220 9
69230 10
69240 5
69250 8
69260 11
69270 8
69280 9
69290 10
69300 15
69310 6
69320 16
69330 7
69340 7
69350 9
69360 12
69370 9
69380 12
69390 8
69400 10
69410 11
69420 11
69430 11
69440 9
69450 8
69460 8
69470 9
69480 11
69490 11
69500 9
69510 14
69520 10
69530 13
69540 9
69550 11
69560 8
69570 6
69580 12
69590 11
69600 14
69610 10
69620 8
69630 9
69640 8
69650 5
69660 9
69670 7
69680 9
69690 7
69700 7
69710 6
69720 10
69730 9
69740 10
69750 9
69760 9
69770 14
69780 12
69790 9
69800 8
69810 9
69820 9
69830 8
69840 9
69850 12
69860 5
69870 14
69880 4
69890 8
69900 8
69910 8
69920 8
69930 6
69940 14
69950 7
69960 9
69970 7
69980 12
69990 6
70000 7
70010 2
70020 2
70030 14
70040 15
70050 5
70060 9
70070 1
70080 9
70090 12
70100 3
70110 18
70120 10
70130 10
70140 5
70150 9
70160 11
70170 11
70180 15
70190 12
70200 13
70210 6
70220 11
70230 7
70240 15
70250 13
70260 6
70270 12
70280 9
70290 10
70300 9
70310 9
70320 10
70330 11
70340 8
70350 13
70360 5
70370 14
70380 5
70390 4
70400 13
70410 9
70420 11
70430 14
70440 11
70450 7
70460 15
70470 13
70480 17
70490 13
70500 10
70510 11
70520 7
70530 11
70540 10
70550 12
70560 12
70570 9
70580 12
70590 13
70600 13
70610 15
70620 9
70630 12
70640 7
70650 11
70660 11
70670 8
70680 11
70690 12
70700 13
70710 13
70720 13
70730 9
70740 11
70750 9
70760 8
70770 9
70780 10
70790 12
70800 8
70810 7
70820 11
70830 11
70840 10
70850 9
70860 11
70870 13
70880 9
70890 10
70900 9
70910 7
70920 8
70930 11
70940 9
70950 9
70960 12
70970 9
70980 11
70990 7
71000 12
71010 9
71020 9
71030 9
71040 10
71050 13
71060 9
71070 13
71080 6
71090 12
71100 14
71110 9
71120 9
71130 13
71140 7
71150 9
71160 4
71170 5
71180 9
71190 4
71200 10
71210 9
71220 10
71230 12
71240 10
71250 7
71260 8
71270 9
71280 7
71290 6
71300 7
71310 8
71320 8
71330 8
71340 9
71350 10
71360 9
71370 13
71380 9
71390 15
71400 13
71410 14
71420 10
71430 11
71440 10
71450 6
71460 10
71470 12
71480 6
71490 14
71500 9
71510 7
71520 9
71530 7
71540 7
71550 8
71560 9
71570 10
71580 7
71590 8
71600 12
71610 10
71620 8
71630 6
71640 8
71650 7
71660 10
71670 8
71680 11
71690 12
71700 10
71710 8
71720 9
71730 9
71740 12
71750 10
71760 7
71770 9
71780 9
71790 9
71800 12
71810 8
71820 12
71830 6
71840 10
71850 10
71860 10
71870 12
71880 10
71890 9
71900 14
71910 11
71920 9
71930 15
71940 19
71950 19
71960 17
71970 15
71980 12
71990 13
72000 20
72010 15
72020 14
72030 16
72040 8
72050 5
72060 13
72070 17
72080 10
72090 20
72100 23
72110 21
72120 23
72130 22
72140 22
72150 24
72160 21
72170 27
72180 16
72190 14
72200 22
72210 23
72220 23
72230 19
72240 20
72250 22
72260 25
72270 23
72280 21
72290 16
72300 20
72310 19
72320 18
72330 13
72340 17
72350 20
72360 16
72370 14
72380 17
72390 17
72400 13
72410 10
72420 10
72430 11
72440 12
72450 15
72460 9
72470 7
72480 8
72490 10
72500 16
72510 10
72520 13
72530 14
72540 25
72550 31
72560 21
72570 15
72580 18
72590 20
72600 18
72610 14
72620 20
72630 14
72640 15
72650 12
72660 15
72670 12
72680 11
72690 20
72700 25
72710 17
72720 1
72730 4
72740 2
72750 4
72760 1
72770 7
72780 2
72790 1
72800 0
72810 0
72820 1
72830 1
72840 1
72850 0
72860 5
72870 0
72880 2
72890 11
72900 12
72910 7
72920 12
72930 9
72940 6
72950 7
72960 6
72970 8
72980 14
72990 9
73000 8
73010 11
73020 10
73030 12
73040 10
73050 9
73060 10
73070 10
73080 10
73090 11
73100 8
73110 8
73120 12
73130 15
73140 3
73150 7
73160 10
73170 9
73180 9
73190 19
73200 12
73210 15
73220 12
73230 10
73240 10
73250 8
73260 9
73270 9
73280 8
73290 9
73300 11
73310 9
73320 12
73330 10
73340 8
73350 10
73360 12
73370 7
73380 11
73390 9
73400 12
73410 6
73420 11
73430 9
73440 9
73450 7
73460 8
73470 7
73480 9
73490 10
73500 12
73510 10
73520 13
73530 13
73540 10
73550 9
73560 13
73570 11
73580 11
73590 12
73600 12
73610 9
73620 11
73630 14
73640 9
73650 19
73660 13
73670 20
73680 12
73690 15
73700 14
73710 13
73720 17
73730 16
73740 14
73750 13
73760 15
73770 13
73780 18
73790 12
73800 15
73810 14
73820 16
73830 17
73840 17
73850 17
73860 10
73870 11
73880 10
73890 12
73900 10
73910 12
73920 14
73930 7
73940 12
73950 18
73960 10
73970 9
73980 12
73990 11
74000 12
74010 10
74020 13
74030 11
74040 10
74050 11
74060 10
74070 12
74080 11
74090 15
74100 16
74110 15
74120 13
74130 13
74140 14
74150 12
74160 11
74170 14
74180 13
74190 11
74200 13
74210 13
74220 11
74230 13
74240 13
74250 16
74260 16
74270 12
74280 11
74290 12
74300 12
74310 11
74320 13
74330 15
74340 9
74350 12
74360 13
74370 15
74380 17
74390 17
74400 20
74410 12
74420 14
74430 14
74440 14
74450 14
74460 14
74470 18
74480 19
74490 14
74500 14
74510 12
74520 11
74530 12
74540 9
74550 14
74560 12
74570 16
74580 11
74590 13
74600 12
74610 6
74620 8
74630 14
74640 15
74650 12
74660 10
74670 11
74680 12
74690 10
74700 7
74710 10
74720 8
74730 15
74740 12
74750 7
74760 13
74770 10
74780 15
74790 11
74800 10
74810 11
74820 11
74830 9
74840 11
74850 15
74860 10
74870 14
74880 9
74890 9
74900 10
74910 5
74920 13
74930 9
74940 9
74950 14
74960 9
74970 11
74980 11
74990 10
75000 11
75010 11
75020 10
75030 10
75040 8
75050 7
75060 5
75070 12
75080 7
75090 10
75100 13
75110 8
75120 13
75130 5
75140 10
75150 9
75160 9
75170 15
75180 13
75190 8
75200 8
75210 8
75220 10
75230 15
75240 8
75250 11
75260 6
75270 13
75280 6
75290 9
75300 13
75310 11
75320 9
75330 15
75340 19
75350 8
75360 7
75370 11
75380 7
75390 8
75400 10
75410 8
75420 11
75430 10
75440 7
75450 9
75460 9
75470 8
75480 10
75490 9
75500 11
75510 8
75520 13
75530 8
75540 12
75550 15
75560 10
75570 15
75580 13
75590 12
75600 13
75610 10
75620 14
75630 10
75640 7
75650 7
75660 14
75670 9
75680 12
75690 7
75700 10
75710 13
75720 10
75730 11
75740 13
75750 12
75760 9
75770 13
75780 15
75790 12
75800 13
75810 9
75820 9
75830 9
75840 13
75850 13
75860 9
75870 13
75880 14
75890 10
75900 11
75910 8
75920 14
75930 18
75940 18
75950 12
75960 17
75970 4
75980 6
75990 16
76000 14
76010 12
76020 10
76030 9
76040 6
76050 14
76060 11
76070 16
76080 18
76090 13
76100 10
76110 11
76120 16
76130 13
76140 11
76150 5
76160 7
76170 12
76180 5
76190 13
76200 14
76210 17
76220 6
76230 6
76240 11
76250 9
76260 12
76270 10
76280 4
76290 10
76300 8
76310 11
76320 9
76330 13
76340 10
76350 10
76360 4
76370 10
76380 11
76390 6
76400 10
76410 10
76420 11
76430 9
76440 4
76450 11
76460 6
76470 7
76480 9
76490 10
76500 11
76510 7
76520 9
76530 10
76540 11
76550 11
76560 8
76570 6
76580 12
76590 11
76600 9
76610 8
76620 13
76630 8
76640 7
76650 10
76660 12
76670 12
76680 8
76690 8
76700 13
76710 11
76720 8
76730 6
76740 8
76750 11
76760 9
76770 5
76780 11
76790 13
76800 7
76810 14
76820 11
76830 11
76840 5
76850 5
76860 10
76870 7
76880 12
76890 7
76900 10
76910 9
76920 9
76930 9
76940 10
76950 9
76960 10
76970 8
76980 9
76990 11
77000 12
77010 11
77020 5
77030 9
77040 7
77050 6
77060 8
77070 8
77080 8
77090 9
77100 10
77110 11
77120 11
77130 15
77140 18
77150 8
77160 8
77170 9
77180 11
77190 5
77200 7
77210 13
77220 9
77230 11
77240 10
77250 12
77260 14
77270 5
77280 7
77290 8
77300 6
77310 7
77320 9
77330 7
77340 12
77350 7
77360 7
77370 8
77380 9
77390 10
77400 7
77410 15
77420 15
77430 8
77440 11
77450 9
77460 11
77470 15
77480 10
77490 13
77500 14
77510 13
77520 12
77530 13
77540 14
77550 11
77560 17
77570 13
77580 11
77590 11
77600 12
77610 12
77620 13
77630 10
77640 8
77650 13
77660 10
77670 13
77680 10
77690 17
77700 14
77710 15
77720 11
77730 15
77740 11
77750 16
77760 10
77770 14
77780 9
77790 14
77800 14
77810 11
77820 12
77830 10
77840 12
77850 11
77860 14
77870 14
77880 13
77890 10
77900 9
77910 15
77920 6
77930 15
77940 11
77950 8
77960 13
77970 11
77980 11
77990 12
78000 11
78010 12
78020 10
78030 11
78040 11
78050 12
78060 13
78070 10
78080 12
78090 11
78100 9
78110 10
78120 10
78130 15
78140 13
78150 9
78160 10
78170 13
78180 9
78190 11
78200 15
78210 17
78220 13
78230 11
78240 14
78250 13
78260 12
78270 14
78280 15
78290 12
78300 12
78310 10
78320 17
78330 7
78340 15
78350 10
78360 14
78370 15
78380 11
78390 16
78400 16
78410 11
78420 14
78430 8
78440 9
78450 13
78460 16
78470 7
78480 11
78490 12
78500 12
78510 11
78520 9
78530 13
78540 11
78550 9
78560 8
78570 12
78580 15
78590 17
78600 11
78610 11
78620 11
78630 9
78640 12
78650 11
78660 11
78670 11
78680 14
78690 13
78700 13
78710 14
78720 11
78730 11
78740 11
78750 16
78760 10
78770 14
78780 13
78790 11
78800 11
78810 12
78820 12
78830 8
78840 9
78850 16
78860 12
78870 13
78880 10
78890 12
78900 11
78910 10
78920 9
78930 11
78940 10
78950 11
78960 12
78970 11
78980 6
78990 14
79000 9
79010 16
79020 7
79030 10
79040 10
79050 7
79060 9
79070 16
79080 14
79090 14
79100 9
79110 10
79120 13
79130 13
79140 18
79150 8
79160 10
79170 9
79180 13
79190 8
79200 10
79210 15
79220 9
79230 8
79240 11
79250 9
79260 9
79270 9
79280 10
79290 9
79300 10
79310 10
79320 9
79330 6
79340 8
79350 11
79360 5
79370 15
79380 12
79390 9
79400 12
79410 10
79420 15
79430 10
79440 9
79450 9
79460 8
79470 10
79480 11
79490 13
79500 13
79510 17
79520 7
79530 16
79540 10
79550 10
79560 9
79570 10
79580 8
79590 7
79600 8
79610 7
79620 8
79630 9
79640 5
79650 8
79660 9
79670 11
79680 14
79690 10
79700 11
79710 12
79720 11
79730 12
79740 8
79750 11
79760 13
79770 9
79780 18
79790 11
79800 5
79810 16
79820 9
79830 11
79840 5
79850 7
79860 11
79870 12
79880 17
79890 17
79900 7
79910 13
79920 11
79930 12
79940 10
79950 9
79960 9
79970 11
79980 9
79990 13
80000 12
80010 11
80020 10
80030 12
80040 15
80050 10
80060 16
80070 11
80080 11
80090 14
80100 11
80110 10
80120 11
80130 13
80140 10
80150 8
80160 11
80170 14
80180 10
80190 12
80200 18
80210 11
80220 10
80230 12
80240 10
80250 10
80260 12
80270 12
80280 9
80290 10
80300 10
80310 12
80320 12
80330 12
80340 12
80350 9
80360 10
80370 12
80380 11
80390 8
80400 14
80410 9
80420 8
80430 6
80440 7
80450 10
80460 7
80470 6
80480 11
80490 7
80500 11
80510 10
80520 10
80530 10
80540 12
80550 7
80560 13
80570 9
80580 4
80590 14
80600 8
80610 9
80620 12
80630 11
80640 7
80650 8
80660 12
80670 10
80680 10
80690 15
80700 14
80710 12
80720 7
80730 14
80740 15
80750 17
80760 8
80770 7
80780 16
80790 6
80800 8
80810 7
80820 9
80830 7
80840 8
80850 12
80860 5
80870 10
80880 12
80890 8
80900 12
80910 9
80920 8
80930 9
80940 10
80950 10
80960 16
80970 13
80980 8
80990 9
81000 17
81010 14
81020 5
81030 13
81040 11
81050 12
81060 15
81070 12
81080 9
81090 15
81100 6
81110 7
81120 8
81130 11
81140 15
81150 9
81160 11
81170 13
81180 10
81190 7
81200 9
81210 11
81220 10
81230 15
81240 10
81250 16
81260 9
81270 16
81280 10
81290 12
81300 11
81310 14
81320 5
81330 10
81340 14
81350 10
81360 15
81370 16
81380 11
81390 20
81400 18
81410 15
81420 14
81430 9
81440 11
81450 10
81460 11
81470 19
81480 18
81490 15
81500 16
81510 19
81520 14
81530 7
81540 16
81550 18
81560 15
81570 16
81580 17
81590 15
81600 12
81610 18
81620 16
81630 13
81640 14
81650 16
81660 14
81670 15
81680 16
81690 12
81700 11
81710 12
81720 8
81730 11
81740 13
81750 13
81760 7
81770 12
81780 11
81790 6
81800 9
81810 10
81820 10
81830 9
81840 10
81850 12
81860 11
81870 10
81880 20
81890 16
81900 14
81910 11
81920 8
81930 11
81940 12
81950 13
81960 17
81970 10
81980 11
81990 8
82000 9
82010 13
82020 10
82030 10
82040 14
82050 12
82060 12
82070 9
82080 11
82090 15
82100 8
82110 11
82120 12
82130 6
82140 12
82150 14
82160 12
82170 16
82180 16
82190 17
82200 13
82210 17
82220 17
82230 17
82240 14
82250 17
82260 16
82270 16
82280 20
82290 20
82300 16
82310 16
82320 15
82330 14
82340 18
82350 13
82360 17
82370 11
82380 15
82390 8
82400 9
82410 13
82420 14
82430 12
82440 14
82450 12
82460 11
82470 15
82480 15
82490 14
82500 9
82510 11
82520 16
82530 15
82540 17
82550 10
82560 7
82570 7
82580 10
82590 14
82600 9
82610 7
82620 12
82630 12
82640 14
82650 13
82660 14
82670 12
82680 17
82690 10
82700 10
82710 8
82720 12
82730 8
82740 13
82750 15
82760 10
82770 9
82780 9
82790 16
82800 9
82810 14
82820 14
82830 11
82840 8
82850 11
82860 13
82870 11
82880 10
82890 15
82900 8
82910 12
82920 13
82930 10
82940 15
82950 7
82960 13
82970 13
82980 7
82990 15
83000 13
83010 9
83020 6
83030 17
83040 16
83050 12
83060 21
83070 14
83080 11
83090 15
83100 14
83110 12
83120 4
83130 16
83140 13
83150 14
83160 14
83170 16
83180 14
83190 17
83200 8
83210 12
83220 13
83230 14
83240 15
83250 13
83260 16
83270 14
83280 15
83290 11
83300 16
83310 15
83320 15
83330 7
83340 8
83350 12
83360 8
83370 11
83380 3
83390 10
83400 10
83410 11
83420 17
83430 10
83440 9
83450 8
83460 17
83470 15
83480 13
83490 9
83500 12
83510 10
83520 14
83530 15
83540 14
83550 14
83560 10
83570 15
83580 13
83590 7
83600 11
83610 13
83620 17
83630 13
83640 9
83650 11
83660 12
83670 14
83680 7
83690 8
83700 16
83710 12
83720 14
83730 15
83740 5
83750 17
83760 14
83770 16
83780 8
83790 15
83800 17
83810 15
83820 9
83830 17
83840 18
83850 20
83860 11
83870 18
83880 17
83890 14
83900 12
83910 13
83920 3
83930 0
83940 1
83950 9
83960 16
83970 20
83980 17
83990 16
84000 13
84010 13
84020 18
84030 14
84040 16
84050 13
84060 14
84070 16
84080 8
84090 18
84100 11
84110 13
84120 0
84130 3
84140 9
84150 18
84160 14
84170 10
84180 13
84190 10
84200 12
84210 15
84220 14
84230 9
84240 8
84250 5
84260 12
84270 14
84280 12
84290 18
84300 13
84310 22
84320 14
84330 15
84340 14
84350 17
84360 17
84370 15
84380 15
84390 11
84400 18
84410 14
84420 12
84430 17
84440 20
84450 19
84460 11
84470 18
84480 12
84490 18
84500 13
84510 13
84520 15
84530 15
84540 15
84550 13
84560 13
84570 13
84580 13
84590 12
84600 14
84610 12
84620 10
84630 7
84640 12
84650 14
84660 0
84670 0
84680 0
84690 0
84700 0
84710 0
84720 0
84730 0
84740 0
84750 0
84760 0
84770 0
84780 1
84790 0
84800 0
84810 0
84820 0
84830 0
84840 2
84850 10
84860 15
84870 11
84880 15
84890 11
84900 13
84910 14
84920 19
84930 8
84940 17
84950 12
84960 15
84970 11
84980 13
84990 8
85000 11
85010 16
85020 14
85030 12
85040 8
85050 12
85060 12
85070 10
85080 12
85090 4
85100 15
85110 9
85120 15
85130 12
85140 10
85150 7
85160 15
85170 14
85180 12
85190 11
85200 7
85210 10
85220 7
85230 13
85240 3
85250 3
85260 13
85270 12
85280 14
85290 8
85300 8
85310 6
85320 10
85330 7
85340 2
85350 16
85360 15
85370 13
85380 19
85390 18
85400 11
85410 18
85420 9
85430 16
85440 11
85450 16
85460 9
85470 18
85480 15
85490 15
85500 9
85510 8
85520 7
85530 9
85540 7
85550 15
85560 10
85570 6
85580 17
85590 13
85600 8
85610 10
85620 9
85630 6
85640 10
85650 7
85660 9
85670 8
85680 12
85690 11
85700 9
85710 11
85720 5
85730 9
85740 2
85750 9
85760 3
85770 10
85780 12
85790 8
85800 6
85810 10
85820 3
85830 0
85840 0
85850 0
85860 0
85870 0
85880 0
85890 0
85900 0
85910 0
85920 1
85930 3
85940 1
85950 0
85960 1
85970 3
85980 2
85990 11
86000 12
86010 16
86020 15
86030 13
86040 16
86050 14
86060 16
86070 16
86080 14
86090 15
86100 11
86110 11
86120 13
86130 12
86140 17
86150 13
86160 12
86170 13
86180 13
86190 16
86200 11
86210 17
86220 11
86230 10
86240 0
86250 0
86260 0
86270 1
86280 0
86290 0
86300 1
86310 1
86320 0
86330 0
86340 0
86350 0
86360 0
86370 10
86380 11
86390 14
86400 10
86410 15
86420 15
86430 14
86440 12
86450 11
86460 12
86470 12
86480 17
86490 14
86500 11
86510 10
86520 14
86530 11
86540 14
86550 10
86560 11
86570 12
86580 14
86590 10
86600 13
86610 11
86620 11
86630 10
86640 11
86650 10
86660 13
86670 12
86680 8
86690 11
86700 11
86710 8
86720 8
86730 12
86740 11
86750 8
86760 12
86770 11
86780 8
86790 9
86800 9
86810 10
86820 11
86830 12
86840 9
86850 14
86860 7
86870 5
86880 10
86890 19
86900 8
86910 13
86920 17
86930 9
86940 9
86950 10
86960 12
86970 11
86980 6
86990 11
87000 10
87010 13
87020 5
87030 11
87040 10
87050 17
87060 12
87070 8
87080 10
87090 9
87100 5
87110 7
87120 9
87130 16
87140 11
87150 12
87160 14
87170 10
87180 18
87190 11
87200 15
87210 10
87220 10
87230 8
87240 4
87250 10
87260 14
87270 11
87280 15
87290 15
87300 11
87310 4
87320 11
87330 10
87340 12
87350 9
87360 13
87370 12
87380 10
87390 12
87400 14
87410 15
87420 9
87430 15
87440 15
87450 11
87460 15
87470 16
87480 11
87490 15
87500 13
87510 14
87520 13
87530 11
87540 14
87550 8
87560 13
87570 11
87580 12
87590 9
87600 6
87610 8
87620 15
87630 10
87640 14
87650 10
87660 12
87670 10
87680 12
87690 8
87700 11
87710 13
87720 9
87730 10
87740 12
87750 10
87760 9
87770 11
87780 12
87790 9
87800 11
87810 13
87820 16
87830 13
87840 11
87850 9
87860 10
87870 9
87880 11
87890 12
87900 8
87910 10
87920 15
87930 8
87940 9
87950 9
87960 11
87970 13
87980 11
87990 14
88000 13
88010 13
88020 9
88030 11
88040 10
88050 8
88060 7
88070 8
88080 9
88090 10
88100 12
88110 10
88120 9
88130 9
88140 15
88150 10
88160 11
88170 9
88180 8
88190 13
88200 5
88210 16
88220 7
88230 13
88240 11
88250 11
88260 13
88270 11
88280 17
88290 16
88300 18
88310 11
88320 17
88330 15
88340 9
88350 10
88360 17
88370 17
88380 17
88390 13
88400 13
88410 16
88420 14
88430 5
88440 5
88450 7
88460 9
88470 7
88480 10
88490 12
88500 12
88510 6
88520 9
88530 17
88540 12
88550 13
88560 9
88570 10
88580 10
88590 11
88600 13
88610 12
88620 11
88630 13
88640 10
88650 16
88660 10
88670 9
88680 15
88690 11
88700 13
88710 12
88720 8
88730 16
88740 13
88750 14
88760 11
88770 12
88780 9
88790 7
88800 14
88810 9
88820 8
88830 12
88840 11
88850 17
88860 8
88870 9
88880 12
88890 9
88900 9
88910 13
88920 14
88930 15
88940 15
88950 11
88960 14
88970 13
88980 12
88990 14
89000 8
89010 13
89020 15
89030 9
89040 11
89050 6
89060 11
89070 11
89080 13
89090 11
89100 10
89110 12
89120 13
89130 9
89140 10
89150 8
89160 9
89170 12
89180 11
89190 13
89200 9
89210 11
89220 9
89230 13
89240 13
89250 9
89260 18
89270 8
89280 10
89290 15
89300 9
89310 12
89320 11
89330 8
89340 12
89350 12
89360 13
89370 13
89380 11
89390 13
89400 11
89410 9
89420 10
89430 11
89440 13
89450 9
89460 12
89470 8
89480 7
89490 13
89500 10
89510 10
89520 15
89530 10
89540 10
89550 8
89560 10
89570 12
89580 11
89590 13
89600 0
89610 0
89620 0
89630 0
89640 0
89650 0
89660 0
89670 0
89680 0
89690 0
89700 0
89710 0
89720 0
89730 0
89740 0
89750 0
89760 0
89770 0
89780 0
89790 0
89800 0
89810 0
89820 0
89830 0
89840 0
89850 0
89860 0
89870 0
89880 0
89890 1
89900 0
89910 0
89920 0
89930 0
89940 0
89950 0
89960 0
89970 0
89980 0
89990 0
90000 0
90010 0
90020 0
90030 0
90040 0
90050 0
90060 0
90070 0
90080 0
90090 0
90100 0
90110 0
90120 0
90130 0
90140 0
90150 0
90160 0
90170 0
90180 0
90190 0
90200 0
90210 0
90220 0
90230 0
90240 0
90250 0
90260 1
90270 0
90280 0
90290 0
90300 0
90310 0
90320 0
90330 0
90340 0
90350 0
90360 4
90370 1
90380 0
90390 0
90400 0
90410 0
90420 0
90430 0
90440 0
90450 0
90460 0
90470 0
90480 0
90490 0
90500 0
90510 0
90520 0
90530 0
90540 0
90550 0
90560 0
90570 0
90580 0
90590 0
90600 0
90610 0
90620 0
90630 0
90640 0
90650 0
90660 0
90670 0
90680 0
90690 0
90700 0
90710 0
90720 0
90730 0
90740 0
90750 0
90760 1
90770 0
90780 0
90790 0
90800 0
90810 0
90820 0
90830 0
90840 0
90850 0
90860 0
90870 0
90880 0
90890 0
90900 0
90910 0
90920 0
90930 0
90940 0
90950 0
90960 0
90970 0
90980 1
90990 11
91000 13
91010 5
91020 9
91030 9
91040 0
91050 0
91060 0
91070 0
91080 0
91090 0
91100 0
91110 13
91120 8
91130 3
91140 14
91150 0
91160 0
91170 9
91180 0
91190 0
91200 0
91210 0
91220 0
91230 0
91240 0
91250 0
91260 0
91270 0
91280 0
91290 0
91300 0
91310 0
91320 0
91330 0
91340 0
91350 0
91360 0
91370 0
91380 0
91390 0
91400 0
91410 0
91420 0
91430 0
91440 0
91450 0
91460 0
91470 0
91480 0
91490 0
91500 0
91510 0
91520 0
91530 0
91540 0
91550 0
91560 9
91570 0
91580 0
91590 0
91600 0
91610 0
91620 0
91630 0
91640 0
91650 0
91660 0
91670 0
91680 0
91690 0
91700 0
91710 0
91720 0
91730 0
91740 0
91750 0
91760 0
91770 0
91780 0
91790 0
91800 0
91810 0
91820 0
91830 0
91840 0
91850 0
91860 0
91870 0
91880 0
91890 0
91900 0
91910 0
91920 0
91930 0
91940 0
91950 0
91960 0
91970 0
91980 0
91990 0
92000 0
92010 0
92020 0
92030 0
92040 0
92050 0
92060 0
92070 0
92080 0
92090 0
92100 0
92110 0
92120 0
92130 0
92140 0
92150 0
92160 0
92170 0
92180 0
92190 0
92200 0
92210 0
92220 0
92230 0
92240 0
92250 0
92260 0
92270 0
92280 1
92290 0
92300 0
92310 0
92320 0
92330 0
92340 0
92350 0
92360 0
92370 0
92380 21
92390 18
92400 13
92410 11
92420 9
92430 0
92440 9
92450 0
92460 17
92470 9
92480 0
92490 0
92500 0
92510 0
92520 0
92530 12
92540 0
92550 0
92560 0
92570 0
92580 0
92590 13
92600 16
92610 11
92620 15
92630 11
92640 1
92650 0
92660 0
92670 0
92680 0
92690 0
92700 0
92710 0
92720 0
92730 0
92740 0
92750 0
92760 0
92770 0
92780 0
92790 0
92800 0
92810 0
92820 0
92830 0
92840 0
92850 0
92860 0
92870 0
92880 0
92890 0
92900 0
92910 0
92920 0
92930 0
92940 0
92950 0
92960 0
92970 0
92980 0
92990 0
93000 0
93010 0
93020 0
93030 0
93040 0
93050 0
93060 0
93070 0
93080 0
93090 12
93100 8
93110 12
93120 11
93130 11
93140 11
93150 12
93160 11
93170 0
93180 10
93190 8
93200 10
93210 4
93220 8
93230 12
93240 8
93250 10
93260 13
93270 14
93280 16
93290 13
93300 11
93310 13
93320 8
93330 7
93340 10
93350 12
93360 8
93370 10
93380 11
93390 10
93400 14
93410 9
93420 10
93430 16
93440 20
93450 12
93460 16
93470 10
93480 15
93490 13
93500 11
93510 14
93520 17
93530 11
93540 16
93550 15
93560 12
93570 13
93580 12
93590 17
93600 10
93610 17
93620 16
93630 16
93640 12
93650 19
93660 14
93670 16
93680 11
93690 17
93700 13
93710 15
93720 16
93730 14
93740 15
93750 15
93760 15
93770 16
93780 16
93790 18
93800 15
93810 18
93820 22
93830 0
93840 9
93850 6
93860 9
93870 11
93880 11
93890 6
93900 8
93910 14
93920 15
93930 9
93940 9
93950 10
93960 10
93970 9
93980 8
93990 14
94000 14
94010 11
94020 11
94030 12
94040 21
94050 14
94060 12
94070 11
94080 13
94090 13
94100 13
94110 9
94120 9
94130 10
94140 14
94150 9
94160 9
94170 13
94180 13
94190 9
94200 13
94210 14
94220 5
94230 12
94240 16
94250 15
94260 17
94270 16
94280 15
94290 16
94300 16
94310 18
94320 11
94330 15
94340 7
94350 14
94360 13
94370 20
94380 16
94390 14
94400 9
94410 16
94420 17
94430 11
94440 17
94450 13
94460 9
94470 20
94480 14
94490 18
94500 15
94510 16
94520 16
94530 10
94540 16
94550 15
94560 16
94570 20
94580 16
94590 4
94600 14
94610 13
94620 14
94630 6
94640 11
94650 12
94660 14
94670 0
94680 10
94690 11
94700 10
94710 16
94720 0
94730 0
94740 12
94750 23
94760 6
94770 14
94780 11
94790 11
94800 17
94810 15
94820 20
94830 14
94840 13
94850 17
94860 16
94870 19
94880 10
94890 16
94900 11
94910 11
94920 15
94930 14
94940 11
94950 15
94960 12
94970 0
94980 0
94990 0
95000 11
95010 10
95020 13
95030 14
95040 15
95050 15
95060 8
95070 10
95080 0
95090 0
95100 0
95110 0
95120 0
95130 0
95140 0
95150 0
95160 0
95170 0
95180 10
95190 7
95200 9
95210 0
95220 11
95230 10
95240 10
95250 10
95260 0
95270 0
95280 5
95290 11
95300 4
95310 10
95320 12
95330 8
95340 8
95350 8
95360 9
95370 10
95380 10
95390 14
95400 11
95410 17
95420 12
95430 10
95440 10
95450 13
95460 10
95470 12
95480 9
95490 12
95500 15
95510 14
95520 10
95530 10
95540 10
95550 10
95560 13
95570 15
95580 10
95590 9
95600 13
95610 10
95620 9
95630 11
95640 11
95650 14
95660 8
95670 14
95680 10
95690 7
95700 12
95710 11
95720 13
95730 15
95740 12
95750 9
95760 9
95770 11
95780 12
95790 11
95800 9
95810 10
95820 9
95830 11
95840 10
95850 8
95860 12
95870 7
95880 6
95890 14
95900 10
95910 12
95920 10
95930 15
95940 13
95950 10
95960 13
95970 11
95980 12
95990 12
96000 8
96010 14
96020 9
96030 14
96040 11
96050 12
96060 9
96070 14
96080 10
96090 10
96100 12
96110 18
96120 16
96130 12
96140 11
96150 13
96160 9
96170 4
96180 15
96190 14
96200 9
96210 11
96220 17
96230 10
96240 9
96250 10
96260 9
96270 9
96280 13
96290 11
96300 9
96310 10
96320 9
96330 8
96340 11
96350 11
96360 9
96370 10
96380 9
96390 17
96400 9
96410 10
96420 11
96430 10
96440 6
96450 12
96460 10
96470 13
96480 11
96490 11
96500 9
96510 9
96520 12
96530 7
96540 12
96550 10
96560 11
96570 10
96580 10
96590 8
96600 12
96610 10
96620 10
96630 10
96640 10
96650 13
96660 9
96670 9
96680 10
96690 9
96700 12
96710 12
96720 8
96730 7
96740 10
96750 7
96760 9
96770 14
96780 8
96790 8
96800 10
96810 9
96820 10
96830 11
96840 9
96850 11
96860 9
96870 12
96880 9
96890 11
96900 7
96910 6
96920 7
96930 6
96940 7
96950 11
96960 6
96970 13
96980 14
96990 14
97000 10
97010 11
97020 9
97030 10
97040 10
97050 12
97060 11
97070 11
97080 9
97090 11
97100 11
97110 8
97120 11
97130 9
97140 10
97150 11
97160 11
97170 9
97180 9
97190 10
97200 10
97210 9
97220 9
97230 9
97240 9
97250 16
97260 13
97270 9
97280 9
97290 17
97300 14
97310 12
97320 9
97330 9
97340 10
97350 10
97360 14
97370 14
97380 8
97390 7
97400 12
97410 12
97420 12
97430 15
97440 14
97450 11
97460 11
97470 13
97480 12
97490 10
97500 12
97510 13
97520 10
97530 14
97540 9
97550 13
97560 7
97570 13
97580 15
97590 12
97600 10
97610 8
97620 13
97630 5
97640 10
97650 13
97660 10
97670 7
97680 12
97690 9
97700 7
97710 14
97720 10
97730 9
97740 11
97750 12
97760 11
97770 13
97780 12
97790 9
97800 10
97810 10
97820 8
97830 13
97840 10
97850 10
97860 9
97870 10
97880 9
97890 7
97900 10
97910 8
97920 13
97930 7
97940 13
97950 13
97960 11
97970 13
97980 14
97990 7
98000 10
98010 9
98020 7
98030 10
98040 7
98050 13
98060 9
98070 9
98080 12
98090 12
98100 11
98110 13
98120 12
98130 12
98140 10
98150 11
98160 10
98170 10
98180 9
98190 7
98200 9
98210 9
98220 9
98230 13
98240 11
98250 10
98260 15
98270 10
98280 11
98290 11
98300 11
98310 10
98320 13
98330 9
98340 11
98350 18
98360 9
98370 14
98380 12
98390 9
98400 14
98410 11
98420 10
98430 9
98440 9
98450 11
98460 10
98470 9
98480 10
98490 14
98500 11
98510 10
98520 11
98530 15
98540 11
98550 7
98560 12
98570 9
98580 12
98590 6
98600 11
98610 9
98620 9
98630 12
98640 9
98650 11
98660 9
98670 8
98680 15
98690 10
98700 11
98710 9
98720 9
98730 12
98740 15
98750 12
98760 15
98770 15
98780 12
98790 9
98800 9
98810 9
98820 8
98830 11
98840 10
98850 9
98860 10
98870 14
98880 17
98890 11
98900 12
98910 15
98920 12
98930 14
98940 15
98950 16
98960 7
98970 12
98980 10
98990 12
99000 13
99010 12
99020 11
99030 13
99040 9
99050 8
99060 12
99070 11
99080 9
99090 11
99100 9
99110 10
99120 9
99130 11
99140 13
99150 5
99160 11
99170 10
99180 7
99190 10
99200 8
99210 11
99220 11
99230 7
99240 13
99250 9
99260 12
99270 9
99280 11
99290 12
99300 9
99310 11
99320 9
99330 10
99340 12
99350 11
99360 11
99370 9
99380 10
99390 10
99400 14
99410 14
99420 14
99430 9
99440 12
99450 7
99460 10
99470 12
99480 13
99490 11
99500 10
99510 6
99520 6
99530 10
99540 11
99550 10
99560 11
99570 10
99580 12
99590 9
99600 12
99610 14
99620 15
99630 18
99640 11
99650 10
99660 12
99670 9
99680 13
99690 10
99700 12
99710 9
99720 12
99730 13
99740 15
99750 11
99760 12
99770 14
99780 13
99790 12
99800 13
99810 9
99820 12
99830 14
99840 11
99850 18
99860 15
99870 10
99880 9
99890 15
99900 11
99910 7
99920 12
99930 10
99940 10
99950 8
99960 12
99970 10
99980 11
99990 11
