# Frame Contacts
30000 0
30010 0
30020 0
30030 0
30040 0
30050 0
30060 0
30070 0
30080 0
30090 0
30100 0
30110 0
30120 0
30130 0
30140 0
30150 0
30160 0
30170 0
30180 0
30190 0
30200 0
30210 0
30220 0
30230 0
30240 0
30250 0
30260 0
30270 0
30280 0
30290 0
30300 0
30310 0
30320 0
30330 0
30340 0
30350 0
30360 0
30370 0
30380 0
30390 0
30400 0
30410 0
30420 0
30430 0
30440 0
30450 0
30460 0
30470 0
30480 0
30490 0
30500 0
30510 0
30520 0
30530 0
30540 0
30550 0
30560 0
30570 0
30580 0
30590 0
30600 0
30610 0
30620 0
30630 0
30640 0
30650 0
30660 0
30670 0
30680 0
30690 0
30700 0
30710 0
30720 0
30730 0
30740 0
30750 0
30760 0
30770 0
30780 0
30790 0
30800 0
30810 0
30820 0
30830 0
30840 0
30850 0
30860 0
30870 0
30880 0
30890 0
30900 0
30910 0
30920 0
30930 0
30940 0
30950 0
30960 0
30970 0
30980 0
30990 0
31000 0
31010 0
31020 0
31030 0
31040 0
31050 0
31060 0
31070 0
31080 0
31090 0
31100 0
31110 0
31120 0
31130 0
31140 0
31150 0
31160 0
31170 0
31180 0
31190 0
31200 0
31210 0
31220 0
31230 0
31240 0
31250 0
31260 0
31270 0
31280 0
31290 0
31300 0
31310 0
31320 0
31330 0
31340 0
31350 0
31360 0
31370 0
31380 0
31390 0
31400 0
31410 0
31420 0
31430 0
31440 0
31450 0
31460 0
31470 0
31480 0
31490 0
31500 0
31510 0
31520 0
31530 0
31540 0
31550 0
31560 0
31570 0
31580 0
31590 0
31600 0
31610 0
31620 0
31630 0
31640 0
31650 0
31660 0
31670 0
31680 0
31690 0
31700 0
31710 0
31720 0
31730 0
31740 0
31750 0
31760 0
31770 0
31780 0
31790 0
31800 0
31810 0
31820 0
31830 0
31840 0
31850 0
31860 0
31870 0
31880 0
31890 0
31900 0
31910 0
31920 0
31930 0
31940 0
31950 0
31960 0
31970 0
31980 0
31990 0
32000 0
32010 0
32020 0
32030 0
32040 0
32050 0
32060 0
32070 0
32080 0
32090 0
32100 0
32110 0
32120 0
32130 0
32140 0
32150 0
32160 0
32170 0
32180 0
32190 0
32200 0
32210 0
32220 0
32230 0
32240 0
32250 0
32260 0
32270 0
32280 0
32290 0
32300 0
32310 0
32320 0
32330 0
32340 0
32350 0
32360 0
32370 0
32380 0
32390 0
32400 0
32410 0
32420 0
32430 0
32440 0
32450 0
32460 0
32470 0
32480 0
32490 0
32500 0
32510 0
32520 0
32530 0
32540 0
32550 0
32560 0
32570 0
32580 0
32590 0
32600 0
32610 0
32620 0
32630 0
32640 0
32650 0
32660 0
32670 0
32680 0
32690 0
32700 0
32710 0
32720 0
32730 0
32740 0
32750 0
32760 0
32770 0
32780 0
32790 0
32800 0
32810 0
32820 0
32830 0
32840 0
32850 0
32860 0
32870 0
32880 0
32890 0
32900 0
32910 0
32920 0
32930 0
32940 0
32950 0
32960 0
32970 0
32980 0
32990 0
33000 0
33010 0
33020 0
33030 0
33040 0
33050 0
33060 0
33070 0
33080 0
33090 0
33100 0
33110 0
33120 0
33130 0
33140 0
33150 0
33160 0
33170 0
33180 0
33190 0
33200 0
33210 0
33220 0
33230 0
33240 0
33250 0
33260 0
33270 0
33280 0
33290 0
33300 0
33310 0
33320 0
33330 0
33340 0
33350 0
33360 0
33370 0
33380 0
33390 0
33400 0
33410 0
33420 0
33430 0
33440 0
33450 0
33460 0
33470 0
33480 0
33490 0
33500 0
33510 0
33520 0
33530 0
33540 0
33550 0
33560 0
33570 0
33580 0
33590 0
33600 0
33610 0
33620 0
33630 0
33640 0
33650 0
33660 0
33670 0
33680 0
33690 0
33700 0
33710 0
33720 0
33730 0
33740 0
33750 0
33760 0
33770 0
33780 0
33790 0
33800 0
33810 0
33820 0
33830 0
33840 0
33850 0
33860 0
33870 0
33880 0
33890 0
33900 0
33910 0
33920 0
33930 0
33940 0
33950 0
33960 0
33970 0
33980 0
33990 0
34000 0
34010 0
34020 0
34030 0
34040 0
34050 0
34060 0
34070 0
34080 0
34090 0
34100 0
34110 0
34120 0
34130 0
34140 0
34150 0
34160 0
34170 0
34180 0
34190 0
34200 0
34210 0
34220 0
34230 0
34240 0
34250 0
34260 0
34270 0
34280 0
34290 0
34300 0
34310 0
34320 0
34330 0
34340 0
34350 0
34360 0
34370 0
34380 0
34390 0
34400 0
34410 0
34420 0
34430 0
34440 0
34450 0
34460 0
34470 0
34480 0
34490 0
34500 0
34510 0
34520 0
34530 0
34540 0
34550 0
34560 0
34570 0
34580 0
34590 0
34600 0
34610 0
34620 0
34630 0
34640 0
34650 0
34660 0
34670 0
34680 0
34690 0
34700 0
34710 0
34720 0
34730 0
34740 0
34750 0
34760 0
34770 0
34780 0
34790 0
34800 0
34810 0
34820 0
34830 0
34840 0
34850 0
34860 0
34870 0
34880 0
34890 0
34900 0
34910 0
34920 0
34930 0
34940 0
34950 0
34960 0
34970 0
34980 0
34990 0
35000 0
35010 0
35020 0
35030 0
35040 0
35050 0
35060 0
35070 0
35080 0
35090 0
35100 0
35110 0
35120 0
35130 0
35140 0
35150 0
35160 0
35170 0
35180 0
35190 0
35200 0
35210 0
35220 0
35230 0
35240 0
35250 0
35260 0
35270 0
35280 0
35290 0
35300 0
35310 0
35320 0
35330 0
35340 0
35350 0
35360 0
35370 0
35380 0
35390 0
35400 0
35410 0
35420 0
35430 0
35440 0
35450 0
35460 0
35470 0
35480 0
35490 0
35500 0
35510 0
35520 0
35530 0
35540 0
35550 0
35560 0
35570 0
35580 0
35590 0
35600 0
35610 0
35620 0
35630 0
35640 0
35650 0
35660 0
35670 0
35680 0
35690 0
35700 0
35710 0
35720 0
35730 0
35740 0
35750 0
35760 0
35770 0
35780 0
35790 0
35800 0
35810 0
35820 0
35830 0
35840 0
35850 0
35860 0
35870 0
35880 0
35890 0
35900 0
35910 0
35920 0
35930 0
35940 0
35950 0
35960 0
35970 0
35980 0
35990 0
36000 0
36010 0
36020 0
36030 0
36040 0
36050 0
36060 0
36070 0
36080 0
36090 0
36100 0
36110 0
36120 0
36130 0
36140 0
36150 0
36160 0
36170 0
36180 0
36190 0
36200 0
36210 0
36220 0
36230 0
36240 0
36250 0
36260 0
36270 0
36280 0
36290 0
36300 0
36310 0
36320 0
36330 0
36340 0
36350 0
36360 0
36370 0
36380 0
36390 0
36400 0
36410 0
36420 0
36430 0
36440 0
36450 0
36460 0
36470 0
36480 0
36490 0
36500 0
36510 0
36520 0
36530 0
36540 0
36550 0
36560 0
36570 0
36580 0
36590 0
36600 0
36610 0
36620 0
36630 0
36640 0
36650 0
36660 0
36670 0
36680 0
36690 0
36700 0
36710 0
36720 0
36730 0
36740 0
36750 0
36760 0
36770 0
36780 0
36790 0
36800 0
36810 0
36820 0
36830 0
36840 0
36850 0
36860 0
36870 0
36880 0
36890 0
36900 0
36910 0
36920 0
36930 0
36940 0
36950 0
36960 0
36970 0
36980 0
36990 0
37000 0
37010 0
37020 0
37030 0
37040 0
37050 0
37060 0
37070 0
37080 0
37090 0
37100 0
37110 0
37120 0
37130 0
37140 0
37150 0
37160 0
37170 0
37180 0
37190 0
37200 0
37210 0
37220 0
37230 0
37240 0
37250 0
37260 0
37270 0
37280 0
37290 0
37300 0
37310 0
37320 0
37330 0
37340 0
37350 0
37360 0
37370 0
37380 0
37390 0
37400 0
37410 0
37420 0
37430 0
37440 0
37450 0
37460 0
37470 0
37480 0
37490 0
37500 0
37510 0
37520 0
37530 0
37540 0
37550 0
37560 0
37570 0
37580 0
37590 0
37600 0
37610 0
37620 0
37630 0
37640 0
37650 0
37660 0
37670 0
37680 0
37690 0
37700 0
37710 0
37720 0
37730 0
37740 0
37750 0
37760 0
37770 0
37780 0
37790 0
37800 0
37810 0
37820 0
37830 0
37840 0
37850 0
37860 0
37870 0
37880 0
37890 0
37900 0
37910 0
37920 0
37930 0
37940 0
37950 0
37960 0
37970 0
37980 0
37990 0
38000 0
38010 0
38020 0
38030 0
38040 0
38050 0
38060 0
38070 0
38080 0
38090 0
38100 0
38110 0
38120 0
38130 0
38140 0
38150 0
38160 0
38170 0
38180 0
38190 0
38200 0
38210 0
38220 0
38230 0
38240 0
38250 0
38260 0
38270 0
38280 0
38290 0
38300 0
38310 0
38320 0
38330 0
38340 0
38350 0
38360 0
38370 0
38380 0
38390 0
38400 0
38410 0
38420 0
38430 0
38440 0
38450 0
38460 0
38470 0
38480 0
38490 0
38500 0
38510 0
38520 0
38530 0
38540 0
38550 0
38560 0
38570 0
38580 0
38590 0
38600 0
38610 0
38620 0
38630 0
38640 0
38650 0
38660 0
38670 0
38680 0
38690 0
38700 0
38710 0
38720 0
38730 0
38740 0
38750 0
38760 0
38770 0
38780 0
38790 0
38800 0
38810 0
38820 0
38830 0
38840 0
38850 0
38860 0
38870 0
38880 0
38890 0
38900 0
38910 0
38920 0
38930 0
38940 0
38950 0
38960 0
38970 0
38980 0
38990 0
39000 0
39010 0
39020 0
39030 0
39040 0
39050 0
39060 0
39070 0
39080 0
39090 0
39100 0
39110 0
39120 0
39130 0
39140 0
39150 0
39160 0
39170 0
39180 0
39190 0
39200 0
39210 0
39220 0
39230 0
39240 0
39250 0
39260 0
39270 0
39280 0
39290 0
39300 0
39310 0
39320 0
39330 0
39340 0
39350 0
39360 0
39370 0
39380 0
39390 0
39400 0
39410 0
39420 0
39430 0
39440 0
39450 0
39460 0
39470 0
39480 0
39490 0
39500 0
39510 0
39520 0
39530 0
39540 0
39550 0
39560 0
39570 0
39580 0
39590 0
39600 0
39610 0
39620 0
39630 0
39640 0
39650 0
39660 0
39670 0
39680 0
39690 0
39700 0
39710 0
39720 0
39730 0
39740 0
39750 0
39760 0
39770 0
39780 0
39790 0
39800 0
39810 0
39820 0
39830 0
39840 0
39850 0
39860 0
39870 0
39880 0
39890 0
39900 0
39910 0
39920 0
39930 0
39940 0
39950 0
39960 0
39970 0
39980 0
39990 0
40000 0
40010 0
40020 0
40030 0
40040 0
40050 0
40060 0
40070 0
40080 0
40090 0
40100 0
40110 0
40120 0
40130 0
40140 0
40150 0
40160 0
40170 0
40180 0
40190 0
40200 0
40210 0
40220 0
40230 0
40240 0
40250 0
40260 0
40270 0
40280 0
40290 0
40300 0
40310 0
40320 0
40330 0
40340 0
40350 0
40360 0
40370 0
40380 0
40390 0
40400 0
40410 0
40420 0
40430 0
40440 0
40450 0
40460 0
40470 0
40480 0
40490 0
40500 0
40510 0
40520 0
40530 0
40540 0
40550 0
40560 0
40570 0
40580 0
40590 0
40600 0
40610 0
40620 0
40630 0
40640 0
40650 0
40660 0
40670 0
40680 0
40690 0
40700 0
40710 0
40720 0
40730 0
40740 0
40750 0
40760 0
40770 0
40780 0
40790 0
40800 0
40810 0
40820 0
40830 0
40840 0
40850 0
40860 0
40870 0
40880 0
40890 0
40900 0
40910 0
40920 0
40930 0
40940 0
40950 0
40960 0
40970 0
40980 0
40990 0
41000 0
41010 0
41020 0
41030 0
41040 0
41050 0
41060 0
41070 0
41080 0
41090 0
41100 0
41110 0
41120 0
41130 0
41140 0
41150 0
41160 0
41170 0
41180 0
41190 0
41200 0
41210 0
41220 0
41230 0
41240 0
41250 0
41260 0
41270 0
41280 0
41290 0
41300 0
41310 0
41320 0
41330 0
41340 0
41350 0
41360 0
41370 0
41380 0
41390 0
41400 0
41410 0
41420 0
41430 0
41440 0
41450 0
41460 0
41470 0
41480 0
41490 0
41500 0
41510 0
41520 0
41530 0
41540 0
41550 0
41560 0
41570 0
41580 0
41590 0
41600 0
41610 0
41620 0
41630 0
41640 0
41650 0
41660 0
41670 0
41680 0
41690 0
41700 0
41710 0
41720 0
41730 0
41740 0
41750 0
41760 0
41770 0
41780 0
41790 0
41800 0
41810 0
41820 0
41830 0
41840 0
41850 0
41860 0
41870 0
41880 0
41890 0
41900 0
41910 0
41920 0
41930 0
41940 0
41950 0
41960 0
41970 0
41980 0
41990 0
42000 0
42010 0
42020 0
42030 0
42040 0
42050 0
42060 0
42070 0
42080 0
42090 0
42100 0
42110 0
42120 0
42130 0
42140 0
42150 0
42160 0
42170 0
42180 0
42190 0
42200 0
42210 0
42220 0
42230 0
42240 0
42250 0
42260 0
42270 0
42280 0
42290 0
42300 0
42310 0
42320 0
42330 0
42340 0
42350 0
42360 0
42370 0
42380 0
42390 0
42400 0
42410 0
42420 0
42430 0
42440 0
42450 0
42460 0
42470 0
42480 0
42490 0
42500 0
42510 0
42520 0
42530 0
42540 0
42550 0
42560 0
42570 0
42580 0
42590 0
42600 0
42610 0
42620 0
42630 0
42640 0
42650 0
42660 0
42670 0
42680 0
42690 0
42700 0
42710 0
42720 0
42730 0
42740 0
42750 0
42760 0
42770 0
42780 0
42790 0
42800 0
42810 0
42820 0
42830 0
42840 0
42850 0
42860 0
42870 0
42880 0
42890 0
42900 0
42910 0
42920 0
42930 0
42940 0
42950 0
42960 0
42970 0
42980 0
42990 0
43000 0
43010 0
43020 0
43030 0
43040 0
43050 0
43060 0
43070 0
43080 0
43090 0
43100 0
43110 0
43120 0
43130 0
43140 0
43150 0
43160 0
43170 0
43180 0
43190 0
43200 0
43210 0
43220 0
43230 0
43240 0
43250 0
43260 0
43270 0
43280 0
43290 0
43300 0
43310 0
43320 0
43330 0
43340 0
43350 0
43360 0
43370 0
43380 0
43390 0
43400 0
43410 0
43420 0
43430 0
43440 0
43450 0
43460 0
43470 0
43480 0
43490 0
43500 0
43510 0
43520 0
43530 0
43540 0
43550 0
43560 0
43570 0
43580 0
43590 0
43600 0
43610 0
43620 0
43630 0
43640 0
43650 0
43660 0
43670 0
43680 0
43690 0
43700 0
43710 0
43720 0
43730 0
43740 0
43750 0
43760 0
43770 0
43780 0
43790 0
43800 0
43810 0
43820 0
43830 0
43840 0
43850 0
43860 0
43870 0
43880 0
43890 0
43900 0
43910 0
43920 0
43930 0
43940 0
43950 0
43960 0
43970 0
43980 0
43990 0
44000 0
44010 0
44020 0
44030 0
44040 0
44050 0
44060 0
44070 0
44080 0
44090 0
44100 0
44110 0
44120 0
44130 0
44140 0
44150 0
44160 0
44170 0
44180 0
44190 0
44200 0
44210 0
44220 0
44230 0
44240 0
44250 0
44260 0
44270 0
44280 0
44290 0
44300 0
44310 0
44320 0
44330 0
44340 0
44350 0
44360 0
44370 0
44380 0
44390 0
44400 0
44410 0
44420 0
44430 0
44440 0
44450 0
44460 0
44470 0
44480 0
44490 0
44500 0
44510 0
44520 0
44530 0
44540 0
44550 0
44560 0
44570 0
44580 0
44590 0
44600 0
44610 0
44620 0
44630 0
44640 0
44650 0
44660 0
44670 0
44680 0
44690 0
44700 0
44710 0
44720 0
44730 0
44740 0
44750 0
44760 0
44770 0
44780 0
44790 0
44800 0
44810 0
44820 0
44830 0
44840 0
44850 0
44860 0
44870 0
44880 0
44890 0
44900 0
44910 0
44920 0
44930 0
44940 0
44950 0
44960 0
44970 0
44980 0
44990 0
45000 0
45010 0
45020 0
45030 0
45040 0
45050 0
45060 0
45070 0
45080 0
45090 0
45100 0
45110 0
45120 0
45130 0
45140 0
45150 0
45160 0
45170 0
45180 0
45190 0
45200 0
45210 0
45220 0
45230 0
45240 0
45250 0
45260 0
45270 0
45280 0
45290 0
45300 0
45310 0
45320 0
45330 0
45340 0
45350 0
45360 0
45370 0
45380 0
45390 0
45400 0
45410 0
45420 0
45430 0
45440 0
45450 0
45460 0
45470 0
45480 0
45490 0
45500 0
45510 0
45520 0
45530 0
45540 0
45550 0
45560 0
45570 0
45580 0
45590 0
45600 0
45610 0
45620 0
45630 0
45640 0
45650 0
45660 0
45670 0
45680 0
45690 0
45700 0
45710 0
45720 0
45730 0
45740 0
45750 0
45760 0
45770 0
45780 0
45790 0
45800 0
45810 0
45820 0
45830 0
45840 0
45850 0
45860 0
45870 0
45880 0
45890 0
45900 0
45910 0
45920 0
45930 0
45940 0
45950 0
45960 0
45970 0
45980 0
45990 0
46000 0
46010 0
46020 0
46030 0
46040 0
46050 0
46060 0
46070 0
46080 0
46090 0
46100 0
46110 0
46120 0
46130 0
46140 0
46150 0
46160 0
46170 0
46180 0
46190 0
46200 0
46210 0
46220 0
46230 0
46240 0
46250 0
46260 0
46270 0
46280 0
46290 0
46300 0
46310 0
46320 0
46330 0
46340 0
46350 0
46360 0
46370 0
46380 0
46390 0
46400 0
46410 0
46420 0
46430 0
46440 0
46450 0
46460 0
46470 0
46480 0
46490 0
46500 0
46510 0
46520 0
46530 0
46540 0
46550 0
46560 0
46570 0
46580 0
46590 0
46600 0
46610 0
46620 0
46630 0
46640 0
46650 0
46660 0
46670 0
46680 0
46690 0
46700 0
46710 0
46720 0
46730 0
46740 0
46750 0
46760 0
46770 0
46780 0
46790 0
46800 0
46810 0
46820 0
46830 0
46840 0
46850 0
46860 0
46870 0
46880 0
46890 0
46900 0
46910 0
46920 0
46930 0
46940 0
46950 0
46960 0
46970 0
46980 0
46990 0
47000 0
47010 0
47020 0
47030 0
47040 0
47050 0
47060 0
47070 0
47080 0
47090 0
47100 0
47110 0
47120 0
47130 0
47140 0
47150 0
47160 0
47170 0
47180 0
47190 0
47200 0
47210 0
47220 0
47230 0
47240 0
47250 0
47260 0
47270 0
47280 0
47290 0
47300 0
47310 0
47320 0
47330 0
47340 0
47350 0
47360 0
47370 0
47380 0
47390 0
47400 0
47410 0
47420 0
47430 0
47440 0
47450 0
47460 0
47470 0
47480 0
47490 0
47500 0
47510 0
47520 0
47530 0
47540 0
47550 0
47560 0
47570 0
47580 0
47590 0
47600 0
47610 0
47620 0
47630 0
47640 0
47650 0
47660 0
47670 0
47680 0
47690 0
47700 0
47710 0
47720 0
47730 0
47740 0
47750 0
47760 0
47770 0
47780 0
47790 0
47800 0
47810 0
47820 0
47830 0
47840 0
47850 0
47860 0
47870 0
47880 0
47890 0
47900 0
47910 0
47920 0
47930 0
47940 0
47950 0
47960 0
47970 0
47980 0
47990 0
48000 0
48010 0
48020 0
48030 0
48040 0
48050 0
48060 0
48070 0
48080 0
48090 0
48100 0
48110 0
48120 0
48130 0
48140 0
48150 0
48160 0
48170 0
48180 0
48190 0
48200 0
48210 0
48220 0
48230 0
48240 0
48250 0
48260 0
48270 0
48280 0
48290 0
48300 0
48310 0
48320 0
48330 0
48340 0
48350 0
48360 0
48370 0
48380 0
48390 0
48400 0
48410 0
48420 0
48430 0
48440 0
48450 0
48460 0
48470 0
48480 0
48490 0
48500 0
48510 0
48520 0
48530 0
48540 0
48550 0
48560 0
48570 0
48580 0
48590 0
48600 0
48610 0
48620 0
48630 0
48640 0
48650 0
48660 0
48670 0
48680 0
48690 0
48700 0
48710 0
48720 0
48730 0
48740 0
48750 0
48760 0
48770 0
48780 0
48790 0
48800 0
48810 0
48820 0
48830 0
48840 0
48850 0
48860 0
48870 0
48880 0
48890 0
48900 0
48910 0
48920 0
48930 0
48940 0
48950 0
48960 0
48970 0
48980 0
48990 0
49000 0
49010 0
49020 0
49030 0
49040 0
49050 0
49060 0
49070 0
49080 0
49090 0
49100 0
49110 0
49120 0
49130 0
49140 0
49150 0
49160 0
49170 0
49180 0
49190 0
49200 0
49210 0
49220 0
49230 0
49240 0
49250 0
49260 0
49270 0
49280 0
49290 0
49300 0
49310 0
49320 0
49330 0
49340 0
49350 0
49360 0
49370 0
49380 0
49390 0
49400 0
49410 0
49420 0
49430 0
49440 0
49450 0
49460 0
49470 0
49480 0
49490 0
49500 0
49510 0
49520 0
49530 0
49540 0
49550 0
49560 0
49570 0
49580 0
49590 0
49600 0
49610 0
49620 0
49630 0
49640 0
49650 0
49660 0
49670 0
49680 0
49690 0
49700 0
49710 0
49720 0
49730 0
49740 0
49750 0
49760 0
49770 0
49780 0
49790 0
49800 0
49810 0
49820 0
49830 0
49840 0
49850 0
49860 0
49870 0
49880 0
49890 0
49900 0
49910 0
49920 0
49930 0
49940 0
49950 0
49960 0
49970 0
49980 0
49990 0
50000 0
50010 0
50020 0
50030 0
50040 0
50050 0
50060 0
50070 0
50080 0
50090 0
50100 0
50110 0
50120 0
50130 0
50140 0
50150 0
50160 0
50170 0
50180 0
50190 0
50200 0
50210 0
50220 0
50230 0
50240 0
50250 0
50260 0
50270 0
50280 0
50290 0
50300 0
50310 0
50320 0
50330 0
50340 0
50350 0
50360 0
50370 0
50380 0
50390 0
50400 0
50410 0
50420 0
50430 0
50440 0
50450 0
50460 0
50470 0
50480 0
50490 0
50500 0
50510 0
50520 0
50530 0
50540 0
50550 0
50560 0
50570 0
50580 0
50590 0
50600 0
50610 0
50620 0
50630 0
50640 0
50650 0
50660 0
50670 0
50680 0
50690 0
50700 0
50710 0
50720 0
50730 0
50740 0
50750 0
50760 0
50770 0
50780 0
50790 0
50800 0
50810 0
50820 0
50830 0
50840 0
50850 0
50860 0
50870 0
50880 0
50890 0
50900 0
50910 0
50920 0
50930 0
50940 0
50950 0
50960 0
50970 0
50980 0
50990 0
51000 0
51010 0
51020 0
51030 0
51040 0
51050 0
51060 0
51070 0
51080 0
51090 0
51100 0
51110 0
51120 0
51130 0
51140 0
51150 0
51160 0
51170 0
51180 0
51190 0
51200 0
51210 0
51220 0
51230 0
51240 0
51250 0
51260 0
51270 0
51280 0
51290 0
51300 0
51310 0
51320 0
51330 0
51340 0
51350 0
51360 0
51370 0
51380 0
51390 0
51400 0
51410 0
51420 0
51430 0
51440 0
51450 0
51460 0
51470 0
51480 0
51490 0
51500 0
51510 0
51520 0
51530 0
51540 0
51550 0
51560 0
51570 0
51580 0
51590 0
51600 0
51610 0
51620 0
51630 0
51640 0
51650 0
51660 0
51670 0
51680 0
51690 0
51700 0
51710 0
51720 0
51730 0
51740 0
51750 0
51760 0
51770 0
51780 0
51790 0
51800 0
51810 0
51820 0
51830 0
51840 0
51850 0
51860 0
51870 0
51880 0
51890 0
51900 0
51910 0
51920 0
51930 0
51940 0
51950 0
51960 0
51970 0
51980 0
51990 0
52000 0
52010 0
52020 0
52030 0
52040 0
52050 0
52060 0
52070 0
52080 0
52090 0
52100 0
52110 0
52120 0
52130 0
52140 0
52150 0
52160 0
52170 0
52180 0
52190 0
52200 0
52210 0
52220 0
52230 0
52240 0
52250 0
52260 0
52270 0
52280 0
52290 0
52300 0
52310 0
52320 0
52330 0
52340 0
52350 0
52360 0
52370 0
52380 0
52390 0
52400 0
52410 0
52420 0
52430 0
52440 0
52450 0
52460 0
52470 0
52480 0
52490 0
52500 0
52510 0
52520 0
52530 0
52540 0
52550 0
52560 0
52570 0
52580 0
52590 0
52600 0
52610 0
52620 0
52630 0
52640 0
52650 0
52660 0
52670 0
52680 0
52690 0
52700 0
52710 0
52720 0
52730 0
52740 0
52750 0
52760 0
52770 0
52780 0
52790 0
52800 0
52810 0
52820 0
52830 0
52840 0
52850 0
52860 0
52870 0
52880 0
52890 0
52900 0
52910 0
52920 0
52930 0
52940 0
52950 0
52960 0
52970 0
52980 0
52990 0
53000 0
53010 0
53020 0
53030 0
53040 0
53050 0
53060 0
53070 0
53080 0
53090 0
53100 0
53110 0
53120 0
53130 0
53140 0
53150 0
53160 0
53170 0
53180 0
53190 0
53200 0
53210 0
53220 0
53230 0
53240 0
53250 0
53260 0
53270 0
53280 0
53290 0
53300 0
53310 0
53320 0
53330 0
53340 0
53350 0
53360 0
53370 0
53380 0
53390 0
53400 0
53410 0
53420 0
53430 0
53440 0
53450 0
53460 0
53470 0
53480 0
53490 0
53500 0
53510 0
53520 0
53530 0
53540 0
53550 0
53560 0
53570 0
53580 0
53590 0
53600 0
53610 0
53620 0
53630 0
53640 0
53650 0
53660 0
53670 0
53680 0
53690 0
53700 0
53710 0
53720 0
53730 0
53740 0
53750 0
53760 0
53770 0
53780 0
53790 0
53800 0
53810 0
53820 0
53830 0
53840 0
53850 0
53860 0
53870 0
53880 0
53890 0
53900 0
53910 0
53920 0
53930 0
53940 0
53950 0
53960 0
53970 0
53980 0
53990 0
54000 0
54010 0
54020 0
54030 0
54040 0
54050 0
54060 0
54070 0
54080 0
54090 0
54100 0
54110 0
54120 0
54130 0
54140 0
54150 0
54160 0
54170 0
54180 0
54190 0
54200 0
54210 0
54220 0
54230 0
54240 0
54250 0
54260 0
54270 0
54280 0
54290 0
54300 0
54310 0
54320 0
54330 0
54340 0
54350 0
54360 0
54370 0
54380 0
54390 0
54400 0
54410 0
54420 0
54430 0
54440 0
54450 0
54460 0
54470 0
54480 0
54490 0
54500 0
54510 0
54520 0
54530 0
54540 0
54550 0
54560 0
54570 0
54580 0
54590 0
54600 0
54610 0
54620 0
54630 0
54640 0
54650 0
54660 0
54670 0
54680 0
54690 0
54700 0
54710 0
54720 0
54730 0
54740 0
54750 0
54760 0
54770 0
54780 0
54790 0
54800 0
54810 0
54820 0
54830 0
54840 0
54850 0
54860 0
54870 0
54880 0
54890 0
54900 0
54910 0
54920 0
54930 0
54940 0
54950 0
54960 0
54970 0
54980 0
54990 0
55000 0
55010 0
55020 0
55030 0
55040 0
55050 0
55060 0
55070 0
55080 0
55090 0
55100 0
55110 0
55120 0
55130 0
55140 0
55150 0
55160 0
55170 0
55180 0
55190 0
55200 0
55210 0
55220 0
55230 0
55240 0
55250 0
55260 0
55270 0
55280 0
55290 0
55300 0
55310 0
55320 0
55330 0
55340 0
55350 0
55360 0
55370 0
55380 0
55390 0
55400 0
55410 0
55420 0
55430 0
55440 0
55450 0
55460 0
55470 0
55480 0
55490 0
55500 0
55510 0
55520 0
55530 0
55540 0
55550 0
55560 0
55570 0
55580 0
55590 0
55600 0
55610 0
55620 0
55630 0
55640 0
55650 0
55660 0
55670 0
55680 0
55690 0
55700 0
55710 0
55720 0
55730 0
55740 0
55750 0
55760 0
55770 0
55780 0
55790 0
55800 0
55810 0
55820 0
55830 0
55840 0
55850 0
55860 0
55870 0
55880 0
55890 0
55900 0
55910 0
55920 0
55930 0
55940 0
55950 0
55960 0
55970 0
55980 0
55990 0
56000 0
56010 0
56020 0
56030 0
56040 0
56050 0
56060 0
56070 0
56080 0
56090 0
56100 0
56110 0
56120 0
56130 0
56140 0
56150 0
56160 0
56170 0
56180 0
56190 0
56200 0
56210 0
56220 0
56230 0
56240 0
56250 0
56260 0
56270 0
56280 0
56290 0
56300 0
56310 0
56320 0
56330 0
56340 0
56350 0
56360 0
56370 0
56380 0
56390 0
56400 0
56410 0
56420 0
56430 0
56440 0
56450 0
56460 0
56470 0
56480 0
56490 0
56500 0
56510 0
56520 0
56530 0
56540 0
56550 0
56560 0
56570 0
56580 0
56590 0
56600 0
56610 0
56620 0
56630 0
56640 0
56650 0
56660 0
56670 0
56680 0
56690 0
56700 0
56710 0
56720 0
56730 0
56740 0
56750 0
56760 0
56770 0
56780 0
56790 0
56800 0
56810 0
56820 0
56830 0
56840 0
56850 0
56860 0
56870 0
56880 0
56890 0
56900 0
56910 0
56920 0
56930 0
56940 0
56950 0
56960 0
56970 0
56980 0
56990 0
57000 0
57010 0
57020 0
57030 0
57040 0
57050 0
57060 0
57070 0
57080 0
57090 0
57100 0
57110 0
57120 0
57130 0
57140 0
57150 0
57160 0
57170 0
57180 0
57190 0
57200 0
57210 0
57220 0
57230 0
57240 0
57250 0
57260 0
57270 0
57280 0
57290 0
57300 0
57310 0
57320 0
57330 0
57340 0
57350 0
57360 0
57370 0
57380 0
57390 0
57400 0
57410 0
57420 0
57430 0
57440 0
57450 0
57460 0
57470 0
57480 0
57490 0
57500 0
57510 0
57520 0
57530 0
57540 0
57550 0
57560 0
57570 0
57580 0
57590 0
57600 0
57610 0
57620 0
57630 0
57640 0
57650 0
57660 0
57670 0
57680 0
57690 0
57700 0
57710 0
57720 0
57730 0
57740 0
57750 0
57760 0
57770 0
57780 0
57790 0
57800 0
57810 0
57820 0
57830 0
57840 0
57850 0
57860 0
57870 0
57880 0
57890 0
57900 0
57910 0
57920 0
57930 0
57940 0
57950 0
57960 0
57970 0
57980 0
57990 0
58000 0
58010 0
58020 0
58030 0
58040 0
58050 0
58060 0
58070 0
58080 0
58090 0
58100 0
58110 0
58120 0
58130 0
58140 0
58150 0
58160 0
58170 0
58180 0
58190 0
58200 0
58210 0
58220 0
58230 0
58240 0
58250 0
58260 0
58270 0
58280 0
58290 0
58300 0
58310 0
58320 0
58330 0
58340 0
58350 0
58360 0
58370 0
58380 0
58390 0
58400 0
58410 0
58420 0
58430 0
58440 0
58450 0
58460 0
58470 0
58480 0
58490 0
58500 0
58510 0
58520 0
58530 0
58540 0
58550 0
58560 0
58570 0
58580 0
58590 0
58600 0
58610 0
58620 0
58630 0
58640 0
58650 0
58660 0
58670 0
58680 0
58690 0
58700 0
58710 0
58720 0
58730 0
58740 0
58750 0
58760 0
58770 0
58780 0
58790 0
58800 0
58810 0
58820 0
58830 0
58840 0
58850 0
58860 0
58870 0
58880 0
58890 0
58900 0
58910 0
58920 0
58930 0
58940 0
58950 0
58960 0
58970 0
58980 0
58990 0
59000 0
59010 0
59020 0
59030 0
59040 0
59050 0
59060 0
59070 0
59080 0
59090 0
59100 0
59110 0
59120 0
59130 0
59140 0
59150 0
59160 0
59170 0
59180 0
59190 0
59200 0
59210 0
59220 0
59230 0
59240 0
59250 0
59260 0
59270 0
59280 0
59290 0
59300 0
59310 0
59320 0
59330 0
59340 0
59350 0
59360 0
59370 0
59380 0
59390 0
59400 0
59410 0
59420 0
59430 0
59440 0
59450 0
59460 0
59470 0
59480 0
59490 0
59500 0
59510 0
59520 0
59530 0
59540 0
59550 0
59560 0
59570 0
59580 0
59590 0
59600 0
59610 0
59620 0
59630 0
59640 0
59650 0
59660 0
59670 0
59680 0
59690 0
59700 0
59710 0
59720 0
59730 0
59740 0
59750 0
59760 0
59770 0
59780 0
59790 0
59800 0
59810 0
59820 0
59830 0
59840 0
59850 0
59860 0
59870 0
59880 0
59890 0
59900 0
59910 0
59920 0
59930 0
59940 0
59950 0
59960 0
59970 0
59980 0
59990 0
60000 0
60010 0
60020 0
60030 0
60040 0
60050 0
60060 0
60070 0
60080 0
60090 0
60100 0
60110 0
60120 0
60130 0
60140 0
60150 0
60160 0
60170 0
60180 0
60190 0
60200 0
60210 0
60220 0
60230 0
60240 0
60250 0
60260 0
60270 0
60280 0
60290 0
60300 0
60310 0
60320 0
60330 0
60340 0
60350 0
60360 0
60370 0
60380 0
60390 0
60400 0
60410 0
60420 0
60430 0
60440 0
60450 0
60460 0
60470 0
60480 0
60490 0
60500 0
60510 0
60520 0
60530 0
60540 0
60550 0
60560 0
60570 0
60580 0
60590 0
60600 0
60610 0
60620 0
60630 0
60640 0
60650 0
60660 0
60670 0
60680 0
60690 0
60700 0
60710 0
60720 0
60730 0
60740 0
60750 0
60760 0
60770 0
60780 0
60790 0
60800 0
60810 0
60820 0
60830 0
60840 0
60850 0
60860 0
60870 0
60880 0
60890 0
60900 0
60910 0
60920 0
60930 0
60940 0
60950 0
60960 0
60970 0
60980 0
60990 0
61000 0
61010 0
61020 0
61030 0
61040 0
61050 0
61060 0
61070 0
61080 0
61090 0
61100 0
61110 0
61120 0
61130 0
61140 0
61150 0
61160 0
61170 0
61180 0
61190 0
61200 0
61210 0
61220 0
61230 0
61240 0
61250 0
61260 0
61270 0
61280 0
61290 0
61300 0
61310 0
61320 0
61330 0
61340 0
61350 0
61360 0
61370 0
61380 0
61390 0
61400 0
61410 0
61420 0
61430 0
61440 0
61450 0
61460 0
61470 0
61480 0
61490 0
61500 0
61510 0
61520 0
61530 0
61540 0
61550 0
61560 0
61570 0
61580 0
61590 0
61600 0
61610 0
61620 0
61630 0
61640 0
61650 0
61660 0
61670 0
61680 0
61690 0
61700 0
61710 0
61720 0
61730 0
61740 0
61750 0
61760 0
61770 0
61780 0
61790 0
61800 0
61810 0
61820 0
61830 0
61840 0
61850 0
61860 0
61870 0
61880 0
61890 0
61900 0
61910 0
61920 0
61930 0
61940 0
61950 0
61960 0
61970 0
61980 0
61990 0
62000 0
62010 0
62020 0
62030 0
62040 0
62050 0
62060 0
62070 0
62080 0
62090 0
62100 0
62110 0
62120 0
62130 0
62140 0
62150 0
62160 0
62170 0
62180 0
62190 0
62200 0
62210 0
62220 0
62230 0
62240 0
62250 0
62260 0
62270 0
62280 0
62290 0
62300 0
62310 0
62320 0
62330 0
62340 0
62350 0
62360 0
62370 0
62380 0
62390 0
62400 0
62410 0
62420 0
62430 0
62440 0
62450 0
62460 0
62470 0
62480 0
62490 0
62500 0
62510 0
62520 0
62530 0
62540 0
62550 0
62560 0
62570 0
62580 0
62590 0
62600 0
62610 0
62620 0
62630 0
62640 0
62650 0
62660 0
62670 0
62680 0
62690 0
62700 0
62710 0
62720 0
62730 0
62740 0
62750 0
62760 0
62770 0
62780 0
62790 0
62800 0
62810 0
62820 0
62830 0
62840 0
62850 0
62860 0
62870 0
62880 0
62890 0
62900 0
62910 0
62920 0
62930 0
62940 0
62950 0
62960 0
62970 0
62980 0
62990 0
63000 0
63010 0
63020 0
63030 0
63040 0
63050 0
63060 0
63070 0
63080 0
63090 0
63100 0
63110 0
63120 0
63130 0
63140 0
63150 0
63160 0
63170 0
63180 0
63190 0
63200 0
63210 0
63220 0
63230 0
63240 0
63250 0
63260 0
63270 0
63280 0
63290 0
63300 0
63310 0
63320 0
63330 0
63340 0
63350 0
63360 0
63370 0
63380 0
63390 0
63400 0
63410 0
63420 0
63430 0
63440 0
63450 0
63460 0
63470 0
63480 0
63490 0
63500 0
63510 0
63520 0
63530 0
63540 0
63550 0
63560 0
63570 0
63580 0
63590 0
63600 0
63610 0
63620 0
63630 0
63640 0
63650 0
63660 0
63670 0
63680 0
63690 0
63700 0
63710 0
63720 0
63730 0
63740 0
63750 0
63760 0
63770 0
63780 0
63790 0
63800 0
63810 0
63820 0
63830 0
63840 0
63850 0
63860 0
63870 0
63880 0
63890 0
63900 0
63910 0
63920 0
63930 0
63940 0
63950 0
63960 0
63970 0
63980 0
63990 0
64000 0
64010 0
64020 0
64030 0
64040 0
64050 0
64060 0
64070 0
64080 0
64090 0
64100 0
64110 0
64120 0
64130 0
64140 0
64150 0
64160 0
64170 0
64180 0
64190 0
64200 0
64210 0
64220 0
64230 0
64240 0
64250 0
64260 0
64270 0
64280 0
64290 0
64300 0
64310 0
64320 0
64330 0
64340 0
64350 0
64360 0
64370 0
64380 0
64390 0
64400 0
64410 0
64420 0
64430 0
64440 0
64450 0
64460 0
64470 0
64480 0
64490 0
64500 1
64510 0
64520 0
64530 0
64540 0
64550 0
64560 0
64570 0
64580 0
64590 0
64600 1
64610 0
64620 0
64630 1
64640 0
64650 0
64660 0
64670 0
64680 0
64690 0
64700 0
64710 0
64720 0
64730 0
64740 0
64750 0
64760 0
64770 0
64780 0
64790 0
64800 0
64810 0
64820 0
64830 0
64840 0
64850 0
64860 0
64870 0
64880 0
64890 0
64900 0
64910 0
64920 0
64930 0
64940 0
64950 0
64960 0
64970 0
64980 0
64990 0
65000 0
65010 0
65020 0
65030 0
65040 0
65050 0
65060 0
65070 0
65080 0
65090 0
65100 0
65110 0
65120 0
65130 0
65140 0
65150 0
65160 0
65170 0
65180 0
65190 1
65200 0
65210 0
65220 0
65230 5
65240 3
65250 1
65260 3
65270 3
65280 7
65290 6
65300 5
65310 1
65320 2
65330 0
65340 0
65350 0
65360 0
65370 0
65380 0
65390 0
65400 0
65410 6
65420 4
65430 6
65440 1
65450 0
65460 0
65470 0
65480 0
65490 6
65500 8
65510 6
65520 5
65530 5
65540 5
65550 8
65560 6
65570 8
65580 4
65590 6
65600 7
65610 7
65620 8
65630 8
65640 4
65650 5
65660 9
65670 4
65680 6
65690 8
65700 6
65710 4
65720 4
65730 6
65740 4
65750 6
65760 6
65770 6
65780 2
65790 0
65800 1
65810 3
65820 4
65830 1
65840 0
65850 4
65860 1
65870 0
65880 0
65890 0
65900 0
65910 0
65920 0
65930 0
65940 0
65950 0
65960 0
65970 0
65980 0
65990 0
66000 0
66010 0
66020 0
66030 0
66040 0
66050 0
66060 0
66070 0
66080 0
66090 0
66100 0
66110 0
66120 0
66130 0
66140 0
66150 0
66160 0
66170 0
66180 0
66190 0
66200 0
66210 0
66220 0
66230 0
66240 0
66250 0
66260 0
66270 0
66280 0
66290 0
66300 0
66310 0
66320 0
66330 0
66340 0
66350 0
66360 0
66370 0
66380 0
66390 0
66400 0
66410 0
66420 0
66430 0
66440 0
66450 0
66460 0
66470 0
66480 0
66490 0
66500 0
66510 0
66520 0
66530 0
66540 0
66550 0
66560 0
66570 0
66580 0
66590 0
66600 0
66610 0
66620 0
66630 0
66640 0
66650 0
66660 0
66670 0
66680 0
66690 0
66700 0
66710 0
66720 0
66730 0
66740 0
66750 0
66760 0
66770 0
66780 0
66790 0
66800 0
66810 0
66820 0
66830 0
66840 0
66850 0
66860 0
66870 0
66880 0
66890 0
66900 0
66910 0
66920 0
66930 0
66940 0
66950 0
66960 0
66970 0
66980 0
66990 0
67000 0
67010 0
67020 0
67030 0
67040 0
67050 0
67060 0
67070 0
67080 0
67090 0
67100 0
67110 0
67120 0
67130 0
67140 0
67150 0
67160 0
67170 0
67180 0
67190 0
67200 0
67210 0
67220 0
67230 0
67240 0
67250 0
67260 0
67270 0
67280 0
67290 0
67300 0
67310 0
67320 0
67330 0
67340 0
67350 0
67360 0
67370 0
67380 0
67390 0
67400 0
67410 0
67420 0
67430 0
67440 0
67450 0
67460 0
67470 0
67480 0
67490 0
67500 0
67510 0
67520 0
67530 0
67540 0
67550 0
67560 0
67570 0
67580 0
67590 0
67600 0
67610 0
67620 0
67630 0
67640 0
67650 0
67660 0
67670 0
67680 0
67690 0
67700 0
67710 0
67720 0
67730 0
67740 0
67750 0
67760 0
67770 0
67780 0
67790 0
67800 0
67810 0
67820 0
67830 0
67840 0
67850 0
67860 0
67870 0
67880 0
67890 0
67900 0
67910 0
67920 0
67930 0
67940 0
67950 0
67960 0
67970 0
67980 0
67990 0
68000 0
68010 0
68020 0
68030 0
68040 0
68050 0
68060 0
68070 0
68080 0
68090 0
68100 0
68110 0
68120 0
68130 0
68140 0
68150 0
68160 0
68170 0
68180 0
68190 0
68200 0
68210 0
68220 0
68230 0
68240 0
68250 0
68260 0
68270 0
68280 0
68290 0
68300 0
68310 0
68320 0
68330 0
68340 0
68350 0
68360 0
68370 0
68380 0
68390 0
68400 0
68410 0
68420 0
68430 0
68440 0
68450 0
68460 0
68470 0
68480 0
68490 0
68500 0
68510 0
68520 0
68530 0
68540 0
68550 0
68560 0
68570 0
68580 0
68590 0
68600 0
68610 0
68620 0
68630 0
68640 0
68650 0
68660 0
68670 0
68680 0
68690 0
68700 0
68710 0
68720 0
68730 0
68740 0
68750 0
68760 0
68770 0
68780 0
68790 0
68800 0
68810 0
68820 0
68830 0
68840 0
68850 0
68860 0
68870 0
68880 0
68890 0
68900 0
68910 0
68920 0
68930 0
68940 0
68950 0
68960 0
68970 0
68980 0
68990 0
69000 0
69010 0
69020 0
69030 0
69040 0
69050 0
69060 0
69070 0
69080 0
69090 0
69100 0
69110 0
69120 0
69130 0
69140 0
69150 0
69160 0
69170 0
69180 0
69190 0
69200 0
69210 0
69220 0
69230 0
69240 0
69250 0
69260 0
69270 0
69280 0
69290 0
69300 0
69310 0
69320 0
69330 0
69340 0
69350 0
69360 0
69370 0
69380 0
69390 0
69400 0
69410 0
69420 0
69430 0
69440 0
69450 0
69460 0
69470 0
69480 0
69490 0
69500 0
69510 0
69520 0
69530 0
69540 0
69550 0
69560 0
69570 0
69580 0
69590 0
69600 0
69610 0
69620 0
69630 0
69640 0
69650 0
69660 0
69670 0
69680 0
69690 0
69700 0
69710 0
69720 0
69730 0
69740 0
69750 0
69760 0
69770 0
69780 0
69790 0
69800 0
69810 0
69820 0
69830 0
69840 0
69850 0
69860 0
69870 0
69880 0
69890 0
69900 0
69910 0
69920 0
69930 0
69940 0
69950 0
69960 0
69970 0
69980 0
69990 0
70000 0
70010 0
70020 0
70030 0
70040 0
70050 0
70060 0
70070 0
70080 0
70090 0
70100 0
70110 0
70120 0
70130 0
70140 0
70150 0
70160 0
70170 0
70180 0
70190 0
70200 0
70210 0
70220 0
70230 0
70240 0
70250 0
70260 0
70270 0
70280 0
70290 0
70300 0
70310 0
70320 0
70330 0
70340 0
70350 0
70360 0
70370 0
70380 0
70390 0
70400 0
70410 0
70420 0
70430 0
70440 0
70450 0
70460 0
70470 0
70480 0
70490 0
70500 0
70510 0
70520 0
70530 0
70540 0
70550 0
70560 0
70570 0
70580 0
70590 0
70600 0
70610 0
70620 0
70630 0
70640 0
70650 0
70660 0
70670 0
70680 0
70690 0
70700 0
70710 0
70720 0
70730 0
70740 0
70750 0
70760 0
70770 0
70780 0
70790 0
70800 0
70810 0
70820 0
70830 0
70840 0
70850 0
70860 0
70870 0
70880 0
70890 0
70900 0
70910 0
70920 0
70930 0
70940 0
70950 0
70960 0
70970 0
70980 0
70990 0
71000 0
71010 0
71020 0
71030 0
71040 0
71050 0
71060 0
71070 0
71080 0
71090 0
71100 0
71110 0
71120 0
71130 0
71140 0
71150 0
71160 0
71170 0
71180 0
71190 0
71200 0
71210 0
71220 0
71230 1
71240 0
71250 0
71260 0
71270 1
71280 2
71290 2
71300 1
71310 0
71320 0
71330 0
71340 0
71350 0
71360 0
71370 0
71380 0
71390 0
71400 0
71410 0
71420 0
71430 0
71440 0
71450 0
71460 0
71470 0
71480 0
71490 0
71500 0
71510 0
71520 0
71530 0
71540 0
71550 0
71560 0
71570 0
71580 0
71590 0
71600 0
71610 0
71620 0
71630 0
71640 0
71650 0
71660 0
71670 0
71680 0
71690 0
71700 0
71710 0
71720 0
71730 0
71740 0
71750 0
71760 0
71770 0
71780 0
71790 0
71800 0
71810 0
71820 0
71830 0
71840 0
71850 0
71860 0
71870 0
71880 0
71890 0
71900 0
71910 0
71920 0
71930 0
71940 0
71950 0
71960 0
71970 0
71980 0
71990 0
72000 0
72010 0
72020 0
72030 0
72040 0
72050 0
72060 0
72070 0
72080 0
72090 0
72100 0
72110 0
72120 0
72130 0
72140 0
72150 0
72160 0
72170 0
72180 0
72190 0
72200 0
72210 0
72220 0
72230 0
72240 0
72250 0
72260 0
72270 0
72280 0
72290 0
72300 0
72310 0
72320 0
72330 0
72340 0
72350 0
72360 0
72370 0
72380 0
72390 0
72400 0
72410 0
72420 0
72430 0
72440 0
72450 0
72460 0
72470 0
72480 0
72490 0
72500 0
72510 0
72520 0
72530 0
72540 0
72550 0
72560 0
72570 0
72580 0
72590 0
72600 0
72610 0
72620 0
72630 0
72640 0
72650 0
72660 0
72670 0
72680 0
72690 0
72700 0
72710 0
72720 0
72730 0
72740 0
72750 0
72760 0
72770 0
72780 0
72790 0
72800 0
72810 0
72820 0
72830 0
72840 0
72850 0
72860 0
72870 0
72880 0
72890 0
72900 0
72910 0
72920 0
72930 0
72940 0
72950 0
72960 0
72970 0
72980 1
72990 1
73000 1
73010 1
73020 1
73030 0
73040 0
73050 0
73060 0
73070 0
73080 0
73090 0
73100 0
73110 0
73120 0
73130 1
73140 0
73150 1
73160 1
73170 2
73180 2
73190 2
73200 1
73210 0
73220 0
73230 0
73240 1
73250 1
73260 1
73270 1
73280 3
73290 0
73300 0
73310 1
73320 0
73330 1
73340 0
73350 0
73360 0
73370 0
73380 0
73390 0
73400 1
73410 2
73420 2
73430 0
73440 0
73450 0
73460 0
73470 0
73480 0
73490 0
73500 0
73510 0
73520 0
73530 0
73540 0
73550 0
73560 0
73570 1
73580 0
73590 0
73600 0
73610 0
73620 0
73630 0
73640 0
73650 0
73660 0
73670 0
73680 0
73690 0
73700 0
73710 0
73720 0
73730 0
73740 0
73750 0
73760 0
73770 0
73780 0
73790 0
73800 0
73810 0
73820 0
73830 0
73840 0
73850 0
73860 0
73870 0
73880 0
73890 0
73900 0
73910 0
73920 0
73930 0
73940 0
73950 0
73960 0
73970 0
73980 0
73990 0
74000 0
74010 0
74020 0
74030 0
74040 0
74050 0
74060 0
74070 0
74080 0
74090 0
74100 0
74110 0
74120 0
74130 0
74140 0
74150 0
74160 0
74170 0
74180 0
74190 0
74200 0
74210 0
74220 0
74230 0
74240 0
74250 0
74260 0
74270 0
74280 0
74290 0
74300 0
74310 0
74320 0
74330 0
74340 0
74350 0
74360 0
74370 0
74380 0
74390 0
74400 0
74410 0
74420 0
74430 0
74440 0
74450 0
74460 0
74470 0
74480 2
74490 1
74500 2
74510 2
74520 2
74530 2
74540 2
74550 0
74560 0
74570 0
74580 0
74590 0
74600 0
74610 0
74620 0
74630 0
74640 0
74650 0
74660 0
74670 0
74680 0
74690 0
74700 0
74710 0
74720 0
74730 0
74740 0
74750 0
74760 0
74770 0
74780 0
74790 0
74800 0
74810 0
74820 0
74830 0
74840 0
74850 0
74860 0
74870 0
74880 0
74890 0
74900 0
74910 0
74920 0
74930 0
74940 0
74950 0
74960 0
74970 0
74980 0
74990 0
75000 0
75010 0
75020 0
75030 0
75040 0
75050 0
75060 0
75070 0
75080 0
75090 0
75100 0
75110 0
75120 0
75130 0
75140 0
75150 0
75160 0
75170 0
75180 0
75190 0
75200 0
75210 0
75220 0
75230 0
75240 0
75250 0
75260 0
75270 0
75280 0
75290 0
75300 0
75310 0
75320 0
75330 0
75340 0
75350 0
75360 0
75370 0
75380 0
75390 0
75400 0
75410 0
75420 0
75430 0
75440 0
75450 0
75460 0
75470 0
75480 0
75490 0
75500 0
75510 0
75520 0
75530 0
75540 0
75550 0
75560 0
75570 0
75580 0
75590 0
75600 0
75610 0
75620 0
75630 0
75640 0
75650 0
75660 0
75670 0
75680 0
75690 0
75700 0
75710 0
75720 0
75730 0
75740 0
75750 0
75760 0
75770 0
75780 0
75790 0
75800 0
75810 0
75820 0
75830 1
75840 0
75850 0
75860 0
75870 0
75880 0
75890 0
75900 0
75910 0
75920 0
75930 0
75940 0
75950 0
75960 0
75970 0
75980 0
75990 2
76000 0
76010 0
76020 3
76030 0
76040 0
76050 0
76060 0
76070 0
76080 0
76090 1
76100 1
76110 2
76120 2
76130 1
76140 0
76150 2
76160 2
76170 0
76180 0
76190 0
76200 0
76210 0
76220 0
76230 0
76240 0
76250 2
76260 3
76270 1
76280 2
76290 2
76300 2
76310 1
76320 2
76330 2
76340 2
76350 2
76360 1
76370 0
76380 0
76390 0
76400 0
76410 2
76420 2
76430 4
76440 0
76450 0
76460 0
76470 0
76480 0
76490 0
76500 0
76510 2
76520 2
76530 2
76540 0
76550 0
76560 0
76570 0
76580 0
76590 0
76600 0
76610 0
76620 0
76630 0
76640 0
76650 0
76660 0
76670 0
76680 0
76690 0
76700 0
76710 1
76720 1
76730 0
76740 0
76750 2
76760 2
76770 0
76780 0
76790 0
76800 1
76810 0
76820 0
76830 0
76840 0
76850 0
76860 0
76870 0
76880 0
76890 0
76900 1
76910 1
76920 0
76930 0
76940 2
76950 1
76960 0
76970 0
76980 0
76990 0
77000 0
77010 0
77020 0
77030 1
77040 1
77050 1
77060 1
77070 0
77080 2
77090 1
77100 0
77110 1
77120 1
77130 0
77140 0
77150 0
77160 1
77170 1
77180 0
77190 0
77200 0
77210 0
77220 1
77230 1
77240 3
77250 0
77260 0
77270 0
77280 0
77290 0
77300 0
77310 0
77320 2
77330 0
77340 0
77350 0
77360 0
77370 0
77380 0
77390 0
77400 0
77410 0
77420 0
77430 0
77440 0
77450 0
77460 0
77470 0
77480 0
77490 0
77500 0
77510 0
77520 0
77530 0
77540 0
77550 0
77560 1
77570 0
77580 0
77590 1
77600 0
77610 0
77620 1
77630 0
77640 0
77650 0
77660 0
77670 0
77680 0
77690 0
77700 0
77710 1
77720 1
77730 0
77740 1
77750 0
77760 0
77770 1
77780 2
77790 0
77800 1
77810 0
77820 0
77830 0
77840 0
77850 0
77860 1
77870 1
77880 0
77890 0
77900 0
77910 0
77920 0
77930 1
77940 3
77950 3
77960 3
77970 3
77980 3
77990 1
78000 3
78010 4
78020 1
78030 1
78040 3
78050 3
78060 5
78070 0
78080 0
78090 0
78100 0
78110 0
78120 2
78130 2
78140 3
78150 0
78160 1
78170 2
78180 3
78190 3
78200 3
78210 3
78220 3
78230 6
78240 3
78250 2
78260 3
78270 2
78280 3
78290 4
78300 6
78310 5
78320 3
78330 5
78340 3
78350 3
78360 2
78370 3
78380 3
78390 0
78400 3
78410 0
78420 2
78430 0
78440 2
78450 3
78460 3
78470 2
78480 3
78490 2
78500 3
78510 1
78520 3
78530 3
78540 1
78550 3
78560 3
78570 2
78580 3
78590 2
78600 2
78610 2
78620 2
78630 1
78640 1
78650 2
78660 2
78670 0
78680 0
78690 0
78700 0
78710 0
78720 0
78730 2
78740 2
78750 2
78760 2
78770 2
78780 2
78790 2
78800 1
78810 0
78820 1
78830 0
78840 0
78850 0
78860 0
78870 0
78880 0
78890 2
78900 2
78910 2
78920 1
78930 1
78940 1
78950 1
78960 0
78970 0
78980 2
78990 2
79000 1
79010 1
79020 2
79030 2
79040 2
79050 2
79060 2
79070 4
79080 2
79090 2
79100 2
79110 2
79120 2
79130 2
79140 2
79150 2
79160 2
79170 2
79180 1
79190 2
79200 2
79210 1
79220 2
79230 3
79240 2
79250 2
79260 2
79270 1
79280 2
79290 2
79300 1
79310 2
79320 1
79330 1
79340 2
79350 2
79360 3
79370 2
79380 0
79390 0
79400 0
79410 0
79420 0
79430 0
79440 1
79450 0
79460 0
79470 0
79480 0
79490 0
79500 0
79510 0
79520 0
79530 2
79540 0
79550 0
79560 0
79570 0
79580 0
79590 0
79600 0
79610 0
79620 0
79630 0
79640 0
79650 0
79660 0
79670 0
79680 0
79690 0
79700 0
79710 0
79720 0
79730 0
79740 0
79750 0
79760 0
79770 0
79780 0
79790 0
79800 0
79810 0
79820 0
79830 0
79840 6
79850 4
79860 0
79870 3
79880 0
79890 0
79900 0
79910 0
79920 0
79930 0
79940 0
79950 1
79960 1
79970 0
79980 1
79990 0
80000 0
80010 1
80020 0
80030 0
80040 0
80050 1
80060 0
80070 0
80080 0
80090 0
80100 0
80110 0
80120 0
80130 0
80140 0
80150 0
80160 0
80170 3
80180 0
80190 2
80200 1
80210 0
80220 0
80230 4
80240 7
80250 5
80260 8
80270 1
80280 7
80290 10
80300 7
80310 4
80320 6
80330 6
80340 6
80350 5
80360 6
80370 2
80380 1
80390 7
80400 6
80410 3
80420 4
80430 0
80440 0
80450 8
80460 1
80470 10
80480 4
80490 9
80500 15
80510 11
80520 9
80530 10
80540 6
80550 17
80560 4
80570 5
80580 8
80590 4
80600 1
80610 6
80620 7
80630 5
80640 7
80650 5
80660 8
80670 4
80680 6
80690 10
80700 8
80710 11
80720 16
80730 9
80740 6
80750 10
80760 7
80770 10
80780 11
80790 12
80800 6
80810 11
80820 11
80830 16
80840 13
80850 17
80860 13
80870 22
80880 12
80890 13
80900 10
80910 9
80920 17
80930 20
80940 15
80950 21
80960 19
80970 21
80980 18
80990 19
81000 19
81010 19
81020 16
81030 21
81040 13
81050 15
81060 20
81070 19
81080 18
81090 24
81100 22
81110 22
81120 25
81130 17
81140 21
81150 21
81160 21
81170 15
81180 15
81190 21
81200 22
81210 22
81220 20
81230 19
81240 15
81250 21
81260 18
81270 17
81280 19
81290 20
81300 19
81310 23
81320 21
81330 23
81340 20
81350 16
81360 23
81370 20
81380 22
81390 19
81400 21
81410 16
81420 14
81430 20
81440 18
81450 14
81460 13
81470 10
81480 10
81490 7
81500 27
81510 13
81520 14
81530 19
81540 11
81550 20
81560 14
81570 16
81580 5
81590 18
81600 15
81610 19
81620 11
81630 13
81640 11
81650 11
81660 22
81670 20
81680 14
81690 15
81700 17
81710 16
81720 19
81730 20
81740 25
81750 19
81760 15
81770 18
81780 20
81790 17
81800 20
81810 19
81820 20
81830 15
81840 17
81850 19
81860 12
81870 18
81880 13
81890 17
81900 18
81910 10
81920 19
81930 17
81940 14
81950 16
81960 22
81970 14
81980 15
81990 15
82000 15
82010 15
82020 13
82030 18
82040 15
82050 14
82060 15
82070 14
82080 10
82090 6
82100 13
82110 9
82120 16
82130 12
82140 6
82150 11
82160 11
82170 19
82180 19
82190 20
82200 23
82210 13
82220 16
82230 11
82240 3
82250 19
82260 23
82270 19
82280 8
82290 10
82300 8
82310 6
82320 13
82330 14
82340 12
82350 24
82360 16
82370 12
82380 9
82390 24
82400 19
82410 9
82420 8
82430 15
82440 11
82450 18
82460 10
82470 9
82480 11
82490 11
82500 9
82510 15
82520 13
82530 7
82540 11
82550 10
82560 13
82570 8
82580 9
82590 14
82600 7
82610 17
82620 7
82630 6
82640 20
82650 26
82660 20
82670 20
82680 21
82690 19
82700 23
82710 24
82720 19
82730 20
82740 9
82750 4
82760 20
82770 17
82780 7
82790 9
82800 10
82810 20
82820 7
82830 9
82840 8
82850 15
82860 20
82870 20
82880 17
82890 18
82900 13
82910 17
82920 20
82930 17
82940 11
82950 15
82960 8
82970 19
82980 20
82990 21
83000 23
83010 14
83020 19
83030 17
83040 9
83050 4
83060 15
83070 22
83080 24
83090 19
83100 18
83110 11
83120 17
83130 12
83140 22
83150 17
83160 15
83170 18
83180 12
83190 21
83200 12
83210 11
83220 6
83230 6
83240 6
83250 7
83260 4
83270 10
83280 9
83290 10
83300 12
83310 5
83320 2
83330 10
83340 7
83350 12
83360 5
83370 6
83380 8
83390 5
83400 9
83410 11
83420 10
83430 8
83440 5
83450 5
83460 4
83470 8
83480 7
83490 7
83500 9
83510 10
83520 12
83530 12
83540 7
83550 6
83560 9
83570 11
83580 12
83590 10
83600 7
83610 5
83620 11
83630 9
83640 10
83650 11
83660 12
83670 9
83680 8
83690 8
83700 11
83710 8
83720 8
83730 3
83740 9
83750 8
83760 11
83770 13
83780 11
83790 12
83800 12
83810 7
83820 13
83830 8
83840 11
83850 6
83860 7
83870 10
83880 18
83890 12
83900 16
83910 3
83920 4
83930 13
83940 9
83950 11
83960 8
83970 12
83980 7
83990 7
84000 10
84010 13
84020 6
84030 11
84040 12
84050 10
84060 10
84070 13
84080 14
84090 7
84100 11
84110 11
84120 11
84130 8
84140 22
84150 14
84160 7
84170 9
84180 9
84190 20
84200 23
84210 20
84220 18
84230 15
84240 16
84250 19
84260 15
84270 14
84280 21
84290 15
84300 20
84310 20
84320 15
84330 19
84340 20
84350 18
84360 21
84370 18
84380 19
84390 12
84400 22
84410 17
84420 8
84430 18
84440 18
84450 15
84460 17
84470 13
84480 16
84490 29
84500 12
84510 20
84520 17
84530 20
84540 22
84550 19
84560 19
84570 18
84580 16
84590 21
84600 15
84610 19
84620 19
84630 21
84640 23
84650 20
84660 18
84670 18
84680 23
84690 17
84700 20
84710 14
84720 21
84730 20
84740 15
84750 18
84760 18
84770 17
84780 10
84790 17
84800 15
84810 20
84820 21
84830 16
84840 20
84850 20
84860 19
84870 19
84880 21
84890 13
84900 10
84910 13
84920 6
84930 11
84940 4
84950 5
84960 13
84970 8
84980 12
84990 7
85000 8
85010 8
85020 8
85030 10
85040 17
85050 17
85060 15
85070 9
85080 20
85090 18
85100 17
85110 12
85120 16
85130 9
85140 12
85150 14
85160 6
85170 10
85180 21
85190 17
85200 10
85210 16
85220 8
85230 8
85240 12
85250 17
85260 13
85270 7
85280 7
85290 12
85300 16
85310 21
85320 12
85330 16
85340 17
85350 13
85360 18
85370 17
85380 14
85390 11
85400 16
85410 17
85420 12
85430 12
85440 19
85450 16
85460 19
85470 14
85480 20
85490 19
85500 12
85510 7
85520 9
85530 6
85540 17
85550 17
85560 12
85570 21
85580 12
85590 20
85600 16
85610 8
85620 12
85630 16
85640 16
85650 24
85660 12
85670 12
85680 13
85690 23
85700 13
85710 15
85720 14
85730 17
85740 20
85750 14
85760 16
85770 24
85780 11
85790 16
85800 17
85810 16
85820 21
85830 19
85840 24
85850 19
85860 7
85870 18
85880 21
85890 14
85900 13
85910 17
85920 14
85930 21
85940 18
85950 19
85960 20
85970 12
85980 10
85990 8
86000 7
86010 10
86020 11
86030 11
86040 11
86050 9
86060 11
86070 10
86080 13
86090 11
86100 13
86110 17
86120 9
86130 18
86140 10
86150 10
86160 11
86170 10
86180 12
86190 9
86200 7
86210 3
86220 13
86230 12
86240 11
86250 5
86260 9
86270 19
86280 15
86290 10
86300 11
86310 9
86320 12
86330 19
86340 15
86350 18
86360 17
86370 16
86380 17
86390 23
86400 15
86410 19
86420 20
86430 23
86440 15
86450 9
86460 17
86470 13
86480 16
86490 18
86500 21
86510 13
86520 5
86530 10
86540 10
86550 8
86560 8
86570 12
86580 7
86590 20
86600 21
86610 21
86620 18
86630 21
86640 14
86650 17
86660 16
86670 18
86680 18
86690 17
86700 15
86710 24
86720 11
86730 23
86740 17
86750 19
86760 12
86770 17
86780 18
86790 23
86800 13
86810 19
86820 20
86830 18
86840 14
86850 21
86860 16
86870 19
86880 24
86890 21
86900 16
86910 22
86920 10
86930 13
86940 15
86950 20
86960 14
86970 19
86980 23
86990 26
87000 19
87010 18
87020 18
87030 18
87040 21
87050 20
87060 21
87070 17
87080 17
87090 23
87100 20
87110 15
87120 22
87130 22
87140 18
87150 22
87160 23
87170 24
87180 11
87190 19
87200 16
87210 19
87220 24
87230 19
87240 19
87250 22
87260 16
87270 17
87280 18
87290 25
87300 20
87310 19
87320 23
87330 18
87340 20
87350 17
87360 23
87370 23
87380 19
87390 19
87400 18
87410 17
87420 16
87430 18
87440 13
87450 22
87460 16
87470 14
87480 22
87490 20
87500 17
87510 14
87520 22
87530 18
87540 21
87550 11
87560 20
87570 22
87580 21
87590 13
87600 17
87610 23
87620 21
87630 16
87640 22
87650 23
87660 19
87670 20
87680 15
87690 26
87700 11
87710 10
87720 9
87730 6
87740 6
87750 12
87760 23
87770 21
87780 23
87790 15
87800 11
87810 14
87820 11
87830 18
87840 16
87850 19
87860 16
87870 19
87880 18
87890 26
87900 18
87910 21
87920 17
87930 23
87940 14
87950 13
87960 7
87970 17
87980 16
87990 13
88000 15
88010 21
88020 16
88030 13
88040 10
88050 14
88060 11
88070 9
88080 12
88090 8
88100 8
88110 13
88120 12
88130 8
88140 13
88150 21
88160 12
88170 17
88180 9
88190 20
88200 18
88210 9
88220 3
88230 10
88240 10
88250 18
88260 4
88270 13
88280 15
88290 18
88300 12
88310 12
88320 15
88330 14
88340 21
88350 17
88360 9
88370 16
88380 20
88390 15
88400 5
88410 15
88420 20
88430 12
88440 19
88450 18
88460 17
88470 21
88480 12
88490 17
88500 20
88510 18
88520 13
88530 22
88540 18
88550 15
88560 18
88570 16
88580 16
88590 12
88600 24
88610 12
88620 17
88630 22
88640 24
88650 19
88660 18
88670 22
88680 17
88690 21
88700 16
88710 22
88720 18
88730 21
88740 21
88750 21
88760 19
88770 14
88780 18
88790 15
88800 16
88810 18
88820 18
88830 22
88840 17
88850 17
88860 19
88870 18
88880 18
88890 19
88900 16
88910 23
88920 18
88930 25
88940 17
88950 14
88960 24
88970 17
88980 20
88990 26
89000 22
89010 13
89020 23
89030 18
89040 21
89050 25
89060 17
89070 18
89080 11
89090 18
89100 17
89110 10
89120 15
89130 19
89140 20
89150 18
89160 15
89170 20
89180 19
89190 18
89200 5
89210 15
89220 22
89230 17
89240 7
89250 12
89260 24
89270 19
89280 20
89290 16
89300 20
89310 20
89320 18
89330 19
89340 20
89350 17
89360 20
89370 18
89380 16
89390 21
89400 20
89410 21
89420 18
89430 17
89440 21
89450 5
89460 13
89470 10
89480 10
89490 12
89500 9
89510 8
89520 17
89530 6
89540 10
89550 7
89560 5
89570 6
89580 1
89590 4
89600 2
89610 8
89620 6
89630 11
89640 3
89650 7
89660 13
89670 11
89680 8
89690 6
89700 6
89710 10
89720 6
89730 5
89740 15
89750 15
89760 17
89770 17
89780 10
89790 10
89800 9
89810 29
89820 16
89830 18
89840 18
89850 22
89860 7
89870 5
89880 12
89890 6
89900 13
89910 15
89920 18
89930 17
89940 17
89950 17
89960 24
89970 14
89980 8
89990 17
90000 4
90010 14
90020 14
90030 14
90040 15
90050 13
90060 14
90070 11
90080 14
90090 13
90100 13
90110 13
90120 19
90130 13
90140 16
90150 16
90160 14
90170 21
90180 17
90190 15
90200 11
90210 13
90220 12
90230 10
90240 10
90250 11
90260 8
90270 9
90280 7
90290 9
90300 8
90310 9
90320 8
90330 2
90340 5
90350 10
90360 9
90370 9
90380 6
90390 2
90400 5
90410 4
90420 9
90430 8
90440 8
90450 10
90460 6
90470 8
90480 9
90490 11
90500 7
90510 4
90520 10
90530 9
90540 6
90550 13
90560 6
90570 7
90580 4
90590 3
90600 4
90610 11
90620 10
90630 5
90640 4
90650 10
90660 8
90670 3
90680 7
90690 6
90700 4
90710 8
90720 6
90730 4
90740 5
90750 2
90760 4
90770 5
90780 8
90790 5
90800 6
90810 9
90820 8
90830 9
90840 7
90850 10
90860 9
90870 11
90880 6
90890 3
90900 7
90910 7
90920 4
90930 9
90940 6
90950 8
90960 4
90970 0
90980 10
90990 14
91000 8
91010 5
91020 10
91030 5
91040 6
91050 10
91060 7
91070 6
91080 4
91090 10
91100 7
91110 6
91120 5
91130 7
91140 4
91150 8
91160 17
91170 11
91180 20
91190 26
91200 24
91210 20
91220 13
91230 22
91240 20
91250 17
91260 20
91270 18
91280 17
91290 15
91300 16
91310 19
91320 21
91330 17
91340 14
91350 9
91360 11
91370 11
91380 7
91390 9
91400 6
91410 7
91420 11
91430 13
91440 7
91450 19
91460 7
91470 8
91480 8
91490 14
91500 14
91510 9
91520 15
91530 9
91540 12
91550 7
91560 7
91570 0
91580 1
91590 0
91600 8
91610 9
91620 4
91630 9
91640 8
91650 3
91660 8
91670 1
91680 9
91690 0
91700 10
91710 4
91720 3
91730 1
91740 6
91750 8
91760 6
91770 11
91780 8
91790 5
91800 7
91810 10
91820 2
91830 2
91840 8
91850 3
91860 14
91870 12
91880 6
91890 8
91900 5
91910 12
91920 5
91930 8
91940 8
91950 19
91960 13
91970 7
91980 11
91990 6
92000 21
92010 20
92020 20
92030 13
92040 6
92050 5
92060 2
92070 4
92080 8
92090 5
92100 6
92110 3
92120 6
92130 3
92140 9
92150 9
92160 15
92170 2
92180 5
92190 8
92200 5
92210 5
92220 6
92230 4
92240 8
92250 7
92260 14
92270 16
92280 16
92290 9
92300 8
92310 8
92320 11
92330 9
92340 7
92350 7
92360 7
92370 17
92380 11
92390 9
92400 5
92410 8
92420 4
92430 7
92440 19
92450 11
92460 6
92470 2
92480 2
92490 3
92500 10
92510 5
92520 4
92530 6
92540 8
92550 7
92560 14
92570 17
92580 8
92590 15
92600 7
92610 21
92620 12
92630 13
92640 6
92650 7
92660 9
92670 8
92680 8
92690 12
92700 10
92710 9
92720 9
92730 9
92740 12
92750 10
92760 12
92770 7
92780 15
92790 9
92800 8
92810 13
92820 9
92830 12
92840 11
92850 7
92860 11
92870 17
92880 8
92890 9
92900 10
92910 12
92920 8
92930 10
92940 8
92950 11
92960 6
92970 9
92980 7
92990 11
93000 12
93010 8
93020 14
93030 16
93040 5
93050 18
93060 14
93070 8
93080 6
93090 17
93100 13
93110 9
93120 13
93130 21
93140 20
93150 25
93160 21
93170 19
93180 22
93190 23
93200 19
93210 12
93220 8
93230 12
93240 14
93250 11
93260 18
93270 8
93280 17
93290 11
93300 15
93310 15
93320 16
93330 12
93340 10
93350 11
93360 10
93370 8
93380 17
93390 5
93400 6
93410 7
93420 5
93430 8
93440 3
93450 10
93460 6
93470 8
93480 4
93490 7
93500 18
93510 16
93520 22
93530 15
93540 6
93550 3
93560 13
93570 8
93580 17
93590 18
93600 8
93610 9
93620 10
93630 11
93640 13
93650 5
93660 12
93670 7
93680 17
93690 21
93700 10
93710 8
93720 9
93730 4
93740 5
93750 12
93760 9
93770 19
93780 13
93790 12
93800 14
93810 4
93820 11
93830 7
93840 7
93850 13
93860 6
93870 13
93880 6
93890 5
93900 8
93910 10
93920 8
93930 3
93940 10
93950 12
93960 7
93970 10
93980 12
93990 14
94000 8
94010 7
94020 11
94030 10
94040 7
94050 7
94060 8
94070 7
94080 10
94090 11
94100 12
94110 8
94120 3
94130 4
94140 6
94150 11
94160 12
94170 13
94180 9
94190 11
94200 10
94210 7
94220 2
94230 10
94240 10
94250 7
94260 9
94270 11
94280 7
94290 14
94300 5
94310 11
94320 6
94330 5
94340 12
94350 10
94360 10
94370 8
94380 7
94390 6
94400 11
94410 7
94420 14
94430 15
94440 12
94450 6
94460 11
94470 8
94480 11
94490 9
94500 8
94510 3
94520 11
94530 12
94540 7
94550 8
94560 6
94570 9
94580 9
94590 4
94600 7
94610 2
94620 7
94630 6
94640 11
94650 5
94660 9
94670 6
94680 14
94690 9
94700 6
94710 3
94720 2
94730 1
94740 4
94750 5
94760 6
94770 7
94780 2
94790 9
94800 7
94810 12
94820 10
94830 5
94840 11
94850 7
94860 4
94870 7
94880 1
94890 10
94900 6
94910 8
94920 2
94930 5
94940 0
94950 1
94960 0
94970 4
94980 0
94990 1
95000 0
95010 0
95020 1
95030 1
95040 2
95050 0
95060 0
95070 0
95080 0
95090 0
95100 0
95110 0
95120 0
95130 0
95140 0
95150 0
95160 0
95170 0
95180 0
95190 0
95200 0
95210 0
95220 0
95230 0
95240 0
95250 0
95260 0
95270 0
95280 0
95290 0
95300 0
95310 0
95320 0
95330 0
95340 0
95350 0
95360 0
95370 0
95380 0
95390 0
95400 0
95410 0
95420 0
95430 0
95440 0
95450 0
95460 0
95470 0
95480 0
95490 0
95500 0
95510 0
95520 0
95530 0
95540 0
95550 0
95560 0
95570 0
95580 0
95590 0
95600 0
95610 0
95620 0
95630 0
95640 0
95650 0
95660 0
95670 0
95680 0
95690 0
95700 0
95710 0
95720 0
95730 0
95740 0
95750 0
95760 0
95770 0
95780 0
95790 0
95800 0
95810 0
95820 0
95830 0
95840 0
95850 0
95860 0
95870 0
95880 0
95890 0
95900 0
95910 0
95920 0
95930 0
95940 0
95950 0
95960 0
95970 0
95980 0
95990 0
96000 0
96010 0
96020 0
96030 0
96040 0
96050 0
96060 0
96070 0
96080 0
96090 0
96100 0
96110 0
96120 0
96130 0
96140 0
96150 0
96160 0
96170 0
96180 0
96190 0
96200 0
96210 0
96220 0
96230 0
96240 0
96250 0
96260 0
96270 0
96280 0
96290 0
96300 0
96310 0
96320 0
96330 0
96340 0
96350 0
96360 0
96370 0
96380 0
96390 0
96400 0
96410 0
96420 0
96430 0
96440 0
96450 0
96460 0
96470 0
96480 1
96490 0
96500 0
96510 0
96520 0
96530 0
96540 0
96550 0
96560 0
96570 0
96580 0
96590 0
96600 0
96610 0
96620 0
96630 0
96640 0
96650 0
96660 0
96670 0
96680 0
96690 0
96700 0
96710 0
96720 2
96730 4
96740 6
96750 1
96760 3
96770 1
96780 3
96790 1
96800 1
96810 1
96820 1
96830 1
96840 1
96850 1
96860 1
96870 3
96880 5
96890 2
96900 2
96910 5
96920 0
96930 3
96940 5
96950 1
96960 0
96970 2
96980 4
96990 3
97000 8
97010 3
97020 2
97030 2
97040 2
97050 4
97060 3
97070 5
97080 3
97090 3
97100 3
97110 1
97120 1
97130 1
97140 0
97150 2
97160 2
97170 2
97180 6
97190 3
97200 5
97210 4
97220 2
97230 6
97240 3
97250 8
97260 2
97270 5
97280 3
97290 4
97300 6
97310 7
97320 3
97330 3
97340 5
97350 5
97360 1
97370 4
97380 3
97390 10
97400 9
97410 3
97420 3
97430 3
97440 7
97450 7
97460 8
97470 4
97480 4
97490 8
97500 4
97510 5
97520 6
97530 9
97540 11
97550 9
97560 6
97570 6
97580 3
97590 2
97600 6
97610 2
97620 2
97630 5
97640 4
97650 5
97660 2
97670 2
97680 0
97690 1
97700 1
97710 1
97720 1
97730 0
97740 0
97750 0
97760 1
97770 1
97780 0
97790 0
97800 0
97810 0
97820 0
97830 0
97840 0
97850 0
97860 0
97870 2
97880 2
97890 0
97900 0
97910 3
97920 0
97930 1
97940 0
97950 1
97960 1
97970 0
97980 0
97990 2
98000 0
98010 0
98020 0
98030 0
98040 0
98050 0
98060 1
98070 1
98080 1
98090 3
98100 2
98110 2
98120 1
98130 2
98140 2
98150 2
98160 1
98170 1
98180 0
98190 2
98200 2
98210 0
98220 0
98230 0
98240 3
98250 1
98260 0
98270 0
98280 0
98290 0
98300 3
98310 0
98320 0
98330 2
98340 2
98350 1
98360 1
98370 3
98380 4
98390 1
98400 2
98410 1
98420 6
98430 2
98440 4
98450 2
98460 1
98470 2
98480 1
98490 3
98500 1
98510 2
98520 1
98530 2
98540 0
98550 0
98560 1
98570 5
98580 2
98590 0
98600 0
98610 0
98620 0
98630 0
98640 1
98650 0
98660 1
98670 0
98680 1
98690 0
98700 1
98710 0
98720 1
98730 1
98740 0
98750 0
98760 0
98770 0
98780 0
98790 1
98800 0
98810 0
98820 0
98830 0
98840 0
98850 2
98860 1
98870 0
98880 4
98890 1
98900 1
98910 1
98920 1
98930 0
98940 0
98950 2
98960 1
98970 1
98980 3
98990 2
99000 4
99010 4
99020 0
99030 0
99040 0
99050 1
99060 0
99070 0
99080 0
99090 0
99100 0
99110 0
99120 1
99130 1
99140 0
99150 2
99160 2
99170 2
99180 1
99190 1
99200 2
99210 1
99220 2
99230 1
99240 1
99250 1
99260 2
99270 4
99280 2
99290 1
99300 3
99310 0
99320 1
99330 3
99340 4
99350 1
99360 3
99370 2
99380 1
99390 1
99400 0
99410 0
99420 0
99430 0
99440 0
99450 0
99460 0
99470 0
99480 0
99490 0
99500 0
99510 0
99520 0
99530 0
99540 0
99550 0
99560 0
99570 0
99580 0
99590 0
99600 0
99610 1
99620 1
99630 0
99640 0
99650 0
99660 1
99670 1
99680 1
99690 2
99700 1
99710 0
99720 0
99730 0
99740 0
99750 1
99760 1
99770 0
99780 1
99790 0
99800 1
99810 3
99820 1
99830 1
99840 0
99850 0
99860 0
99870 0
99880 1
99890 1
99900 0
99910 0
99920 0
99930 0
99940 0
99950 1
99960 0
99970 1
99980 1
99990 0
