# Frame Contacts
30000 1
30010 9
30020 2
30030 2
30040 6
30050 4
30060 2
30070 10
30080 7
30090 6
30100 11
30110 6
30120 6
30130 7
30140 10
30150 5
30160 2
30170 4
30180 7
30190 6
30200 6
30210 7
30220 9
30230 8
30240 5
30250 8
30260 6
30270 9
30280 5
30290 5
30300 4
30310 10
30320 15
30330 13
30340 10
30350 12
30360 6
30370 5
30380 1
30390 8
30400 8
30410 12
30420 16
30430 8
30440 4
30450 4
30460 0
30470 0
30480 7
30490 6
30500 0
30510 0
30520 0
30530 1
30540 12
30550 8
30560 6
30570 0
30580 7
30590 3
30600 4
30610 3
30620 1
30630 1
30640 7
30650 2
30660 0
30670 0
30680 0
30690 0
30700 0
30710 6
30720 6
30730 11
30740 2
30750 0
30760 7
30770 10
30780 2
30790 11
30800 0
30810 3
30820 11
30830 8
30840 18
30850 16
30860 2
30870 3
30880 9
30890 5
30900 11
30910 3
30920 6
30930 7
30940 11
30950 1
30960 2
30970 5
30980 2
30990 1
31000 6
31010 0
31020 0
31030 0
31040 0
31050 0
31060 0
31070 0
31080 0
31090 0
31100 0
31110 0
31120 0
31130 2
31140 0
31150 4
31160 6
31170 0
31180 5
31190 8
31200 10
31210 7
31220 5
31230 6
31240 7
31250 0
31260 8
31270 8
31280 5
31290 9
31300 7
31310 6
31320 0
31330 5
31340 2
31350 0
31360 0
31370 5
31380 0
31390 11
31400 0
31410 0
31420 0
31430 4
31440 0
31450 0
31460 0
31470 0
31480 5
31490 4
31500 3
31510 5
31520 0
31530 1
31540 4
31550 0
31560 0
31570 3
31580 0
31590 0
31600 7
31610 0
31620 6
31630 0
31640 5
31650 4
31660 5
31670 4
31680 0
31690 9
31700 1
31710 0
31720 0
31730 0
31740 0
31750 0
31760 7
31770 5
31780 8
31790 0
31800 6
31810 0
31820 6
31830 7
31840 7
31850 0
31860 0
31870 0
31880 0
31890 0
31900 0
31910 0
31920 0
31930 0
31940 0
31950 5
31960 4
31970 6
31980 0
31990 0
32000 0
32010 0
32020 0
32030 0
32040 7
32050 0
32060 0
32070 0
32080 0
32090 0
32100 0
32110 0
32120 6
32130 0
32140 0
32150 0
32160 0
32170 7
32180 0
32190 0
32200 0
32210 0
32220 0
32230 9
32240 4
32250 0
32260 4
32270 6
32280 0
32290 0
32300 0
32310 5
32320 4
32330 4
32340 5
32350 0
32360 0
32370 0
32380 0
32390 2
32400 4
32410 7
32420 0
32430 0
32440 0
32450 0
32460 0
32470 0
32480 0
32490 0
32500 0
32510 0
32520 0
32530 0
32540 0
32550 0
32560 0
32570 0
32580 0
32590 0
32600 0
32610 0
32620 0
32630 0
32640 0
32650 0
32660 0
32670 0
32680 0
32690 0
32700 0
32710 0
32720 0
32730 3
32740 5
32750 2
32760 0
32770 0
32780 0
32790 0
32800 0
32810 0
32820 7
32830 2
32840 5
32850 4
32860 4
32870 1
32880 1
32890 2
32900 4
32910 2
32920 5
32930 9
32940 5
32950 6
32960 11
32970 5
32980 8
32990 9
33000 7
33010 8
33020 5
33030 4
33040 3
33050 0
33060 4
33070 5
33080 10
33090 8
33100 11
33110 14
33120 9
33130 10
33140 0
33150 14
33160 10
33170 12
33180 7
33190 8
33200 7
33210 9
33220 10
33230 8
33240 3
33250 3
33260 9
33270 14
33280 10
33290 6
33300 7
33310 10
33320 4
33330 3
33340 8
33350 11
33360 9
33370 13
33380 8
33390 8
33400 8
33410 14
33420 6
33430 8
33440 8
33450 12
33460 5
33470 0
33480 0
33490 0
33500 0
33510 0
33520 4
33530 0
33540 0
33550 6
33560 5
33570 5
33580 8
33590 4
33600 7
33610 5
33620 0
33630 0
33640 6
33650 2
33660 5
33670 5
33680 7
33690 4
33700 0
33710 0
33720 0
33730 0
33740 0
33750 0
33760 3
33770 0
33780 7
33790 2
33800 0
33810 0
33820 3
33830 3
33840 7
33850 6
33860 0
33870 6
33880 0
33890 0
33900 0
33910 0
33920 0
33930 0
33940 0
33950 0
33960 0
33970 0
33980 0
33990 0
34000 0
34010 0
34020 0
34030 0
34040 0
34050 1
34060 0
34070 0
34080 3
34090 0
34100 9
34110 0
34120 6
34130 0
34140 0
34150 0
34160 0
34170 0
34180 0
34190 0
34200 0
34210 1
34220 5
34230 1
34240 0
34250 0
34260 0
34270 0
34280 0
34290 0
34300 0
34310 0
34320 0
34330 0
34340 0
34350 0
34360 0
34370 0
34380 0
34390 7
34400 4
34410 0
34420 0
34430 0
34440 0
34450 0
34460 0
34470 0
34480 0
34490 0
34500 6
34510 6
34520 0
34530 0
34540 0
34550 0
34560 0
34570 0
34580 0
34590 0
34600 0
34610 0
34620 0
34630 0
34640 0
34650 0
34660 0
34670 0
34680 0
34690 1
34700 0
34710 0
34720 0
34730 0
34740 0
34750 0
34760 0
34770 0
34780 0
34790 0
34800 0
34810 0
34820 0
34830 0
34840 0
34850 0
34860 0
34870 1
34880 0
34890 0
34900 0
34910 0
34920 0
34930 0
34940 3
34950 0
34960 0
34970 8
34980 1
34990 5
35000 6
35010 0
35020 0
35030 7
35040 4
35050 6
35060 8
35070 2
35080 11
35090 10
35100 11
35110 5
35120 8
35130 11
35140 18
35150 7
35160 7
35170 6
35180 3
35190 11
35200 4
35210 7
35220 3
35230 7
35240 5
35250 5
35260 10
35270 11
35280 6
35290 6
35300 7
35310 8
35320 8
35330 12
35340 10
35350 9
35360 6
35370 1
35380 7
35390 9
35400 5
35410 8
35420 3
35430 10
35440 14
35450 18
35460 12
35470 8
35480 10
35490 8
35500 13
35510 12
35520 12
35530 9
35540 4
35550 5
35560 5
35570 9
35580 5
35590 7
35600 10
35610 10
35620 12
35630 10
35640 0
35650 11
35660 10
35670 12
35680 11
35690 7
35700 4
35710 5
35720 8
35730 12
35740 9
35750 4
35760 13
35770 10
35780 5
35790 4
35800 12
35810 7
35820 7
35830 5
35840 7
35850 1
35860 8
35870 5
35880 1
35890 4
35900 6
35910 0
35920 6
35930 8
35940 1
35950 0
35960 6
35970 1
35980 0
35990 12
36000 10
36010 6
36020 11
36030 13
36040 6
36050 9
36060 3
36070 3
36080 3
36090 3
36100 0
36110 0
36120 1
36130 0
36140 0
36150 0
36160 0
36170 0
36180 0
36190 0
36200 0
36210 0
36220 0
36230 0
36240 0
36250 0
36260 0
36270 0
36280 0
36290 0
36300 0
36310 0
36320 0
36330 0
36340 0
36350 0
36360 0
36370 0
36380 0
36390 0
36400 0
36410 0
36420 0
36430 0
36440 0
36450 0
36460 0
36470 0
36480 0
36490 0
36500 0
36510 0
36520 0
36530 0
36540 0
36550 0
36560 0
36570 0
36580 0
36590 0
36600 0
36610 0
36620 0
36630 0
36640 1
36650 0
36660 0
36670 1
36680 0
36690 1
36700 0
36710 0
36720 0
36730 0
36740 0
36750 0
36760 0
36770 0
36780 0
36790 0
36800 0
36810 1
36820 1
36830 0
36840 0
36850 0
36860 0
36870 1
36880 0
36890 0
36900 1
36910 0
36920 0
36930 1
36940 0
36950 0
36960 0
36970 0
36980 0
36990 0
37000 0
37010 0
37020 0
37030 0
37040 0
37050 0
37060 0
37070 0
37080 0
37090 0
37100 0
37110 0
37120 0
37130 0
37140 0
37150 0
37160 0
37170 0
37180 0
37190 0
37200 0
37210 0
37220 0
37230 0
37240 0
37250 0
37260 0
37270 0
37280 0
37290 0
37300 0
37310 0
37320 0
37330 0
37340 0
37350 0
37360 0
37370 0
37380 0
37390 0
37400 0
37410 0
37420 1
37430 0
37440 0
37450 0
37460 0
37470 0
37480 0
37490 0
37500 0
37510 0
37520 0
37530 0
37540 0
37550 0
37560 0
37570 0
37580 0
37590 0
37600 0
37610 0
37620 0
37630 0
37640 0
37650 0
37660 0
37670 0
37680 0
37690 0
37700 0
37710 0
37720 0
37730 0
37740 0
37750 0
37760 0
37770 0
37780 0
37790 0
37800 0
37810 0
37820 0
37830 0
37840 0
37850 0
37860 0
37870 0
37880 0
37890 0
37900 0
37910 0
37920 0
37930 0
37940 0
37950 0
37960 0
37970 0
37980 0
37990 0
38000 0
38010 0
38020 0
38030 0
38040 0
38050 0
38060 0
38070 0
38080 0
38090 0
38100 0
38110 0
38120 0
38130 0
38140 0
38150 0
38160 0
38170 0
38180 0
38190 0
38200 0
38210 0
38220 0
38230 0
38240 0
38250 0
38260 0
38270 0
38280 0
38290 0
38300 0
38310 0
38320 0
38330 0
38340 0
38350 0
38360 0
38370 0
38380 0
38390 0
38400 0
38410 0
38420 0
38430 0
38440 0
38450 0
38460 0
38470 0
38480 0
38490 0
38500 0
38510 0
38520 0
38530 0
38540 0
38550 0
38560 0
38570 0
38580 0
38590 0
38600 0
38610 0
38620 0
38630 0
38640 0
38650 0
38660 0
38670 0
38680 0
38690 0
38700 0
38710 0
38720 0
38730 0
38740 0
38750 0
38760 0
38770 0
38780 0
38790 0
38800 0
38810 0
38820 0
38830 0
38840 0
38850 0
38860 0
38870 0
38880 0
38890 0
38900 0
38910 0
38920 0
38930 0
38940 0
38950 0
38960 0
38970 0
38980 0
38990 0
39000 0
39010 0
39020 0
39030 0
39040 0
39050 0
39060 0
39070 0
39080 0
39090 0
39100 1
39110 0
39120 0
39130 0
39140 0
39150 0
39160 0
39170 0
39180 3
39190 0
39200 0
39210 0
39220 0
39230 0
39240 0
39250 0
39260 0
39270 0
39280 0
39290 0
39300 0
39310 0
39320 0
39330 0
39340 0
39350 0
39360 0
39370 0
39380 0
39390 1
39400 0
39410 0
39420 0
39430 0
39440 0
39450 0
39460 0
39470 0
39480 0
39490 0
39500 0
39510 0
39520 0
39530 4
39540 1
39550 2
39560 2
39570 1
39580 0
39590 0
39600 0
39610 0
39620 0
39630 3
39640 2
39650 1
39660 0
39670 2
39680 2
39690 2
39700 1
39710 1
39720 0
39730 1
39740 2
39750 2
39760 3
39770 1
39780 2
39790 3
39800 2
39810 2
39820 3
39830 1
39840 0
39850 2
39860 2
39870 1
39880 2
39890 1
39900 2
39910 2
39920 2
39930 2
39940 2
39950 1
39960 4
39970 4
39980 3
39990 4
40000 4
40010 4
40020 2
40030 3
40040 6
40050 4
40060 2
40070 3
40080 2
40090 3
40100 1
40110 0
40120 0
40130 0
40140 1
40150 2
40160 4
40170 4
40180 3
40190 2
40200 2
40210 0
40220 5
40230 2
40240 0
40250 1
40260 0
40270 1
40280 1
40290 5
40300 3
40310 1
40320 8
40330 9
40340 6
40350 2
40360 3
40370 7
40380 5
40390 8
40400 2
40410 11
40420 5
40430 7
40440 10
40450 3
40460 0
40470 12
40480 3
40490 4
40500 0
40510 0
40520 4
40530 2
40540 6
40550 1
40560 9
40570 8
40580 6
40590 5
40600 6
40610 10
40620 8
40630 6
40640 0
40650 0
40660 5
40670 0
40680 0
40690 0
40700 0
40710 0
40720 0
40730 0
40740 0
40750 2
40760 3
40770 0
40780 0
40790 0
40800 0
40810 0
40820 0
40830 1
40840 2
40850 5
40860 5
40870 1
40880 3
40890 5
40900 6
40910 7
40920 5
40930 6
40940 1
40950 1
40960 0
40970 0
40980 0
40990 5
41000 9
41010 3
41020 2
41030 4
41040 1
41050 7
41060 10
41070 1
41080 5
41090 5
41100 4
41110 0
41120 11
41130 6
41140 6
41150 1
41160 8
41170 5
41180 6
41190 11
41200 3
41210 1
41220 7
41230 4
41240 5
41250 4
41260 4
41270 4
41280 0
41290 0
41300 1
41310 6
41320 7
41330 0
41340 7
41350 0
41360 0
41370 0
41380 3
41390 0
41400 0
41410 0
41420 0
41430 0
41440 0
41450 4
41460 6
41470 0
41480 0
41490 2
41500 2
41510 0
41520 0
41530 0
41540 0
41550 0
41560 0
41570 0
41580 1
41590 0
41600 0
41610 0
41620 0
41630 0
41640 0
41650 0
41660 0
41670 0
41680 0
41690 0
41700 0
41710 0
41720 0
41730 0
41740 2
41750 4
41760 6
41770 1
41780 0
41790 6
41800 2
41810 12
41820 7
41830 9
41840 6
41850 5
41860 7
41870 9
41880 7
41890 8
41900 6
41910 8
41920 10
41930 7
41940 10
41950 8
41960 11
41970 11
41980 6
41990 6
42000 0
42010 0
42020 6
42030 2
42040 5
42050 2
42060 1
42070 6
42080 1
42090 0
42100 4
42110 1
42120 1
42130 7
42140 8
42150 8
42160 6
42170 7
42180 8
42190 4
42200 5
42210 4
42220 7
42230 6
42240 6
42250 5
42260 1
42270 3
42280 5
42290 3
42300 0
42310 2
42320 0
42330 0
42340 0
42350 5
42360 1
42370 3
42380 7
42390 5
42400 2
42410 4
42420 5
42430 6
42440 8
42450 4
42460 7
42470 8
42480 2
42490 7
42500 10
42510 5
42520 9
42530 8
42540 10
42550 9
42560 10
42570 9
42580 10
42590 0
42600 5
42610 4
42620 6
42630 2
42640 0
42650 0
42660 3
42670 4
42680 9
42690 2
42700 0
42710 13
42720 7
42730 7
42740 7
42750 5
42760 15
42770 6
42780 11
42790 13
42800 9
42810 9
42820 6
42830 7
42840 2
42850 8
42860 12
42870 9
42880 9
42890 9
42900 12
42910 7
42920 7
42930 0
42940 0
42950 2
42960 2
42970 4
42980 5
42990 2
43000 5
43010 17
43020 4
43030 10
43040 11
43050 8
43060 11
43070 14
43080 1
43090 8
43100 1
43110 2
43120 4
43130 1
43140 14
43150 4
43160 6
43170 2
43180 9
43190 0
43200 0
43210 4
43220 9
43230 1
43240 7
43250 1
43260 0
43270 0
43280 4
43290 6
43300 6
43310 8
43320 6
43330 10
43340 4
43350 8
43360 9
43370 8
43380 2
43390 13
43400 3
43410 8
43420 14
43430 10
43440 8
43450 18
43460 6
43470 6
43480 9
43490 7
43500 11
43510 6
43520 9
43530 4
43540 7
43550 6
43560 9
43570 6
43580 4
43590 3
43600 8
43610 7
43620 14
43630 7
43640 10
43650 9
43660 10
43670 6
43680 2
43690 5
43700 8
43710 4
43720 7
43730 7
43740 9
43750 11
43760 11
43770 15
43780 1
43790 5
43800 5
43810 5
43820 7
43830 5
43840 7
43850 9
43860 7
43870 9
43880 3
43890 13
43900 3
43910 11
43920 12
43930 10
43940 6
43950 9
43960 9
43970 7
43980 5
43990 11
44000 7
44010 9
44020 6
44030 5
44040 5
44050 2
44060 0
44070 0
44080 2
44090 9
44100 2
44110 6
44120 8
44130 10
44140 8
44150 1
44160 1
44170 8
44180 1
44190 0
44200 4
44210 1
44220 1
44230 11
44240 5
44250 10
44260 7
44270 3
44280 6
44290 12
44300 12
44310 14
44320 8
44330 7
44340 8
44350 4
44360 10
44370 6
44380 7
44390 3
44400 7
44410 12
44420 6
44430 6
44440 6
44450 1
44460 6
44470 17
44480 7
44490 12
44500 17
44510 0
44520 1
44530 10
44540 4
44550 1
44560 9
44570 6
44580 5
44590 2
44600 0
44610 0
44620 3
44630 0
44640 0
44650 0
44660 3
44670 7
44680 0
44690 0
44700 4
44710 5
44720 9
44730 0
44740 1
44750 0
44760 4
44770 7
44780 7
44790 5
44800 1
44810 4
44820 0
44830 3
44840 10
44850 3
44860 1
44870 5
44880 7
44890 6
44900 5
44910 12
44920 8
44930 3
44940 6
44950 1
44960 5
44970 4
44980 6
44990 6
45000 3
45010 8
45020 0
45030 1
45040 13
45050 0
45060 12
45070 3
45080 6
45090 6
45100 9
45110 2
45120 4
45130 5
45140 2
45150 0
45160 4
45170 10
45180 1
45190 0
45200 10
45210 10
45220 0
45230 6
45240 4
45250 5
45260 5
45270 9
45280 7
45290 8
45300 10
45310 9
45320 8
45330 7
45340 6
45350 11
45360 4
45370 10
45380 3
45390 5
45400 6
45410 6
45420 4
45430 7
45440 10
45450 8
45460 7
45470 9
45480 9
45490 4
45500 2
45510 3
45520 0
45530 0
45540 0
45550 0
45560 3
45570 0
45580 0
45590 0
45600 9
45610 6
45620 7
45630 3
45640 1
45650 9
45660 7
45670 2
45680 0
45690 6
45700 2
45710 5
45720 6
45730 5
45740 2
45750 2
45760 1
45770 1
45780 5
45790 0
45800 2
45810 2
45820 2
45830 13
45840 10
45850 8
45860 5
45870 8
45880 8
45890 7
45900 9
45910 6
45920 2
45930 0
45940 3
45950 3
45960 0
45970 1
45980 0
45990 15
46000 9
46010 1
46020 6
46030 8
46040 6
46050 2
46060 3
46070 0
46080 3
46090 1
46100 8
46110 10
46120 7
46130 8
46140 8
46150 9
46160 4
46170 6
46180 2
46190 8
46200 2
46210 6
46220 8
46230 0
46240 5
46250 2
46260 4
46270 4
46280 2
46290 3
46300 3
46310 9
46320 5
46330 11
46340 6
46350 3
46360 3
46370 8
46380 3
46390 1
46400 13
46410 3
46420 4
46430 3
46440 2
46450 9
46460 7
46470 0
46480 20
46490 0
46500 3
46510 0
46520 0
46530 3
46540 3
46550 0
46560 3
46570 1
46580 4
46590 12
46600 2
46610 3
46620 11
46630 0
46640 3
46650 1
46660 0
46670 5
46680 7
46690 1
46700 10
46710 5
46720 3
46730 0
46740 2
46750 2
46760 6
46770 2
46780 2
46790 2
46800 2
46810 6
46820 5
46830 3
46840 8
46850 5
46860 8
46870 3
46880 7
46890 1
46900 12
46910 4
46920 1
46930 10
46940 3
46950 7
46960 12
46970 14
46980 15
46990 5
47000 7
47010 9
47020 8
47030 11
47040 13
47050 11
47060 0
47070 11
47080 0
47090 0
47100 0
47110 5
47120 3
47130 6
47140 3
47150 7
47160 0
47170 2
47180 9
47190 8
47200 3
47210 4
47220 0
47230 7
47240 10
47250 11
47260 6
47270 7
47280 5
47290 6
47300 6
47310 0
47320 3
47330 8
47340 2
47350 10
47360 10
47370 7
47380 9
47390 5
47400 8
47410 8
47420 12
47430 7
47440 5
47450 6
47460 10
47470 15
47480 14
47490 0
47500 2
47510 4
47520 4
47530 3
47540 1
47550 4
47560 0
47570 0
47580 5
47590 2
47600 3
47610 10
47620 0
47630 5
47640 7
47650 8
47660 4
47670 3
47680 10
47690 9
47700 3
47710 15
47720 3
47730 8
47740 8
47750 3
47760 19
47770 6
47780 3
47790 8
47800 8
47810 4
47820 5
47830 13
47840 3
47850 13
47860 8
47870 0
47880 3
47890 5
47900 5
47910 6
47920 5
47930 20
47940 8
47950 8
47960 7
47970 9
47980 10
47990 0
48000 3
48010 6
48020 10
48030 8
48040 11
48050 2
48060 8
48070 5
48080 0
48090 8
48100 8
48110 3
48120 7
48130 6
48140 4
48150 4
48160 4
48170 4
48180 3
48190 9
48200 6
48210 8
48220 12
48230 5
48240 10
48250 9
48260 4
48270 7
48280 10
48290 9
48300 12
48310 8
48320 7
48330 2
48340 3
48350 2
48360 10
48370 4
48380 7
48390 8
48400 8
48410 3
48420 6
48430 10
48440 13
48450 6
48460 8
48470 9
48480 3
48490 5
48500 4
48510 3
48520 3
48530 7
48540 6
48550 11
48560 7
48570 6
48580 14
48590 4
48600 8
48610 10
48620 6
48630 10
48640 14
48650 8
48660 14
48670 10
48680 13
48690 7
48700 11
48710 9
48720 4
48730 8
48740 13
48750 4
48760 8
48770 12
48780 6
48790 2
48800 8
48810 8
48820 7
48830 11
48840 4
48850 5
48860 2
48870 4
48880 3
48890 8
48900 8
48910 14
48920 4
48930 5
48940 4
48950 6
48960 0
48970 3
48980 7
48990 4
49000 6
49010 3
49020 6
49030 2
49040 2
49050 5
49060 1
49070 10
49080 4
49090 4
49100 3
49110 11
49120 1
49130 0
49140 6
49150 8
49160 8
49170 9
49180 2
49190 15
49200 7
49210 6
49220 4
49230 3
49240 5
49250 6
49260 4
49270 3
49280 7
49290 4
49300 5
49310 2
49320 10
49330 1
49340 6
49350 2
49360 6
49370 2
49380 4
49390 1
49400 7
49410 12
49420 2
49430 4
49440 4
49450 3
49460 3
49470 6
49480 7
49490 6
49500 4
49510 2
49520 5
49530 14
49540 7
49550 7
49560 7
49570 7
49580 8
49590 2
49600 5
49610 9
49620 3
49630 7
49640 2
49650 3
49660 6
49670 12
49680 1
49690 1
49700 2
49710 4
49720 0
49730 3
49740 2
49750 1
49760 5
49770 1
49780 2
49790 5
49800 11
49810 9
49820 4
49830 2
49840 8
49850 5
49860 6
49870 7
49880 13
49890 2
49900 4
49910 3
49920 4
49930 3
49940 3
49950 9
49960 8
49970 10
49980 3
49990 3
50000 4
50010 4
50020 6
50030 6
50040 8
50050 8
50060 5
50070 6
50080 8
50090 4
50100 7
50110 7
50120 6
50130 5
50140 4
50150 7
50160 6
50170 13
50180 5
50190 10
50200 7
50210 9
50220 11
50230 11
50240 10
50250 8
50260 3
50270 5
50280 4
50290 6
50300 11
50310 7
50320 6
50330 6
50340 7
50350 7
50360 4
50370 10
50380 4
50390 4
50400 7
50410 9
50420 0
50430 0
50440 0
50450 0
50460 0
50470 0
50480 3
50490 7
50500 0
50510 1
50520 3
50530 0
50540 0
50550 2
50560 4
50570 0
50580 4
50590 0
50600 2
50610 12
50620 2
50630 4
50640 10
50650 2
50660 12
50670 0
50680 7
50690 2
50700 11
50710 12
50720 4
50730 3
50740 5
50750 3
50760 6
50770 2
50780 14
50790 6
50800 6
50810 10
50820 9
50830 6
50840 17
50850 7
50860 8
50870 8
50880 8
50890 10
50900 5
50910 10
50920 8
50930 8
50940 6
50950 15
50960 7
50970 2
50980 6
50990 6
51000 8
51010 9
51020 4
51030 6
51040 4
51050 9
51060 7
51070 4
51080 9
51090 6
51100 5
51110 14
51120 1
51130 8
51140 8
51150 14
51160 3
51170 18
51180 3
51190 3
51200 5
51210 8
51220 5
51230 12
51240 5
51250 9
51260 9
51270 6
51280 10
51290 4
51300 4
51310 8
51320 7
51330 3
51340 5
51350 6
51360 10
51370 6
51380 4
51390 2
51400 7
51410 2
51420 6
51430 5
51440 7
51450 3
51460 11
51470 4
51480 5
51490 8
51500 0
51510 2
51520 2
51530 5
51540 2
51550 8
51560 11
51570 2
51580 3
51590 0
51600 1
51610 6
51620 11
51630 4
51640 7
51650 8
51660 9
51670 10
51680 6
51690 8
51700 6
51710 7
51720 8
51730 6
51740 14
51750 5
51760 0
51770 0
51780 1
51790 2
51800 5
51810 3
51820 4
51830 4
51840 5
51850 3
51860 4
51870 2
51880 0
51890 0
51900 0
51910 0
51920 2
51930 0
51940 2
51950 7
51960 0
51970 0
51980 0
51990 0
52000 0
52010 0
52020 2
52030 0
52040 0
52050 0
52060 0
52070 0
52080 0
52090 1
52100 0
52110 0
52120 0
52130 0
52140 0
52150 0
52160 0
52170 0
52180 0
52190 0
52200 0
52210 0
52220 0
52230 0
52240 0
52250 0
52260 1
52270 0
52280 0
52290 0
52300 0
52310 0
52320 0
52330 0
52340 0
52350 0
52360 1
52370 0
52380 2
52390 0
52400 0
52410 1
52420 0
52430 1
52440 4
52450 7
52460 6
52470 7
52480 6
52490 2
52500 4
52510 6
52520 9
52530 4
52540 3
52550 0
52560 9
52570 6
52580 0
52590 1
52600 1
52610 1
52620 2
52630 3
52640 5
52650 10
52660 5
52670 10
52680 3
52690 2
52700 11
52710 2
52720 0
52730 11
52740 6
52750 8
52760 8
52770 3
52780 1
52790 9
52800 6
52810 6
52820 3
52830 3
52840 0
52850 4
52860 2
52870 9
52880 10
52890 2
52900 3
52910 5
52920 3
52930 5
52940 0
52950 5
52960 6
52970 0
52980 2
52990 3
53000 6
53010 1
53020 2
53030 1
53040 4
53050 0
53060 2
53070 8
53080 2
53090 11
53100 12
53110 1
53120 6
53130 4
53140 2
53150 5
53160 0
53170 10
53180 0
53190 1
53200 0
53210 2
53220 6
53230 0
53240 2
53250 7
53260 8
53270 3
53280 5
53290 9
53300 3
53310 8
53320 12
53330 8
53340 4
53350 5
53360 7
53370 11
53380 2
53390 13
53400 11
53410 6
53420 8
53430 7
53440 8
53450 2
53460 3
53470 10
53480 9
53490 11
53500 8
53510 8
53520 3
53530 3
53540 2
53550 11
53560 3
53570 9
53580 6
53590 4
53600 7
53610 9
53620 6
53630 9
53640 2
53650 4
53660 0
53670 4
53680 2
53690 2
53700 8
53710 0
53720 2
53730 0
53740 0
53750 6
53760 3
53770 9
53780 3
53790 4
53800 4
53810 7
53820 1
53830 8
53840 6
53850 6
53860 6
53870 10
53880 4
53890 4
53900 5
53910 2
53920 8
53930 4
53940 4
53950 4
53960 8
53970 6
53980 8
53990 10
54000 5
54010 11
54020 7
54030 7
54040 5
54050 7
54060 7
54070 4
54080 8
54090 2
54100 5
54110 4
54120 3
54130 9
54140 2
54150 11
54160 4
54170 0
54180 10
54190 10
54200 15
54210 9
54220 8
54230 6
54240 4
54250 6
54260 7
54270 5
54280 5
54290 4
54300 8
54310 8
54320 11
54330 3
54340 0
54350 0
54360 4
54370 16
54380 4
54390 8
54400 2
54410 4
54420 8
54430 10
54440 6
54450 10
54460 9
54470 2
54480 2
54490 2
54500 0
54510 8
54520 1
54530 0
54540 2
54550 7
54560 0
54570 0
54580 3
54590 1
54600 3
54610 0
54620 2
54630 4
54640 8
54650 3
54660 4
54670 2
54680 7
54690 11
54700 9
54710 6
54720 3
54730 6
54740 7
54750 0
54760 3
54770 4
54780 1
54790 0
54800 2
54810 5
54820 6
54830 10
54840 13
54850 5
54860 9
54870 7
54880 13
54890 5
54900 4
54910 9
54920 3
54930 7
54940 2
54950 10
54960 3
54970 5
54980 0
54990 7
55000 2
55010 13
55020 3
55030 5
55040 6
55050 8
55060 9
55070 5
55080 11
55090 2
55100 0
55110 6
55120 3
55130 6
55140 10
55150 6
55160 4
55170 2
55180 4
55190 8
55200 10
55210 4
55220 4
55230 8
55240 1
55250 9
55260 1
55270 1
55280 7
55290 1
55300 3
55310 4
55320 4
55330 2
55340 4
55350 9
55360 13
55370 7
55380 5
55390 7
55400 3
55410 4
55420 3
55430 0
55440 0
55450 0
55460 7
55470 9
55480 4
55490 7
55500 7
55510 5
55520 5
55530 0
55540 10
55550 7
55560 8
55570 0
55580 0
55590 3
55600 1
55610 0
55620 5
55630 0
55640 8
55650 0
55660 8
55670 9
55680 6
55690 1
55700 5
55710 4
55720 5
55730 4
55740 7
55750 0
55760 9
55770 0
55780 1
55790 2
55800 0
55810 0
55820 0
55830 0
55840 0
55850 0
55860 0
55870 0
55880 0
55890 7
55900 6
55910 9
55920 7
55930 3
55940 7
55950 0
55960 9
55970 8
55980 10
55990 5
56000 0
56010 0
56020 10
56030 7
56040 7
56050 5
56060 6
56070 7
56080 6
56090 7
56100 8
56110 9
56120 7
56130 3
56140 5
56150 8
56160 5
56170 3
56180 4
56190 10
56200 8
56210 5
56220 5
56230 4
56240 8
56250 9
56260 10
56270 6
56280 7
56290 5
56300 2
56310 4
56320 7
56330 9
56340 6
56350 4
56360 2
56370 0
56380 8
56390 10
56400 6
56410 10
56420 8
56430 1
56440 2
56450 0
56460 4
56470 1
56480 9
56490 0
56500 9
56510 3
56520 3
56530 5
56540 0
56550 10
56560 9
56570 4
56580 7
56590 5
56600 2
56610 6
56620 10
56630 5
56640 1
56650 1
56660 0
56670 1
56680 8
56690 0
56700 9
56710 2
56720 10
56730 0
56740 11
56750 8
56760 13
56770 10
56780 11
56790 10
56800 6
56810 13
56820 9
56830 3
56840 13
56850 10
56860 2
56870 10
56880 3
56890 0
56900 8
56910 1
56920 5
56930 3
56940 3
56950 2
56960 4
56970 1
56980 2
56990 11
57000 3
57010 0
57020 0
57030 0
57040 0
57050 0
57060 0
57070 0
57080 0
57090 0
57100 0
57110 0
57120 0
57130 0
57140 0
57150 0
57160 0
57170 0
57180 0
57190 0
57200 0
57210 0
57220 0
57230 0
57240 9
57250 4
57260 0
57270 0
57280 0
57290 0
57300 0
57310 0
57320 0
57330 0
57340 0
57350 2
57360 5
57370 5
57380 7
57390 2
57400 3
57410 3
57420 2
57430 3
57440 4
57450 0
57460 2
57470 3
57480 5
57490 1
57500 2
57510 3
57520 0
57530 0
57540 2
57550 4
57560 8
57570 4
57580 0
57590 0
57600 10
57610 6
57620 8
57630 5
57640 4
57650 4
57660 2
57670 6
57680 3
57690 0
57700 6
57710 0
57720 4
57730 12
57740 10
57750 10
57760 5
57770 16
57780 10
57790 5
57800 4
57810 1
57820 4
57830 2
57840 5
57850 10
57860 17
57870 6
57880 5
57890 7
57900 5
57910 0
57920 8
57930 3
57940 6
57950 6
57960 2
57970 4
57980 13
57990 7
58000 7
58010 4
58020 1
58030 0
58040 4
58050 4
58060 4
58070 2
58080 2
58090 7
58100 3
58110 5
58120 5
58130 10
58140 9
58150 3
58160 0
58170 0
58180 4
58190 3
58200 1
58210 0
58220 4
58230 0
58240 2
58250 2
58260 7
58270 5
58280 8
58290 4
58300 7
58310 5
58320 5
58330 6
58340 0
58350 0
58360 0
58370 3
58380 2
58390 1
58400 1
58410 5
58420 4
58430 1
58440 5
58450 9
58460 10
58470 4
58480 3
58490 7
58500 12
58510 8
58520 1
58530 8
58540 5
58550 5
58560 7
58570 2
58580 2
58590 0
58600 2
58610 3
58620 7
58630 1
58640 3
58650 0
58660 2
58670 2
58680 11
58690 4
58700 7
58710 2
58720 2
58730 6
58740 3
58750 4
58760 1
58770 6
58780 2
58790 6
58800 6
58810 4
58820 4
58830 6
58840 3
58850 4
58860 10
58870 7
58880 5
58890 0
58900 3
58910 2
58920 8
58930 0
58940 4
58950 7
58960 13
58970 4
58980 3
58990 4
59000 15
59010 4
59020 12
59030 10
59040 3
59050 6
59060 5
59070 6
59080 2
59090 11
59100 4
59110 6
59120 2
59130 4
59140 1
59150 5
59160 7
59170 2
59180 1
59190 0
59200 1
59210 0
59220 0
59230 0
59240 0
59250 0
59260 0
59270 0
59280 0
59290 0
59300 0
59310 0
59320 0
59330 0
59340 0
59350 0
59360 0
59370 0
59380 0
59390 0
59400 0
59410 0
59420 1
59430 0
59440 5
59450 9
59460 7
59470 11
59480 8
59490 6
59500 6
59510 7
59520 1
59530 0
59540 0
59550 2
59560 0
59570 0
59580 0
59590 3
59600 7
59610 7
59620 9
59630 14
59640 7
59650 5
59660 3
59670 5
59680 6
59690 7
59700 4
59710 3
59720 0
59730 7
59740 7
59750 9
59760 4
59770 2
59780 0
59790 10
59800 9
59810 3
59820 5
59830 7
59840 9
59850 5
59860 12
59870 7
59880 2
59890 2
59900 4
59910 5
59920 2
59930 7
59940 8
59950 6
59960 2
59970 5
59980 3
59990 4
60000 2
60010 2
60020 2
60030 5
60040 3
60050 2
60060 7
60070 4
60080 4
60090 9
60100 0
60110 10
60120 7
60130 4
60140 5
60150 6
60160 4
60170 4
60180 5
60190 8
60200 6
60210 11
60220 8
60230 4
60240 2
60250 5
60260 7
60270 11
60280 0
60290 6
60300 0
60310 7
60320 8
60330 1
60340 4
60350 4
60360 6
60370 6
60380 4
60390 0
60400 0
60410 0
60420 9
60430 0
60440 0
60450 0
60460 0
60470 0
60480 0
60490 0
60500 0
60510 0
60520 0
60530 0
60540 0
60550 0
60560 0
60570 0
60580 0
60590 0
60600 0
60610 0
60620 0
60630 0
60640 0
60650 0
60660 0
60670 0
60680 0
60690 0
60700 0
60710 0
60720 0
60730 0
60740 0
60750 0
60760 0
60770 0
60780 0
60790 0
60800 0
60810 0
60820 0
60830 0
60840 0
60850 0
60860 0
60870 0
60880 0
60890 0
60900 0
60910 0
60920 0
60930 0
60940 9
60950 6
60960 0
60970 0
60980 0
60990 0
61000 0
61010 1
61020 2
61030 0
61040 0
61050 0
61060 0
61070 0
61080 0
61090 8
61100 8
61110 0
61120 0
61130 0
61140 3
61150 0
61160 0
61170 0
61180 0
61190 0
61200 0
61210 0
61220 0
61230 0
61240 0
61250 0
61260 0
61270 0
61280 0
61290 0
61300 0
61310 0
61320 0
61330 0
61340 0
61350 0
61360 0
61370 0
61380 0
61390 0
61400 0
61410 0
61420 0
61430 0
61440 0
61450 0
61460 0
61470 0
61480 0
61490 1
61500 5
61510 0
61520 0
61530 0
61540 0
61550 0
61560 0
61570 0
61580 0
61590 0
61600 0
61610 0
61620 0
61630 0
61640 0
61650 0
61660 0
61670 0
61680 0
61690 0
61700 1
61710 0
61720 0
61730 0
61740 0
61750 0
61760 0
61770 1
61780 0
61790 0
61800 0
61810 0
61820 0
61830 0
61840 0
61850 0
61860 0
61870 0
61880 0
61890 0
61900 0
61910 0
61920 0
61930 0
61940 0
61950 0
61960 0
61970 0
61980 0
61990 3
62000 3
62010 3
62020 0
62030 2
62040 0
62050 0
62060 0
62070 0
62080 0
62090 0
62100 0
62110 0
62120 1
62130 1
62140 2
62150 2
62160 0
62170 0
62180 0
62190 0
62200 0
62210 0
62220 0
62230 1
62240 0
62250 0
62260 1
62270 0
62280 0
62290 2
62300 5
62310 0
62320 0
62330 0
62340 0
62350 1
62360 4
62370 7
62380 2
62390 3
62400 5
62410 5
62420 3
62430 0
62440 0
62450 2
62460 3
62470 0
62480 0
62490 0
62500 0
62510 0
62520 0
62530 0
62540 0
62550 0
62560 0
62570 0
62580 0
62590 0
62600 0
62610 0
62620 0
62630 0
62640 0
62650 0
62660 0
62670 0
62680 0
62690 0
62700 0
62710 0
62720 0
62730 0
62740 0
62750 0
62760 0
62770 0
62780 0
62790 0
62800 0
62810 0
62820 0
62830 0
62840 0
62850 0
62860 0
62870 0
62880 0
62890 0
62900 0
62910 0
62920 0
62930 0
62940 0
62950 0
62960 0
62970 0
62980 0
62990 0
63000 0
63010 0
63020 0
63030 0
63040 0
63050 0
63060 0
63070 0
63080 0
63090 0
63100 0
63110 0
63120 0
63130 0
63140 0
63150 0
63160 0
63170 0
63180 0
63190 0
63200 0
63210 0
63220 0
63230 0
63240 0
63250 0
63260 0
63270 0
63280 3
63290 0
63300 0
63310 0
63320 0
63330 0
63340 0
63350 0
63360 0
63370 0
63380 0
63390 0
63400 0
63410 0
63420 0
63430 0
63440 0
63450 0
63460 0
63470 0
63480 0
63490 0
63500 0
63510 5
63520 0
63530 0
63540 0
63550 0
63560 0
63570 0
63580 0
63590 0
63600 0
63610 0
63620 0
63630 0
63640 0
63650 0
63660 0
63670 0
63680 0
63690 0
63700 0
63710 0
63720 0
63730 0
63740 0
63750 0
63760 0
63770 0
63780 0
63790 0
63800 0
63810 0
63820 0
63830 0
63840 0
63850 0
63860 0
63870 9
63880 8
63890 0
63900 6
63910 7
63920 0
63930 0
63940 0
63950 0
63960 0
63970 0
63980 0
63990 0
64000 0
64010 0
64020 0
64030 0
64040 0
64050 0
64060 0
64070 0
64080 0
64090 0
64100 0
64110 0
64120 0
64130 0
64140 1
64150 0
64160 0
64170 0
64180 0
64190 0
64200 0
64210 0
64220 0
64230 0
64240 0
64250 0
64260 0
64270 0
64280 0
64290 0
64300 0
64310 0
64320 0
64330 0
64340 0
64350 0
64360 0
64370 0
64380 0
64390 0
64400 0
64410 0
64420 0
64430 0
64440 0
64450 4
64460 1
64470 0
64480 0
64490 0
64500 2
64510 0
64520 0
64530 0
64540 0
64550 0
64560 0
64570 0
64580 0
64590 0
64600 0
64610 0
64620 0
64630 0
64640 0
64650 0
64660 0
64670 0
64680 0
64690 0
64700 0
64710 0
64720 0
64730 0
64740 0
64750 0
64760 0
64770 0
64780 0
64790 0
64800 0
64810 0
64820 0
64830 0
64840 0
64850 0
64860 0
64870 0
64880 0
64890 0
64900 0
64910 0
64920 0
64930 0
64940 0
64950 3
64960 0
64970 0
64980 0
64990 0
65000 0
65010 0
65020 0
65030 0
65040 0
65050 0
65060 0
65070 0
65080 0
65090 0
65100 0
65110 0
65120 0
65130 0
65140 0
65150 0
65160 0
65170 0
65180 0
65190 0
65200 1
65210 0
65220 0
65230 0
65240 0
65250 0
65260 0
65270 0
65280 0
65290 0
65300 0
65310 0
65320 0
65330 0
65340 0
65350 0
65360 0
65370 0
65380 0
65390 0
65400 0
65410 0
65420 0
65430 0
65440 0
65450 0
65460 0
65470 0
65480 0
65490 0
65500 0
65510 0
65520 0
65530 0
65540 0
65550 0
65560 0
65570 0
65580 0
65590 0
65600 0
65610 0
65620 0
65630 0
65640 0
65650 0
65660 0
65670 0
65680 0
65690 0
65700 0
65710 0
65720 0
65730 0
65740 0
65750 0
65760 0
65770 0
65780 0
65790 0
65800 0
65810 0
65820 0
65830 0
65840 0
65850 0
65860 0
65870 0
65880 0
65890 0
65900 0
65910 0
65920 0
65930 8
65940 7
65950 0
65960 0
65970 1
65980 0
65990 1
66000 4
66010 1
66020 0
66030 1
66040 0
66050 0
66060 0
66070 1
66080 0
66090 0
66100 0
66110 0
66120 0
66130 0
66140 0
66150 0
66160 0
66170 0
66180 0
66190 0
66200 0
66210 0
66220 0
66230 0
66240 0
66250 0
66260 0
66270 0
66280 0
66290 0
66300 0
66310 0
66320 0
66330 0
66340 0
66350 0
66360 0
66370 5
66380 1
66390 0
66400 0
66410 0
66420 0
66430 0
66440 0
66450 1
66460 0
66470 0
66480 8
66490 1
66500 9
66510 0
66520 1
66530 0
66540 5
66550 7
66560 7
66570 7
66580 0
66590 0
66600 2
66610 1
66620 0
66630 0
66640 0
66650 0
66660 0
66670 0
66680 0
66690 0
66700 0
66710 0
66720 0
66730 0
66740 0
66750 0
66760 0
66770 0
66780 0
66790 0
66800 0
66810 0
66820 0
66830 0
66840 0
66850 0
66860 0
66870 0
66880 0
66890 0
66900 0
66910 0
66920 0
66930 0
66940 0
66950 0
66960 0
66970 0
66980 0
66990 0
67000 0
67010 0
67020 0
67030 0
67040 0
67050 0
67060 0
67070 0
67080 0
67090 0
67100 0
67110 0
67120 0
67130 0
67140 0
67150 0
67160 0
67170 0
67180 1
67190 0
67200 0
67210 0
67220 0
67230 0
67240 0
67250 0
67260 0
67270 0
67280 0
67290 0
67300 0
67310 0
67320 0
67330 0
67340 0
67350 0
67360 0
67370 0
67380 0
67390 0
67400 0
67410 0
67420 0
67430 0
67440 0
67450 0
67460 0
67470 0
67480 0
67490 0
67500 0
67510 0
67520 0
67530 0
67540 0
67550 0
67560 0
67570 0
67580 1
67590 0
67600 0
67610 0
67620 0
67630 0
67640 0
67650 0
67660 0
67670 0
67680 0
67690 0
67700 0
67710 0
67720 2
67730 0
67740 0
67750 0
67760 0
67770 0
67780 0
67790 0
67800 0
67810 0
67820 0
67830 0
67840 0
67850 0
67860 0
67870 0
67880 4
67890 0
67900 0
67910 0
67920 0
67930 0
67940 0
67950 2
67960 0
67970 0
67980 0
67990 0
68000 0
68010 0
68020 0
68030 0
68040 0
68050 0
68060 0
68070 0
68080 0
68090 0
68100 0
68110 0
68120 0
68130 0
68140 0
68150 0
68160 0
68170 0
68180 0
68190 0
68200 0
68210 0
68220 0
68230 0
68240 0
68250 0
68260 0
68270 0
68280 0
68290 0
68300 0
68310 0
68320 0
68330 0
68340 0
68350 0
68360 0
68370 0
68380 0
68390 0
68400 0
68410 2
68420 1
68430 0
68440 1
68450 0
68460 0
68470 0
68480 0
68490 0
68500 0
68510 0
68520 0
68530 0
68540 0
68550 0
68560 0
68570 0
68580 0
68590 0
68600 0
68610 0
68620 4
68630 0
68640 0
68650 1
68660 7
68670 6
68680 3
68690 0
68700 3
68710 0
68720 0
68730 3
68740 0
68750 0
68760 0
68770 0
68780 0
68790 0
68800 0
68810 0
68820 0
68830 0
68840 0
68850 0
68860 0
68870 0
68880 0
68890 0
68900 0
68910 0
68920 0
68930 0
68940 0
68950 0
68960 0
68970 0
68980 0
68990 0
69000 0
69010 0
69020 0
69030 0
69040 0
69050 0
69060 0
69070 0
69080 0
69090 0
69100 0
69110 0
69120 0
69130 0
69140 0
69150 0
69160 0
69170 0
69180 0
69190 0
69200 0
69210 0
69220 0
69230 0
69240 0
69250 0
69260 0
69270 0
69280 0
69290 0
69300 0
69310 0
69320 0
69330 0
69340 0
69350 0
69360 0
69370 0
69380 0
69390 0
69400 0
69410 0
69420 0
69430 0
69440 0
69450 0
69460 0
69470 0
69480 0
69490 0
69500 0
69510 0
69520 0
69530 0
69540 0
69550 0
69560 0
69570 0
69580 0
69590 0
69600 0
69610 0
69620 0
69630 0
69640 1
69650 1
69660 0
69670 0
69680 0
69690 0
69700 0
69710 0
69720 0
69730 0
69740 0
69750 0
69760 0
69770 0
69780 0
69790 0
69800 0
69810 0
69820 0
69830 0
69840 0
69850 0
69860 0
69870 0
69880 0
69890 0
69900 0
69910 0
69920 0
69930 0
69940 0
69950 0
69960 0
69970 0
69980 0
69990 0
70000 0
70010 0
70020 0
70030 0
70040 0
70050 0
70060 0
70070 6
70080 5
70090 4
70100 0
70110 0
70120 0
70130 0
70140 0
70150 0
70160 1
70170 4
70180 2
70190 0
70200 0
70210 0
70220 0
70230 0
70240 0
70250 0
70260 0
70270 0
70280 0
70290 0
70300 0
70310 0
70320 0
70330 0
70340 0
70350 0
70360 0
70370 0
70380 0
70390 0
70400 0
70410 0
70420 0
70430 0
70440 0
70450 9
70460 4
70470 8
70480 8
70490 0
70500 0
70510 0
70520 0
70530 0
70540 0
70550 0
70560 0
70570 0
70580 6
70590 2
70600 2
70610 6
70620 1
70630 0
70640 0
70650 0
70660 0
70670 9
70680 0
70690 4
70700 0
70710 5
70720 0
70730 2
70740 0
70750 0
70760 0
70770 0
70780 7
70790 6
70800 5
70810 11
70820 0
70830 0
70840 4
70850 1
70860 0
70870 0
70880 0
70890 0
70900 0
70910 0
70920 0
70930 0
70940 0
70950 0
70960 0
70970 0
70980 0
70990 0
71000 0
71010 0
71020 0
71030 0
71040 0
71050 0
71060 0
71070 0
71080 0
71090 0
71100 0
71110 0
71120 0
71130 0
71140 0
71150 0
71160 0
71170 0
71180 0
71190 0
71200 0
71210 0
71220 0
71230 0
71240 0
71250 0
71260 0
71270 0
71280 0
71290 0
71300 0
71310 0
71320 0
71330 0
71340 0
71350 0
71360 0
71370 0
71380 0
71390 0
71400 0
71410 0
71420 0
71430 0
71440 0
71450 0
71460 0
71470 0
71480 0
71490 0
71500 0
71510 0
71520 0
71530 0
71540 0
71550 0
71560 0
71570 0
71580 0
71590 0
71600 0
71610 0
71620 0
71630 0
71640 0
71650 0
71660 0
71670 0
71680 0
71690 0
71700 0
71710 0
71720 0
71730 0
71740 0
71750 0
71760 0
71770 0
71780 0
71790 0
71800 0
71810 0
71820 0
71830 0
71840 0
71850 0
71860 0
71870 0
71880 0
71890 0
71900 0
71910 0
71920 0
71930 0
71940 0
71950 0
71960 0
71970 0
71980 0
71990 0
72000 0
72010 0
72020 0
72030 0
72040 0
72050 0
72060 0
72070 0
72080 0
72090 0
72100 0
72110 0
72120 0
72130 0
72140 0
72150 0
72160 0
72170 0
72180 0
72190 0
72200 0
72210 0
72220 0
72230 0
72240 0
72250 0
72260 0
72270 0
72280 0
72290 0
72300 0
72310 0
72320 0
72330 0
72340 0
72350 0
72360 0
72370 0
72380 0
72390 0
72400 0
72410 0
72420 0
72430 0
72440 0
72450 0
72460 0
72470 0
72480 0
72490 0
72500 0
72510 0
72520 0
72530 0
72540 0
72550 0
72560 0
72570 0
72580 0
72590 0
72600 0
72610 0
72620 0
72630 0
72640 0
72650 0
72660 0
72670 0
72680 0
72690 0
72700 0
72710 0
72720 0
72730 0
72740 0
72750 0
72760 0
72770 0
72780 0
72790 0
72800 0
72810 0
72820 0
72830 0
72840 0
72850 0
72860 0
72870 0
72880 0
72890 0
72900 0
72910 0
72920 0
72930 0
72940 0
72950 0
72960 0
72970 0
72980 0
72990 0
73000 0
73010 0
73020 0
73030 0
73040 0
73050 0
73060 0
73070 0
73080 0
73090 0
73100 0
73110 0
73120 0
73130 0
73140 0
73150 0
73160 0
73170 0
73180 0
73190 1
73200 0
73210 0
73220 0
73230 0
73240 0
73250 0
73260 0
73270 0
73280 0
73290 0
73300 0
73310 0
73320 0
73330 0
73340 0
73350 0
73360 0
73370 0
73380 0
73390 0
73400 0
73410 0
73420 0
73430 0
73440 0
73450 0
73460 0
73470 0
73480 0
73490 0
73500 0
73510 0
73520 0
73530 0
73540 0
73550 0
73560 0
73570 0
73580 0
73590 0
73600 0
73610 0
73620 0
73630 0
73640 0
73650 0
73660 0
73670 4
73680 0
73690 0
73700 0
73710 0
73720 0
73730 0
73740 0
73750 12
73760 4
73770 5
73780 7
73790 2
73800 1
73810 7
73820 0
73830 2
73840 6
73850 3
73860 0
73870 4
73880 7
73890 1
73900 0
73910 0
73920 5
73930 2
73940 2
73950 2
73960 0
73970 0
73980 0
73990 1
74000 1
74010 0
74020 0
74030 0
74040 0
74050 0
74060 0
74070 0
74080 0
74090 0
74100 11
74110 0
74120 10
74130 0
74140 8
74150 0
74160 0
74170 1
74180 0
74190 2
74200 2
74210 5
74220 4
74230 3
74240 8
74250 4
74260 2
74270 8
74280 0
74290 2
74300 0
74310 8
74320 6
74330 11
74340 7
74350 10
74360 10
74370 17
74380 1
74390 0
74400 5
74410 2
74420 3
74430 3
74440 0
74450 1
74460 0
74470 7
74480 0
74490 3
74500 1
74510 5
74520 3
74530 4
74540 6
74550 4
74560 10
74570 4
74580 0
74590 0
74600 9
74610 0
74620 0
74630 0
74640 9
74650 0
74660 0
74670 1
74680 0
74690 2
74700 0
74710 5
74720 0
74730 1
74740 0
74750 0
74760 0
74770 0
74780 6
74790 0
74800 1
74810 2
74820 0
74830 0
74840 0
74850 7
74860 10
74870 3
74880 3
74890 0
74900 0
74910 6
74920 6
74930 0
74940 0
74950 3
74960 0
74970 0
74980 0
74990 0
75000 0
75010 0
75020 4
75030 0
75040 1
75050 0
75060 0
75070 0
75080 0
75090 0
75100 0
75110 0
75120 0
75130 0
75140 0
75150 0
75160 0
75170 0
75180 0
75190 0
75200 0
75210 0
75220 0
75230 0
75240 0
75250 0
75260 0
75270 0
75280 0
75290 0
75300 0
75310 1
75320 9
75330 3
75340 0
75350 0
75360 12
75370 3
75380 0
75390 4
75400 0
75410 0
75420 0
75430 0
75440 0
75450 0
75460 1
75470 0
75480 8
75490 5
75500 0
75510 4
75520 0
75530 0
75540 0
75550 0
75560 6
75570 5
75580 0
75590 0
75600 1
75610 0
75620 0
75630 3
75640 0
75650 0
75660 0
75670 0
75680 0
75690 0
75700 5
75710 7
75720 1
75730 0
75740 0
75750 9
75760 0
75770 0
75780 0
75790 0
75800 0
75810 0
75820 0
75830 0
75840 3
75850 0
75860 0
75870 0
75880 0
75890 0
75900 2
75910 0
75920 0
75930 0
75940 0
75950 0
75960 0
75970 0
75980 0
75990 7
76000 4
76010 0
76020 0
76030 0
76040 4
76050 1
76060 0
76070 3
76080 5
76090 2
76100 0
76110 0
76120 0
76130 0
76140 1
76150 0
76160 0
76170 0
76180 0
76190 4
76200 1
76210 4
76220 0
76230 0
76240 0
76250 0
76260 0
76270 0
76280 0
76290 3
76300 0
76310 0
76320 1
76330 3
76340 0
76350 0
76360 4
76370 0
76380 0
76390 0
76400 1
76410 0
76420 0
76430 3
76440 0
76450 0
76460 0
76470 0
76480 0
76490 0
76500 14
76510 8
76520 0
76530 0
76540 1
76550 0
76560 0
76570 0
76580 0
76590 0
76600 0
76610 0
76620 0
76630 0
76640 0
76650 0
76660 0
76670 0
76680 0
76690 0
76700 0
76710 0
76720 0
76730 0
76740 0
76750 0
76760 0
76770 1
76780 0
76790 3
76800 3
76810 6
76820 1
76830 0
76840 0
76850 0
76860 0
76870 0
76880 0
76890 0
76900 0
76910 0
76920 0
76930 0
76940 0
76950 0
76960 4
76970 0
76980 0
76990 6
77000 0
77010 4
77020 0
77030 0
77040 5
77050 0
77060 0
77070 0
77080 0
77090 0
77100 0
77110 0
77120 0
77130 5
77140 0
77150 0
77160 1
77170 0
77180 0
77190 0
77200 0
77210 0
77220 0
77230 1
77240 1
77250 0
77260 1
77270 0
77280 0
77290 0
77300 0
77310 0
77320 0
77330 0
77340 5
77350 0
77360 0
77370 0
77380 0
77390 0
77400 0
77410 0
77420 0
77430 0
77440 0
77450 3
77460 9
77470 6
77480 5
77490 0
77500 5
77510 3
77520 11
77530 11
77540 10
77550 6
77560 6
77570 8
77580 5
77590 7
77600 5
77610 11
77620 4
77630 5
77640 2
77650 8
77660 4
77670 3
77680 6
77690 7
77700 5
77710 5
77720 4
77730 0
77740 6
77750 12
77760 8
77770 7
77780 9
77790 10
77800 15
77810 1
77820 0
77830 3
77840 2
77850 6
77860 16
77870 8
77880 10
77890 4
77900 0
77910 10
77920 0
77930 2
77940 1
77950 4
77960 11
77970 2
77980 10
77990 3
78000 7
78010 8
78020 3
78030 3
78040 5
78050 5
78060 7
78070 4
78080 3
78090 2
78100 2
78110 2
78120 3
78130 12
78140 2
78150 6
78160 11
78170 3
78180 3
78190 4
78200 1
78210 5
78220 4
78230 10
78240 2
78250 4
78260 2
78270 1
78280 12
78290 9
78300 10
78310 6
78320 6
78330 9
78340 4
78350 4
78360 0
78370 10
78380 3
78390 4
78400 4
78410 4
78420 1
78430 0
78440 0
78450 1
78460 2
78470 2
78480 3
78490 2
78500 5
78510 4
78520 2
78530 5
78540 0
78550 8
78560 1
78570 1
78580 0
78590 7
78600 2
78610 0
78620 0
78630 0
78640 4
78650 3
78660 6
78670 6
78680 0
78690 0
78700 5
78710 2
78720 0
78730 0
78740 2
78750 0
78760 3
78770 6
78780 7
78790 7
78800 8
78810 6
78820 7
78830 13
78840 2
78850 0
78860 2
78870 0
78880 11
78890 1
78900 11
78910 0
78920 1
78930 2
78940 0
78950 0
78960 6
78970 6
78980 1
78990 0
79000 3
79010 6
79020 1
79030 0
79040 0
79050 0
79060 0
79070 7
79080 5
79090 5
79100 0
79110 4
79120 0
79130 0
79140 0
79150 0
79160 8
79170 0
79180 1
79190 0
79200 2
79210 1
79220 4
79230 0
79240 3
79250 0
79260 6
79270 0
79280 1
79290 0
79300 0
79310 0
79320 5
79330 0
79340 0
79350 0
79360 0
79370 5
79380 1
79390 0
79400 0
79410 0
79420 0
79430 0
79440 0
79450 2
79460 0
79470 3
79480 0
79490 0
79500 0
79510 1
79520 0
79530 0
79540 1
79550 0
79560 0
79570 0
79580 0
79590 0
79600 0
79610 0
79620 0
79630 0
79640 0
79650 5
79660 0
79670 8
79680 1
79690 0
79700 0
79710 0
79720 0
79730 0
79740 0
79750 0
79760 0
79770 0
79780 0
79790 3
79800 4
79810 4
79820 5
79830 0
79840 0
79850 0
79860 10
79870 0
79880 0
79890 4
79900 2
79910 7
79920 5
79930 0
79940 10
79950 4
79960 6
79970 0
79980 9
79990 8
80000 4
80010 7
80020 0
80030 7
80040 0
80050 8
80060 9
80070 4
80080 9
80090 2
80100 3
80110 0
80120 0
80130 0
80140 0
80150 0
80160 0
80170 0
80180 3
80190 2
80200 0
80210 0
80220 4
80230 6
80240 6
80250 1
80260 5
80270 5
80280 8
80290 10
80300 4
80310 10
80320 7
80330 7
80340 4
80350 3
80360 0
80370 0
80380 0
80390 0
80400 0
80410 0
80420 0
80430 0
80440 0
80450 0
80460 0
80470 0
80480 0
80490 0
80500 0
80510 0
80520 0
80530 0
80540 0
80550 0
80560 0
80570 0
80580 0
80590 0
80600 0
80610 0
80620 1
80630 0
80640 0
80650 0
80660 0
80670 0
80680 0
80690 0
80700 3
80710 0
80720 0
80730 0
80740 0
80750 0
80760 0
80770 0
80780 0
80790 0
80800 0
80810 0
80820 0
80830 0
80840 0
80850 0
80860 0
80870 0
80880 0
80890 0
80900 0
80910 0
80920 0
80930 0
80940 0
80950 1
80960 0
80970 0
80980 0
80990 0
81000 0
81010 1
81020 4
81030 2
81040 19
81050 14
81060 4
81070 8
81080 5
81090 7
81100 10
81110 14
81120 18
81130 8
81140 7
81150 2
81160 1
81170 12
81180 12
81190 11
81200 17
81210 2
81220 10
81230 8
81240 7
81250 7
81260 5
81270 9
81280 4
81290 6
81300 10
81310 9
81320 6
81330 3
81340 5
81350 2
81360 5
81370 4
81380 14
81390 0
81400 2
81410 2
81420 4
81430 0
81440 0
81450 0
81460 0
81470 2
81480 1
81490 2
81500 7
81510 4
81520 2
81530 1
81540 7
81550 9
81560 8
81570 6
81580 9
81590 6
81600 3
81610 8
81620 7
81630 2
81640 8
81650 2
81660 2
81670 2
81680 3
81690 2
81700 0
81710 4
81720 4
81730 2
81740 3
81750 5
81760 1
81770 7
81780 15
81790 8
81800 6
81810 10
81820 10
81830 13
81840 10
81850 8
81860 2
81870 2
81880 6
81890 9
81900 12
81910 5
81920 6
81930 8
81940 8
81950 6
81960 13
81970 0
81980 7
81990 3
82000 8
82010 3
82020 5
82030 11
82040 4
82050 2
82060 6
82070 6
82080 5
82090 5
82100 1
82110 4
82120 1
82130 1
82140 0
82150 2
82160 0
82170 2
82180 3
82190 8
82200 7
82210 10
82220 3
82230 4
82240 7
82250 2
82260 4
82270 3
82280 6
82290 1
82300 7
82310 0
82320 0
82330 4
82340 9
82350 8
82360 0
82370 4
82380 6
82390 2
82400 6
82410 2
82420 3
82430 0
82440 9
82450 0
82460 8
82470 6
82480 9
82490 9
82500 9
82510 7
82520 3
82530 5
82540 13
82550 3
82560 6
82570 3
82580 7
82590 2
82600 14
82610 8
82620 0
82630 5
82640 1
82650 2
82660 1
82670 2
82680 6
82690 12
82700 2
82710 5
82720 5
82730 8
82740 5
82750 5
82760 3
82770 0
82780 8
82790 7
82800 9
82810 2
82820 4
82830 14
82840 11
82850 12
82860 2
82870 6
82880 1
82890 0
82900 1
82910 5
82920 2
82930 0
82940 7
82950 14
82960 5
82970 10
82980 6
82990 2
83000 6
83010 10
83020 4
83030 0
83040 0
83050 0
83060 1
83070 5
83080 6
83090 2
83100 1
83110 6
83120 11
83130 9
83140 6
83150 0
83160 10
83170 9
83180 10
83190 11
83200 7
83210 7
83220 5
83230 4
83240 14
83250 11
83260 12
83270 4
83280 6
83290 7
83300 2
83310 0
83320 9
83330 7
83340 9
83350 3
83360 5
83370 6
83380 2
83390 4
83400 0
83410 9
83420 15
83430 9
83440 4
83450 5
83460 9
83470 12
83480 9
83490 13
83500 2
83510 5
83520 2
83530 2
83540 4
83550 0
83560 1
83570 4
83580 2
83590 6
83600 4
83610 2
83620 5
83630 3
83640 1
83650 1
83660 0
83670 0
83680 0
83690 6
83700 4
83710 6
83720 2
83730 1
83740 0
83750 0
83760 0
83770 0
83780 0
83790 0
83800 0
83810 0
83820 0
83830 4
83840 1
83850 0
83860 1
83870 0
83880 0
83890 0
83900 0
83910 1
83920 0
83930 0
83940 0
83950 0
83960 1
83970 0
83980 0
83990 0
84000 0
84010 1
84020 0
84030 0
84040 1
84050 0
84060 1
84070 1
84080 0
84090 0
84100 0
84110 0
84120 1
84130 1
84140 2
84150 0
84160 0
84170 0
84180 0
84190 0
84200 0
84210 0
84220 0
84230 0
84240 0
84250 0
84260 0
84270 0
84280 0
84290 1
84300 1
84310 0
84320 3
84330 4
84340 3
84350 6
84360 1
84370 3
84380 1
84390 2
84400 2
84410 12
84420 0
84430 2
84440 0
84450 12
84460 3
84470 3
84480 1
84490 2
84500 4
84510 0
84520 2
84530 1
84540 5
84550 5
84560 4
84570 0
84580 4
84590 0
84600 10
84610 3
84620 7
84630 3
84640 5
84650 0
84660 1
84670 3
84680 3
84690 8
84700 4
84710 10
84720 2
84730 1
84740 2
84750 0
84760 2
84770 5
84780 1
84790 3
84800 0
84810 1
84820 5
84830 0
84840 3
84850 2
84860 0
84870 0
84880 1
84890 3
84900 3
84910 3
84920 7
84930 3
84940 5
84950 15
84960 6
84970 2
84980 0
84990 1
85000 1
85010 9
85020 4
85030 0
85040 6
85050 12
85060 0
85070 0
85080 2
85090 0
85100 13
85110 8
85120 1
85130 0
85140 0
85150 0
85160 0
85170 2
85180 0
85190 6
85200 1
85210 6
85220 1
85230 1
85240 2
85250 1
85260 0
85270 1
85280 1
85290 16
85300 1
85310 3
85320 1
85330 4
85340 4
85350 2
85360 5
85370 2
85380 3
85390 6
85400 0
85410 4
85420 0
85430 0
85440 0
85450 0
85460 0
85470 0
85480 0
85490 0
85500 0
85510 0
85520 7
85530 0
85540 0
85550 0
85560 0
85570 0
85580 1
85590 0
85600 2
85610 0
85620 2
85630 0
85640 0
85650 0
85660 0
85670 0
85680 0
85690 0
85700 3
85710 2
85720 0
85730 0
85740 0
85750 0
85760 0
85770 0
85780 0
85790 1
85800 0
85810 0
85820 0
85830 0
85840 0
85850 0
85860 0
85870 0
85880 0
85890 0
85900 0
85910 0
85920 0
85930 0
85940 0
85950 0
85960 5
85970 7
85980 8
85990 11
86000 10
86010 2
86020 6
86030 10
86040 9
86050 6
86060 6
86070 3
86080 1
86090 2
86100 14
86110 3
86120 0
86130 0
86140 2
86150 0
86160 0
86170 1
86180 2
86190 1
86200 5
86210 11
86220 1
86230 1
86240 3
86250 0
86260 1
86270 1
86280 0
86290 0
86300 5
86310 0
86320 5
86330 9
86340 9
86350 4
86360 2
86370 1
86380 8
86390 5
86400 6
86410 2
86420 8
86430 7
86440 9
86450 10
86460 9
86470 2
86480 3
86490 13
86500 1
86510 8
86520 9
86530 0
86540 3
86550 10
86560 5
86570 4
86580 1
86590 1
86600 6
86610 3
86620 4
86630 0
86640 0
86650 0
86660 0
86670 0
86680 0
86690 0
86700 0
86710 0
86720 0
86730 0
86740 0
86750 0
86760 4
86770 0
86780 0
86790 0
86800 0
86810 5
86820 0
86830 7
86840 6
86850 7
86860 4
86870 8
86880 5
86890 4
86900 0
86910 0
86920 0
86930 0
86940 0
86950 8
86960 9
86970 5
86980 4
86990 8
87000 6
87010 7
87020 0
87030 0
87040 0
87050 4
87060 7
87070 5
87080 7
87090 9
87100 0
87110 5
87120 1
87130 5
87140 1
87150 9
87160 0
87170 3
87180 3
87190 0
87200 1
87210 8
87220 5
87230 4
87240 4
87250 0
87260 2
87270 0
87280 0
87290 0
87300 7
87310 0
87320 0
87330 0
87340 2
87350 0
87360 0
87370 6
87380 4
87390 0
87400 7
87410 0
87420 4
87430 4
87440 2
87450 3
87460 4
87470 7
87480 2
87490 8
87500 0
87510 1
87520 4
87530 0
87540 0
87550 7
87560 5
87570 11
87580 13
87590 13
87600 9
87610 8
87620 7
87630 5
87640 6
87650 10
87660 7
87670 9
87680 12
87690 7
87700 9
87710 7
87720 9
87730 7
87740 7
87750 6
87760 3
87770 5
87780 3
87790 6
87800 5
87810 4
87820 8
87830 6
87840 3
87850 6
87860 7
87870 6
87880 4
87890 0
87900 0
87910 2
87920 0
87930 9
87940 9
87950 10
87960 12
87970 9
87980 9
87990 7
88000 7
88010 3
88020 1
88030 1
88040 4
88050 2
88060 7
88070 0
88080 1
88090 8
88100 4
88110 0
88120 0
88130 0
88140 15
88150 5
88160 0
88170 8
88180 3
88190 7
88200 3
88210 1
88220 0
88230 4
88240 4
88250 3
88260 9
88270 7
88280 4
88290 6
88300 3
88310 3
88320 6
88330 6
88340 9
88350 10
88360 14
88370 0
88380 1
88390 1
88400 2
88410 9
88420 0
88430 0
88440 2
88450 0
88460 8
88470 0
88480 1
88490 2
88500 8
88510 1
88520 6
88530 4
88540 4
88550 5
88560 10
88570 8
88580 7
88590 0
88600 2
88610 4
88620 0
88630 1
88640 1
88650 0
88660 2
88670 6
88680 6
88690 5
88700 7
88710 8
88720 4
88730 3
88740 0
88750 2
88760 7
88770 3
88780 0
88790 0
88800 3
88810 2
88820 3
88830 4
88840 6
88850 8
88860 4
88870 4
88880 0
88890 1
88900 2
88910 4
88920 2
88930 2
88940 1
88950 3
88960 3
88970 2
88980 7
88990 7
89000 1
89010 5
89020 13
89030 14
89040 10
89050 5
89060 1
89070 7
89080 7
89090 6
89100 4
89110 6
89120 2
89130 4
89140 1
89150 6
89160 1
89170 2
89180 1
89190 1
89200 0
89210 1
89220 1
89230 4
89240 3
89250 3
89260 9
89270 3
89280 3
89290 4
89300 0
89310 6
89320 1
89330 0
89340 1
89350 3
89360 2
89370 1
89380 2
89390 0
89400 1
89410 1
89420 4
89430 1
89440 2
89450 1
89460 0
89470 4
89480 3
89490 0
89500 0
89510 0
89520 2
89530 3
89540 2
89550 1
89560 1
89570 0
89580 0
89590 3
89600 2
89610 10
89620 6
89630 8
89640 10
89650 8
89660 12
89670 3
89680 9
89690 9
89700 8
89710 9
89720 3
89730 4
89740 1
89750 8
89760 5
89770 1
89780 0
89790 0
89800 5
89810 3
89820 3
89830 9
89840 0
89850 0
89860 11
89870 1
89880 10
89890 4
89900 0
89910 1
89920 3
89930 4
89940 10
89950 4
89960 2
89970 2
89980 10
89990 8
90000 3
90010 6
90020 3
90030 6
90040 0
90050 0
90060 7
90070 3
90080 1
90090 1
90100 0
90110 0
90120 0
90130 0
90140 0
90150 0
90160 0
90170 0
90180 0
90190 0
90200 0
90210 0
90220 0
90230 0
90240 0
90250 6
90260 4
90270 0
90280 0
90290 2
90300 0
90310 1
90320 0
90330 4
90340 0
90350 2
90360 1
90370 1
90380 2
90390 8
90400 3
90410 5
90420 6
90430 4
90440 7
90450 2
90460 4
90470 3
90480 4
90490 12
90500 10
90510 9
90520 7
90530 10
90540 6
90550 6
90560 7
90570 7
90580 3
90590 4
90600 2
90610 3
90620 4
90630 1
90640 0
90650 1
90660 6
90670 4
90680 8
90690 0
90700 0
90710 0
90720 0
90730 0
90740 0
90750 0
90760 0
90770 11
90780 0
90790 2
90800 4
90810 7
90820 4
90830 0
90840 3
90850 3
90860 3
90870 3
90880 0
90890 2
90900 2
90910 0
90920 0
90930 7
90940 2
90950 4
90960 5
90970 5
90980 6
90990 0
91000 1
91010 0
91020 2
91030 0
91040 0
91050 0
91060 0
91070 0
91080 0
91090 0
91100 0
91110 6
91120 7
91130 9
91140 10
91150 0
91160 0
91170 1
91180 0
91190 0
91200 0
91210 0
91220 0
91230 0
91240 0
91250 0
91260 0
91270 0
91280 0
91290 0
91300 0
91310 0
91320 0
91330 0
91340 0
91350 0
91360 0
91370 0
91380 0
91390 0
91400 0
91410 0
91420 0
91430 0
91440 0
91450 0
91460 0
91470 0
91480 0
91490 0
91500 0
91510 0
91520 0
91530 0
91540 0
91550 0
91560 8
91570 0
91580 0
91590 0
91600 0
91610 0
91620 0
91630 0
91640 0
91650 0
91660 0
91670 0
91680 0
91690 0
91700 0
91710 0
91720 0
91730 0
91740 0
91750 0
91760 0
91770 0
91780 0
91790 0
91800 0
91810 0
91820 0
91830 0
91840 0
91850 0
91860 0
91870 0
91880 0
91890 0
91900 0
91910 0
91920 0
91930 0
91940 0
91950 0
91960 0
91970 0
91980 0
91990 0
92000 0
92010 0
92020 0
92030 0
92040 0
92050 0
92060 0
92070 0
92080 0
92090 0
92100 0
92110 0
92120 0
92130 0
92140 0
92150 0
92160 0
92170 0
92180 0
92190 0
92200 0
92210 0
92220 0
92230 0
92240 0
92250 0
92260 0
92270 0
92280 8
92290 0
92300 0
92310 0
92320 0
92330 0
92340 0
92350 0
92360 0
92370 0
92380 9
92390 9
92400 0
92410 1
92420 2
92430 0
92440 7
92450 0
92460 1
92470 1
92480 0
92490 0
92500 0
92510 0
92520 0
92530 1
92540 0
92550 0
92560 0
92570 0
92580 0
92590 1
92600 1
92610 0
92620 8
92630 7
92640 0
92650 0
92660 0
92670 0
92680 0
92690 2
92700 3
92710 8
92720 0
92730 6
92740 0
92750 9
92760 9
92770 0
92780 8
92790 7
92800 5
92810 0
92820 8
92830 0
92840 0
92850 0
92860 0
92870 0
92880 0
92890 0
92900 0
92910 0
92920 0
92930 0
92940 0
92950 0
92960 0
92970 0
92980 0
92990 0
93000 0
93010 0
93020 0
93030 0
93040 0
93050 0
93060 0
93070 0
93080 0
93090 0
93100 1
93110 0
93120 5
93130 4
93140 5
93150 1
93160 3
93170 0
93180 3
93190 4
93200 9
93210 3
93220 0
93230 1
93240 5
93250 6
93260 3
93270 2
93280 0
93290 3
93300 8
93310 2
93320 6
93330 11
93340 6
93350 13
93360 2
93370 0
93380 0
93390 2
93400 9
93410 0
93420 3
93430 3
93440 5
93450 1
93460 8
93470 6
93480 1
93490 2
93500 0
93510 2
93520 4
93530 7
93540 7
93550 3
93560 3
93570 5
93580 4
93590 11
93600 4
93610 3
93620 1
93630 4
93640 4
93650 0
93660 1
93670 0
93680 0
93690 0
93700 11
93710 8
93720 9
93730 15
93740 9
93750 8
93760 1
93770 2
93780 6
93790 3
93800 8
93810 13
93820 8
93830 0
93840 7
93850 7
93860 9
93870 0
93880 0
93890 9
93900 0
93910 0
93920 0
93930 0
93940 0
93950 0
93960 0
93970 0
93980 0
93990 6
94000 7
94010 6
94020 2
94030 0
94040 5
94050 0
94060 9
94070 0
94080 0
94090 0
94100 9
94110 9
94120 11
94130 8
94140 0
94150 0
94160 2
94170 0
94180 8
94190 1
94200 0
94210 4
94220 6
94230 3
94240 0
94250 0
94260 1
94270 0
94280 2
94290 8
94300 9
94310 5
94320 7
94330 6
94340 5
94350 6
94360 9
94370 4
94380 8
94390 10
94400 5
94410 3
94420 12
94430 6
94440 8
94450 7
94460 10
94470 10
94480 7
94490 10
94500 8
94510 10
94520 5
94530 0
94540 1
94550 10
94560 4
94570 0
94580 1
94590 0
94600 1
94610 1
94620 3
94630 4
94640 11
94650 8
94660 5
94670 0
94680 8
94690 6
94700 1
94710 4
94720 0
94730 0
94740 5
94750 8
94760 3
94770 7
94780 5
94790 12
94800 8
94810 9
94820 10
94830 6
94840 5
94850 7
94860 10
94870 10
94880 7
94890 4
94900 8
94910 7
94920 6
94930 8
94940 9
94950 8
94960 7
94970 0
94980 0
94990 0
95000 7
95010 9
95020 9
95030 9
95040 6
95050 7
95060 8
95070 8
95080 0
95090 0
95100 0
95110 0
95120 0
95130 0
95140 0
95150 0
95160 0
95170 0
95180 4
95190 5
95200 4
95210 0
95220 0
95230 5
95240 6
95250 0
95260 0
95270 0
95280 1
95290 9
95300 0
95310 2
95320 0
95330 0
95340 0
95350 1
95360 2
95370 3
95380 2
95390 1
95400 0
95410 0
95420 12
95430 2
95440 8
95450 0
95460 1
95470 0
95480 0
95490 8
95500 1
95510 3
95520 5
95530 0
95540 3
95550 8
95560 8
95570 12
95580 9
95590 1
95600 14
95610 3
95620 3
95630 16
95640 4
95650 5
95660 2
95670 4
95680 0
95690 0
95700 0
95710 1
95720 0
95730 9
95740 7
95750 4
95760 3
95770 0
95780 0
95790 0
95800 0
95810 0
95820 0
95830 3
95840 0
95850 0
95860 6
95870 4
95880 10
95890 5
95900 6
95910 6
95920 7
95930 3
95940 3
95950 0
95960 5
95970 3
95980 2
95990 11
96000 2
96010 3
96020 1
96030 0
96040 3
96050 1
96060 11
96070 10
96080 10
96090 0
96100 6
96110 1
96120 4
96130 6
96140 4
96150 7
96160 6
96170 3
96180 3
96190 6
96200 7
96210 1
96220 5
96230 7
96240 13
96250 6
96260 8
96270 7
96280 7
96290 8
96300 9
96310 7
96320 9
96330 7
96340 5
96350 10
96360 0
96370 6
96380 0
96390 8
96400 0
96410 4
96420 8
96430 2
96440 9
96450 0
96460 1
96470 0
96480 0
96490 0
96500 0
96510 0
96520 2
96530 3
96540 4
96550 7
96560 5
96570 10
96580 7
96590 8
96600 10
96610 3
96620 4
96630 2
96640 0
96650 4
96660 5
96670 8
96680 6
96690 1
96700 2
96710 1
96720 1
96730 3
96740 2
96750 0
96760 0
96770 0
96780 0
96790 0
96800 0
96810 0
96820 1
96830 0
96840 0
96850 0
96860 0
96870 0
96880 0
96890 0
96900 0
96910 0
96920 0
96930 0
96940 0
96950 0
96960 0
96970 0
96980 0
96990 0
97000 0
97010 0
97020 1
97030 4
97040 9
97050 0
97060 0
97070 0
97080 0
97090 9
97100 0
97110 0
97120 0
97130 0
97140 0
97150 0
97160 0
97170 0
97180 0
97190 1
97200 2
97210 1
97220 0
97230 0
97240 1
97250 8
97260 6
97270 0
97280 1
97290 9
97300 6
97310 7
97320 0
97330 4
97340 7
97350 1
97360 8
97370 11
97380 2
97390 11
97400 8
97410 9
97420 3
97430 8
97440 6
97450 6
97460 0
97470 0
97480 2
97490 2
97500 6
97510 4
97520 4
97530 9
97540 0
97550 9
97560 1
97570 5
97580 0
97590 1
97600 0
97610 0
97620 4
97630 0
97640 0
97650 0
97660 0
97670 6
97680 6
97690 4
97700 3
97710 4
97720 0
97730 0
97740 2
97750 0
97760 0
97770 5
97780 3
97790 3
97800 4
97810 2
97820 2
97830 0
97840 0
97850 0
97860 2
97870 3
97880 3
97890 0
97900 0
97910 5
97920 0
97930 0
97940 5
97950 0
97960 2
97970 1
97980 6
97990 5
98000 0
98010 0
98020 6
98030 0
98040 0
98050 10
98060 2
98070 0
98080 1
98090 0
98100 0
98110 0
98120 0
98130 5
98140 6
98150 8
98160 2
98170 6
98180 7
98190 2
98200 6
98210 5
98220 0
98230 2
98240 0
98250 0
98260 0
98270 3
98280 2
98290 2
98300 7
98310 6
98320 0
98330 0
98340 12
98350 13
98360 13
98370 8
98380 3
98390 1
98400 0
98410 2
98420 2
98430 2
98440 6
98450 13
98460 1
98470 8
98480 1
98490 4
98500 9
98510 3
98520 6
98530 4
98540 1
98550 2
98560 1
98570 4
98580 3
98590 9
98600 7
98610 4
98620 0
98630 5
98640 3
98650 1
98660 0
98670 0
98680 0
98690 1
98700 1
98710 1
98720 1
98730 3
98740 6
98750 14
98760 6
98770 10
98780 12
98790 14
98800 13
98810 9
98820 13
98830 10
98840 11
98850 15
98860 4
98870 1
98880 3
98890 1
98900 2
98910 3
98920 6
98930 6
98940 5
98950 4
98960 4
98970 1
98980 1
98990 2
99000 8
99010 3
99020 0
99030 4
99040 10
99050 8
99060 2
99070 0
99080 0
99090 1
99100 2
99110 0
99120 1
99130 2
99140 3
99150 3
99160 1
99170 1
99180 1
99190 3
99200 3
99210 3
99220 7
99230 3
99240 5
99250 10
99260 3
99270 1
99280 7
99290 3
99300 0
99310 17
99320 13
99330 6
99340 2
99350 2
99360 5
99370 7
99380 2
99390 5
99400 8
99410 1
99420 9
99430 6
99440 6
99450 5
99460 4
99470 3
99480 6
99490 5
99500 2
99510 11
99520 6
99530 2
99540 1
99550 2
99560 5
99570 5
99580 4
99590 3
99600 11
99610 12
99620 13
99630 5
99640 4
99650 2
99660 5
99670 2
99680 4
99690 6
99700 10
99710 8
99720 0
99730 2
99740 5
99750 4
99760 2
99770 7
99780 8
99790 0
99800 6
99810 16
99820 10
99830 9
99840 6
99850 5
99860 10
99870 4
99880 0
99890 12
99900 14
99910 4
99920 0
99930 4
99940 7
99950 2
99960 1
99970 8
99980 4
99990 5
