# Frame Contacts
30000 0
30010 0
30020 0
30030 0
30040 0
30050 0
30060 0
30070 0
30080 0
30090 0
30100 0
30110 0
30120 0
30130 0
30140 0
30150 0
30160 0
30170 0
30180 0
30190 0
30200 0
30210 0
30220 0
30230 0
30240 0
30250 0
30260 0
30270 0
30280 0
30290 0
30300 0
30310 0
30320 0
30330 0
30340 0
30350 0
30360 0
30370 0
30380 0
30390 0
30400 0
30410 0
30420 0
30430 0
30440 0
30450 0
30460 0
30470 0
30480 0
30490 0
30500 0
30510 0
30520 0
30530 0
30540 0
30550 0
30560 0
30570 0
30580 0
30590 0
30600 0
30610 0
30620 0
30630 0
30640 0
30650 0
30660 0
30670 0
30680 0
30690 0
30700 0
30710 0
30720 0
30730 0
30740 0
30750 0
30760 0
30770 0
30780 0
30790 0
30800 0
30810 0
30820 0
30830 0
30840 0
30850 0
30860 0
30870 0
30880 0
30890 0
30900 0
30910 0
30920 0
30930 0
30940 0
30950 0
30960 0
30970 0
30980 0
30990 0
31000 0
31010 0
31020 0
31030 0
31040 0
31050 0
31060 0
31070 0
31080 0
31090 0
31100 0
31110 0
31120 0
31130 0
31140 0
31150 0
31160 0
31170 0
31180 0
31190 0
31200 0
31210 0
31220 0
31230 0
31240 0
31250 0
31260 0
31270 0
31280 0
31290 0
31300 0
31310 0
31320 0
31330 0
31340 0
31350 0
31360 0
31370 0
31380 0
31390 0
31400 0
31410 0
31420 0
31430 0
31440 0
31450 0
31460 0
31470 0
31480 0
31490 0
31500 0
31510 0
31520 0
31530 0
31540 0
31550 0
31560 0
31570 0
31580 0
31590 0
31600 0
31610 0
31620 0
31630 0
31640 0
31650 0
31660 0
31670 0
31680 0
31690 0
31700 0
31710 0
31720 0
31730 0
31740 0
31750 0
31760 0
31770 0
31780 0
31790 0
31800 0
31810 0
31820 0
31830 0
31840 0
31850 0
31860 0
31870 0
31880 0
31890 0
31900 0
31910 0
31920 0
31930 0
31940 0
31950 0
31960 0
31970 0
31980 0
31990 0
32000 0
32010 0
32020 0
32030 0
32040 0
32050 0
32060 0
32070 0
32080 0
32090 0
32100 0
32110 0
32120 0
32130 0
32140 0
32150 0
32160 0
32170 0
32180 0
32190 0
32200 0
32210 0
32220 0
32230 0
32240 0
32250 0
32260 0
32270 0
32280 0
32290 0
32300 0
32310 0
32320 0
32330 0
32340 0
32350 0
32360 0
32370 0
32380 0
32390 0
32400 0
32410 0
32420 0
32430 0
32440 0
32450 0
32460 0
32470 0
32480 0
32490 0
32500 0
32510 0
32520 0
32530 0
32540 0
32550 0
32560 0
32570 0
32580 0
32590 0
32600 0
32610 0
32620 0
32630 0
32640 0
32650 0
32660 0
32670 0
32680 0
32690 0
32700 0
32710 0
32720 0
32730 0
32740 0
32750 0
32760 0
32770 0
32780 0
32790 0
32800 0
32810 0
32820 0
32830 0
32840 0
32850 0
32860 0
32870 0
32880 0
32890 0
32900 0
32910 0
32920 0
32930 0
32940 0
32950 0
32960 0
32970 0
32980 0
32990 0
33000 0
33010 0
33020 0
33030 0
33040 0
33050 0
33060 0
33070 0
33080 0
33090 0
33100 0
33110 0
33120 0
33130 0
33140 0
33150 0
33160 0
33170 0
33180 0
33190 0
33200 0
33210 0
33220 0
33230 0
33240 0
33250 0
33260 0
33270 0
33280 0
33290 0
33300 0
33310 0
33320 0
33330 0
33340 0
33350 0
33360 0
33370 0
33380 0
33390 0
33400 0
33410 0
33420 0
33430 0
33440 0
33450 0
33460 0
33470 0
33480 0
33490 0
33500 0
33510 0
33520 0
33530 0
33540 0
33550 0
33560 0
33570 0
33580 0
33590 0
33600 0
33610 0
33620 0
33630 0
33640 0
33650 0
33660 0
33670 0
33680 0
33690 0
33700 0
33710 0
33720 0
33730 0
33740 0
33750 0
33760 0
33770 0
33780 0
33790 0
33800 0
33810 0
33820 0
33830 0
33840 0
33850 0
33860 0
33870 0
33880 0
33890 0
33900 0
33910 0
33920 0
33930 0
33940 0
33950 0
33960 0
33970 0
33980 0
33990 0
34000 0
34010 0
34020 0
34030 0
34040 0
34050 0
34060 0
34070 0
34080 0
34090 0
34100 0
34110 0
34120 0
34130 0
34140 0
34150 0
34160 0
34170 0
34180 0
34190 0
34200 0
34210 0
34220 0
34230 0
34240 0
34250 0
34260 0
34270 0
34280 0
34290 0
34300 0
34310 0
34320 0
34330 0
34340 0
34350 0
34360 0
34370 0
34380 0
34390 0
34400 0
34410 0
34420 0
34430 0
34440 0
34450 0
34460 0
34470 0
34480 0
34490 0
34500 0
34510 0
34520 0
34530 0
34540 0
34550 0
34560 0
34570 0
34580 0
34590 0
34600 0
34610 0
34620 0
34630 0
34640 0
34650 0
34660 0
34670 0
34680 0
34690 0
34700 0
34710 0
34720 0
34730 0
34740 0
34750 0
34760 0
34770 0
34780 0
34790 0
34800 0
34810 0
34820 0
34830 0
34840 0
34850 0
34860 0
34870 0
34880 0
34890 0
34900 0
34910 0
34920 0
34930 0
34940 0
34950 0
34960 0
34970 0
34980 0
34990 0
35000 0
35010 0
35020 0
35030 0
35040 0
35050 0
35060 0
35070 0
35080 0
35090 0
35100 0
35110 0
35120 0
35130 0
35140 0
35150 0
35160 0
35170 0
35180 0
35190 0
35200 0
35210 0
35220 0
35230 0
35240 0
35250 0
35260 0
35270 0
35280 0
35290 0
35300 0
35310 0
35320 0
35330 0
35340 0
35350 0
35360 0
35370 0
35380 0
35390 0
35400 0
35410 0
35420 0
35430 0
35440 0
35450 0
35460 0
35470 0
35480 0
35490 0
35500 0
35510 0
35520 0
35530 0
35540 0
35550 0
35560 0
35570 0
35580 0
35590 0
35600 0
35610 0
35620 0
35630 0
35640 0
35650 0
35660 0
35670 0
35680 0
35690 0
35700 0
35710 0
35720 0
35730 0
35740 0
35750 0
35760 0
35770 0
35780 0
35790 0
35800 0
35810 0
35820 0
35830 0
35840 0
35850 0
35860 0
35870 0
35880 0
35890 0
35900 0
35910 0
35920 0
35930 0
35940 0
35950 0
35960 0
35970 0
35980 0
35990 0
36000 0
36010 0
36020 0
36030 0
36040 0
36050 0
36060 0
36070 0
36080 0
36090 0
36100 0
36110 0
36120 0
36130 0
36140 0
36150 0
36160 0
36170 0
36180 0
36190 0
36200 0
36210 0
36220 0
36230 0
36240 0
36250 0
36260 0
36270 0
36280 0
36290 0
36300 0
36310 0
36320 0
36330 0
36340 0
36350 0
36360 0
36370 0
36380 0
36390 0
36400 0
36410 0
36420 0
36430 0
36440 0
36450 0
36460 0
36470 0
36480 0
36490 0
36500 0
36510 0
36520 0
36530 0
36540 0
36550 0
36560 0
36570 0
36580 0
36590 0
36600 0
36610 0
36620 0
36630 0
36640 0
36650 0
36660 0
36670 0
36680 0
36690 0
36700 0
36710 0
36720 0
36730 0
36740 0
36750 0
36760 0
36770 0
36780 0
36790 0
36800 0
36810 0
36820 0
36830 0
36840 0
36850 0
36860 0
36870 0
36880 0
36890 0
36900 0
36910 0
36920 0
36930 0
36940 0
36950 0
36960 0
36970 0
36980 0
36990 0
37000 0
37010 0
37020 0
37030 0
37040 0
37050 0
37060 0
37070 0
37080 0
37090 0
37100 0
37110 0
37120 0
37130 0
37140 0
37150 0
37160 0
37170 0
37180 0
37190 0
37200 0
37210 0
37220 0
37230 0
37240 0
37250 0
37260 0
37270 0
37280 0
37290 0
37300 0
37310 0
37320 0
37330 0
37340 0
37350 0
37360 0
37370 0
37380 0
37390 0
37400 0
37410 0
37420 0
37430 0
37440 0
37450 0
37460 0
37470 0
37480 0
37490 0
37500 0
37510 0
37520 0
37530 0
37540 0
37550 0
37560 0
37570 0
37580 0
37590 0
37600 0
37610 0
37620 0
37630 0
37640 0
37650 0
37660 0
37670 0
37680 0
37690 0
37700 0
37710 0
37720 0
37730 0
37740 0
37750 0
37760 0
37770 0
37780 0
37790 0
37800 0
37810 0
37820 0
37830 0
37840 0
37850 0
37860 0
37870 0
37880 0
37890 0
37900 0
37910 0
37920 0
37930 0
37940 0
37950 0
37960 0
37970 0
37980 0
37990 0
38000 0
38010 0
38020 0
38030 0
38040 0
38050 0
38060 0
38070 0
38080 0
38090 0
38100 0
38110 0
38120 0
38130 0
38140 0
38150 0
38160 0
38170 0
38180 0
38190 0
38200 0
38210 0
38220 0
38230 0
38240 0
38250 0
38260 0
38270 0
38280 0
38290 0
38300 0
38310 0
38320 0
38330 0
38340 0
38350 0
38360 0
38370 0
38380 0
38390 0
38400 0
38410 0
38420 0
38430 0
38440 0
38450 0
38460 0
38470 0
38480 0
38490 0
38500 0
38510 0
38520 0
38530 0
38540 0
38550 0
38560 0
38570 0
38580 0
38590 0
38600 0
38610 0
38620 0
38630 0
38640 0
38650 0
38660 0
38670 0
38680 0
38690 0
38700 0
38710 0
38720 0
38730 0
38740 0
38750 0
38760 0
38770 0
38780 0
38790 0
38800 0
38810 0
38820 0
38830 0
38840 0
38850 0
38860 0
38870 0
38880 0
38890 0
38900 0
38910 0
38920 0
38930 0
38940 0
38950 0
38960 0
38970 0
38980 0
38990 0
39000 0
39010 0
39020 0
39030 0
39040 0
39050 0
39060 0
39070 0
39080 0
39090 0
39100 0
39110 0
39120 0
39130 0
39140 0
39150 0
39160 0
39170 0
39180 0
39190 0
39200 0
39210 0
39220 0
39230 0
39240 0
39250 0
39260 0
39270 0
39280 0
39290 0
39300 0
39310 0
39320 0
39330 0
39340 0
39350 0
39360 0
39370 0
39380 0
39390 0
39400 0
39410 0
39420 0
39430 0
39440 0
39450 0
39460 0
39470 0
39480 0
39490 0
39500 0
39510 0
39520 0
39530 0
39540 0
39550 0
39560 0
39570 0
39580 0
39590 0
39600 0
39610 0
39620 0
39630 0
39640 0
39650 0
39660 0
39670 0
39680 0
39690 0
39700 0
39710 0
39720 0
39730 0
39740 0
39750 0
39760 0
39770 0
39780 0
39790 0
39800 0
39810 0
39820 0
39830 0
39840 0
39850 0
39860 0
39870 0
39880 0
39890 0
39900 0
39910 0
39920 0
39930 0
39940 0
39950 0
39960 0
39970 0
39980 0
39990 0
40000 0
40010 0
40020 0
40030 0
40040 0
40050 0
40060 0
40070 0
40080 0
40090 0
40100 0
40110 0
40120 0
40130 0
40140 0
40150 0
40160 0
40170 0
40180 0
40190 0
40200 0
40210 0
40220 0
40230 0
40240 0
40250 0
40260 0
40270 0
40280 0
40290 0
40300 0
40310 0
40320 0
40330 0
40340 0
40350 0
40360 0
40370 0
40380 0
40390 0
40400 0
40410 0
40420 0
40430 0
40440 0
40450 0
40460 0
40470 0
40480 0
40490 0
40500 0
40510 0
40520 0
40530 0
40540 0
40550 0
40560 0
40570 0
40580 0
40590 0
40600 0
40610 0
40620 0
40630 0
40640 0
40650 0
40660 0
40670 0
40680 0
40690 0
40700 0
40710 0
40720 0
40730 0
40740 0
40750 0
40760 0
40770 0
40780 0
40790 0
40800 0
40810 0
40820 0
40830 0
40840 0
40850 0
40860 0
40870 0
40880 0
40890 0
40900 0
40910 0
40920 0
40930 0
40940 0
40950 0
40960 0
40970 0
40980 0
40990 0
41000 0
41010 0
41020 0
41030 0
41040 0
41050 0
41060 0
41070 0
41080 0
41090 0
41100 0
41110 0
41120 0
41130 0
41140 0
41150 0
41160 0
41170 0
41180 0
41190 0
41200 0
41210 0
41220 0
41230 0
41240 0
41250 0
41260 0
41270 0
41280 0
41290 0
41300 0
41310 0
41320 0
41330 0
41340 0
41350 0
41360 0
41370 0
41380 0
41390 0
41400 0
41410 0
41420 0
41430 0
41440 0
41450 0
41460 0
41470 0
41480 0
41490 0
41500 0
41510 0
41520 0
41530 0
41540 0
41550 0
41560 0
41570 0
41580 0
41590 0
41600 0
41610 0
41620 0
41630 0
41640 0
41650 0
41660 0
41670 0
41680 0
41690 0
41700 0
41710 0
41720 0
41730 0
41740 0
41750 0
41760 0
41770 0
41780 0
41790 0
41800 0
41810 0
41820 0
41830 0
41840 0
41850 0
41860 0
41870 0
41880 0
41890 0
41900 0
41910 0
41920 0
41930 0
41940 0
41950 0
41960 0
41970 0
41980 0
41990 0
42000 0
42010 0
42020 0
42030 0
42040 0
42050 0
42060 0
42070 0
42080 0
42090 0
42100 0
42110 0
42120 0
42130 0
42140 0
42150 0
42160 0
42170 0
42180 0
42190 0
42200 0
42210 0
42220 0
42230 0
42240 0
42250 0
42260 0
42270 0
42280 0
42290 0
42300 0
42310 0
42320 0
42330 0
42340 0
42350 0
42360 0
42370 0
42380 0
42390 0
42400 0
42410 0
42420 0
42430 0
42440 0
42450 0
42460 0
42470 0
42480 0
42490 0
42500 0
42510 0
42520 0
42530 0
42540 0
42550 0
42560 0
42570 0
42580 0
42590 0
42600 0
42610 0
42620 0
42630 0
42640 0
42650 0
42660 0
42670 0
42680 0
42690 0
42700 0
42710 0
42720 0
42730 0
42740 0
42750 0
42760 0
42770 0
42780 0
42790 0
42800 0
42810 0
42820 0
42830 0
42840 0
42850 0
42860 0
42870 0
42880 0
42890 0
42900 0
42910 0
42920 0
42930 0
42940 0
42950 0
42960 0
42970 0
42980 0
42990 0
43000 0
43010 0
43020 0
43030 0
43040 0
43050 0
43060 0
43070 0
43080 0
43090 0
43100 0
43110 0
43120 0
43130 0
43140 0
43150 0
43160 0
43170 0
43180 0
43190 0
43200 0
43210 0
43220 0
43230 0
43240 0
43250 0
43260 0
43270 0
43280 0
43290 0
43300 0
43310 0
43320 0
43330 0
43340 0
43350 0
43360 0
43370 0
43380 0
43390 0
43400 0
43410 0
43420 0
43430 0
43440 0
43450 0
43460 0
43470 0
43480 0
43490 0
43500 0
43510 0
43520 0
43530 0
43540 0
43550 0
43560 0
43570 0
43580 0
43590 0
43600 0
43610 0
43620 0
43630 0
43640 0
43650 0
43660 0
43670 0
43680 0
43690 0
43700 0
43710 0
43720 0
43730 0
43740 0
43750 0
43760 0
43770 0
43780 0
43790 0
43800 0
43810 0
43820 0
43830 0
43840 0
43850 0
43860 0
43870 0
43880 0
43890 0
43900 0
43910 0
43920 0
43930 0
43940 0
43950 0
43960 0
43970 0
43980 0
43990 0
44000 0
44010 0
44020 0
44030 0
44040 0
44050 0
44060 0
44070 0
44080 0
44090 0
44100 0
44110 0
44120 0
44130 0
44140 0
44150 0
44160 0
44170 0
44180 0
44190 0
44200 0
44210 0
44220 0
44230 0
44240 0
44250 0
44260 0
44270 0
44280 0
44290 0
44300 0
44310 0
44320 0
44330 0
44340 0
44350 0
44360 0
44370 0
44380 0
44390 0
44400 0
44410 0
44420 0
44430 0
44440 0
44450 0
44460 0
44470 0
44480 0
44490 0
44500 0
44510 0
44520 0
44530 0
44540 0
44550 0
44560 0
44570 0
44580 0
44590 0
44600 0
44610 0
44620 0
44630 0
44640 0
44650 0
44660 0
44670 0
44680 0
44690 0
44700 0
44710 0
44720 0
44730 0
44740 0
44750 0
44760 0
44770 0
44780 0
44790 0
44800 0
44810 0
44820 0
44830 0
44840 0
44850 0
44860 0
44870 0
44880 0
44890 0
44900 0
44910 0
44920 0
44930 0
44940 0
44950 0
44960 0
44970 0
44980 0
44990 0
45000 0
45010 0
45020 0
45030 0
45040 0
45050 0
45060 0
45070 0
45080 0
45090 0
45100 0
45110 0
45120 0
45130 0
45140 0
45150 0
45160 0
45170 0
45180 0
45190 0
45200 0
45210 0
45220 0
45230 0
45240 0
45250 0
45260 0
45270 0
45280 0
45290 0
45300 0
45310 0
45320 0
45330 0
45340 0
45350 0
45360 0
45370 0
45380 0
45390 0
45400 0
45410 0
45420 0
45430 0
45440 0
45450 0
45460 0
45470 0
45480 0
45490 0
45500 0
45510 0
45520 0
45530 0
45540 0
45550 0
45560 0
45570 0
45580 0
45590 0
45600 0
45610 0
45620 0
45630 0
45640 0
45650 0
45660 0
45670 0
45680 0
45690 0
45700 0
45710 0
45720 0
45730 0
45740 0
45750 0
45760 0
45770 0
45780 0
45790 0
45800 0
45810 0
45820 0
45830 0
45840 0
45850 0
45860 0
45870 0
45880 0
45890 0
45900 0
45910 0
45920 0
45930 0
45940 0
45950 0
45960 0
45970 0
45980 0
45990 0
46000 0
46010 0
46020 0
46030 0
46040 0
46050 0
46060 0
46070 0
46080 0
46090 0
46100 0
46110 0
46120 0
46130 0
46140 0
46150 0
46160 0
46170 0
46180 0
46190 0
46200 0
46210 0
46220 0
46230 0
46240 0
46250 0
46260 0
46270 0
46280 0
46290 0
46300 0
46310 0
46320 0
46330 0
46340 0
46350 0
46360 0
46370 0
46380 0
46390 0
46400 0
46410 0
46420 0
46430 0
46440 0
46450 0
46460 0
46470 0
46480 0
46490 0
46500 0
46510 0
46520 0
46530 0
46540 0
46550 0
46560 0
46570 0
46580 0
46590 0
46600 0
46610 0
46620 0
46630 0
46640 0
46650 0
46660 0
46670 0
46680 0
46690 0
46700 0
46710 0
46720 0
46730 0
46740 0
46750 0
46760 0
46770 0
46780 0
46790 0
46800 0
46810 0
46820 0
46830 0
46840 0
46850 0
46860 0
46870 0
46880 0
46890 0
46900 0
46910 0
46920 0
46930 0
46940 0
46950 0
46960 0
46970 0
46980 0
46990 0
47000 0
47010 0
47020 0
47030 0
47040 0
47050 0
47060 0
47070 0
47080 0
47090 0
47100 0
47110 0
47120 0
47130 0
47140 0
47150 0
47160 0
47170 0
47180 0
47190 0
47200 0
47210 0
47220 0
47230 0
47240 0
47250 0
47260 0
47270 0
47280 0
47290 0
47300 0
47310 0
47320 0
47330 0
47340 0
47350 0
47360 0
47370 0
47380 0
47390 0
47400 0
47410 0
47420 0
47430 0
47440 0
47450 0
47460 0
47470 0
47480 0
47490 0
47500 0
47510 0
47520 0
47530 0
47540 0
47550 0
47560 0
47570 0
47580 0
47590 0
47600 0
47610 0
47620 0
47630 0
47640 0
47650 0
47660 0
47670 0
47680 0
47690 0
47700 0
47710 0
47720 0
47730 0
47740 0
47750 0
47760 0
47770 0
47780 0
47790 0
47800 0
47810 0
47820 0
47830 0
47840 0
47850 0
47860 0
47870 0
47880 0
47890 0
47900 0
47910 0
47920 0
47930 0
47940 0
47950 0
47960 0
47970 0
47980 0
47990 0
48000 0
48010 0
48020 0
48030 0
48040 0
48050 0
48060 0
48070 0
48080 0
48090 0
48100 0
48110 0
48120 0
48130 0
48140 0
48150 0
48160 0
48170 0
48180 0
48190 0
48200 0
48210 0
48220 0
48230 0
48240 0
48250 0
48260 0
48270 0
48280 0
48290 0
48300 0
48310 0
48320 0
48330 0
48340 0
48350 0
48360 0
48370 0
48380 0
48390 0
48400 0
48410 0
48420 0
48430 0
48440 0
48450 0
48460 0
48470 0
48480 0
48490 0
48500 0
48510 0
48520 0
48530 0
48540 0
48550 0
48560 0
48570 0
48580 0
48590 0
48600 0
48610 0
48620 0
48630 0
48640 0
48650 0
48660 0
48670 0
48680 0
48690 0
48700 0
48710 0
48720 0
48730 0
48740 0
48750 0
48760 0
48770 0
48780 0
48790 0
48800 0
48810 0
48820 0
48830 0
48840 0
48850 0
48860 0
48870 0
48880 0
48890 0
48900 0
48910 0
48920 0
48930 0
48940 0
48950 0
48960 0
48970 0
48980 0
48990 0
49000 0
49010 0
49020 0
49030 0
49040 0
49050 0
49060 0
49070 0
49080 0
49090 0
49100 0
49110 0
49120 0
49130 0
49140 0
49150 0
49160 0
49170 0
49180 0
49190 0
49200 0
49210 0
49220 0
49230 0
49240 0
49250 0
49260 0
49270 0
49280 0
49290 0
49300 0
49310 0
49320 0
49330 0
49340 0
49350 0
49360 0
49370 0
49380 0
49390 0
49400 0
49410 0
49420 0
49430 0
49440 0
49450 0
49460 0
49470 0
49480 0
49490 0
49500 0
49510 0
49520 0
49530 0
49540 0
49550 0
49560 0
49570 0
49580 0
49590 0
49600 0
49610 0
49620 0
49630 0
49640 0
49650 0
49660 0
49670 0
49680 0
49690 0
49700 0
49710 0
49720 0
49730 0
49740 0
49750 0
49760 0
49770 0
49780 0
49790 0
49800 0
49810 0
49820 0
49830 0
49840 0
49850 0
49860 0
49870 0
49880 0
49890 0
49900 0
49910 0
49920 0
49930 0
49940 0
49950 0
49960 0
49970 0
49980 0
49990 0
50000 0
50010 0
50020 0
50030 0
50040 0
50050 0
50060 0
50070 0
50080 0
50090 0
50100 0
50110 0
50120 0
50130 0
50140 0
50150 0
50160 0
50170 0
50180 0
50190 0
50200 0
50210 0
50220 0
50230 0
50240 0
50250 0
50260 0
50270 0
50280 0
50290 0
50300 0
50310 0
50320 0
50330 0
50340 0
50350 0
50360 0
50370 0
50380 0
50390 0
50400 0
50410 0
50420 0
50430 0
50440 0
50450 0
50460 0
50470 0
50480 0
50490 0
50500 0
50510 0
50520 0
50530 0
50540 0
50550 0
50560 0
50570 0
50580 0
50590 0
50600 0
50610 0
50620 0
50630 0
50640 0
50650 0
50660 0
50670 0
50680 0
50690 0
50700 0
50710 0
50720 0
50730 0
50740 0
50750 0
50760 0
50770 0
50780 0
50790 0
50800 0
50810 0
50820 0
50830 0
50840 0
50850 0
50860 0
50870 0
50880 0
50890 0
50900 0
50910 0
50920 0
50930 0
50940 0
50950 0
50960 0
50970 0
50980 0
50990 0
51000 0
51010 0
51020 0
51030 0
51040 0
51050 0
51060 0
51070 0
51080 0
51090 0
51100 0
51110 0
51120 0
51130 0
51140 0
51150 0
51160 0
51170 0
51180 0
51190 0
51200 0
51210 0
51220 0
51230 0
51240 0
51250 0
51260 0
51270 0
51280 0
51290 0
51300 0
51310 0
51320 0
51330 0
51340 0
51350 0
51360 0
51370 0
51380 0
51390 0
51400 0
51410 0
51420 0
51430 0
51440 0
51450 0
51460 0
51470 0
51480 0
51490 0
51500 0
51510 0
51520 0
51530 0
51540 0
51550 0
51560 0
51570 0
51580 0
51590 0
51600 0
51610 0
51620 0
51630 0
51640 0
51650 0
51660 0
51670 0
51680 0
51690 0
51700 0
51710 0
51720 0
51730 0
51740 0
51750 0
51760 0
51770 0
51780 0
51790 0
51800 0
51810 0
51820 0
51830 0
51840 0
51850 0
51860 0
51870 0
51880 0
51890 0
51900 0
51910 0
51920 0
51930 0
51940 0
51950 0
51960 0
51970 0
51980 0
51990 0
52000 0
52010 0
52020 0
52030 0
52040 0
52050 0
52060 0
52070 0
52080 0
52090 0
52100 0
52110 0
52120 0
52130 0
52140 0
52150 0
52160 0
52170 0
52180 0
52190 0
52200 0
52210 0
52220 0
52230 0
52240 0
52250 0
52260 0
52270 0
52280 0
52290 0
52300 0
52310 0
52320 0
52330 0
52340 0
52350 0
52360 0
52370 0
52380 0
52390 0
52400 0
52410 0
52420 0
52430 0
52440 0
52450 0
52460 0
52470 0
52480 0
52490 0
52500 0
52510 0
52520 0
52530 0
52540 0
52550 0
52560 0
52570 0
52580 0
52590 0
52600 0
52610 0
52620 0
52630 0
52640 0
52650 0
52660 0
52670 0
52680 0
52690 0
52700 0
52710 0
52720 0
52730 0
52740 0
52750 0
52760 0
52770 0
52780 0
52790 0
52800 0
52810 0
52820 0
52830 0
52840 0
52850 0
52860 0
52870 0
52880 0
52890 0
52900 0
52910 0
52920 0
52930 0
52940 0
52950 0
52960 0
52970 0
52980 0
52990 0
53000 0
53010 0
53020 0
53030 0
53040 0
53050 0
53060 0
53070 0
53080 0
53090 0
53100 0
53110 0
53120 0
53130 0
53140 0
53150 0
53160 0
53170 0
53180 0
53190 0
53200 0
53210 0
53220 0
53230 0
53240 0
53250 0
53260 0
53270 0
53280 0
53290 0
53300 0
53310 0
53320 0
53330 0
53340 0
53350 0
53360 0
53370 0
53380 0
53390 0
53400 0
53410 0
53420 0
53430 0
53440 0
53450 0
53460 0
53470 0
53480 0
53490 0
53500 0
53510 0
53520 0
53530 0
53540 0
53550 0
53560 0
53570 0
53580 0
53590 0
53600 0
53610 0
53620 0
53630 0
53640 0
53650 0
53660 0
53670 0
53680 0
53690 0
53700 0
53710 0
53720 0
53730 0
53740 0
53750 0
53760 0
53770 0
53780 0
53790 0
53800 0
53810 0
53820 0
53830 0
53840 0
53850 0
53860 0
53870 0
53880 0
53890 0
53900 0
53910 0
53920 0
53930 0
53940 0
53950 0
53960 0
53970 0
53980 0
53990 0
54000 0
54010 0
54020 0
54030 0
54040 0
54050 0
54060 0
54070 0
54080 0
54090 0
54100 0
54110 0
54120 0
54130 0
54140 0
54150 0
54160 0
54170 0
54180 0
54190 0
54200 0
54210 0
54220 0
54230 0
54240 0
54250 0
54260 0
54270 0
54280 0
54290 0
54300 0
54310 0
54320 0
54330 0
54340 0
54350 0
54360 0
54370 0
54380 0
54390 0
54400 0
54410 0
54420 0
54430 0
54440 0
54450 0
54460 0
54470 0
54480 0
54490 0
54500 0
54510 0
54520 0
54530 0
54540 0
54550 0
54560 0
54570 0
54580 0
54590 0
54600 0
54610 0
54620 0
54630 0
54640 0
54650 0
54660 0
54670 0
54680 0
54690 0
54700 0
54710 0
54720 0
54730 0
54740 0
54750 0
54760 0
54770 0
54780 0
54790 0
54800 0
54810 0
54820 0
54830 0
54840 0
54850 0
54860 0
54870 0
54880 0
54890 0
54900 0
54910 0
54920 0
54930 0
54940 0
54950 0
54960 0
54970 0
54980 0
54990 0
55000 0
55010 0
55020 0
55030 0
55040 0
55050 0
55060 0
55070 0
55080 0
55090 0
55100 0
55110 0
55120 0
55130 0
55140 0
55150 0
55160 0
55170 0
55180 0
55190 0
55200 0
55210 0
55220 0
55230 0
55240 0
55250 0
55260 0
55270 0
55280 0
55290 0
55300 0
55310 0
55320 0
55330 0
55340 0
55350 0
55360 0
55370 0
55380 0
55390 0
55400 0
55410 0
55420 0
55430 0
55440 0
55450 0
55460 0
55470 0
55480 0
55490 0
55500 0
55510 0
55520 0
55530 0
55540 0
55550 0
55560 0
55570 0
55580 0
55590 0
55600 0
55610 0
55620 0
55630 0
55640 0
55650 0
55660 0
55670 0
55680 0
55690 0
55700 0
55710 0
55720 0
55730 0
55740 0
55750 0
55760 0
55770 0
55780 0
55790 0
55800 0
55810 0
55820 0
55830 0
55840 0
55850 0
55860 0
55870 0
55880 0
55890 0
55900 0
55910 0
55920 0
55930 0
55940 0
55950 0
55960 0
55970 0
55980 0
55990 0
56000 0
56010 0
56020 0
56030 0
56040 0
56050 0
56060 0
56070 0
56080 0
56090 0
56100 0
56110 0
56120 0
56130 0
56140 0
56150 0
56160 0
56170 0
56180 0
56190 0
56200 0
56210 0
56220 0
56230 0
56240 0
56250 0
56260 0
56270 0
56280 0
56290 0
56300 0
56310 0
56320 0
56330 0
56340 0
56350 0
56360 0
56370 0
56380 0
56390 0
56400 0
56410 0
56420 0
56430 0
56440 0
56450 0
56460 0
56470 0
56480 0
56490 0
56500 0
56510 0
56520 0
56530 0
56540 0
56550 0
56560 0
56570 0
56580 0
56590 0
56600 0
56610 0
56620 0
56630 0
56640 0
56650 0
56660 0
56670 0
56680 0
56690 0
56700 0
56710 0
56720 0
56730 0
56740 0
56750 0
56760 0
56770 0
56780 0
56790 0
56800 0
56810 0
56820 0
56830 0
56840 0
56850 0
56860 0
56870 0
56880 0
56890 0
56900 0
56910 0
56920 0
56930 0
56940 0
56950 0
56960 0
56970 0
56980 0
56990 0
57000 0
57010 0
57020 0
57030 0
57040 0
57050 0
57060 0
57070 0
57080 0
57090 0
57100 0
57110 0
57120 0
57130 0
57140 0
57150 0
57160 0
57170 0
57180 0
57190 0
57200 0
57210 0
57220 0
57230 0
57240 0
57250 0
57260 0
57270 0
57280 0
57290 0
57300 0
57310 0
57320 0
57330 0
57340 0
57350 0
57360 0
57370 0
57380 0
57390 0
57400 0
57410 0
57420 0
57430 0
57440 0
57450 0
57460 0
57470 0
57480 0
57490 0
57500 0
57510 0
57520 0
57530 0
57540 0
57550 0
57560 0
57570 0
57580 0
57590 0
57600 0
57610 0
57620 0
57630 0
57640 0
57650 0
57660 0
57670 0
57680 0
57690 0
57700 0
57710 0
57720 0
57730 0
57740 0
57750 0
57760 0
57770 0
57780 0
57790 0
57800 0
57810 0
57820 0
57830 0
57840 0
57850 0
57860 0
57870 0
57880 0
57890 0
57900 0
57910 0
57920 0
57930 0
57940 0
57950 0
57960 0
57970 0
57980 0
57990 0
58000 0
58010 0
58020 0
58030 0
58040 0
58050 0
58060 0
58070 0
58080 0
58090 0
58100 0
58110 0
58120 0
58130 0
58140 0
58150 0
58160 0
58170 0
58180 0
58190 0
58200 0
58210 0
58220 0
58230 0
58240 0
58250 0
58260 0
58270 0
58280 0
58290 0
58300 0
58310 0
58320 0
58330 0
58340 0
58350 0
58360 0
58370 0
58380 0
58390 0
58400 0
58410 0
58420 0
58430 0
58440 0
58450 0
58460 0
58470 0
58480 0
58490 0
58500 0
58510 0
58520 0
58530 0
58540 0
58550 0
58560 0
58570 0
58580 0
58590 0
58600 0
58610 0
58620 0
58630 0
58640 0
58650 0
58660 0
58670 0
58680 0
58690 0
58700 0
58710 0
58720 0
58730 0
58740 0
58750 0
58760 0
58770 0
58780 0
58790 0
58800 0
58810 0
58820 0
58830 0
58840 0
58850 0
58860 0
58870 0
58880 0
58890 0
58900 0
58910 0
58920 0
58930 0
58940 0
58950 0
58960 0
58970 0
58980 0
58990 0
59000 0
59010 0
59020 0
59030 0
59040 0
59050 0
59060 0
59070 0
59080 0
59090 0
59100 0
59110 0
59120 0
59130 0
59140 0
59150 0
59160 0
59170 0
59180 0
59190 0
59200 0
59210 0
59220 0
59230 0
59240 0
59250 0
59260 0
59270 0
59280 0
59290 0
59300 0
59310 0
59320 0
59330 0
59340 0
59350 0
59360 0
59370 0
59380 0
59390 0
59400 0
59410 0
59420 0
59430 0
59440 0
59450 0
59460 0
59470 0
59480 0
59490 0
59500 0
59510 0
59520 0
59530 0
59540 0
59550 0
59560 0
59570 0
59580 0
59590 0
59600 0
59610 0
59620 0
59630 1
59640 0
59650 0
59660 0
59670 0
59680 0
59690 0
59700 0
59710 0
59720 0
59730 0
59740 0
59750 0
59760 0
59770 0
59780 0
59790 2
59800 0
59810 0
59820 0
59830 0
59840 0
59850 0
59860 0
59870 0
59880 0
59890 0
59900 0
59910 0
59920 0
59930 0
59940 0
59950 0
59960 0
59970 0
59980 0
59990 0
60000 0
60010 0
60020 0
60030 0
60040 0
60050 0
60060 0
60070 0
60080 0
60090 0
60100 0
60110 0
60120 0
60130 0
60140 0
60150 0
60160 0
60170 0
60180 0
60190 0
60200 0
60210 0
60220 1
60230 3
60240 0
60250 0
60260 0
60270 0
60280 6
60290 2
60300 5
60310 6
60320 6
60330 6
60340 5
60350 6
60360 0
60370 1
60380 0
60390 1
60400 0
60410 4
60420 6
60430 6
60440 0
60450 0
60460 0
60470 0
60480 0
60490 0
60500 0
60510 0
60520 0
60530 0
60540 0
60550 0
60560 0
60570 0
60580 0
60590 0
60600 0
60610 0
60620 0
60630 0
60640 4
60650 3
60660 6
60670 3
60680 4
60690 4
60700 0
60710 0
60720 1
60730 0
60740 0
60750 0
60760 0
60770 0
60780 0
60790 0
60800 0
60810 0
60820 0
60830 0
60840 0
60850 0
60860 0
60870 0
60880 0
60890 0
60900 0
60910 0
60920 0
60930 0
60940 0
60950 0
60960 0
60970 0
60980 0
60990 0
61000 0
61010 0
61020 0
61030 0
61040 0
61050 0
61060 0
61070 0
61080 0
61090 0
61100 0
61110 0
61120 0
61130 0
61140 0
61150 0
61160 0
61170 0
61180 0
61190 0
61200 0
61210 0
61220 0
61230 0
61240 0
61250 0
61260 0
61270 0
61280 0
61290 0
61300 0
61310 0
61320 0
61330 0
61340 0
61350 0
61360 0
61370 0
61380 0
61390 0
61400 0
61410 0
61420 0
61430 0
61440 0
61450 0
61460 0
61470 0
61480 0
61490 0
61500 0
61510 0
61520 0
61530 0
61540 0
61550 0
61560 0
61570 0
61580 0
61590 0
61600 0
61610 0
61620 0
61630 0
61640 0
61650 0
61660 0
61670 0
61680 0
61690 0
61700 0
61710 0
61720 0
61730 0
61740 0
61750 0
61760 0
61770 0
61780 0
61790 0
61800 0
61810 0
61820 0
61830 0
61840 0
61850 0
61860 0
61870 0
61880 0
61890 0
61900 0
61910 0
61920 0
61930 0
61940 0
61950 0
61960 0
61970 0
61980 0
61990 0
62000 0
62010 0
62020 0
62030 0
62040 0
62050 0
62060 0
62070 0
62080 0
62090 0
62100 0
62110 0
62120 0
62130 0
62140 0
62150 0
62160 0
62170 1
62180 0
62190 0
62200 0
62210 1
62220 0
62230 1
62240 0
62250 0
62260 0
62270 0
62280 0
62290 0
62300 0
62310 0
62320 0
62330 0
62340 0
62350 0
62360 0
62370 0
62380 0
62390 0
62400 0
62410 0
62420 0
62430 1
62440 0
62450 1
62460 2
62470 4
62480 0
62490 0
62500 3
62510 2
62520 6
62530 1
62540 0
62550 0
62560 3
62570 3
62580 7
62590 3
62600 5
62610 3
62620 3
62630 1
62640 6
62650 2
62660 2
62670 8
62680 10
62690 0
62700 6
62710 3
62720 0
62730 0
62740 0
62750 0
62760 0
62770 0
62780 0
62790 6
62800 11
62810 4
62820 3
62830 0
62840 3
62850 6
62860 9
62870 4
62880 10
62890 0
62900 2
62910 5
62920 4
62930 0
62940 0
62950 0
62960 0
62970 0
62980 0
62990 0
63000 1
63010 0
63020 0
63030 0
63040 0
63050 1
63060 0
63070 0
63080 0
63090 0
63100 0
63110 0
63120 3
63130 10
63140 5
63150 2
63160 2
63170 4
63180 2
63190 2
63200 1
63210 1
63220 3
63230 7
63240 6
63250 6
63260 0
63270 2
63280 5
63290 3
63300 3
63310 6
63320 1
63330 6
63340 1
63350 1
63360 6
63370 1
63380 0
63390 4
63400 3
63410 0
63420 1
63430 1
63440 1
63450 1
63460 2
63470 0
63480 2
63490 1
63500 5
63510 5
63520 3
63530 2
63540 2
63550 2
63560 0
63570 2
63580 0
63590 0
63600 0
63610 5
63620 5
63630 3
63640 2
63650 1
63660 7
63670 0
63680 0
63690 0
63700 0
63710 0
63720 11
63730 6
63740 5
63750 7
63760 10
63770 7
63780 12
63790 4
63800 10
63810 10
63820 7
63830 9
63840 5
63850 8
63860 7
63870 6
63880 4
63890 8
63900 4
63910 5
63920 3
63930 8
63940 6
63950 8
63960 6
63970 0
63980 5
63990 12
64000 12
64010 9
64020 8
64030 0
64040 3
64050 6
64060 16
64070 8
64080 4
64090 3
64100 0
64110 0
64120 0
64130 0
64140 0
64150 4
64160 0
64170 0
64180 0
64190 0
64200 0
64210 0
64220 0
64230 2
64240 0
64250 0
64260 0
64270 1
64280 0
64290 0
64300 0
64310 0
64320 0
64330 0
64340 1
64350 0
64360 1
64370 2
64380 0
64390 1
64400 2
64410 2
64420 2
64430 7
64440 3
64450 3
64460 0
64470 4
64480 11
64490 10
64500 19
64510 10
64520 7
64530 7
64540 7
64550 7
64560 8
64570 12
64580 15
64590 16
64600 13
64610 16
64620 12
64630 17
64640 15
64650 13
64660 19
64670 4
64680 16
64690 18
64700 12
64710 12
64720 10
64730 4
64740 9
64750 9
64760 10
64770 6
64780 16
64790 10
64800 8
64810 8
64820 11
64830 1
64840 2
64850 10
64860 12
64870 13
64880 8
64890 12
64900 15
64910 15
64920 7
64930 4
64940 15
64950 12
64960 14
64970 15
64980 15
64990 15
65000 18
65010 16
65020 14
65030 13
65040 12
65050 9
65060 4
65070 8
65080 9
65090 13
65100 13
65110 8
65120 9
65130 18
65140 6
65150 11
65160 13
65170 12
65180 6
65190 14
65200 10
65210 16
65220 8
65230 12
65240 9
65250 4
65260 10
65270 2
65280 19
65290 18
65300 19
65310 6
65320 7
65330 12
65340 19
65350 11
65360 17
65370 11
65380 10
65390 18
65400 11
65410 18
65420 21
65430 10
65440 15
65450 9
65460 9
65470 15
65480 15
65490 15
65500 19
65510 15
65520 23
65530 16
65540 22
65550 20
65560 19
65570 15
65580 8
65590 13
65600 14
65610 15
65620 17
65630 15
65640 8
65650 19
65660 22
65670 16
65680 19
65690 19
65700 12
65710 15
65720 24
65730 10
65740 14
65750 12
65760 20
65770 17
65780 11
65790 11
65800 13
65810 16
65820 15
65830 17
65840 7
65850 23
65860 17
65870 15
65880 10
65890 13
65900 8
65910 4
65920 5
65930 12
65940 15
65950 7
65960 8
65970 11
65980 13
65990 1
66000 12
66010 2
66020 12
66030 13
66040 15
66050 8
66060 13
66070 7
66080 6
66090 5
66100 5
66110 4
66120 6
66130 6
66140 13
66150 10
66160 3
66170 2
66180 6
66190 8
66200 0
66210 0
66220 0
66230 0
66240 0
66250 0
66260 0
66270 0
66280 0
66290 0
66300 1
66310 0
66320 0
66330 0
66340 0
66350 0
66360 1
66370 0
66380 0
66390 0
66400 0
66410 0
66420 0
66430 0
66440 0
66450 0
66460 0
66470 0
66480 0
66490 0
66500 0
66510 0
66520 0
66530 0
66540 0
66550 0
66560 0
66570 0
66580 0
66590 0
66600 0
66610 0
66620 0
66630 0
66640 0
66650 0
66660 0
66670 0
66680 0
66690 0
66700 0
66710 0
66720 0
66730 0
66740 0
66750 0
66760 0
66770 0
66780 0
66790 0
66800 0
66810 0
66820 0
66830 0
66840 0
66850 0
66860 0
66870 0
66880 0
66890 0
66900 0
66910 1
66920 0
66930 0
66940 0
66950 0
66960 0
66970 0
66980 0
66990 0
67000 0
67010 0
67020 0
67030 0
67040 0
67050 0
67060 0
67070 0
67080 0
67090 0
67100 0
67110 0
67120 0
67130 0
67140 0
67150 0
67160 0
67170 0
67180 0
67190 0
67200 0
67210 1
67220 0
67230 0
67240 0
67250 0
67260 0
67270 1
67280 1
67290 0
67300 0
67310 0
67320 0
67330 0
67340 0
67350 0
67360 0
67370 0
67380 0
67390 0
67400 0
67410 0
67420 0
67430 0
67440 0
67450 0
67460 0
67470 0
67480 0
67490 0
67500 0
67510 0
67520 0
67530 0
67540 0
67550 1
67560 0
67570 2
67580 0
67590 0
67600 0
67610 0
67620 0
67630 0
67640 0
67650 0
67660 0
67670 0
67680 0
67690 0
67700 0
67710 0
67720 0
67730 0
67740 0
67750 0
67760 0
67770 0
67780 4
67790 4
67800 3
67810 1
67820 4
67830 5
67840 4
67850 2
67860 1
67870 4
67880 4
67890 4
67900 4
67910 4
67920 4
67930 2
67940 1
67950 1
67960 0
67970 0
67980 0
67990 0
68000 0
68010 0
68020 0
68030 0
68040 5
68050 1
68060 1
68070 4
68080 2
68090 4
68100 1
68110 3
68120 1
68130 2
68140 4
68150 5
68160 2
68170 3
68180 4
68190 3
68200 3
68210 4
68220 4
68230 1
68240 1
68250 1
68260 0
68270 0
68280 0
68290 0
68300 0
68310 0
68320 0
68330 0
68340 0
68350 1
68360 0
68370 0
68380 1
68390 4
68400 4
68410 0
68420 2
68430 1
68440 3
68450 0
68460 4
68470 0
68480 4
68490 4
68500 4
68510 4
68520 5
68530 5
68540 1
68550 4
68560 4
68570 0
68580 0
68590 2
68600 3
68610 4
68620 4
68630 4
68640 3
68650 0
68660 1
68670 1
68680 1
68690 6
68700 0
68710 1
68720 0
68730 1
68740 1
68750 1
68760 2
68770 0
68780 0
68790 5
68800 0
68810 0
68820 0
68830 0
68840 4
68850 1
68860 0
68870 0
68880 0
68890 0
68900 0
68910 0
68920 0
68930 0
68940 0
68950 0
68960 0
68970 0
68980 0
68990 0
69000 1
69010 3
69020 4
69030 2
69040 0
69050 0
69060 0
69070 0
69080 0
69090 0
69100 0
69110 0
69120 0
69130 0
69140 0
69150 0
69160 0
69170 0
69180 0
69190 0
69200 0
69210 0
69220 0
69230 1
69240 2
69250 2
69260 0
69270 0
69280 0
69290 0
69300 0
69310 0
69320 0
69330 0
69340 0
69350 0
69360 0
69370 0
69380 0
69390 0
69400 0
69410 0
69420 0
69430 0
69440 0
69450 0
69460 1
69470 0
69480 0
69490 0
69500 0
69510 0
69520 0
69530 0
69540 0
69550 0
69560 0
69570 0
69580 0
69590 0
69600 0
69610 0
69620 0
69630 0
69640 0
69650 0
69660 0
69670 0
69680 0
69690 0
69700 0
69710 0
69720 0
69730 0
69740 0
69750 0
69760 0
69770 0
69780 0
69790 0
69800 0
69810 0
69820 0
69830 0
69840 0
69850 0
69860 0
69870 0
69880 0
69890 0
69900 0
69910 0
69920 0
69930 0
69940 0
69950 0
69960 0
69970 0
69980 0
69990 0
70000 0
70010 0
70020 0
70030 0
70040 0
70050 0
70060 0
70070 0
70080 0
70090 0
70100 0
70110 1
70120 2
70130 0
70140 0
70150 0
70160 1
70170 0
70180 0
70190 1
70200 0
70210 0
70220 6
70230 1
70240 0
70250 4
70260 5
70270 0
70280 0
70290 2
70300 1
70310 1
70320 1
70330 2
70340 3
70350 1
70360 1
70370 2
70380 0
70390 2
70400 1
70410 1
70420 0
70430 1
70440 2
70450 1
70460 2
70470 1
70480 1
70490 1
70500 1
70510 1
70520 2
70530 1
70540 1
70550 1
70560 0
70570 1
70580 1
70590 1
70600 2
70610 2
70620 4
70630 1
70640 5
70650 2
70660 1
70670 1
70680 1
70690 1
70700 1
70710 2
70720 3
70730 1
70740 1
70750 6
70760 4
70770 0
70780 4
70790 3
70800 1
70810 1
70820 1
70830 1
70840 1
70850 0
70860 1
70870 1
70880 1
70890 4
70900 5
70910 3
70920 4
70930 1
70940 1
70950 4
70960 0
70970 4
70980 1
70990 3
71000 1
71010 0
71020 4
71030 1
71040 2
71050 3
71060 2
71070 1
71080 1
71090 2
71100 3
71110 3
71120 5
71130 1
71140 3
71150 0
71160 0
71170 2
71180 0
71190 0
71200 2
71210 4
71220 1
71230 1
71240 1
71250 1
71260 1
71270 1
71280 1
71290 2
71300 4
71310 3
71320 4
71330 0
71340 0
71350 1
71360 0
71370 0
71380 0
71390 0
71400 0
71410 0
71420 0
71430 0
71440 0
71450 0
71460 0
71470 0
71480 0
71490 0
71500 0
71510 0
71520 0
71530 0
71540 0
71550 0
71560 0
71570 0
71580 0
71590 0
71600 0
71610 0
71620 0
71630 0
71640 0
71650 0
71660 0
71670 0
71680 0
71690 0
71700 0
71710 0
71720 0
71730 0
71740 0
71750 0
71760 1
71770 0
71780 0
71790 0
71800 1
71810 0
71820 1
71830 1
71840 2
71850 1
71860 4
71870 5
71880 2
71890 0
71900 0
71910 3
71920 0
71930 0
71940 0
71950 1
71960 0
71970 2
71980 0
71990 0
72000 0
72010 0
72020 0
72030 0
72040 0
72050 0
72060 2
72070 0
72080 2
72090 2
72100 2
72110 1
72120 0
72130 0
72140 0
72150 0
72160 0
72170 0
72180 0
72190 0
72200 0
72210 0
72220 0
72230 0
72240 0
72250 0
72260 0
72270 0
72280 0
72290 0
72300 0
72310 0
72320 0
72330 0
72340 0
72350 0
72360 0
72370 0
72380 0
72390 0
72400 0
72410 0
72420 0
72430 0
72440 0
72450 0
72460 0
72470 0
72480 0
72490 0
72500 0
72510 1
72520 0
72530 0
72540 0
72550 0
72560 0
72570 2
72580 3
72590 2
72600 2
72610 2
72620 4
72630 2
72640 0
72650 0
72660 0
72670 0
72680 0
72690 0
72700 0
72710 0
72720 0
72730 0
72740 0
72750 0
72760 0
72770 0
72780 0
72790 0
72800 0
72810 0
72820 0
72830 0
72840 0
72850 1
72860 0
72870 0
72880 0
72890 0
72900 0
72910 0
72920 0
72930 0
72940 0
72950 0
72960 0
72970 0
72980 0
72990 0
73000 0
73010 1
73020 1
73030 0
73040 1
73050 2
73060 0
73070 3
73080 4
73090 3
73100 1
73110 0
73120 0
73130 5
73140 6
73150 4
73160 3
73170 3
73180 9
73190 3
73200 2
73210 0
73220 3
73230 0
73240 1
73250 2
73260 4
73270 2
73280 8
73290 2
73300 5
73310 3
73320 2
73330 3
73340 4
73350 2
73360 1
73370 2
73380 5
73390 3
73400 3
73410 3
73420 7
73430 7
73440 3
73450 4
73460 6
73470 3
73480 7
73490 1
73500 2
73510 3
73520 1
73530 3
73540 1
73550 2
73560 4
73570 1
73580 1
73590 5
73600 8
73610 0
73620 5
73630 7
73640 3
73650 2
73660 2
73670 0
73680 1
73690 0
73700 4
73710 7
73720 5
73730 2
73740 0
73750 2
73760 9
73770 2
73780 3
73790 6
73800 0
73810 0
73820 0
73830 0
73840 3
73850 2
73860 4
73870 1
73880 3
73890 5
73900 7
73910 1
73920 6
73930 9
73940 6
73950 8
73960 6
73970 1
73980 4
73990 0
74000 7
74010 6
74020 9
74030 2
74040 4
74050 1
74060 8
74070 5
74080 6
74090 8
74100 0
74110 2
74120 4
74130 9
74140 5
74150 7
74160 5
74170 5
74180 7
74190 0
74200 0
74210 0
74220 3
74230 2
74240 2
74250 3
74260 2
74270 8
74280 6
74290 5
74300 4
74310 5
74320 0
74330 0
74340 0
74350 5
74360 2
74370 4
74380 3
74390 2
74400 7
74410 7
74420 2
74430 2
74440 4
74450 5
74460 2
74470 0
74480 5
74490 1
74500 4
74510 0
74520 6
74530 2
74540 4
74550 5
74560 4
74570 7
74580 4
74590 0
74600 5
74610 2
74620 3
74630 5
74640 1
74650 4
74660 4
74670 1
74680 4
74690 6
74700 5
74710 4
74720 3
74730 3
74740 1
74750 0
74760 3
74770 3
74780 1
74790 2
74800 1
74810 4
74820 2
74830 5
74840 4
74850 3
74860 9
74870 3
74880 2
74890 4
74900 2
74910 5
74920 4
74930 7
74940 2
74950 9
74960 3
74970 3
74980 4
74990 7
75000 3
75010 2
75020 0
75030 0
75040 1
75050 0
75060 2
75070 2
75080 5
75090 3
75100 3
75110 3
75120 7
75130 1
75140 6
75150 5
75160 5
75170 5
75180 6
75190 0
75200 5
75210 6
75220 7
75230 5
75240 4
75250 4
75260 4
75270 0
75280 1
75290 2
75300 3
75310 2
75320 5
75330 4
75340 0
75350 0
75360 2
75370 5
75380 3
75390 2
75400 4
75410 5
75420 5
75430 0
75440 6
75450 0
75460 1
75470 4
75480 3
75490 8
75500 2
75510 2
75520 7
75530 7
75540 4
75550 3
75560 1
75570 2
75580 1
75590 3
75600 5
75610 2
75620 5
75630 1
75640 2
75650 2
75660 5
75670 5
75680 1
75690 4
75700 8
75710 6
75720 7
75730 5
75740 2
75750 3
75760 0
75770 2
75780 0
75790 2
75800 2
75810 2
75820 4
75830 2
75840 3
75850 3
75860 2
75870 0
75880 7
75890 0
75900 5
75910 9
75920 3
75930 4
75940 6
75950 1
75960 4
75970 6
75980 2
75990 5
76000 0
76010 2
76020 0
76030 0
76040 0
76050 2
76060 5
76070 7
76080 2
76090 2
76100 2
76110 3
76120 4
76130 2
76140 1
76150 2
76160 2
76170 3
76180 5
76190 1
76200 5
76210 0
76220 0
76230 0
76240 0
76250 3
76260 2
76270 1
76280 2
76290 6
76300 3
76310 4
76320 6
76330 2
76340 3
76350 2
76360 4
76370 0
76380 2
76390 2
76400 2
76410 5
76420 1
76430 1
76440 2
76450 4
76460 2
76470 1
76480 2
76490 4
76500 3
76510 2
76520 1
76530 1
76540 2
76550 1
76560 4
76570 2
76580 0
76590 0
76600 2
76610 0
76620 2
76630 4
76640 2
76650 2
76660 2
76670 1
76680 1
76690 1
76700 1
76710 2
76720 1
76730 2
76740 2
76750 2
76760 0
76770 0
76780 2
76790 2
76800 2
76810 1
76820 4
76830 1
76840 2
76850 2
76860 2
76870 1
76880 4
76890 4
76900 2
76910 1
76920 4
76930 4
76940 5
76950 4
76960 3
76970 2
76980 3
76990 3
77000 2
77010 2
77020 2
77030 2
77040 0
77050 2
77060 4
77070 2
77080 6
77090 3
77100 6
77110 3
77120 2
77130 4
77140 4
77150 4
77160 2
77170 2
77180 2
77190 4
77200 5
77210 0
77220 0
77230 5
77240 0
77250 9
77260 4
77270 3
77280 4
77290 3
77300 2
77310 4
77320 2
77330 4
77340 2
77350 3
77360 2
77370 1
77380 4
77390 2
77400 2
77410 3
77420 3
77430 2
77440 5
77450 4
77460 1
77470 3
77480 4
77490 2
77500 2
77510 2
77520 3
77530 2
77540 3
77550 5
77560 2
77570 2
77580 3
77590 2
77600 6
77610 3
77620 2
77630 4
77640 5
77650 6
77660 2
77670 3
77680 3
77690 1
77700 0
77710 0
77720 5
77730 2
77740 1
77750 1
77760 2
77770 1
77780 1
77790 3
77800 5
77810 4
77820 1
77830 0
77840 3
77850 0
77860 0
77870 3
77880 0
77890 2
77900 9
77910 5
77920 6
77930 2
77940 2
77950 7
77960 3
77970 2
77980 0
77990 0
78000 2
78010 1
78020 0
78030 2
78040 2
78050 2
78060 1
78070 2
78080 9
78090 0
78100 2
78110 2
78120 0
78130 1
78140 2
78150 2
78160 4
78170 3
78180 5
78190 0
78200 1
78210 1
78220 2
78230 1
78240 2
78250 2
78260 2
78270 2
78280 2
78290 0
78300 0
78310 2
78320 2
78330 2
78340 2
78350 1
78360 2
78370 5
78380 2
78390 0
78400 2
78410 2
78420 4
78430 0
78440 1
78450 2
78460 2
78470 2
78480 1
78490 2
78500 2
78510 3
78520 5
78530 4
78540 2
78550 2
78560 2
78570 5
78580 7
78590 6
78600 8
78610 5
78620 8
78630 5
78640 6
78650 7
78660 6
78670 3
78680 7
78690 6
78700 4
78710 5
78720 5
78730 8
78740 6
78750 8
78760 5
78770 5
78780 5
78790 3
78800 7
78810 5
78820 2
78830 3
78840 5
78850 9
78860 3
78870 3
78880 6
78890 5
78900 8
78910 2
78920 5
78930 4
78940 2
78950 5
78960 4
78970 6
78980 3
78990 5
79000 6
79010 5
79020 6
79030 5
79040 7
79050 6
79060 5
79070 2
79080 4
79090 6
79100 5
79110 3
79120 5
79130 9
79140 7
79150 6
79160 1
79170 6
79180 7
79190 7
79200 9
79210 6
79220 6
79230 3
79240 6
79250 7
79260 5
79270 4
79280 5
79290 7
79300 4
79310 6
79320 4
79330 2
79340 4
79350 2
79360 5
79370 6
79380 5
79390 3
79400 4
79410 0
79420 1
79430 7
79440 6
79450 0
79460 0
79470 0
79480 1
79490 7
79500 0
79510 6
79520 13
79530 22
79540 27
79550 17
79560 34
79570 32
79580 35
79590 33
79600 25
79610 34
79620 23
79630 28
79640 28
79650 32
79660 21
79670 28
79680 22
79690 22
79700 26
79710 22
79720 27
79730 30
79740 28
79750 26
79760 26
79770 28
79780 28
79790 27
79800 23
79810 28
79820 35
79830 27
79840 25
79850 35
79860 22
79870 27
79880 27
79890 25
79900 31
79910 25
79920 28
79930 22
79940 28
79950 23
79960 27
79970 29
79980 25
79990 20
80000 29
80010 26
80020 26
80030 27
80040 31
80050 27
80060 33
80070 25
80080 27
80090 22
80100 33
80110 25
80120 26
80130 30
80140 23
80150 30
80160 31
80170 29
80180 20
80190 24
80200 29
80210 13
80220 6
80230 12
80240 9
80250 13
80260 7
80270 21
80280 11
80290 7
80300 11
80310 22
80320 11
80330 21
80340 14
80350 20
80360 26
80370 17
80380 20
80390 15
80400 21
80410 24
80420 16
80430 16
80440 14
80450 15
80460 17
80470 19
80480 9
80490 24
80500 14
80510 22
80520 22
80530 17
80540 23
80550 28
80560 15
80570 18
80580 18
80590 18
80600 19
80610 20
80620 20
80630 27
80640 18
80650 20
80660 23
80670 29
80680 21
80690 26
80700 27
80710 18
80720 21
80730 14
80740 27
80750 7
80760 20
80770 14
80780 18
80790 19
80800 15
80810 22
80820 23
80830 12
80840 22
80850 26
80860 22
80870 21
80880 7
80890 9
80900 21
80910 24
80920 20
80930 16
80940 25
80950 20
80960 12
80970 11
80980 14
80990 17
81000 9
81010 21
81020 23
81030 26
81040 12
81050 17
81060 8
81070 27
81080 19
81090 27
81100 9
81110 2
81120 15
81130 16
81140 14
81150 20
81160 9
81170 10
81180 14
81190 16
81200 16
81210 11
81220 17
81230 13
81240 3
81250 11
81260 17
81270 4
81280 13
81290 31
81300 9
81310 10
81320 26
81330 23
81340 27
81350 16
81360 20
81370 13
81380 10
81390 9
81400 15
81410 10
81420 8
81430 14
81440 15
81450 16
81460 16
81470 21
81480 24
81490 21
81500 18
81510 12
81520 26
81530 26
81540 15
81550 24
81560 11
81570 11
81580 9
81590 24
81600 12
81610 14
81620 6
81630 11
81640 13
81650 13
81660 17
81670 15
81680 10
81690 12
81700 9
81710 15
81720 11
81730 22
81740 18
81750 14
81760 23
81770 10
81780 12
81790 16
81800 7
81810 12
81820 11
81830 12
81840 25
81850 10
81860 5
81870 10
81880 10
81890 6
81900 14
81910 13
81920 13
81930 8
81940 10
81950 12
81960 19
81970 11
81980 13
81990 19
82000 13
82010 19
82020 15
82030 21
82040 11
82050 25
82060 11
82070 28
82080 15
82090 6
82100 21
82110 16
82120 17
82130 21
82140 11
82150 19
82160 12
82170 17
82180 17
82190 21
82200 7
82210 14
82220 16
82230 12
82240 5
82250 16
82260 18
82270 18
82280 15
82290 11
82300 15
82310 13
82320 21
82330 17
82340 19
82350 23
82360 18
82370 13
82380 17
82390 14
82400 17
82410 22
82420 22
82430 19
82440 18
82450 17
82460 12
82470 15
82480 12
82490 23
82500 15
82510 21
82520 13
82530 17
82540 22
82550 16
82560 10
82570 11
82580 16
82590 24
82600 16
82610 18
82620 9
82630 13
82640 11
82650 11
82660 13
82670 21
82680 14
82690 22
82700 20
82710 25
82720 27
82730 26
82740 17
82750 18
82760 33
82770 17
82780 12
82790 28
82800 24
82810 22
82820 24
82830 20
82840 12
82850 18
82860 20
82870 13
82880 16
82890 9
82900 18
82910 12
82920 10
82930 11
82940 13
82950 12
82960 17
82970 11
82980 24
82990 18
83000 8
83010 16
83020 15
83030 15
83040 15
83050 20
83060 21
83070 15
83080 19
83090 17
83100 10
83110 11
83120 8
83130 12
83140 12
83150 14
83160 16
83170 16
83180 11
83190 12
83200 13
83210 16
83220 13
83230 24
83240 15
83250 9
83260 16
83270 29
83280 6
83290 16
83300 26
83310 20
83320 14
83330 22
83340 21
83350 12
83360 9
83370 9
83380 21
83390 5
83400 14
83410 20
83420 23
83430 20
83440 23
83450 18
83460 19
83470 9
83480 16
83490 14
83500 17
83510 13
83520 10
83530 25
83540 14
83550 9
83560 15
83570 14
83580 16
83590 14
83600 25
83610 12
83620 16
83630 13
83640 9
83650 14
83660 18
83670 7
83680 17
83690 18
83700 17
83710 14
83720 19
83730 3
83740 13
83750 16
83760 14
83770 9
83780 12
83790 20
83800 14
83810 14
83820 19
83830 19
83840 13
83850 21
83860 21
83870 18
83880 21
83890 12
83900 23
83910 15
83920 16
83930 19
83940 19
83950 26
83960 13
83970 13
83980 11
83990 20
84000 15
84010 16
84020 19
84030 15
84040 17
84050 12
84060 19
84070 8
84080 18
84090 16
84100 19
84110 18
84120 22
84130 23
84140 20
84150 15
84160 14
84170 10
84180 9
84190 9
84200 13
84210 14
84220 14
84230 8
84240 13
84250 12
84260 15
84270 16
84280 17
84290 25
84300 13
84310 13
84320 19
84330 16
84340 17
84350 13
84360 21
84370 25
84380 21
84390 14
84400 22
84410 24
84420 16
84430 14
84440 19
84450 9
84460 9
84470 17
84480 26
84490 13
84500 24
84510 21
84520 5
84530 6
84540 29
84550 6
84560 18
84570 32
84580 9
84590 17
84600 11
84610 19
84620 11
84630 12
84640 21
84650 20
84660 22
84670 22
84680 12
84690 13
84700 18
84710 15
84720 0
84730 16
84740 9
84750 14
84760 21
84770 17
84780 12
84790 14
84800 11
84810 17
84820 20
84830 16
84840 24
84850 18
84860 9
84870 15
84880 28
84890 19
84900 12
84910 14
84920 22
84930 15
84940 17
84950 18
84960 19
84970 27
84980 27
84990 13
85000 20
85010 17
85020 13
85030 13
85040 29
85050 7
85060 20
85070 20
85080 22
85090 12
85100 8
85110 9
85120 13
85130 14
85140 7
85150 12
85160 23
85170 26
85180 12
85190 21
85200 9
85210 17
85220 2
85230 23
85240 22
85250 15
85260 23
85270 22
85280 27
85290 18
85300 11
85310 8
85320 20
85330 26
85340 17
85350 27
85360 20
85370 16
85380 20
85390 19
85400 4
85410 4
85420 9
85430 11
85440 10
85450 6
85460 7
85470 2
85480 4
85490 11
85500 12
85510 11
85520 5
85530 2
85540 5
85550 10
85560 13
85570 4
85580 5
85590 5
85600 14
85610 12
85620 16
85630 23
85640 32
85650 10
85660 28
85670 26
85680 26
85690 17
85700 20
85710 25
85720 20
85730 19
85740 18
85750 24
85760 18
85770 10
85780 11
85790 5
85800 5
85810 13
85820 12
85830 6
85840 5
85850 9
85860 12
85870 16
85880 8
85890 8
85900 12
85910 6
85920 12
85930 25
85940 22
85950 22
85960 22
85970 20
85980 19
85990 16
86000 29
86010 19
86020 22
86030 19
86040 5
86050 17
86060 17
86070 25
86080 24
86090 16
86100 11
86110 9
86120 23
86130 23
86140 10
86150 18
86160 19
86170 11
86180 18
86190 14
86200 24
86210 20
86220 22
86230 20
86240 10
86250 16
86260 12
86270 6
86280 12
86290 21
86300 23
86310 20
86320 24
86330 14
86340 19
86350 13
86360 18
86370 25
86380 27
86390 29
86400 17
86410 12
86420 16
86430 21
86440 25
86450 22
86460 24
86470 27
86480 26
86490 29
86500 21
86510 9
86520 18
86530 22
86540 22
86550 18
86560 23
86570 18
86580 14
86590 10
86600 12
86610 19
86620 9
86630 26
86640 8
86650 14
86660 11
86670 18
86680 19
86690 10
86700 13
86710 6
86720 19
86730 17
86740 23
86750 17
86760 15
86770 25
86780 27
86790 18
86800 28
86810 13
86820 13
86830 19
86840 12
86850 11
86860 27
86870 27
86880 22
86890 21
86900 20
86910 25
86920 16
86930 22
86940 18
86950 17
86960 23
86970 17
86980 25
86990 23
87000 26
87010 26
87020 14
87030 14
87040 17
87050 17
87060 15
87070 13
87080 22
87090 17
87100 16
87110 7
87120 5
87130 14
87140 11
87150 13
87160 18
87170 19
87180 19
87190 15
87200 16
87210 7
87220 15
87230 18
87240 15
87250 15
87260 17
87270 13
87280 25
87290 13
87300 13
87310 14
87320 18
87330 17
87340 21
87350 10
87360 18
87370 17
87380 22
87390 18
87400 32
87410 20
87420 8
87430 20
87440 11
87450 14
87460 17
87470 21
87480 9
87490 15
87500 14
87510 10
87520 15
87530 17
87540 12
87550 13
87560 18
87570 8
87580 9
87590 11
87600 20
87610 13
87620 18
87630 20
87640 14
87650 22
87660 16
87670 13
87680 19
87690 8
87700 12
87710 19
87720 7
87730 11
87740 14
87750 3
87760 18
87770 16
87780 23
87790 21
87800 14
87810 21
87820 3
87830 0
87840 5
87850 9
87860 6
87870 4
87880 5
87890 4
87900 10
87910 12
87920 14
87930 12
87940 24
87950 10
87960 8
87970 18
87980 18
87990 17
88000 7
88010 4
88020 25
88030 10
88040 22
88050 13
88060 15
88070 22
88080 19
88090 25
88100 22
88110 25
88120 20
88130 14
88140 20
88150 13
88160 11
88170 22
88180 10
88190 13
88200 21
88210 26
88220 26
88230 18
88240 20
88250 10
88260 13
88270 11
88280 16
88290 24
88300 22
88310 14
88320 20
88330 24
88340 26
88350 22
88360 13
88370 10
88380 14
88390 17
88400 19
88410 16
88420 17
88430 8
88440 8
88450 12
88460 10
88470 15
88480 10
88490 10
88500 18
88510 14
88520 25
88530 11
88540 18
88550 10
88560 20
88570 20
88580 10
88590 25
88600 18
88610 20
88620 30
88630 22
88640 19
88650 24
88660 14
88670 10
88680 16
88690 13
88700 20
88710 11
88720 23
88730 13
88740 27
88750 19
88760 13
88770 16
88780 24
88790 13
88800 16
88810 7
88820 11
88830 6
88840 14
88850 10
88860 15
88870 4
88880 6
88890 10
88900 11
88910 28
88920 14
88930 23
88940 9
88950 20
88960 12
88970 10
88980 14
88990 13
89000 16
89010 15
89020 15
89030 7
89040 19
89050 12
89060 7
89070 12
89080 13
89090 12
89100 26
89110 13
89120 17
89130 12
89140 24
89150 6
89160 13
89170 4
89180 20
89190 23
89200 13
89210 13
89220 19
89230 20
89240 18
89250 16
89260 19
89270 26
89280 23
89290 14
89300 24
89310 17
89320 21
89330 21
89340 18
89350 15
89360 9
89370 5
89380 13
89390 29
89400 14
89410 16
89420 20
89430 12
89440 13
89450 17
89460 25
89470 18
89480 14
89490 14
89500 14
89510 18
89520 9
89530 18
89540 13
89550 24
89560 27
89570 8
89580 2
89590 21
89600 11
89610 19
89620 22
89630 12
89640 3
89650 22
89660 12
89670 6
89680 19
89690 7
89700 1
89710 11
89720 20
89730 25
89740 14
89750 11
89760 5
89770 14
89780 5
89790 7
89800 15
89810 8
89820 4
89830 17
89840 12
89850 21
89860 18
89870 13
89880 17
89890 26
89900 22
89910 21
89920 6
89930 12
89940 6
89950 21
89960 8
89970 13
89980 14
89990 5
90000 16
90010 13
90020 6
90030 9
90040 16
90050 21
90060 18
90070 22
90080 8
90090 15
90100 20
90110 12
90120 15
90130 16
90140 5
90150 16
90160 9
90170 6
90180 12
90190 6
90200 6
90210 8
90220 16
90230 11
90240 5
90250 6
90260 12
90270 13
90280 12
90290 17
90300 1
90310 18
90320 27
90330 24
90340 21
90350 20
90360 21
90370 20
90380 11
90390 26
90400 20
90410 23
90420 23
90430 24
90440 23
90450 19
90460 23
90470 14
90480 26
90490 20
90500 18
90510 20
90520 25
90530 11
90540 21
90550 21
90560 19
90570 15
90580 20
90590 22
90600 26
90610 26
90620 21
90630 23
90640 32
90650 22
90660 14
90670 15
90680 21
90690 13
90700 26
90710 25
90720 14
90730 18
90740 22
90750 14
90760 17
90770 24
90780 24
90790 17
90800 20
90810 19
90820 26
90830 15
90840 12
90850 21
90860 14
90870 26
90880 31
90890 22
90900 24
90910 13
90920 18
90930 12
90940 13
90950 16
90960 8
90970 9
90980 8
90990 8
91000 10
91010 21
91020 9
91030 8
91040 13
91050 12
91060 15
91070 18
91080 10
91090 13
91100 6
91110 20
91120 14
91130 15
91140 9
91150 10
91160 9
91170 13
91180 16
91190 20
91200 12
91210 18
91220 11
91230 6
91240 13
91250 13
91260 24
91270 23
91280 14
91290 26
91300 20
91310 6
91320 16
91330 17
91340 18
91350 21
91360 14
91370 17
91380 18
91390 30
91400 17
91410 22
91420 24
91430 18
91440 18
91450 6
91460 21
91470 8
91480 11
91490 13
91500 9
91510 12
91520 11
91530 4
91540 15
91550 11
91560 8
91570 23
91580 16
91590 14
91600 6
91610 5
91620 17
91630 4
91640 11
91650 2
91660 2
91670 2
91680 2
91690 9
91700 7
91710 1
91720 9
91730 9
91740 5
91750 7
91760 3
91770 3
91780 3
91790 5
91800 5
91810 4
91820 3
91830 5
91840 11
91850 8
91860 11
91870 12
91880 11
91890 12
91900 19
91910 22
91920 19
91930 12
91940 25
91950 15
91960 22
91970 24
91980 17
91990 9
92000 6
92010 13
92020 12
92030 31
92040 33
92050 29
92060 15
92070 24
92080 18
92090 27
92100 19
92110 24
92120 28
92130 20
92140 17
92150 22
92160 30
92170 16
92180 20
92190 20
92200 26
92210 30
92220 20
92230 25
92240 18
92250 17
92260 20
92270 23
92280 27
92290 17
92300 12
92310 15
92320 17
92330 12
92340 14
92350 30
92360 11
92370 24
92380 28
92390 19
92400 16
92410 16
92420 17
92430 12
92440 20
92450 13
92460 13
92470 18
92480 26
92490 15
92500 11
92510 15
92520 21
92530 18
92540 24
92550 10
92560 4
92570 11
92580 10
92590 8
92600 28
92610 18
92620 21
92630 8
92640 15
92650 9
92660 12
92670 18
92680 19
92690 14
92700 9
92710 9
92720 21
92730 14
92740 7
92750 12
92760 18
92770 9
92780 9
92790 17
92800 14
92810 16
92820 10
92830 13
92840 9
92850 10
92860 5
92870 16
92880 15
92890 18
92900 18
92910 24
92920 12
92930 11
92940 11
92950 15
92960 11
92970 11
92980 19
92990 16
93000 16
93010 21
93020 13
93030 5
93040 18
93050 13
93060 7
93070 28
93080 23
93090 11
93100 12
93110 13
93120 27
93130 13
93140 10
93150 9
93160 15
93170 11
93180 9
93190 12
93200 18
93210 15
93220 23
93230 23
93240 11
93250 18
93260 17
93270 10
93280 16
93290 15
93300 17
93310 26
93320 19
93330 13
93340 17
93350 23
93360 27
93370 15
93380 11
93390 19
93400 20
93410 10
93420 19
93430 15
93440 18
93450 14
93460 12
93470 14
93480 16
93490 17
93500 12
93510 18
93520 16
93530 20
93540 21
93550 16
93560 15
93570 18
93580 16
93590 16
93600 29
93610 16
93620 12
93630 18
93640 20
93650 13
93660 19
93670 25
93680 15
93690 13
93700 10
93710 17
93720 12
93730 19
93740 18
93750 15
93760 11
93770 16
93780 22
93790 26
93800 15
93810 22
93820 19
93830 17
93840 14
93850 17
93860 18
93870 29
93880 21
93890 24
93900 12
93910 29
93920 17
93930 21
93940 15
93950 17
93960 18
93970 15
93980 12
93990 11
94000 14
94010 16
94020 14
94030 19
94040 15
94050 15
94060 16
94070 15
94080 11
94090 14
94100 12
94110 12
94120 13
94130 18
94140 18
94150 5
94160 4
94170 14
94180 17
94190 24
94200 19
94210 22
94220 17
94230 24
94240 11
94250 18
94260 7
94270 25
94280 26
94290 23
94300 17
94310 17
94320 26
94330 25
94340 25
94350 23
94360 28
94370 30
94380 20
94390 32
94400 21
94410 23
94420 29
94430 21
94440 20
94450 25
94460 18
94470 26
94480 12
94490 15
94500 19
94510 23
94520 29
94530 24
94540 24
94550 25
94560 26
94570 23
94580 29
94590 17
94600 24
94610 24
94620 19
94630 21
94640 9
94650 15
94660 16
94670 16
94680 14
94690 6
94700 19
94710 16
94720 23
94730 17
94740 7
94750 16
94760 5
94770 10
94780 10
94790 16
94800 12
94810 12
94820 16
94830 15
94840 16
94850 15
94860 8
94870 12
94880 8
94890 13
94900 0
94910 0
94920 0
94930 0
94940 0
94950 0
94960 0
94970 0
94980 0
94990 0
95000 0
95010 0
95020 1
95030 0
95040 0
95050 0
95060 0
95070 4
95080 0
95090 3
95100 6
95110 11
95120 9
95130 5
95140 8
95150 10
95160 13
95170 11
95180 13
95190 7
95200 4
95210 4
95220 6
95230 3
95240 5
95250 5
95260 7
95270 10
95280 12
95290 7
95300 8
95310 6
95320 3
95330 4
95340 3
95350 5
95360 5
95370 2
95380 2
95390 6
95400 3
95410 3
95420 2
95430 0
95440 0
95450 1
95460 4
95470 11
95480 7
95490 10
95500 10
95510 12
95520 10
95530 7
95540 11
95550 8
95560 11
95570 15
95580 12
95590 10
95600 4
95610 1
95620 8
95630 4
95640 4
95650 5
95660 7
95670 5
95680 1
95690 9
95700 2
95710 5
95720 1
95730 1
95740 1
95750 0
95760 0
95770 0
95780 1
95790 0
95800 0
95810 0
95820 0
95830 0
95840 0
95850 0
95860 0
95870 0
95880 1
95890 0
95900 0
95910 0
95920 0
95930 0
95940 0
95950 0
95960 0
95970 0
95980 0
95990 0
96000 0
96010 0
96020 0
96030 0
96040 0
96050 0
96060 0
96070 0
96080 0
96090 0
96100 0
96110 0
96120 0
96130 0
96140 0
96150 0
96160 0
96170 0
96180 0
96190 0
96200 0
96210 0
96220 0
96230 1
96240 3
96250 4
96260 3
96270 0
96280 1
96290 0
96300 0
96310 1
96320 0
96330 0
96340 0
96350 0
96360 0
96370 0
96380 0
96390 0
96400 0
96410 1
96420 0
96430 0
96440 4
96450 7
96460 9
96470 10
96480 11
96490 10
96500 6
96510 17
96520 3
96530 9
96540 12
96550 15
96560 17
96570 18
96580 18
96590 16
96600 12
96610 15
96620 15
96630 18
96640 7
96650 15
96660 8
96670 14
96680 15
96690 8
96700 13
96710 11
96720 12
96730 20
96740 24
96750 18
96760 21
96770 26
96780 18
96790 18
96800 13
96810 13
96820 10
96830 7
96840 10
96850 13
96860 11
96870 21
96880 20
96890 16
96900 17
96910 18
96920 13
96930 10
96940 11
96950 12
96960 8
96970 14
96980 15
96990 13
97000 4
97010 15
97020 14
97030 13
97040 9
97050 7
97060 8
97070 13
97080 10
97090 9
97100 11
97110 8
97120 9
97130 8
97140 12
97150 13
97160 12
97170 9
97180 6
97190 8
97200 11
97210 7
97220 14
97230 9
97240 13
97250 12
97260 5
97270 10
97280 9
97290 14
97300 14
97310 4
97320 12
97330 11
97340 9
97350 11
97360 15
97370 9
97380 14
97390 18
97400 11
97410 7
97420 8
97430 14
97440 6
97450 8
97460 14
97470 13
97480 11
97490 3
97500 10
97510 7
97520 8
97530 10
97540 14
97550 10
97560 9
97570 8
97580 11
97590 12
97600 9
97610 5
97620 16
97630 11
97640 13
97650 11
97660 10
97670 10
97680 9
97690 8
97700 7
97710 6
97720 13
97730 10
97740 10
97750 8
97760 11
97770 8
97780 5
97790 3
97800 9
97810 9
97820 5
97830 8
97840 7
97850 9
97860 7
97870 10
97880 11
97890 13
97900 7
97910 10
97920 10
97930 7
97940 8
97950 10
97960 10
97970 3
97980 15
97990 12
98000 17
98010 8
98020 10
98030 7
98040 11
98050 12
98060 11
98070 8
98080 10
98090 11
98100 8
98110 4
98120 6
98130 7
98140 9
98150 9
98160 8
98170 9
98180 3
98190 1
98200 5
98210 4
98220 6
98230 1
98240 5
98250 5
98260 0
98270 0
98280 5
98290 1
98300 3
98310 7
98320 2
98330 4
98340 4
98350 7
98360 5
98370 2
98380 7
98390 10
98400 8
98410 7
98420 6
98430 5
98440 0
98450 3
98460 7
98470 9
98480 20
98490 6
98500 5
98510 9
98520 9
98530 6
98540 7
98550 7
98560 3
98570 9
98580 15
98590 7
98600 5
98610 10
98620 6
98630 9
98640 6
98650 12
98660 11
98670 8
98680 15
98690 12
98700 9
98710 10
98720 10
98730 12
98740 10
98750 7
98760 14
98770 11
98780 9
98790 16
98800 13
98810 8
98820 13
98830 15
98840 15
98850 12
98860 16
98870 11
98880 12
98890 11
98900 11
98910 18
98920 13
98930 13
98940 9
98950 10
98960 9
98970 12
98980 15
98990 17
99000 11
99010 12
99020 10
99030 12
99040 12
99050 7
99060 11
99070 5
99080 17
99090 10
99100 8
99110 11
99120 9
99130 11
99140 9
99150 9
99160 7
99170 5
99180 11
99190 3
99200 9
99210 3
99220 7
99230 10
99240 7
99250 14
99260 9
99270 7
99280 7
99290 11
99300 8
99310 11
99320 5
99330 6
99340 11
99350 9
99360 8
99370 11
99380 10
99390 3
99400 12
99410 15
99420 6
99430 6
99440 13
99450 10
99460 8
99470 13
99480 9
99490 9
99500 12
99510 15
99520 10
99530 8
99540 14
99550 12
99560 8
99570 12
99580 10
99590 9
99600 4
99610 7
99620 10
99630 7
99640 14
99650 10
99660 11
99670 8
99680 10
99690 6
99700 4
99710 11
99720 7
99730 12
99740 12
99750 13
99760 10
99770 7
99780 9
99790 8
99800 8
99810 10
99820 9
99830 9
99840 7
99850 11
99860 7
99870 6
99880 9
99890 7
99900 6
99910 10
99920 7
99930 9
99940 10
99950 24
99960 11
99970 10
99980 11
99990 10
