# Frame Contacts
30000 12
30010 13
30020 14
30030 21
30040 11
30050 12
30060 14
30070 9
30080 12
30090 13
30100 17
30110 10
30120 20
30130 8
30140 2
30150 21
30160 20
30170 9
30180 15
30190 5
30200 5
30210 6
30220 4
30230 6
30240 3
30250 6
30260 6
30270 21
30280 13
30290 18
30300 2
30310 0
30320 0
30330 0
30340 0
30350 0
30360 0
30370 0
30380 0
30390 0
30400 0
30410 0
30420 2
30430 0
30440 8
30450 5
30460 9
30470 5
30480 0
30490 0
30500 0
30510 0
30520 2
30530 0
30540 0
30550 0
30560 1
30570 2
30580 2
30590 1
30600 4
30610 0
30620 0
30630 0
30640 0
30650 0
30660 0
30670 3
30680 0
30690 5
30700 0
30710 4
30720 21
30730 15
30740 8
30750 22
30760 13
30770 5
30780 5
30790 13
30800 6
30810 19
30820 12
30830 15
30840 9
30850 18
30860 5
30870 2
30880 2
30890 0
30900 3
30910 2
30920 2
30930 0
30940 1
30950 1
30960 2
30970 0
30980 1
30990 1
31000 0
31010 2
31020 0
31030 0
31040 0
31050 0
31060 2
31070 0
31080 0
31090 0
31100 1
31110 0
31120 0
31130 1
31140 4
31150 1
31160 0
31170 0
31180 0
31190 0
31200 0
31210 2
31220 3
31230 7
31240 0
31250 0
31260 0
31270 3
31280 0
31290 0
31300 0
31310 1
31320 0
31330 0
31340 0
31350 0
31360 0
31370 0
31380 0
31390 0
31400 4
31410 4
31420 1
31430 0
31440 5
31450 10
31460 11
31470 3
31480 2
31490 2
31500 3
31510 3
31520 4
31530 4
31540 4
31550 3
31560 3
31570 2
31580 2
31590 2
31600 3
31610 3
31620 1
31630 8
31640 3
31650 6
31660 0
31670 3
31680 5
31690 0
31700 9
31710 8
31720 2
31730 0
31740 11
31750 6
31760 8
31770 0
31780 1
31790 2
31800 3
31810 4
31820 4
31830 4
31840 2
31850 3
31860 3
31870 1
31880 4
31890 1
31900 3
31910 3
31920 2
31930 4
31940 10
31950 1
31960 6
31970 9
31980 8
31990 8
32000 5
32010 4
32020 5
32030 6
32040 4
32050 0
32060 4
32070 4
32080 3
32090 2
32100 2
32110 1
32120 1
32130 2
32140 1
32150 2
32160 4
32170 0
32180 2
32190 2
32200 2
32210 2
32220 2
32230 2
32240 2
32250 3
32260 4
32270 4
32280 1
32290 9
32300 10
32310 9
32320 6
32330 2
32340 4
32350 5
32360 7
32370 4
32380 9
32390 7
32400 8
32410 8
32420 10
32430 12
32440 3
32450 6
32460 5
32470 12
32480 2
32490 5
32500 9
32510 8
32520 9
32530 7
32540 5
32550 6
32560 5
32570 7
32580 4
32590 5
32600 8
32610 10
32620 5
32630 7
32640 5
32650 2
32660 3
32670 2
32680 2
32690 2
32700 0
32710 5
32720 1
32730 4
32740 0
32750 10
32760 8
32770 5
32780 9
32790 8
32800 0
32810 3
32820 3
32830 3
32840 7
32850 6
32860 4
32870 4
32880 3
32890 2
32900 5
32910 4
32920 1
32930 2
32940 5
32950 4
32960 3
32970 0
32980 2
32990 4
33000 5
33010 7
33020 3
33030 2
33040 2
33050 5
33060 16
33070 12
33080 20
33090 18
33100 4
33110 9
33120 1
33130 6
33140 0
33150 1
33160 0
33170 0
33180 4
33190 1
33200 0
33210 3
33220 2
33230 0
33240 5
33250 2
33260 3
33270 4
33280 1
33290 1
33300 4
33310 3
33320 3
33330 2
33340 2
33350 3
33360 4
33370 2
33380 4
33390 4
33400 2
33410 4
33420 2
33430 6
33440 2
33450 2
33460 3
33470 3
33480 6
33490 5
33500 4
33510 5
33520 3
33530 2
33540 3
33550 3
33560 3
33570 6
33580 4
33590 3
33600 5
33610 3
33620 1
33630 15
33640 5
33650 2
33660 2
33670 5
33680 0
33690 0
33700 7
33710 3
33720 4
33730 4
33740 4
33750 1
33760 3
33770 1
33780 5
33790 2
33800 3
33810 4
33820 4
33830 4
33840 6
33850 6
33860 4
33870 4
33880 10
33890 11
33900 3
33910 3
33920 3
33930 3
33940 2
33950 2
33960 2
33970 3
33980 3
33990 2
34000 1
34010 3
34020 3
34030 0
34040 4
34050 2
34060 3
34070 3
34080 5
34090 3
34100 3
34110 2
34120 2
34130 4
34140 3
34150 5
34160 3
34170 3
34180 3
34190 2
34200 4
34210 2
34220 3
34230 2
34240 2
34250 3
34260 3
34270 3
34280 2
34290 5
34300 0
34310 0
34320 4
34330 0
34340 1
34350 1
34360 3
34370 0
34380 0
34390 0
34400 0
34410 0
34420 1
34430 4
34440 1
34450 0
34460 0
34470 1
34480 1
34490 0
34500 2
34510 0
34520 1
34530 0
34540 0
34550 0
34560 0
34570 0
34580 0
34590 0
34600 0
34610 0
34620 0
34630 2
34640 0
34650 0
34660 2
34670 1
34680 0
34690 0
34700 0
34710 0
34720 0
34730 0
34740 0
34750 2
34760 0
34770 2
34780 0
34790 1
34800 1
34810 1
34820 1
34830 0
34840 1
34850 0
34860 0
34870 0
34880 0
34890 0
34900 1
34910 0
34920 0
34930 0
34940 0
34950 0
34960 3
34970 0
34980 0
34990 0
35000 1
35010 0
35020 1
35030 0
35040 0
35050 0
35060 2
35070 2
35080 2
35090 0
35100 0
35110 2
35120 1
35130 0
35140 3
35150 2
35160 7
35170 5
35180 6
35190 17
35200 24
35210 15
35220 9
35230 2
35240 0
35250 0
35260 2
35270 2
35280 1
35290 0
35300 0
35310 0
35320 0
35330 0
35340 2
35350 1
35360 1
35370 1
35380 0
35390 1
35400 2
35410 1
35420 0
35430 2
35440 2
35450 2
35460 2
35470 0
35480 0
35490 1
35500 1
35510 1
35520 2
35530 0
35540 0
35550 1
35560 3
35570 1
35580 1
35590 2
35600 1
35610 1
35620 0
35630 2
35640 1
35650 0
35660 1
35670 2
35680 2
35690 1
35700 0
35710 2
35720 1
35730 2
35740 3
35750 1
35760 3
35770 0
35780 4
35790 2
35800 0
35810 2
35820 2
35830 0
35840 2
35850 2
35860 2
35870 0
35880 0
35890 0
35900 1
35910 2
35920 1
35930 2
35940 2
35950 1
35960 0
35970 1
35980 0
35990 2
36000 1
36010 0
36020 0
36030 1
36040 0
36050 10
36060 9
36070 6
36080 15
36090 13
36100 14
36110 18
36120 17
36130 18
36140 13
36150 9
36160 10
36170 10
36180 8
36190 11
36200 16
36210 4
36220 15
36230 9
36240 5
36250 15
36260 9
36270 13
36280 15
36290 11
36300 10
36310 9
36320 7
36330 4
36340 6
36350 8
36360 9
36370 6
36380 3
36390 16
36400 11
36410 10
36420 12
36430 15
36440 18
36450 10
36460 21
36470 22
36480 13
36490 10
36500 21
36510 16
36520 13
36530 21
36540 18
36550 20
36560 22
36570 20
36580 13
36590 9
36600 14
36610 18
36620 11
36630 3
36640 6
36650 13
36660 1
36670 12
36680 6
36690 13
36700 14
36710 11
36720 17
36730 14
36740 9
36750 13
36760 16
36770 10
36780 11
36790 13
36800 16
36810 14
36820 14
36830 13
36840 9
36850 10
36860 19
36870 16
36880 8
36890 15
36900 16
36910 17
36920 14
36930 19
36940 15
36950 10
36960 13
36970 15
36980 12
36990 18
37000 11
37010 8
37020 12
37030 14
37040 6
37050 10
37060 14
37070 3
37080 16
37090 11
37100 7
37110 11
37120 11
37130 6
37140 9
37150 8
37160 10
37170 4
37180 8
37190 3
37200 7
37210 15
37220 17
37230 7
37240 11
37250 2
37260 4
37270 1
37280 8
37290 3
37300 8
37310 6
37320 12
37330 10
37340 4
37350 8
37360 12
37370 8
37380 13
37390 8
37400 13
37410 8
37420 8
37430 12
37440 2
37450 15
37460 18
37470 15
37480 12
37490 13
37500 17
37510 17
37520 21
37530 19
37540 15
37550 15
37560 16
37570 8
37580 9
37590 17
37600 12
37610 8
37620 0
37630 11
37640 16
37650 12
37660 2
37670 17
37680 17
37690 1
37700 8
37710 9
37720 5
37730 6
37740 3
37750 12
37760 9
37770 12
37780 7
37790 0
37800 3
37810 2
37820 3
37830 2
37840 0
37850 0
37860 2
37870 1
37880 1
37890 1
37900 19
37910 6
37920 1
37930 16
37940 19
37950 7
37960 8
37970 12
37980 10
37990 2
38000 10
38010 11
38020 16
38030 15
38040 6
38050 14
38060 14
38070 2
38080 3
38090 14
38100 1
38110 12
38120 10
38130 8
38140 11
38150 14
38160 20
38170 19
38180 5
38190 18
38200 20
38210 11
38220 19
38230 9
38240 17
38250 6
38260 19
38270 13
38280 4
38290 6
38300 5
38310 10
38320 8
38330 8
38340 14
38350 7
38360 7
38370 12
38380 11
38390 16
38400 12
38410 5
38420 3
38430 14
38440 8
38450 12
38460 16
38470 13
38480 3
38490 16
38500 7
38510 7
38520 10
38530 9
38540 16
38550 16
38560 6
38570 12
38580 19
38590 0
38600 10
38610 14
38620 16
38630 9
38640 14
38650 0
38660 5
38670 4
38680 11
38690 10
38700 7
38710 12
38720 6
38730 6
38740 0
38750 5
38760 2
38770 13
38780 9
38790 6
38800 13
38810 0
38820 7
38830 3
38840 3
38850 2
38860 6
38870 6
38880 9
38890 10
38900 3
38910 7
38920 11
38930 15
38940 10
38950 5
38960 8
38970 7
38980 0
38990 8
39000 15
39010 4
39020 11
39030 8
39040 12
39050 5
39060 10
39070 6
39080 5
39090 2
39100 5
39110 18
39120 19
39130 2
39140 20
39150 8
39160 11
39170 12
39180 15
39190 12
39200 7
39210 4
39220 12
39230 18
39240 14
39250 12
39260 12
39270 6
39280 13
39290 11
39300 11
39310 11
39320 9
39330 7
39340 4
39350 12
39360 5
39370 15
39380 11
39390 14
39400 17
39410 17
39420 15
39430 17
39440 16
39450 9
39460 12
39470 14
39480 11
39490 20
39500 14
39510 8
39520 14
39530 13
39540 15
39550 16
39560 11
39570 16
39580 12
39590 16
39600 17
39610 13
39620 17
39630 14
39640 15
39650 16
39660 18
39670 17
39680 27
39690 24
39700 24
39710 19
39720 20
39730 12
39740 4
39750 16
39760 16
39770 22
39780 13
39790 15
39800 20
39810 17
39820 12
39830 16
39840 13
39850 17
39860 6
39870 8
39880 17
39890 12
39900 15
39910 10
39920 18
39930 15
39940 22
39950 14
39960 0
39970 6
39980 8
39990 5
40000 4
40010 13
40020 17
40030 13
40040 12
40050 7
40060 3
40070 15
40080 14
40090 12
40100 12
40110 18
40120 2
40130 0
40140 0
40150 1
40160 0
40170 8
40180 4
40190 0
40200 5
40210 9
40220 13
40230 3
40240 3
40250 5
40260 4
40270 0
40280 3
40290 4
40300 5
40310 4
40320 4
40330 2
40340 4
40350 3
40360 4
40370 2
40380 4
40390 1
40400 5
40410 0
40420 4
40430 4
40440 6
40450 4
40460 6
40470 3
40480 2
40490 5
40500 4
40510 4
40520 1
40530 2
40540 0
40550 2
40560 0
40570 3
40580 2
40590 3
40600 3
40610 2
40620 0
40630 2
40640 2
40650 3
40660 0
40670 4
40680 3
40690 4
40700 4
40710 3
40720 2
40730 2
40740 2
40750 3
40760 2
40770 2
40780 2
40790 2
40800 2
40810 3
40820 3
40830 2
40840 2
40850 1
40860 2
40870 2
40880 1
40890 0
40900 2
40910 3
40920 0
40930 2
40940 5
40950 1
40960 3
40970 2
40980 1
40990 1
41000 3
41010 3
41020 4
41030 4
41040 3
41050 0
41060 3
41070 0
41080 4
41090 6
41100 4
41110 3
41120 3
41130 2
41140 2
41150 4
41160 2
41170 7
41180 5
41190 1
41200 2
41210 2
41220 3
41230 2
41240 3
41250 5
41260 2
41270 4
41280 0
41290 0
41300 2
41310 4
41320 6
41330 4
41340 4
41350 15
41360 9
41370 8
41380 0
41390 4
41400 3
41410 9
41420 4
41430 9
41440 5
41450 5
41460 3
41470 9
41480 4
41490 9
41500 4
41510 9
41520 10
41530 7
41540 7
41550 11
41560 13
41570 18
41580 4
41590 8
41600 10
41610 12
41620 14
41630 7
41640 11
41650 3
41660 5
41670 8
41680 5
41690 13
41700 18
41710 10
41720 9
41730 4
41740 4
41750 4
41760 2
41770 3
41780 4
41790 1
41800 1
41810 2
41820 2
41830 7
41840 18
41850 24
41860 21
41870 11
41880 24
41890 9
41900 2
41910 10
41920 19
41930 12
41940 3
41950 2
41960 2
41970 9
41980 2
41990 2
42000 2
42010 2
42020 3
42030 2
42040 0
42050 1
42060 1
42070 3
42080 2
42090 3
42100 2
42110 2
42120 2
42130 2
42140 2
42150 2
42160 1
42170 0
42180 2
42190 2
42200 2
42210 2
42220 3
42230 3
42240 2
42250 4
42260 2
42270 1
42280 1
42290 3
42300 2
42310 2
42320 3
42330 3
42340 2
42350 2
42360 1
42370 2
42380 3
42390 2
42400 6
42410 2
42420 4
42430 2
42440 3
42450 2
42460 3
42470 1
42480 0
42490 2
42500 1
42510 3
42520 2
42530 2
42540 3
42550 0
42560 1
42570 1
42580 2
42590 1
42600 1
42610 1
42620 1
42630 0
42640 2
42650 0
42660 2
42670 1
42680 0
42690 0
42700 0
42710 1
42720 1
42730 0
42740 1
42750 0
42760 0
42770 0
42780 1
42790 0
42800 1
42810 1
42820 1
42830 0
42840 0
42850 0
42860 2
42870 3
42880 0
42890 0
42900 0
42910 2
42920 0
42930 0
42940 0
42950 0
42960 2
42970 1
42980 1
42990 2
43000 0
43010 0
43020 0
43030 6
43040 0
43050 1
43060 0
43070 2
43080 2
43090 0
43100 0
43110 2
43120 2
43130 0
43140 2
43150 0
43160 4
43170 1
43180 0
43190 1
43200 2
43210 0
43220 2
43230 2
43240 0
43250 11
43260 6
43270 12
43280 7
43290 0
43300 2
43310 2
43320 2
43330 0
43340 1
43350 1
43360 2
43370 0
43380 3
43390 0
43400 0
43410 1
43420 0
43430 2
43440 3
43450 1
43460 3
43470 0
43480 1
43490 2
43500 3
43510 2
43520 1
43530 1
43540 2
43550 1
43560 2
43570 2
43580 2
43590 2
43600 2
43610 2
43620 0
43630 2
43640 2
43650 2
43660 1
43670 2
43680 1
43690 2
43700 3
43710 2
43720 1
43730 0
43740 1
43750 1
43760 1
43770 0
43780 3
43790 0
43800 2
43810 0
43820 0
43830 1
43840 2
43850 0
43860 1
43870 0
43880 2
43890 1
43900 0
43910 2
43920 2
43930 3
43940 0
43950 3
43960 1
43970 3
43980 2
43990 3
44000 2
44010 0
44020 2
44030 2
44040 2
44050 4
44060 2
44070 3
44080 1
44090 2
44100 3
44110 0
44120 1
44130 11
44140 5
44150 12
44160 4
44170 4
44180 10
44190 10
44200 9
44210 7
44220 4
44230 5
44240 5
44250 2
44260 1
44270 8
44280 0
44290 4
44300 4
44310 4
44320 11
44330 3
44340 12
44350 11
44360 9
44370 9
44380 20
44390 16
44400 19
44410 18
44420 15
44430 21
44440 17
44450 24
44460 21
44470 24
44480 18
44490 19
44500 22
44510 23
44520 24
44530 25
44540 24
44550 23
44560 21
44570 20
44580 23
44590 16
44600 20
44610 26
44620 18
44630 23
44640 22
44650 17
44660 25
44670 23
44680 19
44690 19
44700 18
44710 23
44720 15
44730 20
44740 17
44750 20
44760 21
44770 23
44780 23
44790 28
44800 22
44810 22
44820 24
44830 16
44840 16
44850 22
44860 21
44870 23
44880 20
44890 24
44900 25
44910 29
44920 19
44930 18
44940 21
44950 22
44960 20
44970 24
44980 20
44990 23
45000 21
45010 21
45020 15
45030 24
45040 19
45050 20
45060 22
45070 17
45080 21
45090 20
45100 23
45110 24
45120 22
45130 23
45140 21
45150 19
45160 18
45170 20
45180 23
45190 25
45200 13
45210 22
45220 23
45230 21
45240 23
45250 20
45260 21
45270 24
45280 22
45290 23
45300 21
45310 19
45320 20
45330 24
45340 21
45350 23
45360 26
45370 20
45380 24
45390 25
45400 21
45410 20
45420 25
45430 23
45440 19
45450 25
45460 27
45470 25
45480 22
45490 20
45500 27
45510 27
45520 24
45530 18
45540 17
45550 20
45560 22
45570 23
45580 18
45590 21
45600 15
45610 15
45620 23
45630 27
45640 26
45650 26
45660 22
45670 14
45680 21
45690 28
45700 19
45710 22
45720 20
45730 20
45740 18
45750 23
45760 28
45770 26
45780 23
45790 22
45800 26
45810 26
45820 22
45830 24
45840 23
45850 22
45860 19
45870 26
45880 24
45890 19
45900 20
45910 26
45920 9
45930 25
45940 18
45950 20
45960 23
45970 18
45980 18
45990 14
46000 20
46010 12
46020 17
46030 19
46040 19
46050 16
46060 13
46070 16
46080 21
46090 17
46100 10
46110 19
46120 24
46130 17
46140 21
46150 24
46160 20
46170 18
46180 24
46190 19
46200 11
46210 21
46220 17
46230 15
46240 20
46250 13
46260 20
46270 18
46280 21
46290 23
46300 21
46310 10
46320 17
46330 14
46340 16
46350 13
46360 22
46370 19
46380 17
46390 18
46400 17
46410 19
46420 19
46430 21
46440 17
46450 19
46460 23
46470 19
46480 24
46490 20
46500 18
46510 14
46520 17
46530 14
46540 14
46550 7
46560 16
46570 20
46580 23
46590 16
46600 19
46610 20
46620 23
46630 23
46640 14
46650 22
46660 25
46670 21
46680 18
46690 15
46700 11
46710 18
46720 10
46730 6
46740 9
46750 17
46760 25
46770 20
46780 15
46790 19
46800 9
46810 23
46820 17
46830 20
46840 20
46850 22
46860 22
46870 18
46880 11
46890 24
46900 14
46910 19
46920 20
46930 19
46940 19
46950 16
46960 19
46970 14
46980 16
46990 9
47000 19
47010 15
47020 15
47030 24
47040 18
47050 16
47060 11
47070 19
47080 18
47090 16
47100 24
47110 21
47120 23
47130 20
47140 18
47150 18
47160 11
47170 17
47180 21
47190 19
47200 18
47210 23
47220 21
47230 20
47240 19
47250 20
47260 15
47270 18
47280 16
47290 14
47300 17
47310 21
47320 15
47330 21
47340 18
47350 16
47360 20
47370 12
47380 17
47390 17
47400 16
47410 24
47420 14
47430 10
47440 15
47450 16
47460 8
47470 16
47480 8
47490 3
47500 15
47510 20
47520 12
47530 19
47540 15
47550 19
47560 14
47570 23
47580 9
47590 19
47600 21
47610 19
47620 12
47630 20
47640 14
47650 15
47660 20
47670 9
47680 20
47690 13
47700 10
47710 16
47720 20
47730 4
47740 24
47750 12
47760 1
47770 3
47780 3
47790 2
47800 0
47810 1
47820 1
47830 2
47840 3
47850 0
47860 1
47870 2
47880 2
47890 3
47900 0
47910 0
47920 0
47930 2
47940 0
47950 3
47960 0
47970 1
47980 0
47990 2
48000 2
48010 2
48020 4
48030 3
48040 2
48050 0
48060 2
48070 2
48080 2
48090 0
48100 1
48110 1
48120 2
48130 4
48140 0
48150 1
48160 2
48170 1
48180 0
48190 2
48200 1
48210 3
48220 4
48230 2
48240 2
48250 3
48260 1
48270 2
48280 1
48290 2
48300 3
48310 3
48320 2
48330 0
48340 3
48350 2
48360 2
48370 2
48380 4
48390 2
48400 1
48410 3
48420 2
48430 2
48440 2
48450 3
48460 2
48470 2
48480 2
48490 2
48500 3
48510 2
48520 2
48530 2
48540 2
48550 2
48560 3
48570 1
48580 4
48590 0
48600 1
48610 2
48620 3
48630 2
48640 4
48650 2
48660 1
48670 20
48680 18
48690 20
48700 13
48710 23
48720 22
48730 21
48740 11
48750 18
48760 15
48770 20
48780 16
48790 19
48800 22
48810 16
48820 23
48830 13
48840 15
48850 22
48860 18
48870 18
48880 22
48890 23
48900 22
48910 20
48920 21
48930 21
48940 20
48950 24
48960 25
48970 23
48980 16
48990 21
49000 16
49010 16
49020 16
49030 20
49040 12
49050 17
49060 16
49070 14
49080 19
49090 14
49100 20
49110 16
49120 19
49130 15
49140 21
49150 20
49160 17
49170 10
49180 21
49190 20
49200 19
49210 14
49220 24
49230 19
49240 20
49250 13
49260 14
49270 23
49280 24
49290 19
49300 19
49310 21
49320 20
49330 20
49340 7
49350 13
49360 12
49370 20
49380 17
49390 16
49400 23
49410 19
49420 14
49430 24
49440 16
49450 22
49460 17
49470 21
49480 15
49490 5
49500 10
49510 16
49520 18
49530 21
49540 14
49550 16
49560 18
49570 21
49580 18
49590 20
49600 21
49610 23
49620 13
49630 9
49640 21
49650 14
49660 16
49670 17
49680 22
49690 19
49700 19
49710 9
49720 21
49730 14
49740 16
49750 15
49760 7
49770 15
49780 12
49790 17
49800 16
49810 5
49820 19
49830 17
49840 13
49850 24
49860 15
49870 13
49880 21
49890 20
49900 23
49910 14
49920 23
49930 8
49940 14
49950 21
49960 23
49970 23
49980 17
49990 18
50000 19
50010 10
50020 19
50030 21
50040 17
50050 21
50060 20
50070 26
50080 23
50090 13
50100 17
50110 13
50120 20
50130 20
50140 14
50150 20
50160 22
50170 21
50180 22
50190 16
50200 21
50210 21
50220 23
50230 18
50240 16
50250 24
50260 21
50270 18
50280 12
50290 17
50300 11
50310 17
50320 16
50330 17
50340 21
50350 20
50360 16
50370 20
50380 24
50390 22
50400 19
50410 16
50420 22
50430 17
50440 20
50450 18
50460 16
50470 21
50480 18
50490 18
50500 23
50510 22
50520 17
50530 21
50540 14
50550 12
50560 18
50570 15
50580 17
50590 21
50600 16
50610 18
50620 12
50630 17
50640 21
50650 23
50660 23
50670 25
50680 20
50690 17
50700 24
50710 15
50720 17
50730 21
50740 22
50750 24
50760 19
50770 16
50780 21
50790 24
50800 19
50810 18
50820 20
50830 13
50840 23
50850 13
50860 11
50870 13
50880 16
50890 18
50900 14
50910 11
50920 19
50930 19
50940 22
50950 10
50960 13
50970 20
50980 24
50990 21
51000 20
51010 18
51020 11
51030 22
51040 16
51050 18
51060 23
51070 19
51080 21
51090 19
51100 15
51110 20
51120 11
51130 8
51140 11
51150 17
51160 19
51170 24
51180 18
51190 20
51200 23
51210 11
51220 21
51230 22
51240 23
51250 23
51260 17
51270 14
51280 10
51290 22
51300 24
51310 19
51320 20
51330 19
51340 22
51350 24
51360 21
51370 14
51380 18
51390 13
51400 24
51410 19
51420 23
51430 25
51440 15
51450 21
51460 11
51470 15
51480 7
51490 23
51500 18
51510 16
51520 20
51530 21
51540 21
51550 18
51560 24
51570 16
51580 13
51590 20
51600 20
51610 17
51620 18
51630 17
51640 23
51650 19
51660 23
51670 22
51680 19
51690 22
51700 10
51710 19
51720 6
51730 3
51740 9
51750 19
51760 20
51770 25
51780 15
51790 21
51800 21
51810 18
51820 19
51830 11
51840 21
51850 13
51860 14
51870 21
51880 22
51890 20
51900 10
51910 15
51920 21
51930 19
51940 19
51950 21
51960 12
51970 16
51980 17
51990 15
52000 18
52010 7
52020 9
52030 11
52040 12
52050 16
52060 13
52070 12
52080 10
52090 6
52100 3
52110 2
52120 12
52130 7
52140 17
52150 15
52160 16
52170 13
52180 13
52190 16
52200 16
52210 12
52220 15
52230 14
52240 15
52250 21
52260 18
52270 20
52280 17
52290 14
52300 15
52310 17
52320 21
52330 13
52340 3
52350 13
52360 20
52370 21
52380 14
52390 20
52400 5
52410 13
52420 19
52430 19
52440 18
52450 15
52460 15
52470 13
52480 14
52490 25
52500 13
52510 21
52520 24
52530 6
52540 3
52550 10
52560 19
52570 19
52580 27
52590 13
52600 13
52610 17
52620 10
52630 20
52640 18
52650 23
52660 17
52670 18
52680 9
52690 11
52700 14
52710 22
52720 20
52730 21
52740 20
52750 19
52760 12
52770 20
52780 21
52790 24
52800 22
52810 16
52820 4
52830 16
52840 12
52850 8
52860 14
52870 21
52880 23
52890 13
52900 20
52910 17
52920 15
52930 14
52940 18
52950 26
52960 21
52970 21
52980 17
52990 21
53000 18
53010 20
53020 21
53030 14
53040 20
53050 9
53060 13
53070 20
53080 15
53090 21
53100 10
53110 13
53120 13
53130 13
53140 22
53150 15
53160 24
53170 21
53180 19
53190 22
53200 16
53210 19
53220 15
53230 25
53240 15
53250 16
53260 11
53270 19
53280 20
53290 16
53300 22
53310 22
53320 19
53330 13
53340 20
53350 19
53360 19
53370 18
53380 23
53390 18
53400 17
53410 21
53420 14
53430 16
53440 21
53450 21
53460 21
53470 14
53480 13
53490 22
53500 19
53510 13
53520 16
53530 19
53540 18
53550 16
53560 24
53570 22
53580 19
53590 16
53600 17
53610 14
53620 14
53630 17
53640 5
53650 21
53660 14
53670 20
53680 18
53690 21
53700 22
53710 18
53720 23
53730 15
53740 20
53750 19
53760 13
53770 15
53780 14
53790 15
53800 0
53810 9
53820 13
53830 18
53840 14
53850 15
53860 12
53870 21
53880 13
53890 18
53900 22
53910 19
53920 18
53930 20
53940 20
53950 17
53960 15
53970 16
53980 20
53990 21
54000 18
54010 21
54020 20
54030 22
54040 22
54050 24
54060 19
54070 15
54080 22
54090 17
54100 22
54110 14
54120 18
54130 14
54140 23
54150 16
54160 15
54170 21
54180 17
54190 18
54200 6
54210 7
54220 15
54230 10
54240 18
54250 23
54260 7
54270 23
54280 21
54290 23
54300 19
54310 20
54320 22
54330 17
54340 10
54350 23
54360 22
54370 22
54380 16
54390 15
54400 17
54410 22
54420 6
54430 12
54440 23
54450 11
54460 23
54470 16
54480 23
54490 23
54500 17
54510 18
54520 22
54530 23
54540 21
54550 18
54560 22
54570 20
54580 18
54590 21
54600 16
54610 18
54620 22
54630 18
54640 18
54650 12
54660 16
54670 15
54680 19
54690 22
54700 16
54710 25
54720 17
54730 24
54740 17
54750 13
54760 17
54770 23
54780 23
54790 19
54800 11
54810 12
54820 22
54830 12
54840 22
54850 21
54860 13
54870 21
54880 23
54890 19
54900 16
54910 22
54920 23
54930 17
54940 18
54950 15
54960 19
54970 19
54980 23
54990 24
55000 19
55010 18
55020 20
55030 21
55040 10
55050 20
55060 19
55070 21
55080 25
55090 19
55100 19
55110 21
55120 25
55130 17
55140 16
55150 23
55160 11
55170 18
55180 18
55190 17
55200 16
55210 19
55220 8
55230 15
55240 18
55250 24
55260 25
55270 21
55280 22
55290 19
55300 24
55310 22
55320 18
55330 23
55340 23
55350 18
55360 14
55370 18
55380 16
55390 19
55400 22
55410 20
55420 22
55430 12
55440 12
55450 18
55460 13
55470 21
55480 16
55490 23
55500 19
55510 23
55520 20
55530 13
55540 22
55550 18
55560 12
55570 25
55580 18
55590 22
55600 21
55610 21
55620 20
55630 21
55640 16
55650 17
55660 18
55670 20
55680 19
55690 19
55700 23
55710 26
55720 18
55730 21
55740 18
55750 20
55760 24
55770 21
55780 19
55790 19
55800 24
55810 21
55820 15
55830 27
55840 23
55850 12
55860 17
55870 15
55880 22
55890 18
55900 16
55910 14
55920 20
55930 21
55940 28
55950 22
55960 14
55970 19
55980 17
55990 23
56000 24
56010 22
56020 24
56030 8
56040 21
56050 20
56060 21
56070 22
56080 9
56090 21
56100 11
56110 21
56120 17
56130 10
56140 15
56150 22
56160 27
56170 5
56180 19
56190 20
56200 20
56210 14
56220 19
56230 18
56240 24
56250 19
56260 22
56270 23
56280 22
56290 17
56300 13
56310 20
56320 13
56330 9
56340 9
56350 23
56360 17
56370 14
56380 15
56390 11
56400 15
56410 17
56420 18
56430 15
56440 14
56450 18
56460 17
56470 23
56480 18
56490 22
56500 11
56510 14
56520 19
56530 22
56540 19
56550 20
56560 17
56570 19
56580 20
56590 17
56600 18
56610 17
56620 21
56630 16
56640 17
56650 14
56660 17
56670 18
56680 22
56690 17
56700 25
56710 16
56720 15
56730 21
56740 21
56750 16
56760 19
56770 15
56780 23
56790 17
56800 21
56810 20
56820 22
56830 5
56840 20
56850 24
56860 19
56870 11
56880 13
56890 10
56900 7
56910 9
56920 11
56930 3
56940 3
56950 4
56960 2
56970 13
56980 6
56990 8
57000 3
57010 16
57020 11
57030 16
57040 20
57050 8
57060 11
57070 8
57080 15
57090 14
57100 15
57110 19
57120 16
57130 9
57140 11
57150 12
57160 10
57170 7
57180 6
57190 6
57200 9
57210 7
57220 7
57230 4
57240 11
57250 16
57260 8
57270 3
57280 3
57290 10
57300 8
57310 4
57320 15
57330 14
57340 9
57350 13
57360 13
57370 21
57380 22
57390 22
57400 18
57410 22
57420 12
57430 10
57440 26
57450 23
57460 14
57470 22
57480 21
57490 20
57500 21
57510 16
57520 19
57530 15
57540 14
57550 13
57560 14
57570 18
57580 18
57590 18
57600 19
57610 10
57620 22
57630 6
57640 10
57650 22
57660 20
57670 14
57680 16
57690 20
57700 15
57710 20
57720 10
57730 21
57740 17
57750 21
57760 13
57770 12
57780 20
57790 10
57800 21
57810 23
57820 19
57830 12
57840 13
57850 21
57860 22
57870 23
57880 12
57890 4
57900 23
57910 19
57920 18
57930 13
57940 13
57950 17
57960 19
57970 21
57980 21
57990 20
58000 23
58010 9
58020 21
58030 19
58040 24
58050 22
58060 23
58070 14
58080 18
58090 7
58100 19
58110 21
58120 20
58130 16
58140 13
58150 20
58160 23
58170 1
58180 17
58190 8
58200 20
58210 20
58220 21
58230 16
58240 15
58250 21
58260 20
58270 19
58280 14
58290 15
58300 16
58310 19
58320 17
58330 20
58340 15
58350 7
58360 20
58370 13
58380 23
58390 15
58400 27
58410 14
58420 17
58430 21
58440 10
58450 18
58460 14
58470 19
58480 24
58490 21
58500 16
58510 6
58520 17
58530 15
58540 17
58550 21
58560 16
58570 12
58580 17
58590 23
58600 24
58610 15
58620 17
58630 14
58640 26
58650 20
58660 16
58670 16
58680 19
58690 10
58700 11
58710 15
58720 14
58730 17
58740 16
58750 19
58760 10
58770 20
58780 12
58790 14
58800 15
58810 17
58820 15
58830 11
58840 13
58850 13
58860 15
58870 23
58880 21
58890 16
58900 15
58910 15
58920 20
58930 17
58940 16
58950 23
58960 9
58970 18
58980 16
58990 18
59000 17
59010 12
59020 7
59030 21
59040 13
59050 24
59060 18
59070 13
59080 20
59090 12
59100 3
59110 13
59120 4
59130 16
59140 4
59150 17
59160 16
59170 15
59180 10
59190 7
59200 25
59210 8
59220 3
59230 2
59240 7
59250 7
59260 12
59270 0
59280 2
59290 11
59300 3
59310 14
59320 5
59330 14
59340 13
59350 2
59360 4
59370 8
59380 9
59390 11
59400 9
59410 4
59420 2
59430 13
59440 4
59450 8
59460 3
59470 10
59480 9
59490 4
59500 14
59510 10
59520 3
59530 3
59540 1
59550 15
59560 6
59570 4
59580 10
59590 14
59600 3
59610 5
59620 18
59630 20
59640 12
59650 8
59660 16
59670 9
59680 13
59690 21
59700 20
59710 11
59720 12
59730 10
59740 7
59750 17
59760 10
59770 13
59780 17
59790 14
59800 14
59810 13
59820 19
59830 21
59840 18
59850 20
59860 16
59870 19
59880 18
59890 16
59900 13
59910 17
59920 20
59930 20
59940 9
59950 15
59960 16
59970 15
59980 10
59990 20
60000 21
60010 15
60020 18
60030 19
60040 22
60050 19
60060 14
60070 19
60080 10
60090 18
60100 15
60110 20
60120 14
60130 18
60140 15
60150 15
60160 9
60170 16
60180 19
60190 23
60200 12
60210 22
60220 16
60230 22
60240 9
60250 16
60260 16
60270 5
60280 18
60290 10
60300 8
60310 12
60320 20
60330 15
60340 19
60350 11
60360 16
60370 19
60380 19
60390 16
60400 8
60410 7
60420 12
60430 10
60440 4
60450 7
60460 13
60470 16
60480 7
60490 12
60500 14
60510 4
60520 9
60530 9
60540 13
60550 14
60560 10
60570 15
60580 5
60590 10
60600 20
60610 11
60620 20
60630 21
60640 9
60650 16
60660 8
60670 10
60680 12
60690 14
60700 5
60710 9
60720 9
60730 9
60740 13
60750 2
60760 18
60770 10
60780 7
60790 5
60800 4
60810 11
60820 14
60830 11
60840 6
60850 13
60860 11
60870 15
60880 17
60890 11
60900 13
60910 9
60920 16
60930 14
60940 15
60950 14
60960 15
60970 11
60980 3
60990 3
61000 6
61010 15
61020 17
61030 15
61040 15
61050 14
61060 20
61070 7
61080 14
61090 19
61100 13
61110 9
61120 7
61130 19
61140 15
61150 10
61160 18
61170 8
61180 13
61190 18
61200 10
61210 12
61220 13
61230 16
61240 3
61250 14
61260 8
61270 15
61280 16
61290 7
61300 6
61310 6
61320 13
61330 3
61340 12
61350 16
61360 13
61370 12
61380 9
61390 9
61400 5
61410 15
61420 7
61430 9
61440 0
61450 14
61460 10
61470 15
61480 15
61490 14
61500 18
61510 16
61520 14
61530 11
61540 12
61550 9
61560 11
61570 10
61580 8
61590 7
61600 10
61610 9
61620 10
61630 14
61640 10
61650 2
61660 12
61670 11
61680 6
61690 13
61700 6
61710 10
61720 3
61730 2
61740 5
61750 7
61760 15
61770 12
61780 5
61790 11
61800 12
61810 14
61820 8
61830 17
61840 5
61850 7
61860 4
61870 11
61880 19
61890 12
61900 4
61910 18
61920 10
61930 9
61940 12
61950 14
61960 15
61970 11
61980 10
61990 13
62000 9
62010 10
62020 5
62030 7
62040 7
62050 18
62060 10
62070 9
62080 3
62090 16
62100 7
62110 4
62120 2
62130 10
62140 5
62150 5
62160 20
62170 13
62180 4
62190 11
62200 16
62210 10
62220 4
62230 5
62240 4
62250 7
62260 15
62270 13
62280 11
62290 3
62300 3
62310 5
62320 10
62330 7
62340 6
62350 9
62360 13
62370 8
62380 8
62390 7
62400 5
62410 19
62420 0
62430 9
62440 14
62450 6
62460 7
62470 10
62480 15
62490 15
62500 8
62510 17
62520 4
62530 10
62540 9
62550 8
62560 18
62570 11
62580 8
62590 15
62600 7
62610 15
62620 11
62630 12
62640 9
62650 5
62660 12
62670 7
62680 8
62690 8
62700 5
62710 1
62720 2
62730 10
62740 8
62750 6
62760 15
62770 10
62780 15
62790 13
62800 9
62810 14
62820 15
62830 8
62840 17
62850 6
62860 13
62870 15
62880 7
62890 8
62900 16
62910 9
62920 3
62930 13
62940 14
62950 12
62960 4
62970 13
62980 11
62990 14
63000 9
63010 0
63020 11
63030 16
63040 14
63050 12
63060 0
63070 14
63080 10
63090 19
63100 8
63110 12
63120 12
63130 10
63140 11
63150 10
63160 13
63170 16
63180 10
63190 8
63200 11
63210 10
63220 14
63230 11
63240 7
63250 12
63260 16
63270 11
63280 15
63290 20
63300 17
63310 12
63320 14
63330 11
63340 12
63350 17
63360 14
63370 17
63380 18
63390 17
63400 18
63410 13
63420 8
63430 14
63440 12
63450 6
63460 17
63470 16
63480 14
63490 1
63500 11
63510 14
63520 16
63530 7
63540 6
63550 13
63560 15
63570 9
63580 8
63590 14
63600 9
63610 3
63620 13
63630 12
63640 8
63650 2
63660 8
63670 13
63680 11
63690 5
63700 6
63710 6
63720 8
63730 10
63740 13
63750 14
63760 16
63770 13
63780 17
63790 3
63800 11
63810 19
63820 15
63830 14
63840 15
63850 8
63860 4
63870 0
63880 3
63890 12
63900 5
63910 2
63920 5
63930 7
63940 15
63950 14
63960 15
63970 12
63980 0
63990 18
64000 13
64010 14
64020 18
64030 17
64040 15
64050 8
64060 2
64070 12
64080 12
64090 6
64100 11
64110 14
64120 15
64130 7
64140 12
64150 18
64160 6
64170 11
64180 17
64190 6
64200 12
64210 8
64220 13
64230 2
64240 1
64250 13
64260 15
64270 9
64280 7
64290 13
64300 12
64310 2
64320 13
64330 8
64340 2
64350 2
64360 7
64370 17
64380 10
64390 15
64400 15
64410 15
64420 12
64430 10
64440 8
64450 10
64460 12
64470 13
64480 2
64490 9
64500 10
64510 4
64520 10
64530 3
64540 11
64550 19
64560 12
64570 11
64580 12
64590 4
64600 5
64610 16
64620 16
64630 12
64640 9
64650 10
64660 16
64670 13
64680 14
64690 8
64700 14
64710 20
64720 2
64730 11
64740 4
64750 9
64760 13
64770 8
64780 11
64790 11
64800 3
64810 4
64820 5
64830 14
64840 7
64850 11
64860 3
64870 9
64880 8
64890 13
64900 2
64910 3
64920 2
64930 3
64940 5
64950 4
64960 12
64970 4
64980 0
64990 1
65000 2
65010 0
65020 2
65030 10
65040 13
65050 4
65060 12
65070 3
65080 1
65090 3
65100 2
65110 3
65120 6
65130 2
65140 8
65150 2
65160 5
65170 1
65180 2
65190 1
65200 2
65210 1
65220 10
65230 4
65240 6
65250 5
65260 5
65270 9
65280 3
65290 7
65300 8
65310 5
65320 7
65330 7
65340 8
65350 2
65360 7
65370 10
65380 13
65390 2
65400 1
65410 2
65420 2
65430 17
65440 20
65450 21
65460 5
65470 14
65480 16
65490 16
65500 15
65510 16
65520 3
65530 15
65540 17
65550 6
65560 16
65570 19
65580 7
65590 6
65600 12
65610 8
65620 6
65630 5
65640 0
65650 12
65660 0
65670 10
65680 4
65690 6
65700 8
65710 0
65720 5
65730 2
65740 11
65750 9
65760 10
65770 9
65780 1
65790 3
65800 0
65810 0
65820 0
65830 0
65840 0
65850 11
65860 12
65870 0
65880 5
65890 13
65900 9
65910 5
65920 11
65930 2
65940 2
65950 2
65960 4
65970 3
65980 0
65990 3
66000 2
66010 3
66020 1
66030 2
66040 5
66050 12
66060 1
66070 2
66080 3
66090 2
66100 5
66110 13
66120 12
66130 0
66140 10
66150 1
66160 0
66170 4
66180 0
66190 3
66200 1
66210 6
66220 14
66230 6
66240 5
66250 2
66260 13
66270 7
66280 11
66290 3
66300 4
66310 12
66320 7
66330 6
66340 3
66350 10
66360 2
66370 6
66380 9
66390 5
66400 7
66410 14
66420 8
66430 13
66440 6
66450 8
66460 11
66470 4
66480 2
66490 13
66500 1
66510 8
66520 7
66530 1
66540 4
66550 6
66560 14
66570 7
66580 15
66590 15
66600 8
66610 5
66620 12
66630 5
66640 10
66650 13
66660 5
66670 15
66680 9
66690 11
66700 11
66710 11
66720 5
66730 14
66740 5
66750 15
66760 14
66770 6
66780 3
66790 13
66800 9
66810 5
66820 15
66830 7
66840 10
66850 16
66860 8
66870 11
66880 4
66890 6
66900 2
66910 6
66920 4
66930 8
66940 12
66950 13
66960 7
66970 3
66980 1
66990 0
67000 9
67010 5
67020 0
67030 13
67040 5
67050 1
67060 0
67070 4
67080 4
67090 10
67100 14
67110 10
67120 6
67130 6
67140 0
67150 10
67160 6
67170 1
67180 9
67190 13
67200 0
67210 2
67220 1
67230 4
67240 12
67250 0
67260 5
67270 0
67280 5
67290 2
67300 12
67310 1
67320 5
67330 10
67340 12
67350 11
67360 13
67370 10
67380 12
67390 8
67400 4
67410 15
67420 10
67430 4
67440 11
67450 11
67460 8
67470 16
67480 15
67490 13
67500 18
67510 13
67520 6
67530 8
67540 3
67550 5
67560 2
67570 10
67580 6
67590 4
67600 11
67610 6
67620 13
67630 9
67640 14
67650 12
67660 12
67670 12
67680 12
67690 16
67700 6
67710 2
67720 2
67730 11
67740 5
67750 8
67760 15
67770 12
67780 9
67790 15
67800 0
67810 1
67820 4
67830 7
67840 6
67850 12
67860 5
67870 8
67880 6
67890 11
67900 10
67910 1
67920 12
67930 12
67940 9
67950 4
67960 5
67970 7
67980 8
67990 7
68000 12
68010 8
68020 3
68030 11
68040 10
68050 3
68060 11
68070 13
68080 15
68090 15
68100 4
68110 11
68120 13
68130 17
68140 10
68150 18
68160 14
68170 2
68180 7
68190 12
68200 18
68210 17
68220 2
68230 13
68240 13
68250 4
68260 3
68270 8
68280 6
68290 1
68300 4
68310 2
68320 5
68330 0
68340 4
68350 7
68360 7
68370 3
68380 8
68390 2
68400 0
68410 0
68420 6
68430 4
68440 4
68450 5
68460 6
68470 3
68480 0
68490 8
68500 4
68510 14
68520 6
68530 3
68540 8
68550 15
68560 14
68570 13
68580 9
68590 13
68600 0
68610 8
68620 1
68630 9
68640 9
68650 6
68660 10
68670 3
68680 3
68690 12
68700 3
68710 13
68720 2
68730 17
68740 12
68750 6
68760 13
68770 15
68780 13
68790 8
68800 14
68810 8
68820 13
68830 22
68840 15
68850 12
68860 18
68870 9
68880 22
68890 12
68900 21
68910 18
68920 16
68930 18
68940 15
68950 14
68960 12
68970 14
68980 4
68990 14
69000 10
69010 6
69020 0
69030 2
69040 7
69050 2
69060 3
69070 0
69080 6
69090 7
69100 14
69110 16
69120 14
69130 14
69140 10
69150 8
69160 12
69170 15
69180 2
69190 6
69200 2
69210 17
69220 4
69230 4
69240 4
69250 0
69260 1
69270 14
69280 13
69290 6
69300 5
69310 5
69320 6
69330 13
69340 13
69350 4
69360 12
69370 14
69380 7
69390 10
69400 16
69410 2
69420 9
69430 1
69440 10
69450 10
69460 12
69470 9
69480 4
69490 1
69500 12
69510 3
69520 12
69530 1
69540 16
69550 8
69560 8
69570 16
69580 2
69590 7
69600 18
69610 17
69620 2
69630 9
69640 8
69650 13
69660 3
69670 14
69680 12
69690 0
69700 2
69710 4
69720 6
69730 0
69740 2
69750 16
69760 5
69770 3
69780 2
69790 15
69800 18
69810 11
69820 12
69830 2
69840 0
69850 9
69860 3
69870 8
69880 12
69890 16
69900 16
69910 4
69920 7
69930 11
69940 11
69950 11
69960 9
69970 18
69980 16
69990 20
70000 22
70010 18
70020 15
70030 15
70040 11
70050 21
70060 19
70070 21
70080 25
70090 22
70100 16
70110 28
70120 3
70130 6
70140 9
70150 14
70160 19
70170 16
70180 3
70190 4
70200 4
70210 12
70220 12
70230 11
70240 7
70250 6
70260 2
70270 2
70280 4
70290 11
70300 0
70310 9
70320 4
70330 22
70340 1
70350 1
70360 10
70370 1
70380 13
70390 15
70400 2
70410 13
70420 5
70430 8
70440 3
70450 10
70460 14
70470 14
70480 11
70490 10
70500 3
70510 12
70520 1
70530 5
70540 1
70550 14
70560 16
70570 1
70580 8
70590 5
70600 7
70610 5
70620 8
70630 13
70640 9
70650 11
70660 14
70670 6
70680 7
70690 7
70700 4
70710 0
70720 12
70730 10
70740 5
70750 8
70760 13
70770 11
70780 11
70790 13
70800 7
70810 10
70820 19
70830 12
70840 14
70850 13
70860 7
70870 7
70880 14
70890 10
70900 3
70910 5
70920 3
70930 11
70940 1
70950 5
70960 13
70970 17
70980 14
70990 6
71000 4
71010 11
71020 13
71030 16
71040 10
71050 9
71060 12
71070 11
71080 4
71090 7
71100 2
71110 14
71120 17
71130 2
71140 8
71150 13
71160 0
71170 0
71180 5
71190 0
71200 6
71210 12
71220 13
71230 9
71240 13
71250 18
71260 6
71270 11
71280 10
71290 11
71300 13
71310 2
71320 10
71330 5
71340 13
71350 12
71360 10
71370 13
71380 4
71390 16
71400 2
71410 6
71420 4
71430 4
71440 7
71450 2
71460 5
71470 16
71480 2
71490 11
71500 8
71510 7
71520 20
71530 16
71540 14
71550 10
71560 4
71570 9
71580 12
71590 14
71600 12
71610 3
71620 8
71630 12
71640 13
71650 12
71660 14
71670 10
71680 6
71690 10
71700 2
71710 13
71720 13
71730 8
71740 11
71750 15
71760 9
71770 13
71780 1
71790 5
71800 10
71810 12
71820 14
71830 14
71840 11
71850 5
71860 13
71870 7
71880 11
71890 11
71900 6
71910 1
71920 5
71930 7
71940 12
71950 16
71960 10
71970 4
71980 0
71990 17
72000 15
72010 0
72020 1
72030 3
72040 13
72050 14
72060 11
72070 14
72080 9
72090 12
72100 12
72110 10
72120 13
72130 11
72140 12
72150 14
72160 16
72170 12
72180 9
72190 10
72200 13
72210 3
72220 14
72230 12
72240 18
72250 14
72260 14
72270 11
72280 12
72290 3
72300 13
72310 15
72320 11
72330 9
72340 17
72350 12
72360 10
72370 7
72380 10
72390 7
72400 10
72410 11
72420 3
72430 4
72440 3
72450 6
72460 10
72470 8
72480 16
72490 17
72500 14
72510 7
72520 14
72530 11
72540 15
72550 14
72560 13
72570 11
72580 10
72590 14
72600 11
72610 9
72620 6
72630 12
72640 17
72650 17
72660 17
72670 5
72680 15
72690 11
72700 11
72710 17
72720 15
72730 14
72740 19
72750 14
72760 11
72770 6
72780 14
72790 16
72800 19
72810 15
72820 10
72830 19
72840 7
72850 15
72860 15
72870 17
72880 14
72890 12
72900 16
72910 12
72920 9
72930 15
72940 1
72950 13
72960 10
72970 2
72980 4
72990 9
73000 11
73010 4
73020 5
73030 14
73040 7
73050 12
73060 8
73070 10
73080 11
73090 8
73100 12
73110 18
73120 14
73130 10
73140 18
73150 6
73160 2
73170 7
73180 5
73190 0
73200 3
73210 0
73220 1
73230 2
73240 2
73250 0
73260 19
73270 16
73280 15
73290 3
73300 11
73310 11
73320 17
73330 12
73340 5
73350 4
73360 4
73370 1
73380 14
73390 9
73400 5
73410 14
73420 11
73430 8
73440 13
73450 9
73460 8
73470 5
73480 11
73490 5
73500 9
73510 9
73520 9
73530 11
73540 15
73550 11
73560 15
73570 12
73580 9
73590 13
73600 11
73610 13
73620 5
73630 2
73640 8
73650 8
73660 15
73670 0
73680 5
73690 5
73700 7
73710 2
73720 0
73730 2
73740 13
73750 1
73760 10
73770 0
73780 10
73790 0
73800 7
73810 4
73820 6
73830 0
73840 15
73850 14
73860 2
73870 0
73880 13
73890 6
73900 1
73910 3
73920 4
73930 0
73940 3
73950 11
73960 13
73970 6
73980 5
73990 10
74000 6
74010 1
74020 2
74030 4
74040 14
74050 6
74060 15
74070 5
74080 18
74090 4
74100 2
74110 15
74120 3
74130 6
74140 9
74150 10
74160 3
74170 11
74180 13
74190 6
74200 11
74210 9
74220 18
74230 10
74240 11
74250 13
74260 4
74270 12
74280 3
74290 3
74300 0
74310 0
74320 1
74330 2
74340 2
74350 0
74360 0
74370 0
74380 0
74390 0
74400 0
74410 0
74420 0
74430 0
74440 0
74450 0
74460 0
74470 0
74480 5
74490 0
74500 0
74510 0
74520 0
74530 0
74540 0
74550 0
74560 0
74570 0
74580 0
74590 0
74600 0
74610 0
74620 0
74630 0
74640 0
74650 0
74660 0
74670 0
74680 0
74690 0
74700 0
74710 0
74720 0
74730 0
74740 0
74750 0
74760 3
74770 0
74780 0
74790 1
74800 0
74810 3
74820 2
74830 1
74840 2
74850 3
74860 0
74870 3
74880 2
74890 2
74900 2
74910 3
74920 1
74930 2
74940 2
74950 0
74960 7
74970 0
74980 0
74990 0
75000 4
75010 0
75020 1
75030 15
75040 10
75050 19
75060 22
75070 22
75080 20
75090 0
75100 1
75110 3
75120 0
75130 3
75140 3
75150 3
75160 7
75170 1
75180 4
75190 3
75200 5
75210 7
75220 1
75230 1
75240 8
75250 2
75260 7
75270 3
75280 15
75290 2
75300 6
75310 2
75320 6
75330 13
75340 2
75350 13
75360 12
75370 15
75380 0
75390 0
75400 12
75410 3
75420 2
75430 10
75440 5
75450 4
75460 2
75470 13
75480 7
75490 13
75500 5
75510 3
75520 13
75530 15
75540 6
75550 9
75560 13
75570 7
75580 3
75590 4
75600 0
75610 1
75620 0
75630 7
75640 2
75650 5
75660 14
75670 14
75680 14
75690 8
75700 13
75710 12
75720 12
75730 9
75740 11
75750 0
75760 0
75770 13
75780 7
75790 6
75800 21
75810 19
75820 8
75830 17
75840 23
75850 18
75860 10
75870 7
75880 3
75890 17
75900 11
75910 12
75920 6
75930 15
75940 3
75950 3
75960 2
75970 2
75980 0
75990 3
76000 4
76010 3
76020 1
76030 3
76040 2
76050 2
76060 3
76070 3
76080 3
76090 4
76100 3
76110 3
76120 3
76130 2
76140 1
76150 3
76160 1
76170 2
76180 2
76190 3
76200 0
76210 0
76220 0
76230 0
76240 2
76250 0
76260 2
76270 0
76280 3
76290 1
76300 2
76310 3
76320 2
76330 2
76340 2
76350 2
76360 2
76370 2
76380 3
76390 6
76400 1
76410 2
76420 1
76430 0
76440 0
76450 0
76460 2
76470 2
76480 3
76490 4
76500 3
76510 4
76520 20
76530 7
76540 7
76550 4
76560 14
76570 9
76580 18
76590 11
76600 16
76610 12
76620 0
76630 0
76640 7
76650 0
76660 0
76670 0
76680 0
76690 0
76700 2
76710 3
76720 3
76730 3
76740 7
76750 2
76760 4
76770 4
76780 4
76790 2
76800 1
76810 3
76820 1
76830 1
76840 1
76850 2
76860 3
76870 2
76880 2
76890 14
76900 11
76910 10
76920 13
76930 14
76940 10
76950 16
76960 11
76970 12
76980 11
76990 2
77000 0
77010 4
77020 4
77030 18
77040 15
77050 13
77060 17
77070 12
77080 10
77090 3
77100 3
77110 19
77120 8
77130 7
77140 10
77150 1
77160 8
77170 15
77180 17
77190 14
77200 21
77210 10
77220 13
77230 22
77240 13
77250 14
77260 13
77270 9
77280 13
77290 12
77300 12
77310 13
77320 18
77330 12
77340 2
77350 11
77360 16
77370 11
77380 2
77390 2
77400 13
77410 7
77420 16
77430 10
77440 0
77450 0
77460 0
77470 2
77480 2
77490 13
77500 2
77510 8
77520 3
77530 2
77540 0
77550 1
77560 1
77570 0
77580 0
77590 0
77600 2
77610 4
77620 2
77630 1
77640 2
77650 1
77660 0
77670 0
77680 1
77690 2
77700 0
77710 1
77720 0
77730 0
77740 1
77750 0
77760 2
77770 1
77780 2
77790 2
77800 2
77810 0
77820 2
77830 2
77840 1
77850 1
77860 0
77870 0
77880 1
77890 3
77900 2
77910 0
77920 1
77930 1
77940 3
77950 2
77960 2
77970 2
77980 2
77990 2
78000 1
78010 0
78020 2
78030 2
78040 0
78050 3
78060 1
78070 0
78080 1
78090 1
78100 1
78110 2
78120 0
78130 2
78140 1
78150 2
78160 2
78170 1
78180 2
78190 0
78200 4
78210 0
78220 1
78230 2
78240 0
78250 0
78260 0
78270 2
78280 3
78290 4
78300 2
78310 3
78320 2
78330 2
78340 2
78350 3
78360 2
78370 1
78380 2
78390 2
78400 0
78410 0
78420 1
78430 1
78440 5
78450 0
78460 2
78470 0
78480 1
78490 0
78500 1
78510 1
78520 2
78530 0
78540 0
78550 6
78560 5
78570 0
78580 0
78590 1
78600 0
78610 1
78620 0
78630 4
78640 3
78650 2
78660 1
78670 1
78680 1
78690 12
78700 0
78710 3
78720 4
78730 1
78740 2
78750 2
78760 2
78770 4
78780 2
78790 0
78800 0
78810 0
78820 0
78830 1
78840 3
78850 2
78860 3
78870 0
78880 2
78890 4
78900 2
78910 0
78920 1
78930 1
78940 0
78950 1
78960 1
78970 0
78980 1
78990 1
79000 0
79010 0
79020 0
79030 1
79040 3
79050 1
79060 1
79070 3
79080 2
79090 3
79100 3
79110 3
79120 3
79130 2
79140 2
79150 3
79160 2
79170 2
79180 3
79190 3
79200 0
79210 2
79220 3
79230 3
79240 6
79250 3
79260 4
79270 2
79280 2
79290 3
79300 2
79310 13
79320 17
79330 10
79340 16
79350 15
79360 10
79370 3
79380 2
79390 10
79400 13
79410 21
79420 4
79430 20
79440 16
79450 16
79460 2
79470 2
79480 12
79490 6
79500 12
79510 11
79520 2
79530 11
79540 4
79550 14
79560 12
79570 6
79580 8
79590 13
79600 18
79610 13
79620 11
79630 18
79640 16
79650 17
79660 6
79670 0
79680 1
79690 1
79700 1
79710 0
79720 1
79730 0
79740 0
79750 1
79760 1
79770 0
79780 0
79790 0
79800 2
79810 1
79820 2
79830 2
79840 0
79850 1
79860 1
79870 1
79880 0
79890 0
79900 7
79910 9
79920 7
79930 5
79940 3
79950 1
79960 3
79970 2
79980 2
79990 0
80000 2
80010 9
80020 4
80030 10
80040 6
80050 5
80060 0
80070 2
80080 2
80090 1
80100 2
80110 1
80120 0
80130 1
80140 0
80150 3
80160 2
80170 1
80180 0
80190 2
80200 2
80210 0
80220 4
80230 1
80240 7
80250 2
80260 2
80270 3
80280 2
80290 2
80300 1
80310 4
80320 2
80330 2
80340 1
80350 2
80360 0
80370 0
80380 3
80390 8
80400 3
80410 0
80420 1
80430 3
80440 7
80450 6
80460 2
80470 2
80480 3
80490 5
80500 3
80510 2
80520 8
80530 13
80540 11
80550 2
80560 4
80570 2
80580 4
80590 2
80600 2
80610 3
80620 1
80630 2
80640 0
80650 2
80660 3
80670 2
80680 3
80690 6
80700 8
80710 7
80720 6
80730 6
80740 9
80750 1
80760 7
80770 2
80780 7
80790 5
80800 7
80810 9
80820 7
80830 9
80840 8
80850 1
80860 5
80870 2
80880 6
80890 3
80900 11
80910 11
80920 2
80930 3
80940 8
80950 5
80960 7
80970 8
80980 5
80990 7
81000 6
81010 1
81020 9
81030 1
81040 4
81050 6
81060 3
81070 6
81080 5
81090 1
81100 2
81110 3
81120 4
81130 3
81140 8
81150 3
81160 2
81170 6
81180 3
81190 3
81200 1
81210 3
81220 3
81230 2
81240 3
81250 5
81260 2
81270 3
81280 7
81290 3
81300 1
81310 2
81320 3
81330 3
81340 3
81350 5
81360 4
81370 4
81380 4
81390 3
81400 3
81410 3
81420 1
81430 1
81440 2
81450 6
81460 5
81470 2
81480 1
81490 6
81500 6
81510 8
81520 3
81530 8
81540 1
81550 1
81560 4
81570 9
81580 4
81590 3
81600 4
81610 4
81620 4
81630 4
81640 4
81650 7
81660 6
81670 4
81680 1
81690 5
81700 4
81710 2
81720 5
81730 4
81740 5
81750 2
81760 2
81770 2
81780 1
81790 3
81800 7
81810 2
81820 2
81830 3
81840 3
81850 3
81860 2
81870 2
81880 2
81890 2
81900 3
81910 1
81920 4
81930 2
81940 2
81950 2
81960 7
81970 2
81980 2
81990 2
82000 1
82010 2
82020 3
82030 3
82040 3
82050 5
82060 7
82070 4
82080 1
82090 4
82100 6
82110 2
82120 3
82130 3
82140 4
82150 3
82160 4
82170 3
82180 4
82190 6
82200 1
82210 3
82220 1
82230 3
82240 2
82250 2
82260 4
82270 4
82280 2
82290 1
82300 7
82310 4
82320 5
82330 7
82340 3
82350 4
82360 2
82370 4
82380 1
82390 6
82400 5
82410 3
82420 5
82430 2
82440 2
82450 2
82460 5
82470 1
82480 8
82490 7
82500 6
82510 2
82520 6
82530 3
82540 1
82550 2
82560 3
82570 3
82580 8
82590 7
82600 7
82610 2
82620 2
82630 3
82640 5
82650 1
82660 2
82670 3
82680 1
82690 2
82700 3
82710 5
82720 3
82730 2
82740 4
82750 1
82760 2
82770 1
82780 5
82790 2
82800 7
82810 4
82820 4
82830 2
82840 2
82850 0
82860 4
82870 2
82880 6
82890 1
82900 1
82910 9
82920 10
82930 7
82940 7
82950 4
82960 3
82970 1
82980 7
82990 7
83000 3
83010 4
83020 1
83030 3
83040 2
83050 4
83060 1
83070 7
83080 2
83090 2
83100 3
83110 5
83120 0
83130 3
83140 5
83150 4
83160 4
83170 3
83180 3
83190 5
83200 1
83210 3
83220 2
83230 4
83240 3
83250 5
83260 2
83270 4
83280 3
83290 3
83300 4
83310 6
83320 2
83330 2
83340 3
83350 8
83360 1
83370 6
83380 3
83390 4
83400 2
83410 3
83420 3
83430 7
83440 4
83450 7
83460 7
83470 4
83480 7
83490 7
83500 5
83510 4
83520 3
83530 2
83540 3
83550 6
83560 2
83570 3
83580 2
83590 2
83600 8
83610 9
83620 10
83630 8
83640 3
83650 7
83660 6
83670 12
83680 2
83690 2
83700 4
83710 1
83720 4
83730 7
83740 0
83750 2
83760 1
83770 1
83780 2
83790 9
83800 7
83810 10
83820 3
83830 8
83840 7
83850 8
83860 7
83870 6
83880 9
83890 8
83900 7
83910 4
83920 9
83930 8
83940 3
83950 10
83960 4
83970 1
83980 2
83990 6
84000 4
84010 4
84020 3
84030 8
84040 4
84050 7
84060 4
84070 4
84080 4
84090 7
84100 8
84110 5
84120 4
84130 6
84140 2
84150 6
84160 7
84170 7
84180 6
84190 5
84200 4
84210 2
84220 1
84230 2
84240 1
84250 6
84260 0
84270 2
84280 2
84290 5
84300 3
84310 4
84320 7
84330 5
84340 5
84350 7
84360 11
84370 3
84380 3
84390 6
84400 7
84410 3
84420 2
84430 1
84440 5
84450 4
84460 3
84470 2
84480 1
84490 4
84500 3
84510 4
84520 4
84530 4
84540 6
84550 2
84560 1
84570 3
84580 1
84590 5
84600 1
84610 6
84620 4
84630 1
84640 1
84650 4
84660 0
84670 3
84680 2
84690 0
84700 2
84710 2
84720 1
84730 2
84740 6
84750 2
84760 2
84770 2
84780 2
84790 1
84800 3
84810 2
84820 2
84830 1
84840 4
84850 5
84860 2
84870 5
84880 3
84890 3
84900 5
84910 3
84920 1
84930 4
84940 3
84950 6
84960 1
84970 4
84980 2
84990 2
85000 2
85010 9
85020 3
85030 2
85040 3
85050 2
85060 1
85070 4
85080 2
85090 2
85100 4
85110 6
85120 3
85130 1
85140 4
85150 5
85160 6
85170 5
85180 3
85190 3
85200 4
85210 3
85220 6
85230 9
85240 4
85250 3
85260 2
85270 5
85280 2
85290 2
85300 4
85310 1
85320 1
85330 3
85340 7
85350 3
85360 2
85370 1
85380 6
85390 4
85400 5
85410 7
85420 3
85430 1
85440 3
85450 2
85460 5
85470 5
85480 8
85490 1
85500 2
85510 2
85520 7
85530 1
85540 1
85550 3
85560 2
85570 1
85580 2
85590 3
85600 2
85610 3
85620 2
85630 3
85640 5
85650 1
85660 2
85670 3
85680 2
85690 2
85700 1
85710 4
85720 4
85730 3
85740 11
85750 5
85760 7
85770 9
85780 2
85790 5
85800 9
85810 7
85820 7
85830 1
85840 10
85850 9
85860 0
85870 2
85880 8
85890 1
85900 1
85910 1
85920 11
85930 2
85940 7
85950 5
85960 5
85970 3
85980 1
85990 1
86000 1
86010 2
86020 1
86030 1
86040 0
86050 2
86060 1
86070 2
86080 2
86090 2
86100 2
86110 3
86120 5
86130 4
86140 0
86150 2
86160 4
86170 4
86180 8
86190 7
86200 4
86210 3
86220 4
86230 4
86240 0
86250 2
86260 3
86270 2
86280 2
86290 0
86300 1
86310 1
86320 1
86330 0
86340 1
86350 0
86360 2
86370 2
86380 2
86390 4
86400 0
86410 0
86420 2
86430 1
86440 0
86450 1
86460 0
86470 2
86480 2
86490 2
86500 2
86510 0
86520 0
86530 2
86540 0
86550 2
86560 0
86570 1
86580 1
86590 4
86600 0
86610 2
86620 0
86630 0
86640 8
86650 8
86660 14
86670 5
86680 13
86690 3
86700 3
86710 7
86720 15
86730 7
86740 16
86750 7
86760 12
86770 14
86780 9
86790 8
86800 15
86810 18
86820 11
86830 6
86840 0
86850 0
86860 0
86870 0
86880 1
86890 4
86900 0
86910 0
86920 1
86930 0
86940 0
86950 2
86960 0
86970 2
86980 1
86990 0
87000 2
87010 2
87020 1
87030 3
87040 2
87050 2
87060 2
87070 1
87080 2
87090 2
87100 2
87110 0
87120 4
87130 3
87140 3
87150 4
87160 2
87170 7
87180 4
87190 4
87200 4
87210 4
87220 9
87230 0
87240 0
87250 3
87260 5
87270 4
87280 4
87290 4
87300 3
87310 3
87320 2
87330 8
87340 4
87350 7
87360 5
87370 4
87380 2
87390 5
87400 0
87410 0
87420 0
87430 0
87440 0
87450 0
87460 0
87470 5
87480 1
87490 3
87500 3
87510 4
87520 4
87530 4
87540 4
87550 3
87560 3
87570 1
87580 4
87590 6
87600 2
87610 4
87620 1
87630 0
87640 0
87650 4
87660 4
87670 5
87680 1
87690 4
87700 2
87710 2
87720 5
87730 9
87740 4
87750 3
87760 2
87770 3
87780 3
87790 3
87800 4
87810 1
87820 4
87830 0
87840 3
87850 0
87860 1
87870 0
87880 0
87890 0
87900 0
87910 0
87920 0
87930 0
87940 2
87950 5
87960 0
87970 3
87980 3
87990 0
88000 3
88010 4
88020 2
88030 1
88040 3
88050 4
88060 4
88070 0
88080 0
88090 0
88100 2
88110 0
88120 0
88130 2
88140 2
88150 2
88160 4
88170 2
88180 1
88190 1
88200 4
88210 2
88220 1
88230 3
88240 4
88250 2
88260 4
88270 1
88280 0
88290 0
88300 1
88310 3
88320 3
88330 4
88340 3
88350 2
88360 1
88370 3
88380 1
88390 5
88400 1
88410 7
88420 7
88430 0
88440 1
88450 4
88460 5
88470 3
88480 7
88490 4
88500 2
88510 2
88520 2
88530 3
88540 2
88550 2
88560 2
88570 2
88580 3
88590 4
88600 4
88610 6
88620 4
88630 2
88640 1
88650 4
88660 2
88670 2
88680 0
88690 1
88700 0
88710 2
88720 2
88730 3
88740 2
88750 6
88760 1
88770 0
88780 3
88790 1
88800 1
88810 1
88820 0
88830 4
88840 2
88850 2
88860 7
88870 2
88880 2
88890 2
88900 4
88910 4
88920 5
88930 4
88940 6
88950 2
88960 2
88970 1
88980 3
88990 1
89000 3
89010 4
89020 1
89030 0
89040 0
89050 1
89060 6
89070 4
89080 3
89090 7
89100 2
89110 3
89120 0
89130 0
89140 4
89150 1
89160 3
89170 3
89180 2
89190 3
89200 3
89210 4
89220 2
89230 4
89240 3
89250 3
89260 4
89270 2
89280 2
89290 1
89300 5
89310 3
89320 0
89330 2
89340 2
89350 4
89360 4
89370 3
89380 3
89390 4
89400 4
89410 1
89420 2
89430 2
89440 6
89450 2
89460 0
89470 0
89480 4
89490 3
89500 2
89510 5
89520 2
89530 0
89540 2
89550 3
89560 2
89570 2
89580 2
89590 2
89600 4
89610 2
89620 2
89630 4
89640 0
89650 2
89660 1
89670 3
89680 2
89690 3
89700 9
89710 2
89720 2
89730 2
89740 3
89750 15
89760 3
89770 8
89780 8
89790 3
89800 4
89810 3
89820 7
89830 4
89840 7
89850 7
89860 10
89870 4
89880 1
89890 4
89900 9
89910 2
89920 0
89930 0
89940 0
89950 0
89960 0
89970 0
89980 0
89990 0
90000 0
90010 0
90020 0
90030 0
90040 0
90050 0
90060 0
90070 0
90080 0
90090 0
90100 0
90110 0
90120 0
90130 0
90140 0
90150 12
90160 3
90170 3
90180 3
90190 3
90200 6
90210 8
90220 5
90230 2
90240 0
90250 4
90260 14
90270 0
90280 6
90290 5
90300 3
90310 6
90320 4
90330 4
90340 7
90350 11
90360 8
90370 8
90380 1
90390 1
90400 4
90410 4
90420 4
90430 3
90440 0
90450 2
90460 4
90470 2
90480 1
90490 1
90500 2
90510 0
90520 4
90530 3
90540 2
90550 2
90560 1
90570 2
90580 5
90590 4
90600 2
90610 4
90620 3
90630 7
90640 8
90650 4
90660 4
90670 6
90680 2
90690 2
90700 11
90710 9
90720 14
90730 12
90740 10
90750 4
90760 3
90770 2
90780 0
90790 3
90800 0
90810 2
90820 2
90830 2
90840 2
90850 6
90860 0
90870 2
90880 4
90890 2
90900 2
90910 1
90920 2
90930 3
90940 2
90950 2
90960 3
90970 2
90980 2
90990 2
91000 1
91010 4
91020 0
91030 2
91040 0
91050 0
91060 0
91070 0
91080 0
91090 0
91100 0
91110 3
91120 2
91130 2
91140 4
91150 0
91160 0
91170 4
91180 0
91190 0
91200 0
91210 0
91220 0
91230 0
91240 0
91250 0
91260 0
91270 0
91280 0
91290 0
91300 0
91310 0
91320 0
91330 0
91340 0
91350 0
91360 0
91370 0
91380 0
91390 0
91400 0
91410 0
91420 0
91430 0
91440 0
91450 0
91460 0
91470 0
91480 0
91490 0
91500 0
91510 0
91520 0
91530 0
91540 0
91550 0
91560 6
91570 0
91580 0
91590 0
91600 0
91610 0
91620 0
91630 0
91640 0
91650 0
91660 0
91670 0
91680 0
91690 0
91700 0
91710 0
91720 0
91730 0
91740 0
91750 0
91760 0
91770 0
91780 0
91790 0
91800 0
91810 0
91820 0
91830 0
91840 0
91850 0
91860 0
91870 0
91880 0
91890 0
91900 0
91910 0
91920 0
91930 0
91940 0
91950 0
91960 0
91970 0
91980 0
91990 0
92000 0
92010 3
92020 0
92030 0
92040 0
92050 0
92060 0
92070 0
92080 0
92090 0
92100 0
92110 0
92120 0
92130 0
92140 0
92150 0
92160 0
92170 0
92180 0
92190 0
92200 0
92210 0
92220 0
92230 0
92240 0
92250 0
92260 0
92270 0
92280 2
92290 0
92300 0
92310 0
92320 0
92330 0
92340 0
92350 0
92360 0
92370 0
92380 1
92390 2
92400 4
92410 2
92420 4
92430 0
92440 2
92450 0
92460 2
92470 2
92480 0
92490 0
92500 0
92510 0
92520 0
92530 3
92540 0
92550 0
92560 0
92570 0
92580 0
92590 7
92600 7
92610 8
92620 4
92630 4
92640 5
92650 0
92660 3
92670 5
92680 4
92690 11
92700 8
92710 4
92720 0
92730 3
92740 0
92750 12
92760 4
92770 0
92780 3
92790 2
92800 5
92810 0
92820 5
92830 0
92840 0
92850 0
92860 0
92870 0
92880 0
92890 0
92900 0
92910 0
92920 0
92930 0
92940 0
92950 0
92960 0
92970 0
92980 0
92990 0
93000 0
93010 0
93020 0
93030 0
93040 0
93050 0
93060 0
93070 0
93080 0
93090 3
93100 3
93110 4
93120 2
93130 3
93140 3
93150 1
93160 3
93170 0
93180 1
93190 2
93200 2
93210 3
93220 2
93230 0
93240 2
93250 1
93260 1
93270 2
93280 3
93290 0
93300 3
93310 3
93320 3
93330 0
93340 2
93350 2
93360 3
93370 1
93380 4
93390 3
93400 4
93410 10
93420 8
93430 10
93440 4
93450 10
93460 2
93470 2
93480 2
93490 3
93500 8
93510 0
93520 1
93530 0
93540 2
93550 1
93560 1
93570 2
93580 1
93590 0
93600 1
93610 2
93620 2
93630 0
93640 6
93650 2
93660 3
93670 2
93680 3
93690 0
93700 3
93710 0
93720 3
93730 2
93740 1
93750 1
93760 0
93770 2
93780 2
93790 3
93800 2
93810 1
93820 5
93830 0
93840 2
93850 2
93860 0
93870 2
93880 2
93890 3
93900 3
93910 8
93920 7
93930 5
93940 2
93950 2
93960 2
93970 2
93980 2
93990 3
94000 1
94010 2
94020 3
94030 1
94040 2
94050 4
94060 2
94070 2
94080 3
94090 0
94100 0
94110 1
94120 2
94130 3
94140 2
94150 1
94160 2
94170 3
94180 3
94190 2
94200 3
94210 0
94220 5
94230 0
94240 1
94250 0
94260 2
94270 2
94280 4
94290 0
94300 2
94310 0
94320 4
94330 2
94340 2
94350 2
94360 2
94370 2
94380 2
94390 1
94400 2
94410 1
94420 3
94430 2
94440 3
94450 2
94460 2
94470 3
94480 1
94490 3
94500 3
94510 3
94520 3
94530 3
94540 5
94550 2
94560 3
94570 7
94580 3
94590 4
94600 3
94610 2
94620 1
94630 3
94640 3
94650 3
94660 5
94670 0
94680 1
94690 2
94700 2
94710 3
94720 0
94730 0
94740 0
94750 1
94760 3
94770 1
94780 1
94790 0
94800 0
94810 2
94820 2
94830 2
94840 0
94850 1
94860 6
94870 1
94880 2
94890 3
94900 1
94910 1
94920 6
94930 2
94940 1
94950 2
94960 0
94970 0
94980 0
94990 0
95000 4
95010 2
95020 0
95030 0
95040 1
95050 1
95060 0
95070 3
95080 0
95090 0
95100 0
95110 0
95120 0
95130 0
95140 0
95150 0
95160 0
95170 0
95180 3
95190 17
95200 17
95210 0
95220 8
95230 16
95240 8
95250 24
95260 0
95270 0
95280 24
95290 19
95300 19
95310 26
95320 21
95330 14
95340 15
95350 13
95360 7
95370 7
95380 14
95390 24
95400 13
95410 10
95420 25
95430 26
95440 15
95450 24
95460 21
95470 18
95480 22
95490 23
95500 27
95510 29
95520 24
95530 22
95540 26
95550 21
95560 17
95570 18
95580 24
95590 23
95600 11
95610 26
95620 23
95630 20
95640 20
95650 17
95660 20
95670 16
95680 24
95690 26
95700 26
95710 18
95720 24
95730 24
95740 16
95750 21
95760 25
95770 21
95780 23
95790 17
95800 16
95810 23
95820 22
95830 22
95840 19
95850 22
95860 20
95870 14
95880 23
95890 19
95900 12
95910 16
95920 23
95930 18
95940 19
95950 16
95960 17
95970 26
95980 23
95990 23
96000 18
96010 29
96020 15
96030 18
96040 16
96050 16
96060 19
96070 26
96080 22
96090 14
96100 16
96110 8
96120 13
96130 12
96140 8
96150 14
96160 15
96170 14
96180 9
96190 17
96200 5
96210 15
96220 16
96230 12
96240 17
96250 14
96260 18
96270 12
96280 14
96290 15
96300 19
96310 15
96320 14
96330 12
96340 15
96350 9
96360 23
96370 23
96380 4
96390 11
96400 9
96410 17
96420 17
96430 11
96440 18
96450 15
96460 13
96470 17
96480 9
96490 13
96500 9
96510 11
96520 5
96530 10
96540 17
96550 15
96560 16
96570 7
96580 2
96590 8
96600 9
96610 12
96620 13
96630 8
96640 5
96650 8
96660 12
96670 11
96680 6
96690 9
96700 5
96710 8
96720 6
96730 6
96740 4
96750 2
96760 5
96770 7
96780 6
96790 4
96800 9
96810 7
96820 10
96830 6
96840 5
96850 2
96860 11
96870 7
96880 5
96890 6
96900 6
96910 8
96920 7
96930 7
96940 7
96950 6
96960 8
96970 3
96980 11
96990 5
97000 7
97010 3
97020 3
97030 5
97040 13
97050 12
97060 15
97070 3
97080 17
97090 12
97100 6
97110 13
97120 13
97130 15
97140 10
97150 10
97160 16
97170 14
97180 12
97190 13
97200 16
97210 16
97220 20
97230 19
97240 11
97250 20
97260 6
97270 6
97280 8
97290 12
97300 14
97310 12
97320 11
97330 11
97340 14
97350 2
97360 12
97370 10
97380 11
97390 5
97400 20
97410 16
97420 23
97430 14
97440 12
97450 13
97460 1
97470 12
97480 17
97490 9
97500 15
97510 14
97520 13
97530 17
97540 9
97550 10
97560 14
97570 15
97580 12
97590 6
97600 6
97610 10
97620 8
97630 14
97640 12
97650 17
97660 12
97670 5
97680 14
97690 12
97700 14
97710 12
97720 11
97730 3
97740 9
97750 9
97760 13
97770 14
97780 23
97790 20
97800 9
97810 16
97820 9
97830 14
97840 13
97850 7
97860 13
97870 8
97880 18
97890 13
97900 11
97910 12
97920 7
97930 16
97940 14
97950 11
97960 11
97970 11
97980 16
97990 17
98000 13
98010 14
98020 8
98030 8
98040 8
98050 10
98060 14
98070 16
98080 9
98090 11
98100 15
98110 15
98120 12
98130 20
98140 21
98150 16
98160 14
98170 18
98180 15
98190 16
98200 7
98210 14
98220 16
98230 10
98240 18
98250 16
98260 12
98270 10
98280 15
98290 6
98300 10
98310 10
98320 14
98330 10
98340 1
98350 17
98360 6
98370 6
98380 1
98390 1
98400 0
98410 4
98420 5
98430 0
98440 0
98450 0
98460 1
98470 0
98480 0
98490 0
98500 0
98510 0
98520 0
98530 6
98540 7
98550 2
98560 1
98570 9
98580 0
98590 1
98600 5
98610 5
98620 0
98630 1
98640 0
98650 7
98660 5
98670 2
98680 9
98690 8
98700 5
98710 12
98720 2
98730 0
98740 2
98750 5
98760 5
98770 6
98780 3
98790 19
98800 13
98810 3
98820 16
98830 15
98840 18
98850 15
98860 12
98870 10
98880 6
98890 3
98900 12
98910 8
98920 15
98930 12
98940 13
98950 11
98960 18
98970 15
98980 1
98990 12
99000 10
99010 7
99020 14
99030 11
99040 16
99050 11
99060 14
99070 15
99080 17
99090 16
99100 16
99110 1
99120 11
99130 12
99140 15
99150 11
99160 15
99170 4
99180 7
99190 5
99200 12
99210 0
99220 16
99230 4
99240 6
99250 1
99260 15
99270 7
99280 4
99290 6
99300 4
99310 5
99320 2
99330 3
99340 5
99350 1
99360 1
99370 6
99380 3
99390 3
99400 11
99410 7
99420 3
99430 7
99440 10
99450 8
99460 3
99470 4
99480 5
99490 3
99500 5
99510 4
99520 6
99530 14
99540 6
99550 8
99560 8
99570 0
99580 5
99590 4
99600 1
99610 2
99620 0
99630 8
99640 1
99650 2
99660 5
99670 12
99680 8
99690 0
99700 1
99710 3
99720 1
99730 4
99740 0
99750 2
99760 4
99770 0
99780 1
99790 1
99800 4
99810 1
99820 4
99830 4
99840 1
99850 0
99860 3
99870 1
99880 4
99890 5
99900 3
99910 4
99920 4
99930 4
99940 6
99950 4
99960 5
99970 1
99980 3
99990 4
