# Frame Contacts
30000 5
30010 7
30020 8
30030 8
30040 4
30050 5
30060 7
30070 4
30080 4
30090 3
30100 8
30110 5
30120 8
30130 7
30140 4
30150 8
30160 7
30170 4
30180 5
30190 5
30200 3
30210 4
30220 2
30230 4
30240 4
30250 4
30260 4
30270 8
30280 4
30290 6
30300 2
30310 5
30320 0
30330 2
30340 0
30350 0
30360 0
30370 0
30380 1
30390 0
30400 0
30410 1
30420 4
30430 0
30440 6
30450 3
30460 14
30470 3
30480 2
30490 0
30500 0
30510 5
30520 3
30530 11
30540 0
30550 3
30560 0
30570 3
30580 0
30590 4
30600 11
30610 0
30620 0
30630 1
30640 6
30650 4
30660 7
30670 4
30680 2
30690 6
30700 4
30710 2
30720 6
30730 5
30740 2
30750 10
30760 6
30770 4
30780 4
30790 4
30800 8
30810 11
30820 6
30830 5
30840 4
30850 8
30860 6
30870 6
30880 6
30890 3
30900 6
30910 5
30920 8
30930 5
30940 6
30950 6
30960 5
30970 5
30980 5
30990 4
31000 4
31010 5
31020 3
31030 3
31040 4
31050 5
31060 5
31070 5
31080 5
31090 3
31100 4
31110 4
31120 3
31130 4
31140 7
31150 6
31160 4
31170 2
31180 4
31190 4
31200 4
31210 5
31220 6
31230 5
31240 7
31250 4
31260 3
31270 6
31280 4
31290 4
31300 6
31310 4
31320 4
31330 4
31340 5
31350 4
31360 4
31370 0
31380 5
31390 5
31400 8
31410 8
31420 6
31430 3
31440 13
31450 6
31460 5
31470 6
31480 6
31490 4
31500 4
31510 4
31520 6
31530 4
31540 5
31550 5
31560 7
31570 4
31580 4
31590 6
31600 5
31610 6
31620 3
31630 7
31640 8
31650 5
31660 4
31670 7
31680 6
31690 4
31700 2
31710 7
31720 5
31730 11
31740 10
31750 7
31760 7
31770 6
31780 4
31790 7
31800 4
31810 4
31820 4
31830 4
31840 5
31850 4
31860 4
31870 7
31880 8
31890 4
31900 5
31910 4
31920 4
31930 8
31940 6
31950 6
31960 8
31970 5
31980 8
31990 6
32000 7
32010 6
32020 7
32030 9
32040 6
32050 4
32060 5
32070 5
32080 5
32090 3
32100 8
32110 5
32120 5
32130 7
32140 5
32150 4
32160 6
32170 4
32180 8
32190 6
32200 4
32210 7
32220 6
32230 4
32240 5
32250 7
32260 3
32270 9
32280 9
32290 12
32300 16
32310 14
32320 12
32330 4
32340 11
32350 17
32360 11
32370 8
32380 20
32390 15
32400 18
32410 10
32420 12
32430 7
32440 12
32450 13
32460 10
32470 16
32480 7
32490 14
32500 13
32510 18
32520 17
32530 18
32540 13
32550 13
32560 14
32570 12
32580 10
32590 16
32600 14
32610 18
32620 19
32630 16
32640 14
32650 7
32660 5
32670 5
32680 5
32690 6
32700 4
32710 12
32720 9
32730 7
32740 5
32750 18
32760 14
32770 17
32780 12
32790 12
32800 12
32810 7
32820 11
32830 9
32840 11
32850 14
32860 6
32870 5
32880 11
32890 5
32900 4
32910 5
32920 4
32930 4
32940 5
32950 4
32960 4
32970 4
32980 2
32990 4
33000 7
33010 5
33020 4
33030 4
33040 4
33050 4
33060 7
33070 10
33080 5
33090 9
33100 4
33110 7
33120 5
33130 9
33140 4
33150 7
33160 9
33170 5
33180 8
33190 4
33200 4
33210 8
33220 4
33230 4
33240 7
33250 4
33260 4
33270 8
33280 5
33290 6
33300 4
33310 4
33320 7
33330 7
33340 5
33350 7
33360 7
33370 4
33380 9
33390 5
33400 8
33410 7
33420 6
33430 11
33440 5
33450 7
33460 7
33470 4
33480 5
33490 7
33500 6
33510 5
33520 3
33530 5
33540 5
33550 5
33560 4
33570 9
33580 5
33590 5
33600 4
33610 4
33620 7
33630 8
33640 9
33650 6
33660 8
33670 5
33680 4
33690 5
33700 5
33710 5
33720 4
33730 4
33740 6
33750 5
33760 6
33770 5
33780 4
33790 5
33800 5
33810 5
33820 6
33830 8
33840 9
33850 6
33860 4
33870 7
33880 5
33890 7
33900 4
33910 8
33920 5
33930 6
33940 4
33950 4
33960 5
33970 4
33980 4
33990 5
34000 5
34010 4
34020 6
34030 4
34040 5
34050 5
34060 4
34070 6
34080 5
34090 8
34100 5
34110 7
34120 4
34130 9
34140 6
34150 6
34160 5
34170 4
34180 5
34190 5
34200 5
34210 6
34220 6
34230 4
34240 4
34250 5
34260 4
34270 5
34280 4
34290 6
34300 4
34310 6
34320 4
34330 4
34340 6
34350 3
34360 5
34370 4
34380 3
34390 4
34400 5
34410 3
34420 5
34430 6
34440 5
34450 6
34460 7
34470 5
34480 8
34490 4
34500 7
34510 4
34520 4
34530 4
34540 4
34550 4
34560 4
34570 4
34580 2
34590 9
34600 4
34610 7
34620 4
34630 6
34640 4
34650 4
34660 4
34670 6
34680 5
34690 3
34700 4
34710 4
34720 2
34730 4
34740 4
34750 6
34760 4
34770 6
34780 6
34790 5
34800 7
34810 5
34820 6
34830 7
34840 5
34850 5
34860 4
34870 4
34880 4
34890 4
34900 4
34910 4
34920 3
34930 5
34940 3
34950 3
34960 5
34970 4
34980 3
34990 4
35000 5
35010 4
35020 5
35030 6
35040 5
35050 3
35060 4
35070 4
35080 4
35090 6
35100 5
35110 5
35120 5
35130 10
35140 7
35150 5
35160 8
35170 6
35180 4
35190 11
35200 12
35210 13
35220 9
35230 5
35240 4
35250 6
35260 5
35270 5
35280 5
35290 4
35300 4
35310 5
35320 3
35330 4
35340 5
35350 5
35360 6
35370 5
35380 5
35390 5
35400 6
35410 6
35420 6
35430 4
35440 6
35450 5
35460 5
35470 5
35480 5
35490 5
35500 5
35510 6
35520 6
35530 5
35540 6
35550 5
35560 5
35570 7
35580 8
35590 9
35600 9
35610 4
35620 6
35630 3
35640 5
35650 6
35660 7
35670 7
35680 6
35690 5
35700 5
35710 3
35720 8
35730 6
35740 5
35750 5
35760 5
35770 8
35780 10
35790 7
35800 7
35810 10
35820 7
35830 6
35840 7
35850 7
35860 7
35870 10
35880 6
35890 8
35900 4
35910 8
35920 8
35930 9
35940 5
35950 5
35960 5
35970 8
35980 6
35990 6
36000 4
36010 7
36020 6
36030 6
36040 4
36050 6
36060 11
36070 5
36080 10
36090 10
36100 13
36110 9
36120 7
36130 9
36140 7
36150 10
36160 6
36170 11
36180 7
36190 9
36200 12
36210 14
36220 20
36230 13
36240 10
36250 13
36260 17
36270 12
36280 23
36290 16
36300 14
36310 21
36320 18
36330 17
36340 16
36350 27
36360 15
36370 20
36380 8
36390 15
36400 11
36410 21
36420 21
36430 9
36440 11
36450 12
36460 8
36470 7
36480 0
36490 5
36500 7
36510 6
36520 2
36530 7
36540 5
36550 3
36560 6
36570 3
36580 7
36590 6
36600 8
36610 6
36620 7
36630 13
36640 7
36650 10
36660 9
36670 12
36680 5
36690 7
36700 12
36710 13
36720 7
36730 12
36740 12
36750 12
36760 8
36770 11
36780 12
36790 10
36800 8
36810 11
36820 11
36830 13
36840 9
36850 12
36860 7
36870 11
36880 10
36890 10
36900 11
36910 7
36920 11
36930 10
36940 9
36950 10
36960 7
36970 8
36980 8
36990 13
37000 6
37010 6
37020 10
37030 9
37040 8
37050 6
37060 9
37070 7
37080 10
37090 10
37100 11
37110 10
37120 5
37130 5
37140 5
37150 14
37160 15
37170 8
37180 16
37190 12
37200 8
37210 16
37220 13
37230 19
37240 9
37250 6
37260 21
37270 16
37280 16
37290 11
37300 6
37310 10
37320 12
37330 26
37340 7
37350 12
37360 13
37370 10
37380 12
37390 7
37400 9
37410 10
37420 10
37430 9
37440 15
37450 12
37460 9
37470 7
37480 6
37490 10
37500 10
37510 9
37520 16
37530 9
37540 11
37550 8
37560 9
37570 7
37580 10
37590 9
37600 12
37610 8
37620 15
37630 16
37640 19
37650 8
37660 12
37670 13
37680 15
37690 10
37700 12
37710 21
37720 18
37730 16
37740 9
37750 16
37760 11
37770 15
37780 17
37790 4
37800 13
37810 9
37820 6
37830 5
37840 7
37850 4
37860 6
37870 14
37880 14
37890 11
37900 10
37910 13
37920 4
37930 13
37940 11
37950 4
37960 10
37970 10
37980 12
37990 14
38000 15
38010 11
38020 12
38030 7
38040 15
38050 13
38060 9
38070 12
38080 10
38090 6
38100 10
38110 12
38120 21
38130 12
38140 9
38150 10
38160 15
38170 13
38180 8
38190 11
38200 11
38210 9
38220 7
38230 5
38240 13
38250 6
38260 9
38270 3
38280 8
38290 8
38300 9
38310 5
38320 9
38330 8
38340 14
38350 14
38360 6
38370 12
38380 14
38390 5
38400 11
38410 11
38420 9
38430 11
38440 13
38450 13
38460 14
38470 18
38480 17
38490 8
38500 14
38510 10
38520 10
38530 9
38540 9
38550 12
38560 5
38570 6
38580 9
38590 10
38600 13
38610 13
38620 8
38630 16
38640 21
38650 4
38660 5
38670 5
38680 9
38690 8
38700 9
38710 10
38720 10
38730 7
38740 7
38750 16
38760 9
38770 19
38780 14
38790 14
38800 14
38810 2
38820 11
38830 7
38840 13
38850 7
38860 12
38870 16
38880 15
38890 12
38900 9
38910 16
38920 16
38930 9
38940 17
38950 12
38960 14
38970 6
38980 11
38990 11
39000 13
39010 11
39020 19
39030 14
39040 10
39050 20
39060 15
39070 13
39080 11
39090 10
39100 9
39110 9
39120 12
39130 3
39140 11
39150 6
39160 7
39170 6
39180 6
39190 8
39200 4
39210 12
39220 10
39230 11
39240 9
39250 22
39260 21
39270 13
39280 11
39290 5
39300 11
39310 4
39320 8
39330 9
39340 6
39350 15
39360 11
39370 12
39380 17
39390 15
39400 17
39410 15
39420 7
39430 9
39440 14
39450 8
39460 11
39470 9
39480 10
39490 13
39500 12
39510 6
39520 10
39530 14
39540 10
39550 16
39560 17
39570 15
39580 18
39590 10
39600 17
39610 18
39620 9
39630 14
39640 10
39650 15
39660 13
39670 15
39680 13
39690 11
39700 9
39710 19
39720 8
39730 9
39740 2
39750 14
39760 5
39770 17
39780 8
39790 7
39800 7
39810 10
39820 8
39830 10
39840 15
39850 14
39860 13
39870 16
39880 8
39890 10
39900 14
39910 7
39920 15
39930 9
39940 6
39950 8
39960 4
39970 12
39980 7
39990 5
40000 12
40010 7
40020 8
40030 4
40040 6
40050 4
40060 4
40070 7
40080 5
40090 4
40100 4
40110 5
40120 4
40130 6
40140 3
40150 9
40160 1
40170 10
40180 11
40190 0
40200 9
40210 10
40220 8
40230 8
40240 8
40250 10
40260 8
40270 4
40280 8
40290 13
40300 7
40310 8
40320 4
40330 4
40340 11
40350 9
40360 6
40370 7
40380 6
40390 9
40400 8
40410 6
40420 4
40430 9
40440 11
40450 11
40460 13
40470 7
40480 8
40490 8
40500 9
40510 11
40520 9
40530 6
40540 6
40550 5
40560 3
40570 7
40580 8
40590 4
40600 7
40610 1
40620 2
40630 3
40640 2
40650 9
40660 7
40670 9
40680 7
40690 8
40700 7
40710 8
40720 4
40730 7
40740 6
40750 7
40760 8
40770 9
40780 4
40790 7
40800 7
40810 5
40820 5
40830 6
40840 4
40850 7
40860 5
40870 7
40880 7
40890 7
40900 7
40910 11
40920 7
40930 6
40940 8
40950 4
40960 9
40970 7
40980 9
40990 7
41000 10
41010 5
41020 6
41030 8
41040 10
41050 4
41060 12
41070 3
41080 10
41090 6
41100 7
41110 8
41120 7
41130 3
41140 5
41150 7
41160 10
41170 11
41180 10
41190 5
41200 6
41210 10
41220 9
41230 8
41240 8
41250 8
41260 4
41270 9
41280 1
41290 3
41300 4
41310 9
41320 9
41330 11
41340 6
41350 13
41360 14
41370 11
41380 6
41390 9
41400 10
41410 6
41420 7
41430 7
41440 7
41450 14
41460 5
41470 8
41480 7
41490 8
41500 6
41510 8
41520 6
41530 10
41540 5
41550 8
41560 9
41570 12
41580 3
41590 5
41600 10
41610 12
41620 10
41630 8
41640 11
41650 6
41660 7
41670 5
41680 5
41690 8
41700 10
41710 10
41720 10
41730 7
41740 8
41750 6
41760 3
41770 10
41780 6
41790 3
41800 1
41810 9
41820 6
41830 6
41840 7
41850 8
41860 13
41870 8
41880 3
41890 4
41900 3
41910 1
41920 9
41930 7
41940 2
41950 3
41960 2
41970 4
41980 0
41990 2
42000 5
42010 4
42020 4
42030 3
42040 1
42050 3
42060 2
42070 2
42080 1
42090 5
42100 3
42110 4
42120 4
42130 3
42140 4
42150 4
42160 5
42170 2
42180 4
42190 6
42200 7
42210 4
42220 4
42230 5
42240 6
42250 6
42260 7
42270 6
42280 6
42290 3
42300 3
42310 2
42320 3
42330 1
42340 4
42350 3
42360 3
42370 4
42380 3
42390 4
42400 2
42410 3
42420 3
42430 5
42440 4
42450 1
42460 3
42470 0
42480 1
42490 1
42500 2
42510 5
42520 1
42530 3
42540 1
42550 0
42560 2
42570 0
42580 2
42590 2
42600 2
42610 2
42620 0
42630 0
42640 0
42650 0
42660 1
42670 0
42680 0
42690 0
42700 0
42710 0
42720 0
42730 0
42740 0
42750 0
42760 0
42770 0
42780 0
42790 0
42800 0
42810 0
42820 0
42830 0
42840 0
42850 0
42860 1
42870 1
42880 1
42890 0
42900 0
42910 1
42920 1
42930 0
42940 1
42950 0
42960 4
42970 2
42980 2
42990 2
43000 2
43010 2
43020 0
43030 2
43040 1
43050 4
43060 3
43070 3
43080 2
43090 2
43100 1
43110 2
43120 1
43130 0
43140 2
43150 0
43160 0
43170 1
43180 0
43190 1
43200 1
43210 3
43220 3
43230 3
43240 1
43250 7
43260 7
43270 6
43280 5
43290 1
43300 4
43310 3
43320 6
43330 0
43340 0
43350 1
43360 0
43370 0
43380 1
43390 0
43400 0
43410 0
43420 0
43430 1
43440 0
43450 0
43460 4
43470 2
43480 2
43490 5
43500 5
43510 5
43520 0
43530 1
43540 1
43550 1
43560 1
43570 4
43580 1
43590 3
43600 3
43610 3
43620 2
43630 4
43640 3
43650 2
43660 1
43670 2
43680 4
43690 5
43700 3
43710 3
43720 0
43730 2
43740 0
43750 2
43760 1
43770 0
43780 0
43790 0
43800 1
43810 0
43820 0
43830 1
43840 2
43850 0
43860 0
43870 0
43880 1
43890 0
43900 0
43910 0
43920 1
43930 0
43940 0
43950 1
43960 0
43970 4
43980 4
43990 3
44000 1
44010 1
44020 2
44030 2
44040 2
44050 3
44060 6
44070 3
44080 3
44090 9
44100 8
44110 2
44120 3
44130 5
44140 8
44150 6
44160 6
44170 9
44180 11
44190 8
44200 6
44210 8
44220 6
44230 4
44240 4
44250 5
44260 5
44270 10
44280 0
44290 0
44300 3
44310 3
44320 8
44330 0
44340 13
44350 15
44360 7
44370 4
44380 12
44390 6
44400 4
44410 4
44420 6
44430 14
44440 13
44450 16
44460 5
44470 13
44480 7
44490 12
44500 14
44510 13
44520 7
44530 14
44540 7
44550 15
44560 7
44570 13
44580 16
44590 7
44600 10
44610 15
44620 1
44630 9
44640 13
44650 7
44660 8
44670 7
44680 7
44690 5
44700 7
44710 8
44720 7
44730 15
44740 5
44750 8
44760 6
44770 18
44780 9
44790 12
44800 8
44810 10
44820 13
44830 6
44840 5
44850 8
44860 6
44870 5
44880 8
44890 11
44900 13
44910 10
44920 6
44930 5
44940 5
44950 4
44960 4
44970 2
44980 3
44990 5
45000 10
45010 5
45020 5
45030 6
45040 5
45050 6
45060 6
45070 6
45080 6
45090 6
45100 5
45110 7
45120 6
45130 5
45140 14
45150 10
45160 9
45170 8
45180 8
45190 9
45200 7
45210 9
45220 7
45230 7
45240 8
45250 10
45260 10
45270 10
45280 7
45290 11
45300 7
45310 12
45320 5
45330 7
45340 5
45350 5
45360 5
45370 6
45380 8
45390 7
45400 13
45410 7
45420 9
45430 17
45440 9
45450 11
45460 9
45470 10
45480 8
45490 11
45500 5
45510 14
45520 5
45530 6
45540 9
45550 10
45560 15
45570 7
45580 13
45590 6
45600 8
45610 5
45620 9
45630 14
45640 12
45650 16
45660 6
45670 6
45680 9
45690 11
45700 11
45710 18
45720 11
45730 7
45740 14
45750 10
45760 15
45770 13
45780 10
45790 11
45800 7
45810 9
45820 7
45830 5
45840 9
45850 11
45860 9
45870 10
45880 5
45890 18
45900 14
45910 9
45920 11
45930 9
45940 9
45950 9
45960 8
45970 16
45980 8
45990 7
46000 5
46010 9
46020 12
46030 13
46040 17
46050 8
46060 7
46070 8
46080 18
46090 14
46100 15
46110 15
46120 15
46130 20
46140 13
46150 17
46160 21
46170 18
46180 12
46190 18
46200 14
46210 19
46220 17
46230 20
46240 11
46250 10
46260 8
46270 19
46280 18
46290 11
46300 16
46310 9
46320 18
46330 14
46340 19
46350 16
46360 20
46370 15
46380 17
46390 17
46400 19
46410 18
46420 17
46430 19
46440 8
46450 19
46460 19
46470 14
46480 19
46490 21
46500 13
46510 13
46520 16
46530 13
46540 16
46550 18
46560 13
46570 12
46580 15
46590 12
46600 12
46610 17
46620 17
46630 18
46640 13
46650 16
46660 17
46670 13
46680 13
46690 12
46700 5
46710 9
46720 8
46730 4
46740 13
46750 14
46760 17
46770 15
46780 15
46790 9
46800 11
46810 12
46820 19
46830 16
46840 8
46850 17
46860 11
46870 15
46880 9
46890 6
46900 8
46910 18
46920 18
46930 18
46940 15
46950 17
46960 27
46970 16
46980 18
46990 19
47000 18
47010 12
47020 16
47030 18
47040 15
47050 4
47060 16
47070 13
47080 13
47090 15
47100 13
47110 17
47120 18
47130 15
47140 20
47150 22
47160 10
47170 20
47180 16
47190 13
47200 21
47210 21
47220 16
47230 16
47240 15
47250 25
47260 13
47270 22
47280 22
47290 21
47300 10
47310 20
47320 18
47330 8
47340 13
47350 15
47360 15
47370 17
47380 5
47390 13
47400 20
47410 9
47420 10
47430 12
47440 19
47450 23
47460 16
47470 14
47480 15
47490 17
47500 20
47510 20
47520 19
47530 25
47540 13
47550 14
47560 21
47570 17
47580 18
47590 12
47600 20
47610 19
47620 15
47630 18
47640 16
47650 23
47660 16
47670 17
47680 18
47690 15
47700 8
47710 17
47720 12
47730 10
47740 11
47750 8
47760 4
47770 9
47780 8
47790 5
47800 14
47810 6
47820 3
47830 7
47840 8
47850 6
47860 9
47870 7
47880 20
47890 8
47900 7
47910 4
47920 5
47930 9
47940 6
47950 18
47960 12
47970 3
47980 6
47990 6
48000 11
48010 2
48020 17
48030 11
48040 11
48050 3
48060 4
48070 1
48080 1
48090 0
48100 4
48110 1
48120 8
48130 20
48140 15
48150 2
48160 11
48170 19
48180 7
48190 17
48200 17
48210 12
48220 15
48230 11
48240 7
48250 13
48260 14
48270 18
48280 11
48290 14
48300 14
48310 19
48320 9
48330 9
48340 14
48350 16
48360 14
48370 10
48380 11
48390 10
48400 14
48410 8
48420 8
48430 11
48440 7
48450 6
48460 20
48470 11
48480 9
48490 8
48500 10
48510 15
48520 14
48530 5
48540 13
48550 15
48560 7
48570 13
48580 18
48590 10
48600 13
48610 9
48620 21
48630 11
48640 11
48650 11
48660 5
48670 13
48680 15
48690 16
48700 3
48710 15
48720 17
48730 19
48740 17
48750 18
48760 12
48770 18
48780 14
48790 20
48800 18
48810 15
48820 14
48830 11
48840 15
48850 21
48860 16
48870 12
48880 17
48890 20
48900 9
48910 15
48920 14
48930 18
48940 17
48950 24
48960 20
48970 17
48980 14
48990 10
49000 15
49010 15
49020 14
49030 17
49040 12
49050 14
49060 17
49070 10
49080 18
49090 21
49100 21
49110 18
49120 12
49130 14
49140 11
49150 12
49160 0
49170 11
49180 2
49190 9
49200 13
49210 10
49220 15
49230 10
49240 12
49250 18
49260 18
49270 16
49280 22
49290 16
49300 15
49310 17
49320 12
49330 13
49340 8
49350 16
49360 18
49370 20
49380 19
49390 11
49400 11
49410 23
49420 14
49430 20
49440 18
49450 15
49460 14
49470 22
49480 15
49490 11
49500 17
49510 21
49520 16
49530 19
49540 25
49550 16
49560 13
49570 24
49580 16
49590 18
49600 17
49610 19
49620 16
49630 13
49640 14
49650 13
49660 11
49670 18
49680 21
49690 18
49700 12
49710 22
49720 26
49730 14
49740 16
49750 20
49760 14
49770 15
49780 16
49790 15
49800 15
49810 21
49820 8
49830 17
49840 12
49850 18
49860 15
49870 13
49880 15
49890 16
49900 18
49910 20
49920 8
49930 12
49940 14
49950 18
49960 13
49970 20
49980 15
49990 18
50000 18
50010 11
50020 9
50030 17
50040 14
50050 16
50060 16
50070 19
50080 21
50090 15
50100 17
50110 14
50120 19
50130 25
50140 14
50150 21
50160 12
50170 16
50180 13
50190 22
50200 16
50210 14
50220 19
50230 17
50240 17
50250 23
50260 17
50270 15
50280 18
50290 16
50300 19
50310 14
50320 19
50330 23
50340 21
50350 18
50360 10
50370 18
50380 16
50390 14
50400 17
50410 5
50420 21
50430 15
50440 8
50450 17
50460 13
50470 19
50480 20
50490 16
50500 13
50510 16
50520 8
50530 13
50540 17
50550 9
50560 12
50570 11
50580 11
50590 10
50600 12
50610 18
50620 10
50630 6
50640 13
50650 8
50660 11
50670 18
50680 11
50690 13
50700 10
50710 10
50720 12
50730 14
50740 16
50750 16
50760 6
50770 23
50780 14
50790 9
50800 14
50810 11
50820 13
50830 5
50840 4
50850 17
50860 19
50870 15
50880 19
50890 13
50900 15
50910 14
50920 17
50930 15
50940 14
50950 11
50960 21
50970 27
50980 12
50990 13
51000 17
51010 16
51020 8
51030 20
51040 17
51050 18
51060 15
51070 15
51080 16
51090 16
51100 22
51110 15
51120 17
51130 15
51140 12
51150 20
51160 13
51170 24
51180 18
51190 15
51200 21
51210 20
51220 12
51230 16
51240 12
51250 20
51260 8
51270 17
51280 14
51290 8
51300 16
51310 6
51320 14
51330 13
51340 18
51350 16
51360 12
51370 17
51380 17
51390 3
51400 13
51410 11
51420 15
51430 12
51440 18
51450 16
51460 15
51470 13
51480 13
51490 16
51500 18
51510 7
51520 15
51530 11
51540 15
51550 16
51560 13
51570 16
51580 12
51590 15
51600 19
51610 10
51620 17
51630 17
51640 14
51650 15
51660 15
51670 20
51680 13
51690 14
51700 13
51710 15
51720 10
51730 4
51740 15
51750 17
51760 12
51770 12
51780 15
51790 18
51800 18
51810 8
51820 13
51830 12
51840 11
51850 11
51860 13
51870 15
51880 22
51890 19
51900 9
51910 18
51920 14
51930 20
51940 16
51950 18
51960 16
51970 18
51980 14
51990 14
52000 20
52010 18
52020 14
52030 11
52040 11
52050 9
52060 18
52070 14
52080 20
52090 10
52100 7
52110 6
52120 0
52130 0
52140 0
52150 0
52160 0
52170 0
52180 0
52190 0
52200 0
52210 0
52220 0
52230 0
52240 1
52250 0
52260 0
52270 0
52280 0
52290 0
52300 0
52310 0
52320 0
52330 0
52340 0
52350 0
52360 3
52370 3
52380 0
52390 3
52400 3
52410 3
52420 5
52430 5
52440 2
52450 15
52460 14
52470 12
52480 13
52490 11
52500 15
52510 11
52520 11
52530 11
52540 13
52550 16
52560 14
52570 7
52580 19
52590 10
52600 14
52610 15
52620 8
52630 18
52640 19
52650 19
52660 10
52670 14
52680 7
52690 14
52700 19
52710 15
52720 17
52730 25
52740 17
52750 20
52760 19
52770 21
52780 25
52790 17
52800 19
52810 18
52820 14
52830 17
52840 16
52850 17
52860 15
52870 27
52880 16
52890 16
52900 24
52910 20
52920 21
52930 16
52940 16
52950 15
52960 17
52970 18
52980 12
52990 14
53000 16
53010 16
53020 17
53030 18
53040 16
53050 14
53060 18
53070 16
53080 24
53090 14
53100 22
53110 18
53120 14
53130 17
53140 20
53150 14
53160 16
53170 24
53180 16
53190 16
53200 14
53210 16
53220 15
53230 21
53240 20
53250 16
53260 22
53270 17
53280 18
53290 18
53300 19
53310 19
53320 21
53330 22
53340 19
53350 18
53360 13
53370 17
53380 17
53390 19
53400 18
53410 20
53420 21
53430 11
53440 25
53450 18
53460 17
53470 12
53480 21
53490 17
53500 14
53510 19
53520 24
53530 17
53540 27
53550 20
53560 16
53570 13
53580 16
53590 12
53600 23
53610 7
53620 16
53630 12
53640 18
53650 15
53660 16
53670 15
53680 16
53690 12
53700 11
53710 11
53720 17
53730 14
53740 16
53750 10
53760 11
53770 18
53780 11
53790 18
53800 14
53810 16
53820 15
53830 17
53840 8
53850 12
53860 8
53870 13
53880 15
53890 10
53900 14
53910 10
53920 14
53930 11
53940 12
53950 16
53960 10
53970 20
53980 16
53990 17
54000 17
54010 18
54020 17
54030 17
54040 20
54050 11
54060 22
54070 14
54080 17
54090 18
54100 12
54110 13
54120 17
54130 14
54140 12
54150 15
54160 16
54170 18
54180 16
54190 16
54200 18
54210 14
54220 17
54230 14
54240 9
54250 19
54260 16
54270 17
54280 14
54290 14
54300 9
54310 16
54320 10
54330 16
54340 12
54350 11
54360 12
54370 13
54380 6
54390 13
54400 14
54410 10
54420 4
54430 8
54440 8
54450 15
54460 16
54470 10
54480 22
54490 14
54500 14
54510 12
54520 14
54530 16
54540 18
54550 18
54560 14
54570 16
54580 16
54590 20
54600 17
54610 19
54620 17
54630 19
54640 11
54650 13
54660 6
54670 17
54680 12
54690 17
54700 12
54710 14
54720 15
54730 11
54740 12
54750 19
54760 10
54770 17
54780 16
54790 15
54800 18
54810 17
54820 15
54830 18
54840 23
54850 16
54860 14
54870 11
54880 14
54890 13
54900 15
54910 8
54920 18
54930 16
54940 13
54950 17
54960 12
54970 18
54980 14
54990 18
55000 15
55010 17
55020 15
55030 10
55040 13
55050 14
55060 16
55070 20
55080 16
55090 13
55100 16
55110 15
55120 12
55130 7
55140 15
55150 17
55160 23
55170 11
55180 15
55190 17
55200 9
55210 12
55220 10
55230 12
55240 15
55250 16
55260 16
55270 11
55280 12
55290 23
55300 26
55310 19
55320 16
55330 14
55340 23
55350 6
55360 15
55370 22
55380 21
55390 23
55400 18
55410 15
55420 24
55430 16
55440 16
55450 11
55460 6
55470 16
55480 14
55490 17
55500 17
55510 10
55520 18
55530 9
55540 11
55550 4
55560 16
55570 15
55580 20
55590 8
55600 12
55610 12
55620 4
55630 5
55640 16
55650 24
55660 13
55670 14
55680 21
55690 16
55700 19
55710 20
55720 14
55730 9
55740 15
55750 19
55760 14
55770 18
55780 11
55790 17
55800 13
55810 11
55820 14
55830 17
55840 5
55850 17
55860 5
55870 8
55880 8
55890 11
55900 17
55910 10
55920 4
55930 7
55940 20
55950 12
55960 4
55970 14
55980 14
55990 15
56000 6
56010 9
56020 14
56030 13
56040 20
56050 17
56060 15
56070 18
56080 16
56090 13
56100 13
56110 6
56120 5
56130 0
56140 4
56150 15
56160 13
56170 5
56180 1
56190 4
56200 3
56210 3
56220 4
56230 3
56240 5
56250 5
56260 8
56270 7
56280 6
56290 6
56300 2
56310 7
56320 0
56330 9
56340 9
56350 13
56360 13
56370 6
56380 6
56390 10
56400 15
56410 10
56420 12
56430 13
56440 5
56450 15
56460 9
56470 8
56480 11
56490 14
56500 8
56510 19
56520 15
56530 9
56540 10
56550 11
56560 10
56570 6
56580 13
56590 11
56600 9
56610 14
56620 14
56630 14
56640 9
56650 6
56660 13
56670 12
56680 12
56690 11
56700 13
56710 11
56720 13
56730 9
56740 10
56750 15
56760 20
56770 7
56780 19
56790 17
56800 12
56810 12
56820 19
56830 13
56840 14
56850 14
56860 12
56870 10
56880 8
56890 9
56900 10
56910 10
56920 9
56930 8
56940 10
56950 4
56960 4
56970 7
56980 8
56990 7
57000 5
57010 8
57020 7
57030 10
57040 11
57050 9
57060 11
57070 8
57080 11
57090 8
57100 10
57110 14
57120 8
57130 8
57140 11
57150 15
57160 7
57170 9
57180 7
57190 6
57200 6
57210 7
57220 10
57230 6
57240 6
57250 10
57260 8
57270 9
57280 6
57290 11
57300 6
57310 4
57320 14
57330 8
57340 5
57350 7
57360 6
57370 8
57380 11
57390 9
57400 9
57410 10
57420 8
57430 4
57440 11
57450 8
57460 6
57470 9
57480 10
57490 6
57500 9
57510 9
57520 6
57530 9
57540 6
57550 12
57560 10
57570 7
57580 9
57590 6
57600 8
57610 6
57620 8
57630 3
57640 7
57650 10
57660 9
57670 8
57680 6
57690 9
57700 8
57710 10
57720 3
57730 5
57740 8
57750 5
57760 8
57770 3
57780 5
57790 5
57800 12
57810 10
57820 8
57830 9
57840 9
57850 10
57860 13
57870 12
57880 9
57890 11
57900 11
57910 10
57920 11
57930 15
57940 16
57950 14
57960 10
57970 10
57980 8
57990 10
58000 10
58010 11
58020 14
58030 7
58040 11
58050 14
58060 10
58070 9
58080 9
58090 5
58100 8
58110 17
58120 9
58130 9
58140 8
58150 9
58160 7
58170 6
58180 8
58190 10
58200 11
58210 8
58220 9
58230 6
58240 7
58250 10
58260 11
58270 9
58280 9
58290 11
58300 10
58310 13
58320 11
58330 12
58340 9
58350 10
58360 15
58370 8
58380 13
58390 14
58400 15
58410 11
58420 9
58430 17
58440 7
58450 10
58460 10
58470 9
58480 12
58490 15
58500 15
58510 9
58520 14
58530 12
58540 9
58550 16
58560 12
58570 9
58580 15
58590 14
58600 11
58610 12
58620 8
58630 13
58640 13
58650 9
58660 9
58670 8
58680 10
58690 8
58700 8
58710 6
58720 10
58730 9
58740 8
58750 15
58760 6
58770 12
58780 12
58790 9
58800 12
58810 10
58820 9
58830 9
58840 10
58850 10
58860 8
58870 13
58880 16
58890 8
58900 10
58910 13
58920 8
58930 9
58940 7
58950 10
58960 9
58970 9
58980 10
58990 12
59000 9
59010 10
59020 10
59030 17
59040 7
59050 13
59060 14
59070 9
59080 9
59090 6
59100 10
59110 10
59120 9
59130 9
59140 16
59150 11
59160 10
59170 12
59180 12
59190 9
59200 14
59210 11
59220 4
59230 6
59240 10
59250 13
59260 5
59270 8
59280 10
59290 11
59300 12
59310 15
59320 10
59330 16
59340 9
59350 10
59360 22
59370 19
59380 18
59390 18
59400 16
59410 11
59420 9
59430 22
59440 14
59450 16
59460 8
59470 18
59480 16
59490 8
59500 13
59510 14
59520 18
59530 21
59540 13
59550 17
59560 13
59570 10
59580 16
59590 13
59600 17
59610 14
59620 17
59630 17
59640 11
59650 9
59660 12
59670 15
59680 16
59690 13
59700 14
59710 11
59720 10
59730 9
59740 12
59750 9
59760 20
59770 18
59780 15
59790 7
59800 13
59810 12
59820 14
59830 12
59840 19
59850 12
59860 15
59870 15
59880 17
59890 13
59900 16
59910 13
59920 12
59930 3
59940 0
59950 12
59960 9
59970 9
59980 11
59990 14
60000 9
60010 17
60020 14
60030 15
60040 6
60050 16
60060 15
60070 12
60080 16
60090 17
60100 3
60110 13
60120 9
60130 11
60140 14
60150 5
60160 10
60170 10
60180 6
60190 10
60200 7
60210 12
60220 10
60230 16
60240 9
60250 12
60260 11
60270 9
60280 10
60290 9
60300 5
60310 10
60320 7
60330 1
60340 6
60350 8
60360 8
60370 18
60380 19
60390 5
60400 5
60410 13
60420 11
60430 7
60440 9
60450 11
60460 15
60470 10
60480 15
60490 8
60500 15
60510 6
60520 7
60530 10
60540 13
60550 6
60560 7
60570 10
60580 11
60590 12
60600 11
60610 11
60620 13
60630 20
60640 12
60650 7
60660 10
60670 12
60680 12
60690 8
60700 12
60710 14
60720 10
60730 12
60740 13
60750 5
60760 10
60770 16
60780 11
60790 16
60800 16
60810 13
60820 12
60830 10
60840 10
60850 7
60860 14
60870 10
60880 10
60890 14
60900 15
60910 11
60920 10
60930 9
60940 13
60950 11
60960 10
60970 5
60980 5
60990 5
61000 7
61010 6
61020 7
61030 9
61040 6
61050 12
61060 8
61070 5
61080 11
61090 12
61100 13
61110 8
61120 11
61130 8
61140 4
61150 5
61160 5
61170 11
61180 15
61190 10
61200 10
61210 10
61220 12
61230 12
61240 6
61250 7
61260 6
61270 11
61280 14
61290 5
61300 7
61310 6
61320 10
61330 4
61340 14
61350 12
61360 14
61370 11
61380 8
61390 12
61400 6
61410 11
61420 11
61430 9
61440 7
61450 9
61460 16
61470 12
61480 20
61490 10
61500 12
61510 9
61520 11
61530 16
61540 14
61550 13
61560 15
61570 13
61580 10
61590 5
61600 10
61610 18
61620 12
61630 16
61640 15
61650 10
61660 14
61670 12
61680 15
61690 8
61700 7
61710 13
61720 5
61730 6
61740 10
61750 7
61760 9
61770 11
61780 9
61790 17
61800 13
61810 9
61820 10
61830 15
61840 6
61850 8
61860 10
61870 10
61880 13
61890 10
61900 5
61910 16
61920 10
61930 10
61940 17
61950 14
61960 5
61970 4
61980 2
61990 11
62000 11
62010 13
62020 15
62030 11
62040 15
62050 9
62060 9
62070 9
62080 5
62090 10
62100 7
62110 5
62120 10
62130 10
62140 4
62150 11
62160 12
62170 11
62180 11
62190 11
62200 15
62210 11
62220 1
62230 8
62240 11
62250 10
62260 9
62270 5
62280 17
62290 4
62300 14
62310 11
62320 9
62330 11
62340 10
62350 7
62360 12
62370 6
62380 8
62390 16
62400 6
62410 10
62420 3
62430 1
62440 7
62450 8
62460 7
62470 11
62480 10
62490 7
62500 8
62510 12
62520 11
62530 10
62540 9
62550 3
62560 9
62570 7
62580 5
62590 4
62600 4
62610 1
62620 2
62630 4
62640 6
62650 8
62660 2
62670 1
62680 0
62690 2
62700 0
62710 0
62720 1
62730 7
62740 7
62750 2
62760 9
62770 1
62780 10
62790 4
62800 4
62810 2
62820 2
62830 0
62840 1
62850 4
62860 14
62870 10
62880 8
62890 8
62900 11
62910 9
62920 11
62930 14
62940 14
62950 6
62960 9
62970 13
62980 11
62990 16
63000 14
63010 8
63020 9
63030 8
63040 11
63050 10
63060 5
63070 11
63080 3
63090 7
63100 5
63110 7
63120 5
63130 12
63140 17
63150 7
63160 8
63170 12
63180 7
63190 4
63200 10
63210 17
63220 9
63230 14
63240 8
63250 5
63260 6
63270 12
63280 13
63290 14
63300 13
63310 9
63320 6
63330 7
63340 6
63350 8
63360 10
63370 11
63380 12
63390 10
63400 9
63410 8
63420 10
63430 13
63440 15
63450 12
63460 9
63470 8
63480 10
63490 11
63500 13
63510 11
63520 11
63530 10
63540 8
63550 10
63560 6
63570 10
63580 8
63590 15
63600 9
63610 8
63620 6
63630 9
63640 12
63650 4
63660 14
63670 11
63680 6
63690 6
63700 14
63710 6
63720 8
63730 9
63740 9
63750 8
63760 9
63770 8
63780 12
63790 10
63800 2
63810 6
63820 8
63830 8
63840 8
63850 5
63860 11
63870 8
63880 5
63890 7
63900 12
63910 11
63920 1
63930 6
63940 8
63950 5
63960 14
63970 9
63980 8
63990 10
64000 10
64010 10
64020 9
64030 7
64040 1
64050 6
64060 5
64070 15
64080 10
64090 7
64100 13
64110 6
64120 17
64130 9
64140 13
64150 15
64160 15
64170 18
64180 13
64190 15
64200 8
64210 9
64220 15
64230 13
64240 11
64250 13
64260 15
64270 16
64280 17
64290 15
64300 13
64310 6
64320 20
64330 8
64340 4
64350 8
64360 10
64370 12
64380 12
64390 12
64400 12
64410 14
64420 20
64430 13
64440 8
64450 8
64460 16
64470 15
64480 12
64490 16
64500 23
64510 11
64520 17
64530 15
64540 16
64550 13
64560 14
64570 13
64580 6
64590 10
64600 11
64610 10
64620 14
64630 20
64640 16
64650 9
64660 11
64670 12
64680 12
64690 9
64700 15
64710 15
64720 7
64730 12
64740 9
64750 9
64760 18
64770 16
64780 13
64790 16
64800 11
64810 11
64820 10
64830 11
64840 13
64850 20
64860 13
64870 13
64880 16
64890 16
64900 12
64910 11
64920 6
64930 15
64940 14
64950 12
64960 15
64970 10
64980 9
64990 13
65000 8
65010 7
65020 12
65030 16
65040 21
65050 18
65060 20
65070 11
65080 11
65090 15
65100 16
65110 12
65120 14
65130 5
65140 14
65150 14
65160 11
65170 10
65180 15
65190 10
65200 13
65210 12
65220 15
65230 20
65240 20
65250 20
65260 18
65270 15
65280 10
65290 9
65300 14
65310 16
65320 13
65330 13
65340 11
65350 5
65360 23
65370 19
65380 21
65390 17
65400 15
65410 15
65420 11
65430 19
65440 13
65450 17
65460 9
65470 11
65480 14
65490 8
65500 12
65510 12
65520 9
65530 14
65540 12
65550 13
65560 11
65570 7
65580 13
65590 12
65600 12
65610 13
65620 14
65630 13
65640 19
65650 21
65660 15
65670 23
65680 24
65690 18
65700 22
65710 17
65720 13
65730 13
65740 22
65750 21
65760 19
65770 15
65780 17
65790 12
65800 15
65810 15
65820 11
65830 16
65840 12
65850 24
65860 27
65870 10
65880 21
65890 26
65900 18
65910 19
65920 23
65930 22
65940 15
65950 21
65960 27
65970 15
65980 14
65990 14
66000 15
66010 15
66020 16
66030 19
66040 13
66050 15
66060 16
66070 13
66080 14
66090 11
66100 8
66110 21
66120 18
66130 9
66140 26
66150 17
66160 18
66170 12
66180 15
66190 14
66200 19
66210 19
66220 22
66230 17
66240 22
66250 8
66260 15
66270 18
66280 15
66290 15
66300 15
66310 19
66320 17
66330 12
66340 13
66350 11
66360 13
66370 20
66380 13
66390 16
66400 15
66410 16
66420 11
66430 16
66440 16
66450 11
66460 25
66470 12
66480 9
66490 18
66500 17
66510 18
66520 15
66530 13
66540 10
66550 14
66560 11
66570 18
66580 21
66590 24
66600 13
66610 15
66620 18
66630 12
66640 11
66650 15
66660 10
66670 11
66680 20
66690 16
66700 18
66710 14
66720 15
66730 21
66740 14
66750 11
66760 17
66770 15
66780 15
66790 12
66800 17
66810 16
66820 17
66830 14
66840 18
66850 23
66860 20
66870 17
66880 17
66890 21
66900 14
66910 15
66920 18
66930 23
66940 14
66950 18
66960 13
66970 13
66980 13
66990 15
67000 23
67010 21
67020 17
67030 19
67040 11
67050 19
67060 10
67070 14
67080 20
67090 22
67100 13
67110 19
67120 19
67130 15
67140 12
67150 11
67160 14
67170 11
67180 12
67190 18
67200 13
67210 19
67220 18
67230 14
67240 21
67250 15
67260 16
67270 15
67280 15
67290 15
67300 18
67310 15
67320 11
67330 15
67340 16
67350 13
67360 14
67370 12
67380 18
67390 15
67400 19
67410 20
67420 15
67430 14
67440 11
67450 15
67460 21
67470 17
67480 15
67490 9
67500 10
67510 12
67520 14
67530 17
67540 12
67550 18
67560 23
67570 23
67580 14
67590 6
67600 18
67610 15
67620 13
67630 14
67640 16
67650 18
67660 14
67670 12
67680 14
67690 18
67700 14
67710 13
67720 14
67730 16
67740 10
67750 12
67760 19
67770 19
67780 10
67790 15
67800 12
67810 19
67820 16
67830 11
67840 15
67850 21
67860 13
67870 17
67880 14
67890 18
67900 18
67910 17
67920 19
67930 13
67940 12
67950 17
67960 14
67970 13
67980 8
67990 13
68000 13
68010 14
68020 14
68030 13
68040 12
68050 10
68060 24
68070 11
68080 13
68090 13
68100 6
68110 16
68120 16
68130 14
68140 10
68150 8
68160 7
68170 9
68180 12
68190 15
68200 14
68210 15
68220 12
68230 12
68240 15
68250 13
68260 9
68270 13
68280 19
68290 14
68300 12
68310 19
68320 17
68330 11
68340 5
68350 13
68360 17
68370 12
68380 16
68390 14
68400 9
68410 15
68420 16
68430 18
68440 7
68450 9
68460 12
68470 6
68480 6
68490 9
68500 8
68510 4
68520 8
68530 5
68540 18
68550 4
68560 12
68570 13
68580 5
68590 2
68600 14
68610 11
68620 10
68630 9
68640 10
68650 9
68660 19
68670 10
68680 11
68690 12
68700 12
68710 19
68720 9
68730 13
68740 11
68750 10
68760 16
68770 14
68780 16
68790 10
68800 6
68810 16
68820 3
68830 10
68840 9
68850 13
68860 17
68870 16
68880 14
68890 11
68900 9
68910 15
68920 19
68930 10
68940 15
68950 9
68960 10
68970 18
68980 14
68990 19
69000 23
69010 14
69020 12
69030 16
69040 9
69050 13
69060 12
69070 8
69080 13
69090 18
69100 16
69110 17
69120 16
69130 11
69140 18
69150 14
69160 14
69170 17
69180 19
69190 20
69200 10
69210 21
69220 15
69230 19
69240 16
69250 15
69260 12
69270 17
69280 14
69290 14
69300 15
69310 17
69320 13
69330 12
69340 10
69350 8
69360 11
69370 8
69380 8
69390 8
69400 14
69410 12
69420 12
69430 8
69440 8
69450 20
69460 9
69470 16
69480 15
69490 8
69500 11
69510 10
69520 18
69530 15
69540 18
69550 17
69560 19
69570 15
69580 7
69590 12
69600 18
69610 10
69620 12
69630 20
69640 19
69650 18
69660 19
69670 15
69680 21
69690 16
69700 14
69710 15
69720 10
69730 13
69740 11
69750 16
69760 13
69770 14
69780 8
69790 12
69800 15
69810 11
69820 17
69830 8
69840 20
69850 14
69860 16
69870 6
69880 13
69890 11
69900 10
69910 9
69920 6
69930 5
69940 11
69950 5
69960 7
69970 7
69980 10
69990 12
70000 13
70010 7
70020 7
70030 7
70040 11
70050 9
70060 17
70070 9
70080 13
70090 15
70100 9
70110 10
70120 17
70130 17
70140 17
70150 10
70160 14
70170 10
70180 6
70190 12
70200 17
70210 5
70220 9
70230 7
70240 8
70250 11
70260 12
70270 18
70280 21
70290 15
70300 11
70310 16
70320 17
70330 16
70340 9
70350 14
70360 22
70370 15
70380 16
70390 14
70400 9
70410 16
70420 10
70430 17
70440 14
70450 12
70460 21
70470 12
70480 17
70490 16
70500 12
70510 13
70520 14
70530 17
70540 13
70550 21
70560 20
70570 15
70580 12
70590 13
70600 15
70610 20
70620 17
70630 20
70640 17
70650 22
70660 15
70670 15
70680 16
70690 15
70700 17
70710 15
70720 24
70730 21
70740 13
70750 14
70760 15
70770 18
70780 16
70790 21
70800 7
70810 20
70820 21
70830 26
70840 20
70850 17
70860 11
70870 15
70880 16
70890 20
70900 17
70910 16
70920 13
70930 22
70940 12
70950 13
70960 9
70970 17
70980 22
70990 11
71000 17
71010 14
71020 16
71030 14
71040 14
71050 14
71060 15
71070 18
71080 10
71090 14
71100 13
71110 17
71120 18
71130 16
71140 13
71150 17
71160 13
71170 12
71180 16
71190 15
71200 16
71210 15
71220 16
71230 22
71240 20
71250 13
71260 12
71270 11
71280 17
71290 18
71300 12
71310 9
71320 9
71330 11
71340 16
71350 12
71360 16
71370 13
71380 13
71390 19
71400 14
71410 12
71420 13
71430 22
71440 23
71450 16
71460 14
71470 22
71480 12
71490 15
71500 12
71510 14
71520 19
71530 20
71540 18
71550 16
71560 19
71570 21
71580 23
71590 19
71600 16
71610 14
71620 12
71630 15
71640 14
71650 17
71660 14
71670 19
71680 12
71690 16
71700 17
71710 16
71720 17
71730 14
71740 9
71750 15
71760 13
71770 9
71780 17
71790 9
71800 22
71810 15
71820 19
71830 20
71840 18
71850 14
71860 20
71870 13
71880 14
71890 12
71900 19
71910 13
71920 15
71930 12
71940 20
71950 17
71960 14
71970 3
71980 10
71990 22
72000 7
72010 5
72020 7
72030 11
72040 17
72050 19
72060 16
72070 8
72080 13
72090 19
72100 20
72110 13
72120 19
72130 14
72140 21
72150 15
72160 16
72170 15
72180 16
72190 14
72200 20
72210 10
72220 11
72230 12
72240 22
72250 17
72260 16
72270 15
72280 11
72290 9
72300 18
72310 19
72320 21
72330 13
72340 12
72350 15
72360 9
72370 12
72380 11
72390 9
72400 18
72410 11
72420 9
72430 16
72440 10
72450 17
72460 16
72470 16
72480 20
72490 15
72500 16
72510 12
72520 14
72530 21
72540 16
72550 13
72560 15
72570 17
72580 12
72590 18
72600 19
72610 16
72620 16
72630 10
72640 15
72650 8
72660 3
72670 6
72680 6
72690 15
72700 8
72710 8
72720 9
72730 12
72740 15
72750 15
72760 6
72770 7
72780 15
72790 13
72800 7
72810 17
72820 14
72830 16
72840 8
72850 8
72860 13
72870 9
72880 23
72890 9
72900 12
72910 3
72920 6
72930 15
72940 11
72950 17
72960 13
72970 10
72980 9
72990 19
73000 21
73010 14
73020 16
73030 17
73040 9
73050 10
73060 9
73070 16
73080 18
73090 10
73100 19
73110 16
73120 19
73130 10
73140 18
73150 13
73160 12
73170 21
73180 11
73190 11
73200 14
73210 13
73220 11
73230 10
73240 13
73250 6
73260 6
73270 8
73280 15
73290 6
73300 7
73310 19
73320 9
73330 7
73340 6
73350 7
73360 15
73370 13
73380 17
73390 16
73400 15
73410 15
73420 14
73430 9
73440 19
73450 17
73460 15
73470 13
73480 21
73490 10
73500 20
73510 20
73520 12
73530 18
73540 17
73550 13
73560 16
73570 18
73580 14
73590 10
73600 13
73610 16
73620 10
73630 11
73640 13
73650 19
73660 10
73670 16
73680 9
73690 9
73700 14
73710 16
73720 10
73730 19
73740 17
73750 12
73760 12
73770 3
73780 8
73790 11
73800 12
73810 10
73820 17
73830 15
73840 20
73850 18
73860 9
73870 13
73880 4
73890 15
73900 19
73910 11
73920 12
73930 5
73940 9
73950 11
73960 6
73970 12
73980 10
73990 13
74000 12
74010 7
74020 9
74030 4
74040 8
74050 8
74060 14
74070 11
74080 14
74090 15
74100 14
74110 19
74120 12
74130 20
74140 17
74150 12
74160 1
74170 12
74180 16
74190 12
74200 14
74210 16
74220 11
74230 14
74240 10
74250 17
74260 11
74270 19
74280 8
74290 6
74300 4
74310 4
74320 3
74330 6
74340 3
74350 4
74360 5
74370 6
74380 0
74390 1
74400 0
74410 1
74420 0
74430 0
74440 1
74450 2
74460 1
74470 2
74480 11
74490 0
74500 0
74510 0
74520 0
74530 0
74540 0
74550 2
74560 0
74570 0
74580 0
74590 1
74600 0
74610 0
74620 0
74630 0
74640 0
74650 0
74660 0
74670 0
74680 0
74690 0
74700 0
74710 0
74720 0
74730 0
74740 0
74750 1
74760 5
74770 4
74780 15
74790 10
74800 2
74810 5
74820 6
74830 5
74840 2
74850 6
74860 3
74870 12
74880 7
74890 6
74900 13
74910 17
74920 11
74930 12
74940 17
74950 11
74960 12
74970 11
74980 13
74990 11
75000 13
75010 17
75020 17
75030 21
75040 16
75050 8
75060 20
75070 15
75080 13
75090 11
75100 16
75110 20
75120 10
75130 16
75140 16
75150 16
75160 21
75170 11
75180 14
75190 14
75200 17
75210 14
75220 16
75230 13
75240 12
75250 10
75260 13
75270 9
75280 19
75290 13
75300 21
75310 12
75320 13
75330 18
75340 11
75350 8
75360 12
75370 20
75380 4
75390 4
75400 17
75410 12
75420 9
75430 14
75440 11
75450 11
75460 9
75470 17
75480 13
75490 12
75500 8
75510 11
75520 14
75530 23
75540 13
75550 23
75560 20
75570 23
75580 18
75590 20
75600 11
75610 15
75620 19
75630 15
75640 15
75650 9
75660 18
75670 19
75680 18
75690 15
75700 13
75710 16
75720 21
75730 18
75740 16
75750 18
75760 12
75770 19
75780 13
75790 11
75800 10
75810 19
75820 6
75830 5
75840 8
75850 13
75860 10
75870 4
75880 3
75890 6
75900 10
75910 11
75920 9
75930 10
75940 6
75950 6
75960 6
75970 6
75980 6
75990 5
76000 5
76010 6
76020 3
76030 6
76040 5
76050 3
76060 7
76070 7
76080 4
76090 8
76100 3
76110 7
76120 5
76130 4
76140 4
76150 11
76160 4
76170 7
76180 4
76190 6
76200 2
76210 2
76220 3
76230 3
76240 3
76250 4
76260 6
76270 5
76280 5
76290 5
76300 4
76310 9
76320 4
76330 4
76340 11
76350 5
76360 8
76370 10
76380 5
76390 3
76400 7
76410 7
76420 11
76430 5
76440 2
76450 4
76460 11
76470 9
76480 4
76490 6
76500 6
76510 9
76520 12
76530 7
76540 10
76550 14
76560 22
76570 16
76580 19
76590 22
76600 12
76610 11
76620 3
76630 3
76640 7
76650 4
76660 3
76670 3
76680 5
76690 4
76700 10
76710 4
76720 6
76730 4
76740 5
76750 4
76760 2
76770 4
76780 6
76790 6
76800 1
76810 4
76820 3
76830 5
76840 5
76850 4
76860 8
76870 5
76880 9
76890 8
76900 7
76910 8
76920 8
76930 6
76940 5
76950 8
76960 9
76970 7
76980 8
76990 3
77000 8
77010 7
77020 5
77030 10
77040 6
77050 8
77060 17
77070 16
77080 11
77090 12
77100 17
77110 3
77120 9
77130 4
77140 5
77150 5
77160 13
77170 8
77180 17
77190 9
77200 13
77210 7
77220 8
77230 12
77240 9
77250 9
77260 16
77270 22
77280 9
77290 15
77300 11
77310 13
77320 8
77330 9
77340 17
77350 14
77360 12
77370 8
77380 3
77390 7
77400 10
77410 10
77420 6
77430 6
77440 5
77450 3
77460 5
77470 5
77480 8
77490 7
77500 6
77510 12
77520 9
77530 11
77540 5
77550 6
77560 10
77570 3
77580 2
77590 7
77600 10
77610 7
77620 5
77630 7
77640 7
77650 5
77660 5
77670 1
77680 5
77690 3
77700 4
77710 8
77720 1
77730 4
77740 7
77750 5
77760 4
77770 7
77780 6
77790 8
77800 6
77810 4
77820 6
77830 7
77840 6
77850 6
77860 2
77870 7
77880 8
77890 12
77900 5
77910 5
77920 7
77930 8
77940 6
77950 7
77960 6
77970 4
77980 6
77990 7
78000 6
78010 5
78020 7
78030 6
78040 4
78050 4
78060 8
78070 6
78080 5
78090 7
78100 8
78110 9
78120 7
78130 10
78140 12
78150 6
78160 6
78170 5
78180 6
78190 5
78200 7
78210 6
78220 6
78230 5
78240 3
78250 5
78260 1
78270 6
78280 9
78290 8
78300 11
78310 4
78320 7
78330 6
78340 8
78350 7
78360 8
78370 7
78380 7
78390 7
78400 4
78410 5
78420 7
78430 5
78440 10
78450 6
78460 4
78470 2
78480 4
78490 3
78500 7
78510 4
78520 8
78530 2
78540 4
78550 4
78560 8
78570 3
78580 3
78590 4
78600 3
78610 6
78620 5
78630 3
78640 10
78650 5
78660 3
78670 9
78680 7
78690 10
78700 4
78710 3
78720 7
78730 4
78740 7
78750 4
78760 3
78770 4
78780 5
78790 3
78800 3
78810 3
78820 3
78830 6
78840 6
78850 2
78860 3
78870 2
78880 6
78890 8
78900 7
78910 11
78920 7
78930 7
78940 6
78950 3
78960 3
78970 1
78980 3
78990 5
79000 5
79010 5
79020 4
79030 5
79040 7
79050 4
79060 7
79070 6
79080 3
79090 10
79100 4
79110 3
79120 7
79130 6
79140 3
79150 4
79160 4
79170 4
79180 4
79190 3
79200 3
79210 3
79220 7
79230 3
79240 5
79250 6
79260 4
79270 2
79280 1
79290 5
79300 3
79310 21
79320 10
79330 8
79340 8
79350 8
79360 11
79370 9
79380 3
79390 5
79400 7
79410 7
79420 7
79430 11
79440 8
79450 14
79460 8
79470 8
79480 7
79490 5
79500 11
79510 8
79520 14
79530 14
79540 2
79550 7
79560 5
79570 3
79580 21
79590 21
79600 15
79610 16
79620 16
79630 15
79640 18
79650 18
79660 9
79670 8
79680 4
79690 7
79700 7
79710 6
79720 5
79730 3
79740 4
79750 6
79760 4
79770 4
79780 5
79790 8
79800 6
79810 7
79820 7
79830 6
79840 6
79850 7
79860 8
79870 7
79880 8
79890 5
79900 10
79910 9
79920 10
79930 8
79940 13
79950 7
79960 6
79970 8
79980 6
79990 2
80000 7
80010 12
80020 11
80030 10
80040 7
80050 7
80060 1
80070 7
80080 7
80090 4
80100 4
80110 3
80120 1
80130 3
80140 0
80150 3
80160 3
80170 2
80180 1
80190 4
80200 3
80210 0
80220 7
80230 1
80240 5
80250 6
80260 6
80270 9
80280 5
80290 6
80300 7
80310 10
80320 6
80330 7
80340 6
80350 9
80360 8
80370 6
80380 8
80390 10
80400 9
80410 4
80420 9
80430 8
80440 16
80450 17
80460 14
80470 13
80480 18
80490 8
80500 15
80510 11
80520 13
80530 12
80540 9
80550 8
80560 19
80570 16
80580 13
80590 14
80600 11
80610 7
80620 9
80630 8
80640 7
80650 6
80660 8
80670 9
80680 9
80690 16
80700 12
80710 9
80720 20
80730 13
80740 9
80750 6
80760 20
80770 13
80780 11
80790 17
80800 12
80810 12
80820 11
80830 12
80840 15
80850 7
80860 20
80870 8
80880 15
80890 12
80900 20
80910 17
80920 17
80930 16
80940 11
80950 12
80960 12
80970 8
80980 12
80990 16
81000 13
81010 8
81020 17
81030 12
81040 11
81050 16
81060 16
81070 17
81080 23
81090 15
81100 11
81110 17
81120 15
81130 13
81140 16
81150 15
81160 11
81170 13
81180 14
81190 12
81200 9
81210 13
81220 10
81230 13
81240 19
81250 15
81260 14
81270 10
81280 21
81290 10
81300 12
81310 11
81320 13
81330 13
81340 18
81350 13
81360 17
81370 9
81380 12
81390 18
81400 13
81410 11
81420 11
81430 9
81440 7
81450 12
81460 11
81470 12
81480 13
81490 18
81500 20
81510 16
81520 13
81530 20
81540 14
81550 9
81560 17
81570 14
81580 14
81590 19
81600 8
81610 11
81620 13
81630 11
81640 15
81650 18
81660 8
81670 8
81680 10
81690 8
81700 11
81710 11
81720 12
81730 8
81740 16
81750 10
81760 10
81770 9
81780 7
81790 10
81800 9
81810 11
81820 9
81830 10
81840 14
81850 8
81860 8
81870 12
81880 19
81890 9
81900 8
81910 10
81920 20
81930 11
81940 12
81950 9
81960 13
81970 13
81980 14
81990 11
82000 11
82010 19
82020 17
82030 12
82040 12
82050 17
82060 9
82070 18
82080 12
82090 18
82100 19
82110 10
82120 12
82130 7
82140 8
82150 11
82160 13
82170 13
82180 20
82190 18
82200 8
82210 10
82220 11
82230 11
82240 8
82250 12
82260 14
82270 11
82280 11
82290 5
82300 10
82310 17
82320 16
82330 14
82340 13
82350 16
82360 15
82370 13
82380 10
82390 15
82400 15
82410 10
82420 15
82430 15
82440 11
82450 9
82460 14
82470 7
82480 17
82490 13
82500 11
82510 15
82520 16
82530 11
82540 10
82550 10
82560 10
82570 10
82580 13
82590 12
82600 19
82610 14
82620 12
82630 16
82640 11
82650 11
82660 13
82670 18
82680 6
82690 8
82700 17
82710 16
82720 15
82730 10
82740 16
82750 7
82760 11
82770 11
82780 15
82790 13
82800 13
82810 16
82820 13
82830 13
82840 9
82850 8
82860 13
82870 16
82880 14
82890 8
82900 13
82910 13
82920 18
82930 14
82940 15
82950 16
82960 8
82970 15
82980 13
82990 12
83000 15
83010 15
83020 13
83030 11
83040 18
83050 17
83060 18
83070 11
83080 18
83090 22
83100 13
83110 16
83120 7
83130 11
83140 17
83150 10
83160 15
83170 12
83180 9
83190 14
83200 6
83210 13
83220 8
83230 13
83240 10
83250 12
83260 8
83270 9
83280 11
83290 11
83300 11
83310 11
83320 13
83330 12
83340 11
83350 16
83360 12
83370 16
83380 15
83390 14
83400 11
83410 11
83420 16
83430 22
83440 16
83450 16
83460 16
83470 11
83480 12
83490 17
83500 11
83510 16
83520 14
83530 13
83540 16
83550 15
83560 7
83570 15
83580 20
83590 9
83600 21
83610 13
83620 16
83630 15
83640 10
83650 9
83660 16
83670 17
83680 9
83690 10
83700 18
83710 11
83720 15
83730 11
83740 8
83750 12
83760 7
83770 11
83780 15
83790 18
83800 21
83810 19
83820 12
83830 19
83840 23
83850 10
83860 19
83870 19
83880 15
83890 20
83900 21
83910 17
83920 13
83930 18
83940 7
83950 18
83960 17
83970 6
83980 9
83990 14
84000 20
84010 18
84020 14
84030 19
84040 11
84050 17
84060 18
84070 12
84080 18
84090 18
84100 14
84110 17
84120 12
84130 13
84140 15
84150 15
84160 14
84170 11
84180 22
84190 20
84200 15
84210 8
84220 10
84230 15
84240 7
84250 16
84260 8
84270 8
84280 12
84290 14
84300 9
84310 13
84320 20
84330 12
84340 15
84350 18
84360 22
84370 7
84380 7
84390 11
84400 19
84410 17
84420 15
84430 9
84440 11
84450 14
84460 16
84470 14
84480 10
84490 13
84500 11
84510 18
84520 12
84530 17
84540 14
84550 13
84560 9
84570 16
84580 14
84590 14
84600 12
84610 15
84620 13
84630 11
84640 12
84650 15
84660 11
84670 10
84680 11
84690 6
84700 9
84710 9
84720 13
84730 12
84740 11
84750 7
84760 5
84770 10
84780 10
84790 12
84800 11
84810 8
84820 10
84830 10
84840 15
84850 9
84860 13
84870 13
84880 9
84890 9
84900 16
84910 10
84920 13
84930 19
84940 13
84950 15
84960 11
84970 11
84980 15
84990 8
85000 15
85010 13
85020 18
85030 16
85040 10
85050 11
85060 8
85070 10
85080 15
85090 15
85100 13
85110 15
85120 11
85130 7
85140 11
85150 14
85160 8
85170 15
85180 11
85190 12
85200 10
85210 16
85220 14
85230 17
85240 12
85250 13
85260 9
85270 16
85280 12
85290 7
85300 11
85310 7
85320 11
85330 11
85340 10
85350 7
85360 10
85370 7
85380 11
85390 11
85400 8
85410 11
85420 9
85430 15
85440 17
85450 11
85460 9
85470 9
85480 14
85490 10
85500 10
85510 12
85520 12
85530 10
85540 10
85550 8
85560 8
85570 10
85580 9
85590 8
85600 12
85610 8
85620 9
85630 12
85640 11
85650 7
85660 12
85670 10
85680 10
85690 13
85700 10
85710 12
85720 11
85730 11
85740 15
85750 13
85760 13
85770 10
85780 7
85790 10
85800 12
85810 11
85820 12
85830 13
85840 13
85850 13
85860 7
85870 10
85880 13
85890 7
85900 14
85910 10
85920 15
85930 13
85940 16
85950 12
85960 8
85970 11
85980 10
85990 4
86000 6
86010 6
86020 6
86030 4
86040 2
86050 4
86060 4
86070 5
86080 3
86090 0
86100 1
86110 4
86120 3
86130 3
86140 1
86150 3
86160 5
86170 5
86180 7
86190 9
86200 5
86210 3
86220 8
86230 10
86240 3
86250 3
86260 6
86270 3
86280 4
86290 3
86300 9
86310 8
86320 5
86330 4
86340 7
86350 3
86360 9
86370 7
86380 6
86390 5
86400 4
86410 3
86420 9
86430 4
86440 5
86450 7
86460 5
86470 7
86480 5
86490 7
86500 6
86510 4
86520 5
86530 7
86540 5
86550 11
86560 7
86570 4
86580 5
86590 7
86600 4
86610 6
86620 4
86630 4
86640 16
86650 21
86660 11
86670 18
86680 10
86690 9
86700 8
86710 9
86720 8
86730 11
86740 9
86750 10
86760 23
86770 15
86780 16
86790 9
86800 12
86810 22
86820 9
86830 13
86840 4
86850 7
86860 6
86870 8
86880 7
86890 10
86900 13
86910 5
86920 6
86930 5
86940 2
86950 7
86960 8
86970 8
86980 9
86990 6
87000 6
87010 9
87020 8
87030 6
87040 7
87050 7
87060 6
87070 9
87080 7
87090 7
87100 14
87110 6
87120 9
87130 6
87140 7
87150 10
87160 10
87170 2
87180 10
87190 5
87200 10
87210 8
87220 8
87230 5
87240 8
87250 10
87260 10
87270 5
87280 7
87290 8
87300 10
87310 7
87320 6
87330 9
87340 11
87350 6
87360 2
87370 3
87380 0
87390 2
87400 6
87410 1
87420 0
87430 0
87440 0
87450 0
87460 2
87470 12
87480 7
87490 3
87500 6
87510 7
87520 11
87530 12
87540 13
87550 7
87560 8
87570 7
87580 2
87590 2
87600 5
87610 2
87620 2
87630 2
87640 5
87650 7
87660 8
87670 9
87680 4
87690 8
87700 7
87710 6
87720 9
87730 8
87740 8
87750 9
87760 8
87770 8
87780 8
87790 9
87800 11
87810 8
87820 6
87830 3
87840 9
87850 4
87860 5
87870 6
87880 3
87890 10
87900 3
87910 1
87920 1
87930 4
87940 7
87950 8
87960 9
87970 9
87980 12
87990 7
88000 9
88010 8
88020 11
88030 5
88040 6
88050 8
88060 12
88070 7
88080 11
88090 8
88100 5
88110 5
88120 8
88130 7
88140 7
88150 7
88160 8
88170 8
88180 7
88190 10
88200 7
88210 7
88220 7
88230 9
88240 11
88250 10
88260 8
88270 10
88280 8
88290 7
88300 7
88310 8
88320 10
88330 10
88340 11
88350 7
88360 9
88370 9
88380 11
88390 10
88400 9
88410 11
88420 10
88430 11
88440 4
88450 5
88460 7
88470 6
88480 9
88490 7
88500 6
88510 7
88520 9
88530 7
88540 8
88550 9
88560 6
88570 5
88580 10
88590 10
88600 11
88610 13
88620 8
88630 9
88640 5
88650 13
88660 3
88670 5
88680 4
88690 4
88700 4
88710 5
88720 8
88730 7
88740 12
88750 14
88760 15
88770 5
88780 3
88790 4
88800 7
88810 10
88820 6
88830 7
88840 6
88850 9
88860 10
88870 6
88880 6
88890 10
88900 12
88910 22
88920 12
88930 11
88940 8
88950 9
88960 11
88970 6
88980 11
88990 6
89000 10
89010 10
89020 3
89030 4
89040 1
89050 4
89060 3
89070 2
89080 5
89090 12
89100 9
89110 10
89120 6
89130 5
89140 9
89150 7
89160 6
89170 6
89180 11
89190 9
89200 8
89210 11
89220 8
89230 10
89240 9
89250 9
89260 9
89270 8
89280 7
89290 7
89300 9
89310 4
89320 4
89330 10
89340 6
89350 10
89360 6
89370 10
89380 9
89390 10
89400 12
89410 7
89420 11
89430 7
89440 11
89450 6
89460 7
89470 8
89480 10
89490 8
89500 8
89510 7
89520 6
89530 4
89540 10
89550 11
89560 9
89570 8
89580 7
89590 8
89600 9
89610 6
89620 11
89630 11
89640 4
89650 11
89660 8
89670 10
89680 4
89690 11
89700 10
89710 7
89720 7
89730 6
89740 3
89750 7
89760 6
89770 10
89780 10
89790 5
89800 6
89810 3
89820 9
89830 6
89840 7
89850 8
89860 5
89870 4
89880 1
89890 8
89900 6
89910 1
89920 0
89930 0
89940 0
89950 0
89960 0
89970 0
89980 0
89990 0
90000 0
90010 0
90020 0
90030 0
90040 0
90050 0
90060 0
90070 0
90080 0
90090 0
90100 0
90110 0
90120 0
90130 0
90140 0
90150 9
90160 3
90170 1
90180 5
90190 8
90200 4
90210 6
90220 7
90230 6
90240 2
90250 7
90260 13
90270 4
90280 9
90290 10
90300 3
90310 4
90320 12
90330 8
90340 6
90350 9
90360 12
90370 11
90380 3
90390 5
90400 8
90410 9
90420 8
90430 5
90440 3
90450 7
90460 12
90470 8
90480 6
90490 8
90500 6
90510 9
90520 8
90530 8
90540 9
90550 7
90560 7
90570 6
90580 11
90590 10
90600 6
90610 11
90620 7
90630 7
90640 6
90650 7
90660 3
90670 4
90680 4
90690 6
90700 8
90710 9
90720 9
90730 7
90740 6
90750 7
90760 8
90770 6
90780 7
90790 6
90800 7
90810 6
90820 7
90830 6
90840 7
90850 12
90860 2
90870 8
90880 7
90890 4
90900 5
90910 5
90920 10
90930 7
90940 9
90950 13
90960 7
90970 6
90980 5
90990 6
91000 4
91010 8
91020 7
91030 5
91040 0
91050 0
91060 0
91070 0
91080 0
91090 0
91100 0
91110 7
91120 7
91130 11
91140 7
91150 0
91160 0
91170 12
91180 0
91190 0
91200 0
91210 0
91220 0
91230 0
91240 0
91250 0
91260 0
91270 0
91280 0
91290 0
91300 0
91310 0
91320 0
91330 0
91340 0
91350 0
91360 0
91370 0
91380 0
91390 0
91400 0
91410 0
91420 0
91430 0
91440 0
91450 0
91460 0
91470 0
91480 0
91490 0
91500 0
91510 0
91520 0
91530 0
91540 0
91550 0
91560 7
91570 0
91580 0
91590 0
91600 0
91610 0
91620 0
91630 0
91640 0
91650 0
91660 0
91670 0
91680 0
91690 0
91700 0
91710 0
91720 0
91730 0
91740 0
91750 0
91760 0
91770 0
91780 0
91790 0
91800 0
91810 0
91820 0
91830 0
91840 0
91850 0
91860 0
91870 0
91880 0
91890 0
91900 0
91910 0
91920 0
91930 0
91940 0
91950 0
91960 0
91970 0
91980 0
91990 0
92000 0
92010 6
92020 0
92030 0
92040 0
92050 0
92060 0
92070 0
92080 0
92090 0
92100 0
92110 0
92120 0
92130 0
92140 0
92150 0
92160 0
92170 0
92180 0
92190 0
92200 0
92210 0
92220 0
92230 0
92240 0
92250 0
92260 0
92270 0
92280 7
92290 0
92300 0
92310 0
92320 0
92330 0
92340 0
92350 0
92360 0
92370 0
92380 5
92390 6
92400 11
92410 8
92420 9
92430 0
92440 6
92450 0
92460 7
92470 8
92480 0
92490 0
92500 0
92510 0
92520 0
92530 8
92540 0
92550 0
92560 0
92570 0
92580 0
92590 7
92600 7
92610 4
92620 7
92630 8
92640 7
92650 0
92660 11
92670 9
92680 4
92690 9
92700 11
92710 7
92720 0
92730 8
92740 0
92750 6
92760 5
92770 0
92780 10
92790 11
92800 7
92810 0
92820 9
92830 0
92840 0
92850 0
92860 0
92870 0
92880 0
92890 0
92900 0
92910 0
92920 0
92930 0
92940 0
92950 0
92960 0
92970 0
92980 0
92990 0
93000 0
93010 0
93020 0
93030 0
93040 0
93050 0
93060 0
93070 0
93080 0
93090 7
93100 5
93110 11
93120 6
93130 8
93140 4
93150 4
93160 7
93170 0
93180 5
93190 3
93200 5
93210 6
93220 7
93230 6
93240 6
93250 8
93260 5
93270 7
93280 7
93290 7
93300 8
93310 9
93320 6
93330 5
93340 6
93350 5
93360 7
93370 3
93380 9
93390 8
93400 7
93410 9
93420 9
93430 8
93440 12
93450 10
93460 6
93470 6
93480 8
93490 4
93500 3
93510 6
93520 5
93530 5
93540 6
93550 6
93560 9
93570 6
93580 6
93590 5
93600 4
93610 4
93620 8
93630 5
93640 4
93650 4
93660 5
93670 4
93680 4
93690 2
93700 5
93710 6
93720 4
93730 5
93740 5
93750 5
93760 5
93770 6
93780 8
93790 5
93800 4
93810 5
93820 7
93830 0
93840 4
93850 4
93860 1
93870 5
93880 4
93890 4
93900 4
93910 6
93920 6
93930 5
93940 2
93950 4
93960 4
93970 9
93980 5
93990 4
94000 6
94010 5
94020 5
94030 6
94040 5
94050 4
94060 3
94070 6
94080 4
94090 7
94100 4
94110 10
94120 4
94130 4
94140 4
94150 5
94160 4
94170 4
94180 6
94190 8
94200 5
94210 4
94220 3
94230 2
94240 2
94250 2
94260 5
94270 4
94280 5
94290 2
94300 5
94310 2
94320 6
94330 4
94340 4
94350 4
94360 2
94370 4
94380 5
94390 5
94400 4
94410 3
94420 6
94430 5
94440 4
94450 4
94460 6
94470 5
94480 4
94490 7
94500 5
94510 4
94520 5
94530 8
94540 4
94550 4
94560 4
94570 10
94580 5
94590 4
94600 6
94610 4
94620 5
94630 5
94640 6
94650 4
94660 7
94670 0
94680 4
94690 4
94700 5
94710 4
94720 0
94730 0
94740 5
94750 5
94760 5
94770 5
94780 5
94790 5
94800 4
94810 6
94820 6
94830 2
94840 6
94850 4
94860 3
94870 4
94880 5
94890 5
94900 6
94910 4
94920 6
94930 4
94940 7
94950 6
94960 3
94970 0
94980 0
94990 0
95000 7
95010 7
95020 5
95030 1
95040 8
95050 8
95060 6
95070 6
95080 0
95090 0
95100 0
95110 0
95120 0
95130 0
95140 0
95150 0
95160 0
95170 0
95180 6
95190 12
95200 5
95210 0
95220 11
95230 16
95240 11
95250 13
95260 0
95270 0
95280 10
95290 7
95300 19
95310 13
95320 9
95330 13
95340 10
95350 9
95360 6
95370 7
95380 9
95390 9
95400 6
95410 8
95420 7
95430 6
95440 0
95450 5
95460 2
95470 2
95480 12
95490 7
95500 10
95510 8
95520 12
95530 2
95540 5
95550 8
95560 3
95570 8
95580 7
95590 5
95600 7
95610 7
95620 5
95630 3
95640 6
95650 4
95660 8
95670 1
95680 12
95690 7
95700 5
95710 6
95720 8
95730 7
95740 7
95750 7
95760 5
95770 14
95780 5
95790 13
95800 10
95810 6
95820 9
95830 11
95840 4
95850 4
95860 4
95870 9
95880 8
95890 6
95900 5
95910 7
95920 7
95930 6
95940 4
95950 1
95960 4
95970 2
95980 4
95990 4
96000 7
96010 10
96020 1
96030 4
96040 7
96050 6
96060 6
96070 11
96080 12
96090 4
96100 9
96110 12
96120 9
96130 13
96140 4
96150 9
96160 11
96170 5
96180 8
96190 12
96200 4
96210 7
96220 5
96230 4
96240 6
96250 8
96260 11
96270 11
96280 4
96290 5
96300 9
96310 10
96320 4
96330 4
96340 8
96350 4
96360 9
96370 10
96380 8
96390 8
96400 1
96410 11
96420 8
96430 4
96440 9
96450 10
96460 11
96470 12
96480 10
96490 9
96500 2
96510 8
96520 10
96530 11
96540 14
96550 8
96560 7
96570 6
96580 1
96590 11
96600 6
96610 8
96620 9
96630 9
96640 7
96650 5
96660 9
96670 13
96680 6
96690 10
96700 5
96710 9
96720 9
96730 10
96740 6
96750 9
96760 9
96770 10
96780 7
96790 9
96800 9
96810 11
96820 8
96830 7
96840 9
96850 18
96860 6
96870 13
96880 7
96890 9
96900 9
96910 15
96920 5
96930 15
96940 11
96950 9
96960 12
96970 9
96980 17
96990 7
97000 10
97010 10
97020 8
97030 6
97040 9
97050 10
97060 15
97070 8
97080 15
97090 20
97100 6
97110 11
97120 11
97130 6
97140 12
97150 5
97160 10
97170 11
97180 16
97190 9
97200 8
97210 10
97220 7
97230 12
97240 7
97250 11
97260 8
97270 5
97280 10
97290 11
97300 8
97310 13
97320 11
97330 14
97340 9
97350 11
97360 14
97370 11
97380 13
97390 9
97400 11
97410 10
97420 9
97430 8
97440 5
97450 12
97460 4
97470 6
97480 9
97490 4
97500 5
97510 12
97520 6
97530 11
97540 5
97550 10
97560 11
97570 10
97580 10
97590 17
97600 14
97610 13
97620 9
97630 15
97640 8
97650 12
97660 11
97670 7
97680 6
97690 9
97700 11
97710 7
97720 10
97730 10
97740 11
97750 13
97760 9
97770 8
97780 8
97790 11
97800 0
97810 10
97820 2
97830 6
97840 8
97850 5
97860 7
97870 4
97880 9
97890 8
97900 12
97910 9
97920 5
97930 9
97940 9
97950 8
97960 6
97970 8
97980 16
97990 12
98000 10
98010 11
98020 0
98030 0
98040 0
98050 0
98060 10
98070 10
98080 4
98090 8
98100 13
98110 4
98120 11
98130 12
98140 15
98150 5
98160 12
98170 12
98180 10
98190 12
98200 4
98210 8
98220 8
98230 9
98240 14
98250 7
98260 3
98270 7
98280 8
98290 7
98300 8
98310 0
98320 8
98330 1
98340 0
98350 6
98360 0
98370 0
98380 0
98390 0
98400 0
98410 0
98420 0
98430 0
98440 0
98450 0
98460 0
98470 0
98480 0
98490 0
98500 0
98510 0
98520 0
98530 0
98540 0
98550 0
98560 0
98570 0
98580 0
98590 0
98600 0
98610 0
98620 0
98630 2
98640 3
98650 0
98660 0
98670 0
98680 0
98690 0
98700 3
98710 0
98720 0
98730 0
98740 0
98750 2
98760 1
98770 1
98780 3
98790 6
98800 5
98810 2
98820 5
98830 10
98840 8
98850 8
98860 5
98870 4
98880 0
98890 0
98900 5
98910 3
98920 3
98930 1
98940 4
98950 3
98960 5
98970 6
98980 0
98990 4
99000 2
99010 3
99020 6
99030 5
99040 5
99050 4
99060 8
99070 8
99080 8
99090 5
99100 5
99110 4
99120 5
99130 8
99140 5
99150 4
99160 7
99170 2
99180 3
99190 3
99200 0
99210 0
99220 5
99230 3
99240 6
99250 2
99260 4
99270 2
99280 0
99290 0
99300 0
99310 0
99320 0
99330 0
99340 0
99350 0
99360 0
99370 0
99380 0
99390 0
99400 0
99410 0
99420 0
99430 0
99440 0
99450 0
99460 0
99470 0
99480 0
99490 0
99500 0
99510 0
99520 0
99530 0
99540 0
99550 0
99560 0
99570 0
99580 0
99590 0
99600 0
99610 0
99620 0
99630 0
99640 0
99650 0
99660 0
99670 0
99680 0
99690 0
99700 0
99710 0
99720 0
99730 0
99740 0
99750 0
99760 0
99770 0
99780 0
99790 0
99800 0
99810 0
99820 0
99830 0
99840 0
99850 0
99860 0
99870 0
99880 0
99890 0
99900 0
99910 0
99920 0
99930 0
99940 1
99950 1
99960 0
99970 0
99980 0
99990 0
