# Frame Contacts
30000 29
30010 18
30020 20
30030 16
30040 17
30050 24
30060 18
30070 22
30080 21
30090 12
30100 23
30110 21
30120 17
30130 22
30140 21
30150 21
30160 20
30170 22
30180 11
30190 10
30200 20
30210 15
30220 20
30230 19
30240 21
30250 15
30260 24
30270 21
30280 17
30290 18
30300 5
30310 13
30320 7
30330 12
30340 16
30350 14
30360 16
30370 8
30380 14
30390 11
30400 8
30410 15
30420 22
30430 10
30440 19
30450 7
30460 10
30470 8
30480 14
30490 15
30500 11
30510 17
30520 20
30530 9
30540 14
30550 17
30560 11
30570 10
30580 9
30590 7
30600 7
30610 10
30620 14
30630 15
30640 20
30650 15
30660 24
30670 20
30680 20
30690 18
30700 20
30710 14
30720 16
30730 21
30740 14
30750 19
30760 21
30770 17
30780 21
30790 21
30800 12
30810 16
30820 6
30830 16
30840 16
30850 13
30860 15
30870 17
30880 14
30890 10
30900 7
30910 13
30920 11
30930 14
30940 13
30950 13
30960 10
30970 14
30980 20
30990 14
31000 16
31010 11
31020 20
31030 29
31040 23
31050 19
31060 18
31070 22
31080 26
31090 21
31100 17
31110 18
31120 26
31130 23
31140 12
31150 16
31160 22
31170 16
31180 25
31190 29
31200 21
31210 18
31220 19
31230 26
31240 19
31250 24
31260 19
31270 14
31280 26
31290 17
31300 19
31310 18
31320 24
31330 19
31340 19
31350 22
31360 12
31370 6
31380 13
31390 19
31400 14
31410 19
31420 16
31430 26
31440 23
31450 16
31460 20
31470 21
31480 22
31490 22
31500 25
31510 20
31520 11
31530 20
31540 17
31550 19
31560 23
31570 19
31580 17
31590 23
31600 19
31610 21
31620 19
31630 20
31640 30
31650 20
31660 19
31670 15
31680 22
31690 14
31700 13
31710 16
31720 13
31730 21
31740 14
31750 13
31760 15
31770 9
31780 14
31790 10
31800 12
31810 10
31820 13
31830 11
31840 21
31850 15
31860 19
31870 16
31880 14
31890 17
31900 14
31910 15
31920 13
31930 12
31940 15
31950 20
31960 14
31970 17
31980 18
31990 17
32000 20
32010 14
32020 11
32030 14
32040 10
32050 19
32060 16
32070 8
32080 7
32090 14
32100 16
32110 16
32120 25
32130 23
32140 24
32150 15
32160 17
32170 15
32180 14
32190 22
32200 15
32210 23
32220 23
32230 16
32240 20
32250 18
32260 15
32270 21
32280 20
32290 15
32300 8
32310 23
32320 24
32330 17
32340 14
32350 22
32360 13
32370 12
32380 23
32390 21
32400 23
32410 22
32420 24
32430 10
32440 21
32450 11
32460 12
32470 17
32480 22
32490 18
32500 14
32510 10
32520 11
32530 16
32540 20
32550 22
32560 20
32570 25
32580 15
32590 22
32600 18
32610 6
32620 14
32630 21
32640 21
32650 18
32660 24
32670 16
32680 22
32690 16
32700 14
32710 19
32720 21
32730 17
32740 20
32750 14
32760 23
32770 13
32780 21
32790 13
32800 23
32810 18
32820 22
32830 19
32840 21
32850 17
32860 13
32870 16
32880 17
32890 22
32900 19
32910 18
32920 21
32930 23
32940 20
32950 18
32960 13
32970 15
32980 16
32990 15
33000 21
33010 19
33020 17
33030 18
33040 20
33050 23
33060 21
33070 13
33080 20
33090 16
33100 8
33110 24
33120 15
33130 22
33140 27
33150 24
33160 20
33170 24
33180 16
33190 23
33200 14
33210 23
33220 18
33230 14
33240 20
33250 15
33260 18
33270 19
33280 23
33290 20
33300 22
33310 18
33320 16
33330 21
33340 21
33350 20
33360 15
33370 17
33380 23
33390 15
33400 18
33410 12
33420 16
33430 17
33440 20
33450 12
33460 15
33470 16
33480 21
33490 12
33500 10
33510 10
33520 10
33530 17
33540 12
33550 21
33560 17
33570 15
33580 13
33590 17
33600 13
33610 9
33620 17
33630 17
33640 14
33650 14
33660 16
33670 13
33680 25
33690 23
33700 17
33710 14
33720 18
33730 18
33740 16
33750 18
33760 15
33770 15
33780 18
33790 18
33800 16
33810 20
33820 18
33830 20
33840 18
33850 16
33860 17
33870 14
33880 20
33890 12
33900 11
33910 29
33920 20
33930 20
33940 21
33950 23
33960 28
33970 22
33980 21
33990 25
34000 24
34010 27
34020 28
34030 21
34040 20
34050 19
34060 19
34070 16
34080 20
34090 27
34100 20
34110 19
34120 18
34130 21
34140 16
34150 19
34160 13
34170 18
34180 16
34190 21
34200 19
34210 19
34220 30
34230 27
34240 26
34250 27
34260 16
34270 25
34280 23
34290 20
34300 18
34310 19
34320 21
34330 17
34340 32
34350 26
34360 27
34370 17
34380 22
34390 19
34400 18
34410 26
34420 28
34430 24
34440 21
34450 26
34460 31
34470 34
34480 27
34490 25
34500 16
34510 19
34520 21
34530 21
34540 15
34550 23
34560 23
34570 21
34580 17
34590 22
34600 13
34610 19
34620 24
34630 25
34640 29
34650 27
34660 13
34670 30
34680 23
34690 26
34700 19
34710 26
34720 25
34730 21
34740 23
34750 10
34760 12
34770 15
34780 13
34790 18
34800 15
34810 16
34820 16
34830 13
34840 12
34850 12
34860 18
34870 13
34880 11
34890 19
34900 21
34910 11
34920 14
34930 14
34940 12
34950 14
34960 15
34970 13
34980 16
34990 12
35000 8
35010 15
35020 10
35030 16
35040 11
35050 11
35060 16
35070 15
35080 15
35090 12
35100 9
35110 14
35120 13
35130 13
35140 17
35150 12
35160 11
35170 11
35180 14
35190 16
35200 14
35210 13
35220 13
35230 9
35240 18
35250 12
35260 9
35270 11
35280 10
35290 12
35300 12
35310 12
35320 13
35330 11
35340 13
35350 11
35360 2
35370 11
35380 16
35390 9
35400 14
35410 11
35420 10
35430 17
35440 11
35450 12
35460 11
35470 12
35480 8
35490 11
35500 8
35510 18
35520 8
35530 4
35540 14
35550 3
35560 3
35570 5
35580 3
35590 3
35600 4
35610 4
35620 2
35630 4
35640 4
35650 2
35660 4
35670 6
35680 5
35690 2
35700 1
35710 3
35720 6
35730 1
35740 3
35750 7
35760 4
35770 12
35780 4
35790 2
35800 17
35810 8
35820 15
35830 4
35840 4
35850 10
35860 12
35870 8
35880 8
35890 12
35900 5
35910 4
35920 7
35930 12
35940 9
35950 2
35960 8
35970 7
35980 11
35990 6
36000 3
36010 15
36020 14
36030 16
36040 15
36050 13
36060 14
36070 8
36080 11
36090 7
36100 8
36110 4
36120 8
36130 10
36140 7
36150 2
36160 4
36170 0
36180 5
36190 5
36200 1
36210 6
36220 7
36230 7
36240 7
36250 18
36260 16
36270 20
36280 23
36290 17
36300 15
36310 20
36320 15
36330 14
36340 10
36350 19
36360 7
36370 9
36380 4
36390 5
36400 3
36410 11
36420 7
36430 2
36440 2
36450 1
36460 0
36470 1
36480 9
36490 7
36500 7
36510 4
36520 5
36530 10
36540 10
36550 5
36560 4
36570 5
36580 4
36590 3
36600 2
36610 1
36620 1
36630 6
36640 5
36650 2
36660 10
36670 1
36680 0
36690 0
36700 1
36710 1
36720 0
36730 1
36740 1
36750 1
36760 1
36770 1
36780 1
36790 0
36800 0
36810 1
36820 0
36830 1
36840 0
36850 1
36860 0
36870 0
36880 0
36890 1
36900 1
36910 0
36920 0
36930 6
36940 0
36950 0
36960 0
36970 0
36980 0
36990 0
37000 1
37010 1
37020 0
37030 0
37040 0
37050 0
37060 0
37070 11
37080 6
37090 4
37100 5
37110 2
37120 4
37130 5
37140 2
37150 5
37160 8
37170 4
37180 9
37190 6
37200 14
37210 20
37220 8
37230 6
37240 9
37250 2
37260 13
37270 9
37280 12
37290 7
37300 4
37310 6
37320 11
37330 14
37340 1
37350 6
37360 2
37370 2
37380 1
37390 8
37400 7
37410 7
37420 4
37430 5
37440 10
37450 13
37460 10
37470 10
37480 4
37490 6
37500 9
37510 17
37520 8
37530 10
37540 15
37550 0
37560 10
37570 9
37580 13
37590 10
37600 5
37610 11
37620 8
37630 12
37640 15
37650 9
37660 12
37670 15
37680 10
37690 14
37700 17
37710 14
37720 16
37730 9
37740 14
37750 10
37760 14
37770 14
37780 14
37790 20
37800 15
37810 18
37820 17
37830 19
37840 17
37850 16
37860 8
37870 14
37880 15
37890 14
37900 11
37910 11
37920 8
37930 13
37940 11
37950 11
37960 11
37970 11
37980 13
37990 14
38000 15
38010 14
38020 14
38030 10
38040 14
38050 9
38060 25
38070 13
38080 9
38090 14
38100 14
38110 10
38120 21
38130 14
38140 16
38150 12
38160 11
38170 12
38180 8
38190 7
38200 7
38210 3
38220 4
38230 3
38240 3
38250 4
38260 9
38270 3
38280 13
38290 10
38300 10
38310 9
38320 3
38330 2
38340 11
38350 4
38360 1
38370 13
38380 9
38390 7
38400 14
38410 8
38420 5
38430 6
38440 13
38450 5
38460 15
38470 5
38480 5
38490 1
38500 2
38510 7
38520 13
38530 11
38540 12
38550 12
38560 14
38570 2
38580 7
38590 7
38600 7
38610 11
38620 3
38630 4
38640 8
38650 9
38660 13
38670 16
38680 10
38690 10
38700 13
38710 12
38720 6
38730 4
38740 16
38750 3
38760 7
38770 9
38780 11
38790 6
38800 4
38810 2
38820 20
38830 7
38840 11
38850 11
38860 15
38870 11
38880 22
38890 21
38900 18
38910 12
38920 19
38930 8
38940 10
38950 3
38960 4
38970 4
38980 11
38990 9
39000 14
39010 18
39020 20
39030 14
39040 18
39050 11
39060 12
39070 6
39080 7
39090 6
39100 2
39110 7
39120 0
39130 0
39140 0
39150 0
39160 10
39170 4
39180 8
39190 4
39200 5
39210 6
39220 7
39230 7
39240 18
39250 16
39260 17
39270 12
39280 17
39290 11
39300 22
39310 7
39320 18
39330 22
39340 18
39350 13
39360 22
39370 22
39380 14
39390 19
39400 22
39410 25
39420 19
39430 14
39440 7
39450 11
39460 4
39470 9
39480 6
39490 8
39500 12
39510 9
39520 12
39530 7
39540 8
39550 6
39560 10
39570 2
39580 10
39590 10
39600 16
39610 12
39620 15
39630 14
39640 9
39650 2
39660 10
39670 7
39680 1
39690 10
39700 13
39710 10
39720 7
39730 8
39740 7
39750 14
39760 11
39770 8
39780 3
39790 3
39800 5
39810 4
39820 6
39830 13
39840 4
39850 15
39860 13
39870 16
39880 13
39890 9
39900 7
39910 7
39920 11
39930 10
39940 6
39950 1
39960 14
39970 10
39980 16
39990 10
40000 14
40010 15
40020 11
40030 7
40040 14
40050 2
40060 3
40070 3
40080 3
40090 3
40100 3
40110 3
40120 5
40130 7
40140 8
40150 8
40160 5
40170 10
40180 11
40190 3
40200 8
40210 8
40220 2
40230 2
40240 4
40250 2
40260 8
40270 1
40280 5
40290 5
40300 1
40310 4
40320 0
40330 3
40340 14
40350 3
40360 9
40370 8
40380 1
40390 5
40400 3
40410 6
40420 0
40430 4
40440 7
40450 1
40460 3
40470 4
40480 3
40490 0
40500 0
40510 2
40520 0
40530 2
40540 1
40550 1
40560 4
40570 4
40580 3
40590 3
40600 0
40610 0
40620 0
40630 0
40640 0
40650 6
40660 2
40670 1
40680 5
40690 3
40700 0
40710 0
40720 3
40730 14
40740 7
40750 3
40760 2
40770 13
40780 0
40790 3
40800 4
40810 3
40820 1
40830 4
40840 6
40850 3
40860 1
40870 2
40880 2
40890 4
40900 4
40910 5
40920 5
40930 3
40940 3
40950 2
40960 2
40970 2
40980 5
40990 2
41000 0
41010 1
41020 0
41030 1
41040 1
41050 2
41060 6
41070 1
41080 0
41090 0
41100 0
41110 0
41120 0
41130 3
41140 0
41150 0
41160 0
41170 0
41180 0
41190 0
41200 0
41210 0
41220 0
41230 0
41240 2
41250 0
41260 3
41270 7
41280 12
41290 13
41300 14
41310 11
41320 10
41330 12
41340 5
41350 1
41360 13
41370 9
41380 0
41390 1
41400 4
41410 2
41420 4
41430 0
41440 0
41450 0
41460 0
41470 0
41480 0
41490 0
41500 0
41510 0
41520 0
41530 0
41540 0
41550 0
41560 0
41570 0
41580 0
41590 0
41600 0
41610 0
41620 0
41630 0
41640 0
41650 0
41660 0
41670 0
41680 0
41690 0
41700 0
41710 0
41720 0
41730 0
41740 0
41750 0
41760 0
41770 2
41780 0
41790 0
41800 0
41810 0
41820 1
41830 2
41840 0
41850 0
41860 4
41870 0
41880 0
41890 0
41900 0
41910 0
41920 0
41930 1
41940 0
41950 0
41960 0
41970 0
41980 0
41990 0
42000 0
42010 0
42020 0
42030 0
42040 0
42050 0
42060 0
42070 0
42080 0
42090 0
42100 0
42110 0
42120 0
42130 0
42140 0
42150 2
42160 7
42170 4
42180 5
42190 11
42200 10
42210 3
42220 8
42230 1
42240 11
42250 9
42260 6
42270 8
42280 5
42290 0
42300 0
42310 0
42320 0
42330 0
42340 0
42350 0
42360 0
42370 0
42380 1
42390 0
42400 0
42410 0
42420 0
42430 1
42440 0
42450 0
42460 0
42470 0
42480 0
42490 0
42500 0
42510 0
42520 0
42530 0
42540 0
42550 0
42560 0
42570 0
42580 0
42590 0
42600 0
42610 0
42620 0
42630 0
42640 0
42650 0
42660 0
42670 0
42680 0
42690 0
42700 0
42710 0
42720 0
42730 0
42740 0
42750 0
42760 0
42770 0
42780 0
42790 0
42800 0
42810 0
42820 0
42830 0
42840 0
42850 0
42860 0
42870 0
42880 0
42890 0
42900 0
42910 0
42920 0
42930 0
42940 0
42950 0
42960 0
42970 0
42980 0
42990 0
43000 0
43010 0
43020 0
43030 0
43040 0
43050 1
43060 2
43070 0
43080 0
43090 0
43100 0
43110 0
43120 0
43130 0
43140 0
43150 0
43160 0
43170 0
43180 0
43190 0
43200 0
43210 0
43220 0
43230 0
43240 0
43250 0
43260 0
43270 0
43280 0
43290 0
43300 0
43310 0
43320 0
43330 0
43340 0
43350 0
43360 0
43370 0
43380 0
43390 0
43400 0
43410 0
43420 0
43430 0
43440 0
43450 0
43460 0
43470 0
43480 0
43490 0
43500 0
43510 0
43520 0
43530 0
43540 0
43550 0
43560 0
43570 0
43580 0
43590 0
43600 1
43610 0
43620 0
43630 0
43640 0
43650 0
43660 0
43670 0
43680 0
43690 2
43700 0
43710 0
43720 0
43730 0
43740 0
43750 0
43760 0
43770 0
43780 0
43790 0
43800 0
43810 0
43820 0
43830 0
43840 0
43850 0
43860 0
43870 0
43880 0
43890 0
43900 0
43910 0
43920 0
43930 0
43940 0
43950 0
43960 0
43970 0
43980 0
43990 0
44000 0
44010 0
44020 0
44030 0
44040 0
44050 0
44060 1
44070 0
44080 0
44090 1
44100 0
44110 0
44120 0
44130 0
44140 0
44150 0
44160 0
44170 0
44180 0
44190 0
44200 0
44210 0
44220 0
44230 0
44240 0
44250 0
44260 0
44270 1
44280 0
44290 0
44300 0
44310 0
44320 0
44330 0
44340 9
44350 14
44360 2
44370 1
44380 9
44390 4
44400 6
44410 3
44420 2
44430 10
44440 3
44450 14
44460 12
44470 7
44480 0
44490 5
44500 0
44510 9
44520 0
44530 0
44540 0
44550 2
44560 0
44570 0
44580 3
44590 0
44600 0
44610 0
44620 0
44630 0
44640 0
44650 0
44660 0
44670 0
44680 0
44690 0
44700 0
44710 0
44720 0
44730 0
44740 0
44750 0
44760 0
44770 0
44780 1
44790 1
44800 1
44810 1
44820 6
44830 4
44840 6
44850 5
44860 3
44870 2
44880 3
44890 10
44900 12
44910 5
44920 5
44930 10
44940 8
44950 4
44960 2
44970 4
44980 7
44990 2
45000 7
45010 3
45020 1
45030 4
45040 2
45050 6
45060 3
45070 0
45080 0
45090 0
45100 0
45110 3
45120 6
45130 5
45140 10
45150 14
45160 20
45170 10
45180 8
45190 12
45200 14
45210 8
45220 9
45230 9
45240 14
45250 10
45260 12
45270 15
45280 16
45290 10
45300 8
45310 14
45320 5
45330 3
45340 3
45350 1
45360 3
45370 13
45380 8
45390 11
45400 11
45410 5
45420 8
45430 11
45440 14
45450 6
45460 10
45470 4
45480 12
45490 3
45500 11
45510 5
45520 8
45530 13
45540 6
45550 0
45560 1
45570 16
45580 5
45590 2
45600 4
45610 3
45620 4
45630 11
45640 6
45650 5
45660 7
45670 7
45680 11
45690 8
45700 8
45710 12
45720 9
45730 12
45740 7
45750 12
45760 5
45770 8
45780 8
45790 10
45800 11
45810 14
45820 12
45830 4
45840 10
45850 13
45860 9
45870 6
45880 4
45890 11
45900 15
45910 11
45920 9
45930 0
45940 0
45950 1
45960 5
45970 5
45980 2
45990 0
46000 1
46010 1
46020 2
46030 5
46040 5
46050 5
46060 6
46070 8
46080 15
46090 5
46100 15
46110 7
46120 13
46130 16
46140 5
46150 14
46160 4
46170 22
46180 17
46190 18
46200 9
46210 23
46220 14
46230 8
46240 16
46250 14
46260 16
46270 16
46280 11
46290 14
46300 10
46310 21
46320 15
46330 20
46340 13
46350 9
46360 17
46370 16
46380 18
46390 20
46400 15
46410 18
46420 13
46430 16
46440 18
46450 14
46460 24
46470 18
46480 21
46490 16
46500 12
46510 22
46520 20
46530 25
46540 17
46550 19
46560 18
46570 25
46580 14
46590 12
46600 26
46610 20
46620 25
46630 16
46640 12
46650 15
46660 10
46670 5
46680 12
46690 19
46700 16
46710 11
46720 9
46730 7
46740 20
46750 14
46760 16
46770 17
46780 17
46790 13
46800 12
46810 10
46820 3
46830 19
46840 12
46850 13
46860 5
46870 10
46880 11
46890 6
46900 20
46910 13
46920 15
46930 10
46940 13
46950 12
46960 17
46970 10
46980 8
46990 10
47000 14
47010 11
47020 15
47030 7
47040 7
47050 13
47060 16
47070 15
47080 16
47090 16
47100 20
47110 15
47120 19
47130 11
47140 25
47150 13
47160 20
47170 17
47180 17
47190 21
47200 25
47210 15
47220 17
47230 17
47240 11
47250 14
47260 7
47270 19
47280 15
47290 20
47300 20
47310 20
47320 18
47330 13
47340 15
47350 17
47360 22
47370 16
47380 13
47390 13
47400 21
47410 10
47420 12
47430 12
47440 21
47450 14
47460 19
47470 12
47480 18
47490 15
47500 14
47510 10
47520 19
47530 14
47540 22
47550 20
47560 17
47570 14
47580 23
47590 15
47600 21
47610 20
47620 24
47630 23
47640 10
47650 17
47660 11
47670 20
47680 16
47690 13
47700 18
47710 17
47720 15
47730 10
47740 13
47750 10
47760 9
47770 12
47780 9
47790 11
47800 10
47810 12
47820 7
47830 10
47840 9
47850 12
47860 14
47870 4
47880 8
47890 4
47900 8
47910 4
47920 3
47930 7
47940 3
47950 7
47960 16
47970 3
47980 10
47990 9
48000 6
48010 9
48020 8
48030 18
48040 11
48050 14
48060 18
48070 14
48080 11
48090 8
48100 13
48110 7
48120 15
48130 33
48140 23
48150 13
48160 20
48170 12
48180 15
48190 24
48200 15
48210 14
48220 6
48230 12
48240 9
48250 8
48260 13
48270 7
48280 7
48290 12
48300 7
48310 8
48320 11
48330 13
48340 12
48350 14
48360 12
48370 13
48380 11
48390 11
48400 13
48410 9
48420 12
48430 9
48440 11
48450 14
48460 6
48470 11
48480 12
48490 12
48500 12
48510 12
48520 12
48530 10
48540 14
48550 11
48560 9
48570 10
48580 14
48590 7
48600 19
48610 16
48620 21
48630 13
48640 14
48650 10
48660 11
48670 14
48680 24
48690 13
48700 10
48710 14
48720 18
48730 27
48740 14
48750 10
48760 14
48770 20
48780 25
48790 25
48800 28
48810 16
48820 25
48830 18
48840 22
48850 18
48860 20
48870 19
48880 21
48890 24
48900 29
48910 19
48920 23
48930 18
48940 25
48950 26
48960 24
48970 24
48980 14
48990 11
49000 23
49010 12
49020 22
49030 16
49040 16
49050 14
49060 17
49070 12
49080 11
49090 15
49100 17
49110 19
49120 15
49130 14
49140 16
49150 12
49160 9
49170 24
49180 10
49190 16
49200 20
49210 13
49220 15
49230 16
49240 9
49250 27
49260 29
49270 13
49280 17
49290 19
49300 28
49310 23
49320 12
49330 19
49340 5
49350 22
49360 17
49370 13
49380 21
49390 25
49400 18
49410 28
49420 18
49430 10
49440 26
49450 17
49460 25
49470 11
49480 16
49490 14
49500 18
49510 24
49520 19
49530 5
49540 8
49550 8
49560 12
49570 23
49580 20
49590 18
49600 13
49610 11
49620 23
49630 16
49640 14
49650 11
49660 10
49670 18
49680 12
49690 8
49700 21
49710 15
49720 20
49730 13
49740 20
49750 13
49760 12
49770 22
49780 11
49790 13
49800 10
49810 17
49820 12
49830 27
49840 17
49850 13
49860 16
49870 12
49880 18
49890 12
49900 15
49910 8
49920 6
49930 8
49940 13
49950 7
49960 13
49970 6
49980 5
49990 16
50000 21
50010 24
50020 17
50030 5
50040 8
50050 6
50060 9
50070 22
50080 16
50090 8
50100 19
50110 19
50120 6
50130 4
50140 7
50150 13
50160 13
50170 12
50180 14
50190 8
50200 7
50210 13
50220 14
50230 21
50240 11
50250 20
50260 21
50270 11
50280 9
50290 16
50300 22
50310 13
50320 19
50330 15
50340 17
50350 8
50360 13
50370 8
50380 27
50390 12
50400 11
50410 18
50420 18
50430 8
50440 10
50450 19
50460 22
50470 7
50480 27
50490 12
50500 16
50510 7
50520 24
50530 20
50540 24
50550 10
50560 15
50570 11
50580 20
50590 15
50600 12
50610 16
50620 12
50630 16
50640 9
50650 6
50660 5
50670 2
50680 8
50690 1
50700 11
50710 15
50720 15
50730 11
50740 20
50750 10
50760 10
50770 10
50780 13
50790 16
50800 13
50810 11
50820 4
50830 9
50840 9
50850 18
50860 14
50870 7
50880 10
50890 18
50900 10
50910 8
50920 7
50930 7
50940 13
50950 4
50960 14
50970 17
50980 9
50990 12
51000 14
51010 20
51020 14
51030 24
51040 19
51050 18
51060 13
51070 19
51080 13
51090 10
51100 18
51110 11
51120 10
51130 15
51140 6
51150 21
51160 10
51170 10
51180 19
51190 18
51200 16
51210 21
51220 20
51230 19
51240 26
51250 18
51260 12
51270 13
51280 26
51290 9
51300 11
51310 13
51320 13
51330 12
51340 9
51350 20
51360 10
51370 16
51380 7
51390 3
51400 8
51410 10
51420 7
51430 9
51440 24
51450 9
51460 11
51470 13
51480 10
51490 10
51500 21
51510 8
51520 12
51530 12
51540 15
51550 9
51560 12
51570 7
51580 11
51590 14
51600 12
51610 14
51620 12
51630 12
51640 17
51650 15
51660 17
51670 18
51680 10
51690 9
51700 9
51710 4
51720 12
51730 5
51740 8
51750 10
51760 20
51770 19
51780 15
51790 16
51800 15
51810 16
51820 8
51830 14
51840 20
51850 17
51860 16
51870 16
51880 23
51890 16
51900 19
51910 20
51920 18
51930 17
51940 12
51950 16
51960 15
51970 15
51980 6
51990 15
52000 18
52010 23
52020 7
52030 4
52040 8
52050 5
52060 4
52070 7
52080 5
52090 0
52100 0
52110 0
52120 0
52130 0
52140 0
52150 0
52160 0
52170 0
52180 0
52190 0
52200 0
52210 0
52220 0
52230 0
52240 0
52250 0
52260 0
52270 0
52280 0
52290 0
52300 0
52310 0
52320 0
52330 0
52340 0
52350 0
52360 3
52370 5
52380 7
52390 4
52400 2
52410 4
52420 3
52430 0
52440 6
52450 8
52460 16
52470 7
52480 15
52490 6
52500 11
52510 13
52520 7
52530 6
52540 17
52550 12
52560 14
52570 2
52580 15
52590 17
52600 12
52610 23
52620 12
52630 24
52640 15
52650 17
52660 23
52670 11
52680 15
52690 22
52700 24
52710 17
52720 14
52730 18
52740 17
52750 19
52760 12
52770 14
52780 13
52790 14
52800 17
52810 22
52820 17
52830 24
52840 19
52850 25
52860 18
52870 25
52880 27
52890 17
52900 14
52910 18
52920 17
52930 12
52940 12
52950 17
52960 19
52970 26
52980 15
52990 20
53000 17
53010 19
53020 21
53030 25
53040 19
53050 18
53060 23
53070 22
53080 15
53090 16
53100 23
53110 21
53120 15
53130 20
53140 14
53150 25
53160 17
53170 22
53180 25
53190 25
53200 22
53210 18
53220 22
53230 17
53240 13
53250 23
53260 19
53270 20
53280 25
53290 20
53300 22
53310 20
53320 24
53330 21
53340 24
53350 14
53360 12
53370 21
53380 17
53390 16
53400 28
53410 25
53420 22
53430 23
53440 22
53450 21
53460 12
53470 11
53480 14
53490 17
53500 24
53510 19
53520 19
53530 21
53540 11
53550 11
53560 7
53570 15
53580 17
53590 13
53600 17
53610 15
53620 13
53630 12
53640 18
53650 15
53660 16
53670 24
53680 20
53690 23
53700 13
53710 23
53720 26
53730 18
53740 25
53750 21
53760 21
53770 16
53780 18
53790 16
53800 19
53810 19
53820 13
53830 12
53840 15
53850 15
53860 16
53870 16
53880 23
53890 18
53900 16
53910 17
53920 25
53930 12
53940 26
53950 12
53960 9
53970 20
53980 27
53990 12
54000 29
54010 32
54020 25
54030 26
54040 25
54050 16
54060 26
54070 23
54080 16
54090 22
54100 11
54110 11
54120 21
54130 17
54140 26
54150 32
54160 22
54170 27
54180 24
54190 23
54200 17
54210 27
54220 24
54230 23
54240 15
54250 10
54260 22
54270 22
54280 14
54290 23
54300 15
54310 25
54320 18
54330 26
54340 26
54350 13
54360 23
54370 21
54380 18
54390 23
54400 23
54410 22
54420 1
54430 18
54440 23
54450 18
54460 23
54470 14
54480 23
54490 27
54500 22
54510 23
54520 21
54530 27
54540 18
54550 20
54560 20
54570 21
54580 15
54590 17
54600 9
54610 13
54620 0
54630 6
54640 6
54650 10
54660 8
54670 12
54680 12
54690 14
54700 24
54710 8
54720 20
54730 13
54740 8
54750 26
54760 12
54770 21
54780 10
54790 12
54800 12
54810 8
54820 11
54830 13
54840 15
54850 16
54860 14
54870 18
54880 22
54890 22
54900 17
54910 18
54920 26
54930 22
54940 15
54950 14
54960 20
54970 18
54980 17
54990 14
55000 23
55010 13
55020 12
55030 15
55040 12
55050 14
55060 12
55070 18
55080 13
55090 18
55100 9
55110 17
55120 22
55130 23
55140 22
55150 23
55160 24
55170 15
55180 20
55190 22
55200 18
55210 17
55220 21
55230 25
55240 18
55250 21
55260 13
55270 16
55280 14
55290 12
55300 23
55310 14
55320 18
55330 13
55340 9
55350 7
55360 16
55370 13
55380 19
55390 17
55400 13
55410 8
55420 27
55430 6
55440 16
55450 13
55460 11
55470 16
55480 13
55490 9
55500 3
55510 5
55520 10
55530 5
55540 7
55550 4
55560 6
55570 9
55580 10
55590 5
55600 10
55610 7
55620 6
55630 8
55640 10
55650 23
55660 13
55670 17
55680 22
55690 20
55700 16
55710 20
55720 11
55730 15
55740 13
55750 26
55760 17
55770 24
55780 16
55790 17
55800 17
55810 12
55820 10
55830 20
55840 14
55850 20
55860 8
55870 1
55880 7
55890 5
55900 15
55910 15
55920 8
55930 5
55940 12
55950 9
55960 7
55970 6
55980 10
55990 3
56000 6
56010 6
56020 9
56030 8
56040 14
56050 19
56060 16
56070 22
56080 19
56090 13
56100 0
56110 8
56120 10
56130 3
56140 4
56150 4
56160 1
56170 7
56180 0
56190 2
56200 6
56210 0
56220 0
56230 0
56240 2
56250 1
56260 1
56270 2
56280 3
56290 3
56300 0
56310 2
56320 5
56330 3
56340 3
56350 6
56360 16
56370 10
56380 6
56390 7
56400 9
56410 10
56420 5
56430 13
56440 6
56450 8
56460 3
56470 1
56480 9
56490 12
56500 12
56510 11
56520 15
56530 12
56540 11
56550 17
56560 11
56570 7
56580 10
56590 13
56600 1
56610 11
56620 10
56630 12
56640 4
56650 13
56660 13
56670 10
56680 6
56690 7
56700 13
56710 15
56720 7
56730 9
56740 3
56750 13
56760 14
56770 10
56780 9
56790 12
56800 14
56810 10
56820 18
56830 15
56840 12
56850 4
56860 11
56870 11
56880 12
56890 7
56900 7
56910 14
56920 17
56930 13
56940 13
56950 16
56960 14
56970 10
56980 6
56990 14
57000 15
57010 11
57020 10
57030 15
57040 16
57050 13
57060 15
57070 8
57080 10
57090 9
57100 11
57110 14
57120 11
57130 13
57140 12
57150 11
57160 7
57170 14
57180 14
57190 8
57200 13
57210 12
57220 11
57230 13
57240 11
57250 12
57260 13
57270 8
57280 13
57290 8
57300 5
57310 6
57320 14
57330 8
57340 11
57350 11
57360 14
57370 10
57380 14
57390 14
57400 6
57410 9
57420 18
57430 13
57440 12
57450 11
57460 10
57470 16
57480 19
57490 4
57500 15
57510 17
57520 11
57530 15
57540 10
57550 14
57560 14
57570 12
57580 17
57590 12
57600 4
57610 13
57620 8
57630 6
57640 6
57650 11
57660 11
57670 10
57680 6
57690 10
57700 8
57710 10
57720 13
57730 5
57740 13
57750 15
57760 10
57770 9
57780 5
57790 4
57800 11
57810 10
57820 6
57830 15
57840 14
57850 7
57860 11
57870 11
57880 13
57890 10
57900 15
57910 8
57920 14
57930 18
57940 14
57950 13
57960 13
57970 14
57980 10
57990 14
58000 18
58010 19
58020 17
58030 11
58040 19
58050 29
58060 18
58070 27
58080 13
58090 10
58100 23
58110 10
58120 15
58130 14
58140 22
58150 18
58160 24
58170 19
58180 18
58190 18
58200 23
58210 8
58220 14
58230 20
58240 14
58250 11
58260 20
58270 14
58280 11
58290 11
58300 2
58310 14
58320 14
58330 6
58340 14
58350 14
58360 14
58370 11
58380 14
58390 18
58400 19
58410 14
58420 19
58430 20
58440 9
58450 12
58460 16
58470 5
58480 15
58490 12
58500 25
58510 23
58520 22
58530 18
58540 18
58550 13
58560 15
58570 17
58580 9
58590 15
58600 14
58610 11
58620 12
58630 11
58640 15
58650 20
58660 11
58670 14
58680 11
58690 17
58700 5
58710 6
58720 12
58730 12
58740 12
58750 14
58760 15
58770 10
58780 11
58790 9
58800 20
58810 12
58820 18
58830 13
58840 7
58850 11
58860 2
58870 3
58880 11
58890 14
58900 12
58910 14
58920 12
58930 12
58940 10
58950 8
58960 8
58970 11
58980 9
58990 9
59000 11
59010 12
59020 13
59030 9
59040 2
59050 13
59060 13
59070 12
59080 5
59090 7
59100 3
59110 11
59120 10
59130 11
59140 11
59150 12
59160 11
59170 5
59180 12
59190 10
59200 13
59210 5
59220 9
59230 10
59240 12
59250 12
59260 10
59270 8
59280 5
59290 12
59300 15
59310 14
59320 12
59330 13
59340 9
59350 14
59360 18
59370 14
59380 15
59390 14
59400 8
59410 12
59420 14
59430 10
59440 15
59450 14
59460 11
59470 16
59480 13
59490 3
59500 12
59510 9
59520 16
59530 11
59540 10
59550 24
59560 13
59570 18
59580 19
59590 13
59600 23
59610 6
59620 23
59630 13
59640 22
59650 19
59660 7
59670 25
59680 18
59690 5
59700 14
59710 7
59720 16
59730 6
59740 13
59750 6
59760 8
59770 3
59780 4
59790 6
59800 6
59810 14
59820 10
59830 12
59840 14
59850 8
59860 15
59870 14
59880 8
59890 11
59900 21
59910 14
59920 9
59930 6
59940 4
59950 10
59960 8
59970 8
59980 7
59990 15
60000 13
60010 14
60020 17
60030 11
60040 9
60050 9
60060 11
60070 14
60080 15
60090 6
60100 6
60110 16
60120 10
60130 9
60140 7
60150 2
60160 6
60170 16
60180 7
60190 8
60200 3
60210 9
60220 13
60230 10
60240 4
60250 12
60260 9
60270 1
60280 7
60290 10
60300 7
60310 15
60320 3
60330 0
60340 7
60350 8
60360 9
60370 5
60380 7
60390 0
60400 1
60410 14
60420 17
60430 10
60440 16
60450 13
60460 12
60470 9
60480 12
60490 8
60500 10
60510 12
60520 11
60530 9
60540 11
60550 6
60560 11
60570 20
60580 11
60590 22
60600 12
60610 17
60620 6
60630 8
60640 16
60650 7
60660 8
60670 9
60680 6
60690 8
60700 9
60710 16
60720 14
60730 16
60740 19
60750 4
60760 23
60770 18
60780 16
60790 20
60800 21
60810 18
60820 11
60830 16
60840 22
60850 17
60860 14
60870 13
60880 12
60890 17
60900 17
60910 14
60920 18
60930 21
60940 17
60950 17
60960 12
60970 4
60980 9
60990 28
61000 14
61010 16
61020 16
61030 22
61040 16
61050 16
61060 22
61070 11
61080 14
61090 21
61100 28
61110 11
61120 7
61130 10
61140 15
61150 20
61160 4
61170 15
61180 12
61190 18
61200 20
61210 13
61220 15
61230 11
61240 22
61250 17
61260 12
61270 18
61280 18
61290 12
61300 14
61310 13
61320 8
61330 9
61340 9
61350 7
61360 17
61370 15
61380 9
61390 13
61400 16
61410 15
61420 20
61430 6
61440 13
61450 8
61460 21
61470 12
61480 18
61490 13
61500 7
61510 17
61520 12
61530 13
61540 14
61550 17
61560 10
61570 11
61580 13
61590 12
61600 19
61610 7
61620 10
61630 17
61640 10
61650 17
61660 13
61670 21
61680 10
61690 13
61700 7
61710 4
61720 15
61730 19
61740 18
61750 6
61760 24
61770 17
61780 20
61790 16
61800 17
61810 15
61820 8
61830 11
61840 11
61850 16
61860 7
61870 12
61880 7
61890 9
61900 13
61910 17
61920 10
61930 14
61940 11
61950 9
61960 16
61970 4
61980 7
61990 9
62000 9
62010 12
62020 16
62030 10
62040 10
62050 10
62060 5
62070 8
62080 9
62090 9
62100 9
62110 10
62120 16
62130 11
62140 7
62150 10
62160 10
62170 11
62180 12
62190 12
62200 16
62210 12
62220 9
62230 11
62240 15
62250 16
62260 17
62270 11
62280 12
62290 8
62300 13
62310 14
62320 13
62330 11
62340 12
62350 10
62360 12
62370 12
62380 3
62390 12
62400 2
62410 8
62420 8
62430 5
62440 2
62450 1
62460 9
62470 10
62480 3
62490 3
62500 4
62510 5
62520 5
62530 1
62540 3
62550 1
62560 0
62570 0
62580 0
62590 0
62600 0
62610 0
62620 0
62630 0
62640 0
62650 0
62660 0
62670 0
62680 0
62690 0
62700 0
62710 0
62720 0
62730 0
62740 1
62750 0
62760 0
62770 0
62780 0
62790 0
62800 0
62810 0
62820 0
62830 0
62840 0
62850 14
62860 22
62870 11
62880 11
62890 11
62900 5
62910 8
62920 10
62930 13
62940 15
62950 6
62960 11
62970 8
62980 4
62990 15
63000 3
63010 9
63020 9
63030 12
63040 15
63050 6
63060 6
63070 8
63080 7
63090 3
63100 3
63110 4
63120 8
63130 13
63140 16
63150 4
63160 7
63170 10
63180 6
63190 7
63200 7
63210 10
63220 7
63230 14
63240 7
63250 11
63260 9
63270 5
63280 7
63290 8
63300 10
63310 14
63320 6
63330 9
63340 8
63350 11
63360 20
63370 7
63380 4
63390 12
63400 10
63410 9
63420 19
63430 8
63440 18
63450 11
63460 11
63470 3
63480 11
63490 13
63500 7
63510 10
63520 12
63530 9
63540 5
63550 8
63560 5
63570 3
63580 11
63590 5
63600 7
63610 6
63620 6
63630 11
63640 20
63650 13
63660 18
63670 18
63680 16
63690 9
63700 11
63710 3
63720 10
63730 10
63740 12
63750 8
63760 7
63770 5
63780 15
63790 14
63800 4
63810 4
63820 9
63830 27
63840 15
63850 12
63860 13
63870 7
63880 4
63890 2
63900 9
63910 10
63920 3
63930 11
63940 15
63950 15
63960 9
63970 13
63980 8
63990 6
64000 8
64010 13
64020 13
64030 1
64040 0
64050 7
64060 2
64070 7
64080 13
64090 8
64100 7
64110 4
64120 10
64130 8
64140 10
64150 23
64160 16
64170 19
64180 14
64190 17
64200 13
64210 22
64220 17
64230 15
64240 10
64250 16
64260 13
64270 14
64280 21
64290 12
64300 15
64310 11
64320 13
64330 8
64340 8
64350 7
64360 16
64370 12
64380 10
64390 8
64400 10
64410 14
64420 17
64430 21
64440 11
64450 14
64460 19
64470 10
64480 14
64490 19
64500 25
64510 20
64520 19
64530 15
64540 16
64550 15
64560 24
64570 17
64580 11
64590 17
64600 17
64610 18
64620 19
64630 17
64640 18
64650 9
64660 14
64670 20
64680 13
64690 10
64700 14
64710 15
64720 9
64730 16
64740 15
64750 21
64760 17
64770 20
64780 14
64790 15
64800 17
64810 19
64820 18
64830 16
64840 15
64850 20
64860 18
64870 20
64880 20
64890 21
64900 12
64910 12
64920 8
64930 15
64940 12
64950 12
64960 11
64970 19
64980 14
64990 15
65000 15
65010 12
65020 22
65030 16
65040 11
65050 19
65060 9
65070 15
65080 19
65090 20
65100 17
65110 14
65120 10
65130 8
65140 15
65150 15
65160 14
65170 17
65180 19
65190 13
65200 22
65210 18
65220 20
65230 20
65240 21
65250 10
65260 18
65270 21
65280 10
65290 14
65300 13
65310 10
65320 18
65330 26
65340 25
65350 18
65360 21
65370 18
65380 16
65390 22
65400 10
65410 19
65420 12
65430 15
65440 15
65450 13
65460 12
65470 14
65480 11
65490 10
65500 14
65510 10
65520 13
65530 13
65540 13
65550 20
65560 19
65570 11
65580 18
65590 14
65600 8
65610 22
65620 18
65630 18
65640 20
65650 28
65660 25
65670 27
65680 28
65690 28
65700 19
65710 24
65720 14
65730 11
65740 24
65750 17
65760 23
65770 19
65780 18
65790 15
65800 10
65810 18
65820 15
65830 16
65840 10
65850 31
65860 19
65870 14
65880 19
65890 18
65900 16
65910 12
65920 22
65930 22
65940 18
65950 19
65960 26
65970 23
65980 36
65990 27
66000 24
66010 11
66020 24
66030 20
66040 20
66050 16
66060 16
66070 20
66080 30
66090 24
66100 21
66110 20
66120 24
66130 19
66140 21
66150 23
66160 20
66170 14
66180 21
66190 17
66200 23
66210 14
66220 19
66230 25
66240 23
66250 16
66260 26
66270 27
66280 29
66290 19
66300 25
66310 24
66320 17
66330 28
66340 27
66350 20
66360 14
66370 21
66380 22
66390 27
66400 26
66410 19
66420 18
66430 25
66440 23
66450 14
66460 15
66470 13
66480 24
66490 22
66500 33
66510 27
66520 28
66530 21
66540 22
66550 25
66560 16
66570 23
66580 14
66590 27
66600 11
66610 16
66620 21
66630 12
66640 7
66650 9
66660 12
66670 12
66680 18
66690 17
66700 20
66710 16
66720 21
66730 17
66740 22
66750 14
66760 16
66770 21
66780 15
66790 18
66800 15
66810 16
66820 14
66830 23
66840 26
66850 21
66860 16
66870 15
66880 21
66890 15
66900 15
66910 21
66920 28
66930 27
66940 29
66950 22
66960 10
66970 25
66980 17
66990 22
67000 21
67010 28
67020 28
67030 13
67040 7
67050 19
67060 10
67070 27
67080 17
67090 22
67100 13
67110 14
67120 13
67130 22
67140 25
67150 15
67160 19
67170 13
67180 12
67190 18
67200 19
67210 21
67220 15
67230 23
67240 16
67250 24
67260 18
67270 25
67280 14
67290 8
67300 10
67310 24
67320 16
67330 16
67340 17
67350 22
67360 10
67370 26
67380 18
67390 20
67400 17
67410 15
67420 17
67430 19
67440 15
67450 9
67460 31
67470 23
67480 20
67490 6
67500 10
67510 18
67520 26
67530 24
67540 27
67550 25
67560 26
67570 27
67580 21
67590 20
67600 7
67610 15
67620 19
67630 15
67640 15
67650 12
67660 22
67670 17
67680 12
67690 25
67700 17
67710 16
67720 9
67730 19
67740 22
67750 16
67760 23
67770 24
67780 17
67790 26
67800 16
67810 24
67820 22
67830 22
67840 24
67850 28
67860 23
67870 25
67880 27
67890 20
67900 12
67910 25
67920 19
67930 8
67940 29
67950 19
67960 18
67970 20
67980 14
67990 28
68000 22
68010 16
68020 19
68030 25
68040 11
68050 17
68060 17
68070 13
68080 17
68090 21
68100 14
68110 23
68120 13
68130 16
68140 19
68150 13
68160 12
68170 18
68180 19
68190 20
68200 13
68210 17
68220 6
68230 17
68240 21
68250 21
68260 23
68270 19
68280 20
68290 22
68300 11
68310 26
68320 17
68330 23
68340 18
68350 20
68360 11
68370 12
68380 20
68390 28
68400 25
68410 18
68420 20
68430 10
68440 7
68450 12
68460 15
68470 11
68480 12
68490 9
68500 6
68510 5
68520 3
68530 7
68540 7
68550 11
68560 7
68570 9
68580 5
68590 4
68600 16
68610 15
68620 11
68630 14
68640 14
68650 15
68660 8
68670 7
68680 14
68690 7
68700 13
68710 14
68720 11
68730 15
68740 12
68750 16
68760 15
68770 12
68780 21
68790 15
68800 10
68810 15
68820 7
68830 7
68840 9
68850 13
68860 23
68870 14
68880 11
68890 4
68900 8
68910 6
68920 8
68930 9
68940 9
68950 10
68960 16
68970 19
68980 15
68990 19
69000 18
69010 13
69020 13
69030 16
69040 14
69050 18
69060 14
69070 11
69080 9
69090 10
69100 17
69110 11
69120 21
69130 12
69140 18
69150 19
69160 20
69170 7
69180 11
69190 9
69200 7
69210 5
69220 14
69230 9
69240 11
69250 10
69260 10
69270 8
69280 5
69290 9
69300 14
69310 6
69320 7
69330 2
69340 4
69350 6
69360 7
69370 5
69380 6
69390 6
69400 3
69410 8
69420 10
69430 9
69440 6
69450 17
69460 16
69470 17
69480 17
69490 12
69500 7
69510 11
69520 11
69530 18
69540 13
69550 15
69560 10
69570 8
69580 14
69590 7
69600 15
69610 5
69620 15
69630 16
69640 11
69650 7
69660 13
69670 16
69680 12
69690 12
69700 14
69710 14
69720 15
69730 7
69740 12
69750 16
69760 16
69770 16
69780 5
69790 17
69800 18
69810 20
69820 16
69830 16
69840 15
69850 8
69860 14
69870 9
69880 10
69890 9
69900 4
69910 12
69920 8
69930 8
69940 11
69950 5
69960 6
69970 1
69980 9
69990 8
70000 9
70010 2
70020 4
70030 4
70040 2
70050 4
70060 5
70070 4
70080 5
70090 8
70100 2
70110 3
70120 6
70130 10
70140 8
70150 4
70160 9
70170 7
70180 4
70190 6
70200 7
70210 9
70220 7
70230 9
70240 6
70250 7
70260 16
70270 9
70280 9
70290 8
70300 9
70310 14
70320 10
70330 6
70340 11
70350 8
70360 5
70370 22
70380 15
70390 14
70400 10
70410 14
70420 15
70430 24
70440 24
70450 13
70460 22
70470 17
70480 22
70490 21
70500 29
70510 11
70520 18
70530 22
70540 25
70550 17
70560 20
70570 19
70580 15
70590 16
70600 22
70610 25
70620 9
70630 22
70640 25
70650 16
70660 16
70670 29
70680 18
70690 17
70700 18
70710 13
70720 26
70730 22
70740 17
70750 13
70760 29
70770 8
70780 18
70790 16
70800 10
70810 18
70820 17
70830 17
70840 11
70850 13
70860 13
70870 8
70880 10
70890 18
70900 19
70910 15
70920 17
70930 12
70940 8
70950 14
70960 8
70970 18
70980 8
70990 10
71000 20
71010 21
71020 10
71030 16
71040 9
71050 14
71060 13
71070 10
71080 16
71090 13
71100 7
71110 20
71120 15
71130 15
71140 16
71150 8
71160 13
71170 12
71180 17
71190 19
71200 25
71210 11
71220 21
71230 9
71240 13
71250 8
71260 15
71270 11
71280 18
71290 21
71300 7
71310 7
71320 8
71330 13
71340 12
71350 12
71360 15
71370 13
71380 23
71390 9
71400 16
71410 21
71420 15
71430 19
71440 17
71450 19
71460 8
71470 18
71480 20
71490 23
71500 23
71510 19
71520 10
71530 11
71540 7
71550 7
71560 20
71570 20
71580 20
71590 9
71600 16
71610 19
71620 13
71630 18
71640 19
71650 18
71660 10
71670 7
71680 7
71690 7
71700 15
71710 8
71720 17
71730 12
71740 12
71750 16
71760 21
71770 10
71780 10
71790 11
71800 15
71810 16
71820 19
71830 18
71840 16
71850 24
71860 15
71870 17
71880 19
71890 10
71900 3
71910 15
71920 13
71930 17
71940 11
71950 8
71960 9
71970 4
71980 8
71990 9
72000 5
72010 4
72020 6
72030 24
72040 14
72050 19
72060 18
72070 7
72080 14
72090 17
72100 15
72110 13
72120 24
72130 17
72140 17
72150 10
72160 12
72170 13
72180 10
72190 17
72200 8
72210 14
72220 14
72230 22
72240 20
72250 21
72260 15
72270 17
72280 12
72290 16
72300 18
72310 15
72320 17
72330 20
72340 23
72350 21
72360 12
72370 19
72380 14
72390 13
72400 17
72410 12
72420 10
72430 21
72440 11
72450 17
72460 23
72470 18
72480 13
72490 13
72500 9
72510 17
72520 17
72530 13
72540 11
72550 7
72560 17
72570 13
72580 15
72590 15
72600 17
72610 19
72620 22
72630 14
72640 7
72650 0
72660 0
72670 1
72680 1
72690 11
72700 4
72710 3
72720 7
72730 2
72740 14
72750 8
72760 3
72770 1
72780 2
72790 4
72800 6
72810 7
72820 12
72830 1
72840 7
72850 1
72860 15
72870 11
72880 12
72890 3
72900 13
72910 3
72920 5
72930 9
72940 9
72950 8
72960 16
72970 11
72980 8
72990 15
73000 25
73010 8
73020 10
73030 20
73040 23
73050 5
73060 13
73070 16
73080 18
73090 17
73100 20
73110 20
73120 12
73130 8
73140 15
73150 15
73160 14
73170 18
73180 11
73190 13
73200 15
73210 13
73220 5
73230 4
73240 13
73250 4
73260 2
73270 1
73280 8
73290 1
73300 1
73310 6
73320 3
73330 3
73340 5
73350 6
73360 13
73370 9
73380 8
73390 8
73400 6
73410 8
73420 13
73430 8
73440 8
73450 13
73460 8
73470 10
73480 8
73490 10
73500 12
73510 12
73520 15
73530 12
73540 9
73550 15
73560 11
73570 13
73580 15
73590 6
73600 10
73610 16
73620 13
73630 6
73640 5
73650 10
73660 4
73670 10
73680 1
73690 2
73700 10
73710 6
73720 4
73730 9
73740 7
73750 8
73760 7
73770 4
73780 5
73790 7
73800 10
73810 8
73820 10
73830 8
73840 14
73850 9
73860 3
73870 9
73880 1
73890 9
73900 14
73910 9
73920 9
73930 5
73940 7
73950 6
73960 4
73970 9
73980 4
73990 7
74000 7
74010 7
74020 8
74030 2
74040 5
74050 6
74060 11
74070 10
74080 12
74090 13
74100 13
74110 14
74120 10
74130 9
74140 11
74150 6
74160 4
74170 4
74180 9
74190 12
74200 10
74210 14
74220 4
74230 2
74240 3
74250 9
74260 8
74270 12
74280 6
74290 3
74300 4
74310 4
74320 6
74330 5
74340 4
74350 6
74360 5
74370 8
74380 11
74390 3
74400 11
74410 13
74420 0
74430 1
74440 5
74450 6
74460 3
74470 10
74480 13
74490 3
74500 10
74510 7
74520 4
74530 6
74540 4
74550 7
74560 1
74570 7
74580 9
74590 5
74600 9
74610 2
74620 12
74630 7
74640 5
74650 6
74660 4
74670 5
74680 0
74690 0
74700 0
74710 0
74720 0
74730 0
74740 0
74750 0
74760 2
74770 9
74780 8
74790 7
74800 5
74810 3
74820 1
74830 2
74840 0
74850 2
74860 3
74870 1
74880 1
74890 0
74900 13
74910 20
74920 17
74930 18
74940 16
74950 13
74960 11
74970 22
74980 18
74990 13
75000 6
75010 16
75020 9
75030 16
75040 23
75050 15
75060 13
75070 13
75080 17
75090 16
75100 20
75110 15
75120 14
75130 18
75140 18
75150 12
75160 7
75170 10
75180 15
75190 20
75200 12
75210 12
75220 9
75230 10
75240 11
75250 23
75260 10
75270 22
75280 17
75290 18
75300 23
75310 13
75320 21
75330 18
75340 18
75350 18
75360 18
75370 25
75380 8
75390 14
75400 18
75410 22
75420 17
75430 22
75440 19
75450 10
75460 19
75470 19
75480 10
75490 13
75500 11
75510 17
75520 15
75530 16
75540 11
75550 16
75560 10
75570 11
75580 13
75590 7
75600 8
75610 11
75620 20
75630 13
75640 11
75650 7
75660 9
75670 12
75680 12
75690 5
75700 9
75710 12
75720 10
75730 8
75740 8
75750 12
75760 9
75770 12
75780 13
75790 17
75800 8
75810 15
75820 7
75830 3
75840 4
75850 6
75860 7
75870 7
75880 7
75890 3
75900 7
75910 11
75920 17
75930 7
75940 10
75950 10
75960 7
75970 4
75980 5
75990 6
76000 6
76010 7
76020 1
76030 5
76040 10
76050 2
76060 7
76070 6
76080 10
76090 3
76100 4
76110 7
76120 14
76130 8
76140 8
76150 9
76160 8
76170 10
76180 5
76190 13
76200 11
76210 12
76220 11
76230 16
76240 12
76250 12
76260 22
76270 21
76280 8
76290 20
76300 17
76310 22
76320 15
76330 11
76340 21
76350 10
76360 11
76370 15
76380 7
76390 8
76400 16
76410 13
76420 21
76430 21
76440 9
76450 8
76460 21
76470 11
76480 13
76490 10
76500 8
76510 15
76520 14
76530 9
76540 8
76550 18
76560 16
76570 13
76580 16
76590 18
76600 11
76610 21
76620 15
76630 8
76640 1
76650 3
76660 11
76670 10
76680 6
76690 13
76700 14
76710 6
76720 10
76730 6
76740 4
76750 9
76760 4
76770 3
76780 11
76790 9
76800 2
76810 10
76820 4
76830 6
76840 8
76850 10
76860 5
76870 2
76880 6
76890 2
76900 4
76910 3
76920 5
76930 3
76940 4
76950 1
76960 3
76970 3
76980 2
76990 2
77000 18
77010 12
77020 6
77030 13
77040 3
77050 1
77060 16
77070 4
77080 11
77090 13
77100 8
77110 8
77120 12
77130 15
77140 12
77150 15
77160 13
77170 9
77180 11
77190 16
77200 12
77210 3
77220 17
77230 17
77240 6
77250 7
77260 19
77270 18
77280 10
77290 16
77300 16
77310 10
77320 11
77330 9
77340 14
77350 11
77360 3
77370 11
77380 7
77390 7
77400 16
77410 13
77420 9
77430 10
77440 5
77450 4
77460 5
77470 3
77480 5
77490 10
77500 12
77510 13
77520 6
77530 3
77540 10
77550 7
77560 12
77570 7
77580 9
77590 6
77600 17
77610 10
77620 8
77630 14
77640 11
77650 13
77660 15
77670 10
77680 8
77690 6
77700 7
77710 7
77720 1
77730 4
77740 1
77750 4
77760 6
77770 4
77780 2
77790 4
77800 4
77810 4
77820 2
77830 5
77840 2
77850 3
77860 0
77870 5
77880 0
77890 5
77900 0
77910 2
77920 7
77930 3
77940 5
77950 2
77960 3
77970 3
77980 2
77990 7
78000 6
78010 5
78020 5
78030 4
78040 1
78050 1
78060 3
78070 5
78080 4
78090 3
78100 6
78110 5
78120 6
78130 9
78140 8
78150 4
78160 1
78170 5
78180 4
78190 4
78200 4
78210 6
78220 6
78230 5
78240 6
78250 0
78260 4
78270 4
78280 5
78290 0
78300 2
78310 3
78320 5
78330 2
78340 5
78350 6
78360 7
78370 3
78380 6
78390 8
78400 6
78410 5
78420 5
78430 3
78440 4
78450 6
78460 3
78470 7
78480 6
78490 4
78500 6
78510 1
78520 7
78530 10
78540 8
78550 7
78560 4
78570 4
78580 2
78590 5
78600 2
78610 3
78620 6
78630 2
78640 3
78650 11
78660 4
78670 9
78680 4
78690 9
78700 4
78710 4
78720 8
78730 6
78740 4
78750 3
78760 5
78770 2
78780 8
78790 2
78800 7
78810 5
78820 5
78830 8
78840 2
78850 2
78860 2
78870 6
78880 6
78890 10
78900 11
78910 11
78920 13
78930 20
78940 13
78950 6
78960 6
78970 6
78980 3
78990 9
79000 6
79010 5
79020 2
79030 4
79040 4
79050 4
79060 4
79070 5
79080 5
79090 5
79100 8
79110 4
79120 11
79130 13
79140 6
79150 10
79160 7
79170 4
79180 5
79190 6
79200 2
79210 4
79220 4
79230 3
79240 7
79250 5
79260 4
79270 5
79280 6
79290 6
79300 14
79310 17
79320 13
79330 10
79340 15
79350 10
79360 19
79370 14
79380 12
79390 11
79400 14
79410 11
79420 8
79430 6
79440 12
79450 10
79460 12
79470 13
79480 11
79490 14
79500 11
79510 12
79520 12
79530 4
79540 1
79550 2
79560 11
79570 7
79580 7
79590 10
79600 7
79610 9
79620 4
79630 8
79640 9
79650 10
79660 7
79670 9
79680 8
79690 6
79700 7
79710 9
79720 4
79730 1
79740 4
79750 3
79760 5
79770 4
79780 4
79790 5
79800 2
79810 2
79820 3
79830 6
79840 5
79850 6
79860 3
79870 4
79880 3
79890 3
79900 0
79910 0
79920 1
79930 6
79940 4
79950 3
79960 4
79970 7
79980 1
79990 1
80000 7
80010 4
80020 4
80030 2
80040 3
80050 0
80060 0
80070 0
80080 0
80090 0
80100 0
80110 0
80120 0
80130 0
80140 0
80150 0
80160 0
80170 0
80180 0
80190 0
80200 0
80210 0
80220 0
80230 0
80240 2
80250 3
80260 2
80270 1
80280 1
80290 2
80300 2
80310 3
80320 2
80330 2
80340 4
80350 2
80360 5
80370 8
80380 2
80390 4
80400 0
80410 5
80420 5
80430 11
80440 7
80450 12
80460 11
80470 13
80480 10
80490 4
80500 10
80510 13
80520 9
80530 7
80540 9
80550 8
80560 14
80570 11
80580 9
80590 14
80600 12
80610 10
80620 8
80630 12
80640 12
80650 14
80660 19
80670 17
80680 18
80690 20
80700 20
80710 18
80720 13
80730 16
80740 25
80750 21
80760 18
80770 19
80780 16
80790 19
80800 20
80810 21
80820 19
80830 20
80840 13
80850 17
80860 21
80870 17
80880 21
80890 9
80900 18
80910 18
80920 13
80930 10
80940 21
80950 23
80960 19
80970 22
80980 17
80990 21
81000 22
81010 15
81020 13
81030 20
81040 6
81050 17
81060 20
81070 23
81080 22
81090 17
81100 21
81110 21
81120 19
81130 23
81140 13
81150 16
81160 16
81170 14
81180 14
81190 15
81200 19
81210 21
81220 23
81230 14
81240 12
81250 13
81260 23
81270 18
81280 26
81290 15
81300 24
81310 19
81320 23
81330 18
81340 28
81350 23
81360 18
81370 17
81380 12
81390 23
81400 13
81410 16
81420 14
81430 18
81440 19
81450 22
81460 19
81470 24
81480 21
81490 19
81500 18
81510 12
81520 23
81530 19
81540 18
81550 16
81560 6
81570 23
81580 16
81590 15
81600 13
81610 15
81620 18
81630 18
81640 17
81650 16
81660 13
81670 17
81680 13
81690 11
81700 8
81710 14
81720 12
81730 8
81740 18
81750 14
81760 17
81770 22
81780 15
81790 21
81800 16
81810 27
81820 20
81830 21
81840 16
81850 16
81860 19
81870 20
81880 22
81890 18
81900 24
81910 23
81920 19
81930 22
81940 11
81950 18
81960 18
81970 21
81980 23
81990 20
82000 17
82010 27
82020 26
82030 22
82040 20
82050 22
82060 17
82070 23
82080 22
82090 22
82100 18
82110 15
82120 17
82130 15
82140 17
82150 18
82160 19
82170 19
82180 20
82190 23
82200 19
82210 14
82220 18
82230 13
82240 21
82250 23
82260 19
82270 19
82280 24
82290 16
82300 16
82310 21
82320 15
82330 14
82340 17
82350 18
82360 23
82370 17
82380 23
82390 19
82400 18
82410 15
82420 16
82430 12
82440 19
82450 18
82460 27
82470 20
82480 25
82490 17
82500 17
82510 14
82520 22
82530 17
82540 20
82550 16
82560 20
82570 21
82580 21
82590 15
82600 22
82610 21
82620 19
82630 27
82640 13
82650 12
82660 15
82670 21
82680 16
82690 25
82700 21
82710 24
82720 18
82730 20
82740 14
82750 15
82760 22
82770 16
82780 17
82790 18
82800 16
82810 17
82820 12
82830 13
82840 13
82850 16
82860 17
82870 21
82880 16
82890 16
82900 19
82910 16
82920 18
82930 20
82940 23
82950 18
82960 12
82970 17
82980 19
82990 17
83000 18
83010 19
83020 22
83030 16
83040 15
83050 10
83060 18
83070 20
83080 22
83090 20
83100 18
83110 15
83120 21
83130 16
83140 21
83150 17
83160 22
83170 20
83180 23
83190 21
83200 25
83210 23
83220 24
83230 18
83240 18
83250 18
83260 25
83270 22
83280 22
83290 19
83300 23
83310 18
83320 12
83330 17
83340 17
83350 17
83360 22
83370 16
83380 12
83390 20
83400 20
83410 16
83420 20
83430 19
83440 13
83450 16
83460 23
83470 21
83480 22
83490 20
83500 18
83510 19
83520 21
83530 26
83540 17
83550 14
83560 14
83570 20
83580 18
83590 15
83600 19
83610 19
83620 18
83630 18
83640 21
83650 21
83660 17
83670 14
83680 19
83690 21
83700 21
83710 25
83720 19
83730 19
83740 19
83750 21
83760 11
83770 24
83780 26
83790 25
83800 23
83810 19
83820 18
83830 23
83840 18
83850 6
83860 19
83870 14
83880 21
83890 22
83900 22
83910 18
83920 9
83930 16
83940 18
83950 18
83960 20
83970 20
83980 23
83990 15
84000 19
84010 21
84020 20
84030 19
84040 16
84050 12
84060 16
84070 14
84080 17
84090 18
84100 17
84110 19
84120 18
84130 16
84140 16
84150 17
84160 16
84170 13
84180 23
84190 19
84200 17
84210 12
84220 21
84230 20
84240 22
84250 22
84260 19
84270 16
84280 10
84290 22
84300 21
84310 18
84320 20
84330 18
84340 16
84350 13
84360 23
84370 11
84380 14
84390 13
84400 21
84410 19
84420 19
84430 19
84440 19
84450 19
84460 15
84470 22
84480 23
84490 20
84500 20
84510 21
84520 21
84530 17
84540 24
84550 21
84560 17
84570 19
84580 22
84590 22
84600 14
84610 17
84620 23
84630 24
84640 24
84650 17
84660 16
84670 17
84680 19
84690 18
84700 16
84710 11
84720 24
84730 19
84740 14
84750 17
84760 16
84770 20
84780 21
84790 23
84800 22
84810 18
84820 11
84830 22
84840 21
84850 6
84860 19
84870 15
84880 24
84890 25
84900 16
84910 19
84920 19
84930 21
84940 19
84950 21
84960 22
84970 15
84980 22
84990 19
85000 22
85010 21
85020 24
85030 11
85040 15
85050 23
85060 16
85070 17
85080 18
85090 21
85100 22
85110 21
85120 16
85130 16
85140 16
85150 24
85160 16
85170 21
85180 13
85190 19
85200 20
85210 30
85220 24
85230 23
85240 18
85250 21
85260 19
85270 20
85280 15
85290 22
85300 26
85310 20
85320 18
85330 20
85340 15
85350 23
85360 22
85370 10
85380 12
85390 17
85400 17
85410 16
85420 20
85430 16
85440 23
85450 18
85460 20
85470 20
85480 27
85490 24
85500 22
85510 20
85520 12
85530 16
85540 19
85550 17
85560 19
85570 18
85580 20
85590 21
85600 25
85610 26
85620 14
85630 13
85640 13
85650 17
85660 21
85670 16
85680 21
85690 23
85700 20
85710 21
85720 15
85730 21
85740 17
85750 16
85760 20
85770 22
85780 23
85790 21
85800 22
85810 17
85820 17
85830 21
85840 16
85850 21
85860 23
85870 22
85880 17
85890 19
85900 21
85910 23
85920 13
85930 20
85940 12
85950 17
85960 19
85970 15
85980 15
85990 6
86000 13
86010 4
86020 0
86030 0
86040 0
86050 0
86060 0
86070 0
86080 0
86090 0
86100 0
86110 1
86120 0
86130 0
86140 0
86150 0
86160 0
86170 0
86180 1
86190 0
86200 0
86210 0
86220 2
86230 2
86240 0
86250 1
86260 0
86270 0
86280 1
86290 4
86300 5
86310 12
86320 7
86330 10
86340 8
86350 3
86360 4
86370 2
86380 3
86390 0
86400 4
86410 3
86420 6
86430 2
86440 2
86450 7
86460 6
86470 6
86480 1
86490 8
86500 3
86510 7
86520 4
86530 7
86540 3
86550 4
86560 6
86570 0
86580 3
86590 4
86600 3
86610 12
86620 11
86630 4
86640 11
86650 8
86660 1
86670 9
86680 7
86690 10
86700 4
86710 3
86720 4
86730 16
86740 4
86750 8
86760 14
86770 7
86780 17
86790 13
86800 8
86810 16
86820 10
86830 6
86840 6
86850 3
86860 11
86870 7
86880 12
86890 6
86900 8
86910 7
86920 10
86930 10
86940 11
86950 9
86960 8
86970 6
86980 8
86990 3
87000 15
87010 16
87020 15
87030 14
87040 15
87050 5
87060 7
87070 8
87080 8
87090 3
87100 7
87110 3
87120 15
87130 9
87140 9
87150 7
87160 7
87170 7
87180 5
87190 4
87200 10
87210 8
87220 3
87230 10
87240 11
87250 9
87260 12
87270 4
87280 3
87290 2
87300 6
87310 3
87320 8
87330 3
87340 6
87350 4
87360 7
87370 7
87380 2
87390 1
87400 4
87410 0
87420 0
87430 0
87440 0
87450 1
87460 0
87470 3
87480 3
87490 4
87500 0
87510 0
87520 5
87530 1
87540 6
87550 9
87560 7
87570 11
87580 0
87590 0
87600 0
87610 0
87620 0
87630 2
87640 7
87650 4
87660 5
87670 3
87680 3
87690 0
87700 6
87710 14
87720 8
87730 2
87740 4
87750 13
87760 16
87770 7
87780 7
87790 9
87800 11
87810 2
87820 4
87830 4
87840 4
87850 9
87860 9
87870 6
87880 8
87890 10
87900 13
87910 3
87920 2
87930 4
87940 3
87950 4
87960 8
87970 1
87980 3
87990 4
88000 2
88010 2
88020 4
88030 1
88040 3
88050 5
88060 3
88070 2
88080 7
88090 4
88100 4
88110 4
88120 9
88130 6
88140 7
88150 5
88160 2
88170 13
88180 8
88190 6
88200 6
88210 3
88220 3
88230 3
88240 2
88250 2
88260 1
88270 6
88280 5
88290 9
88300 0
88310 5
88320 9
88330 13
88340 16
88350 10
88360 13
88370 4
88380 15
88390 6
88400 6
88410 10
88420 12
88430 11
88440 4
88450 5
88460 9
88470 2
88480 4
88490 1
88500 0
88510 3
88520 6
88530 1
88540 5
88550 6
88560 9
88570 3
88580 5
88590 3
88600 5
88610 4
88620 5
88630 4
88640 0
88650 4
88660 4
88670 4
88680 0
88690 0
88700 7
88710 0
88720 2
88730 0
88740 0
88750 1
88760 3
88770 3
88780 3
88790 1
88800 3
88810 2
88820 2
88830 2
88840 3
88850 0
88860 0
88870 2
88880 4
88890 6
88900 5
88910 10
88920 6
88930 3
88940 3
88950 0
88960 2
88970 2
88980 3
88990 2
89000 5
89010 6
89020 0
89030 0
89040 0
89050 0
89060 0
89070 0
89080 0
89090 8
89100 8
89110 8
89120 4
89130 7
89140 3
89150 6
89160 3
89170 3
89180 2
89190 4
89200 7
89210 6
89220 7
89230 9
89240 5
89250 7
89260 9
89270 5
89280 4
89290 13
89300 14
89310 10
89320 6
89330 7
89340 9
89350 9
89360 8
89370 10
89380 10
89390 12
89400 6
89410 8
89420 5
89430 5
89440 5
89450 8
89460 6
89470 7
89480 5
89490 5
89500 7
89510 3
89520 4
89530 5
89540 0
89550 4
89560 2
89570 4
89580 5
89590 5
89600 2
89610 9
89620 6
89630 4
89640 3
89650 6
89660 9
89670 3
89680 1
89690 6
89700 2
89710 0
89720 0
89730 0
89740 0
89750 0
89760 3
89770 0
89780 0
89790 0
89800 0
89810 1
89820 0
89830 0
89840 0
89850 0
89860 0
89870 0
89880 0
89890 1
89900 0
89910 0
89920 0
89930 0
89940 0
89950 0
89960 0
89970 0
89980 0
89990 0
90000 0
90010 0
90020 0
90030 0
90040 0
90050 0
90060 0
90070 0
90080 0
90090 0
90100 0
90110 0
90120 0
90130 0
90140 0
90150 0
90160 0
90170 1
90180 1
90190 5
90200 3
90210 6
90220 0
90230 0
90240 4
90250 3
90260 12
90270 7
90280 1
90290 3
90300 3
90310 0
90320 0
90330 0
90340 0
90350 0
90360 0
90370 0
90380 0
90390 0
90400 2
90410 4
90420 1
90430 9
90440 9
90450 3
90460 4
90470 4
90480 8
90490 4
90500 10
90510 14
90520 4
90530 5
90540 7
90550 2
90560 9
90570 3
90580 2
90590 2
90600 1
90610 3
90620 0
90630 0
90640 0
90650 0
90660 0
90670 0
90680 0
90690 0
90700 0
90710 0
90720 0
90730 0
90740 0
90750 0
90760 1
90770 4
90780 2
90790 1
90800 4
90810 3
90820 2
90830 2
90840 0
90850 0
90860 0
90870 1
90880 3
90890 1
90900 3
90910 5
90920 7
90930 5
90940 3
90950 2
90960 0
90970 4
90980 4
90990 8
91000 5
91010 4
91020 1
91030 0
91040 0
91050 0
91060 0
91070 0
91080 0
91090 0
91100 0
91110 2
91120 1
91130 3
91140 2
91150 0
91160 0
91170 5
91180 0
91190 0
91200 0
91210 0
91220 0
91230 0
91240 0
91250 0
91260 0
91270 0
91280 0
91290 0
91300 0
91310 0
91320 0
91330 0
91340 0
91350 0
91360 0
91370 0
91380 0
91390 0
91400 0
91410 0
91420 0
91430 0
91440 0
91450 0
91460 0
91470 0
91480 0
91490 0
91500 0
91510 0
91520 0
91530 0
91540 0
91550 0
91560 0
91570 0
91580 0
91590 0
91600 0
91610 0
91620 0
91630 0
91640 0
91650 0
91660 0
91670 0
91680 0
91690 0
91700 0
91710 0
91720 0
91730 0
91740 0
91750 0
91760 0
91770 0
91780 0
91790 0
91800 0
91810 0
91820 0
91830 0
91840 0
91850 0
91860 0
91870 0
91880 0
91890 0
91900 0
91910 0
91920 0
91930 0
91940 0
91950 0
91960 0
91970 0
91980 0
91990 0
92000 0
92010 6
92020 0
92030 0
92040 0
92050 0
92060 0
92070 0
92080 0
92090 0
92100 0
92110 0
92120 0
92130 0
92140 0
92150 0
92160 0
92170 0
92180 0
92190 0
92200 0
92210 0
92220 0
92230 0
92240 0
92250 0
92260 0
92270 0
92280 8
92290 0
92300 0
92310 0
92320 0
92330 0
92340 0
92350 0
92360 0
92370 0
92380 4
92390 4
92400 2
92410 2
92420 3
92430 0
92440 12
92450 0
92460 9
92470 10
92480 0
92490 0
92500 0
92510 0
92520 0
92530 7
92540 0
92550 0
92560 0
92570 0
92580 0
92590 0
92600 0
92610 0
92620 0
92630 0
92640 0
92650 0
92660 9
92670 2
92680 0
92690 0
92700 0
92710 0
92720 0
92730 1
92740 0
92750 0
92760 0
92770 0
92780 0
92790 2
92800 0
92810 0
92820 0
92830 0
92840 0
92850 0
92860 0
92870 0
92880 0
92890 0
92900 0
92910 0
92920 0
92930 0
92940 0
92950 0
92960 0
92970 0
92980 0
92990 0
93000 0
93010 0
93020 0
93030 0
93040 0
93050 0
93060 0
93070 0
93080 0
93090 7
93100 0
93110 9
93120 7
93130 5
93140 9
93150 10
93160 9
93170 0
93180 7
93190 0
93200 3
93210 9
93220 10
93230 6
93240 3
93250 6
93260 1
93270 9
93280 17
93290 11
93300 5
93310 13
93320 4
93330 3
93340 5
93350 6
93360 4
93370 6
93380 5
93390 5
93400 3
93410 6
93420 3
93430 6
93440 2
93450 1
93460 1
93470 3
93480 5
93490 7
93500 3
93510 2
93520 5
93530 5
93540 3
93550 6
93560 9
93570 3
93580 7
93590 3
93600 4
93610 5
93620 17
93630 12
93640 12
93650 12
93660 7
93670 12
93680 9
93690 12
93700 14
93710 8
93720 14
93730 18
93740 13
93750 14
93760 9
93770 12
93780 10
93790 13
93800 13
93810 11
93820 9
93830 0
93840 14
93850 16
93860 11
93870 13
93880 11
93890 17
93900 16
93910 10
93920 16
93930 14
93940 12
93950 12
93960 13
93970 14
93980 20
93990 20
94000 11
94010 10
94020 13
94030 9
94040 15
94050 17
94060 15
94070 8
94080 11
94090 11
94100 9
94110 10
94120 9
94130 10
94140 13
94150 15
94160 15
94170 9
94180 12
94190 19
94200 12
94210 12
94220 18
94230 16
94240 19
94250 13
94260 9
94270 11
94280 3
94290 11
94300 11
94310 16
94320 12
94330 14
94340 13
94350 19
94360 27
94370 17
94380 15
94390 15
94400 12
94410 21
94420 14
94430 19
94440 9
94450 12
94460 17
94470 15
94480 13
94490 16
94500 7
94510 13
94520 18
94530 14
94540 14
94550 10
94560 13
94570 12
94580 12
94590 20
94600 17
94610 13
94620 7
94630 9
94640 10
94650 16
94660 9
94670 0
94680 8
94690 8
94700 14
94710 12
94720 0
94730 0
94740 11
94750 7
94760 16
94770 5
94780 9
94790 9
94800 8
94810 2
94820 3
94830 0
94840 6
94850 2
94860 1
94870 10
94880 4
94890 1
94900 5
94910 4
94920 5
94930 12
94940 4
94950 4
94960 1
94970 0
94980 0
94990 0
95000 1
95010 0
95020 1
95030 4
95040 3
95050 2
95060 2
95070 2
95080 0
95090 0
95100 0
95110 0
95120 0
95130 0
95140 0
95150 0
95160 0
95170 0
95180 6
95190 0
95200 3
95210 0
95220 7
95230 7
95240 9
95250 12
95260 0
95270 0
95280 10
95290 8
95300 11
95310 13
95320 9
95330 6
95340 0
95350 2
95360 3
95370 1
95380 4
95390 3
95400 4
95410 6
95420 3
95430 5
95440 0
95450 4
95460 3
95470 3
95480 1
95490 1
95500 2
95510 5
95520 2
95530 1
95540 4
95550 4
95560 5
95570 5
95580 5
95590 4
95600 3
95610 4
95620 3
95630 2
95640 1
95650 3
95660 5
95670 1
95680 2
95690 1
95700 1
95710 4
95720 5
95730 0
95740 2
95750 2
95760 0
95770 1
95780 0
95790 1
95800 3
95810 6
95820 1
95830 2
95840 4
95850 0
95860 1
95870 1
95880 4
95890 2
95900 4
95910 2
95920 3
95930 1
95940 0
95950 3
95960 2
95970 3
95980 3
95990 3
96000 1
96010 3
96020 1
96030 1
96040 5
96050 5
96060 0
96070 0
96080 0
96090 3
96100 3
96110 0
96120 2
96130 1
96140 3
96150 4
96160 8
96170 7
96180 4
96190 7
96200 6
96210 3
96220 0
96230 1
96240 3
96250 3
96260 1
96270 2
96280 0
96290 0
96300 0
96310 0
96320 0
96330 0
96340 0
96350 0
96360 0
96370 0
96380 0
96390 0
96400 0
96410 11
96420 4
96430 3
96440 10
96450 9
96460 12
96470 3
96480 2
96490 15
96500 4
96510 8
96520 9
96530 13
96540 5
96550 13
96560 5
96570 9
96580 3
96590 4
96600 6
96610 5
96620 4
96630 3
96640 5
96650 3
96660 4
96670 5
96680 0
96690 6
96700 5
96710 3
96720 4
96730 3
96740 4
96750 6
96760 4
96770 14
96780 12
96790 17
96800 11
96810 15
96820 6
96830 8
96840 1
96850 11
96860 4
96870 7
96880 4
96890 10
96900 11
96910 14
96920 6
96930 9
96940 10
96950 12
96960 10
96970 9
96980 10
96990 9
97000 7
97010 8
97020 5
97030 1
97040 2
97050 2
97060 4
97070 8
97080 6
97090 6
97100 5
97110 4
97120 11
97130 2
97140 2
97150 1
97160 1
97170 2
97180 3
97190 7
97200 2
97210 1
97220 7
97230 4
97240 6
97250 9
97260 3
97270 2
97280 8
97290 8
97300 1
97310 6
97320 4
97330 2
97340 2
97350 7
97360 0
97370 5
97380 8
97390 7
97400 4
97410 3
97420 4
97430 6
97440 4
97450 6
97460 4
97470 2
97480 0
97490 1
97500 1
97510 0
97520 0
97530 6
97540 4
97550 1
97560 2
97570 0
97580 2
97590 8
97600 4
97610 7
97620 3
97630 5
97640 5
97650 7
97660 5
97670 3
97680 1
97690 0
97700 2
97710 0
97720 2
97730 7
97740 1
97750 3
97760 1
97770 0
97780 0
97790 0
97800 0
97810 0
97820 0
97830 0
97840 0
97850 0
97860 0
97870 0
97880 0
97890 0
97900 0
97910 0
97920 0
97930 0
97940 0
97950 0
97960 0
97970 0
97980 2
97990 3
98000 0
98010 0
98020 0
98030 0
98040 0
98050 0
98060 0
98070 0
98080 0
98090 0
98100 1
98110 0
98120 0
98130 0
98140 0
98150 0
98160 0
98170 0
98180 0
98190 0
98200 0
98210 0
98220 0
98230 0
98240 0
98250 0
98260 0
98270 0
98280 0
98290 0
98300 0
98310 0
98320 1
98330 0
98340 0
98350 0
98360 0
98370 0
98380 0
98390 0
98400 0
98410 0
98420 0
98430 0
98440 0
98450 0
98460 0
98470 0
98480 0
98490 0
98500 0
98510 0
98520 0
98530 0
98540 0
98550 0
98560 0
98570 0
98580 0
98590 0
98600 0
98610 0
98620 0
98630 0
98640 0
98650 0
98660 0
98670 0
98680 0
98690 0
98700 0
98710 0
98720 0
98730 0
98740 0
98750 0
98760 0
98770 0
98780 0
98790 3
98800 1
98810 0
98820 0
98830 0
98840 0
98850 0
98860 0
98870 0
98880 0
98890 0
98900 0
98910 0
98920 0
98930 0
98940 0
98950 0
98960 0
98970 0
98980 0
98990 0
99000 0
99010 0
99020 0
99030 0
99040 1
99050 0
99060 0
99070 0
99080 0
99090 0
99100 0
99110 0
99120 0
99130 0
99140 0
99150 0
99160 0
99170 0
99180 0
99190 0
99200 0
99210 0
99220 0
99230 1
99240 4
99250 0
99260 0
99270 0
99280 0
99290 0
99300 0
99310 0
99320 0
99330 0
99340 0
99350 0
99360 0
99370 0
99380 0
99390 0
99400 0
99410 0
99420 0
99430 0
99440 0
99450 0
99460 0
99470 0
99480 0
99490 0
99500 0
99510 0
99520 0
99530 0
99540 0
99550 0
99560 0
99570 0
99580 0
99590 0
99600 0
99610 0
99620 0
99630 0
99640 0
99650 0
99660 0
99670 0
99680 0
99690 0
99700 0
99710 0
99720 0
99730 0
99740 0
99750 0
99760 0
99770 0
99780 0
99790 0
99800 0
99810 0
99820 0
99830 0
99840 0
99850 0
99860 0
99870 0
99880 0
99890 0
99900 0
99910 0
99920 0
99930 0
99940 0
99950 0
99960 0
99970 0
99980 0
99990 0
