# Frame Contacts
0 0
10 0
20 0
30 0
40 0
50 0
60 0
70 0
80 0
90 0
100 0
110 0
120 0
130 0
140 0
150 0
160 0
170 0
180 0
190 0
200 0
210 0
220 0
230 0
240 0
250 0
260 0
270 0
280 0
290 0
300 0
310 0
320 0
330 0
340 0
350 0
360 0
370 0
380 0
390 0
400 0
410 0
420 0
430 0
440 0
450 0
460 0
470 0
480 0
490 0
500 0
510 0
520 0
530 0
540 0
550 0
560 0
570 0
580 0
590 0
600 0
610 0
620 0
630 0
640 0
650 0
660 0
670 0
680 0
690 0
700 0
710 0
720 0
730 0
740 0
750 0
760 0
770 0
780 0
790 0
800 0
810 0
820 0
830 0
840 0
850 0
860 0
870 0
880 0
890 0
900 0
910 0
920 0
930 0
940 0
950 0
960 0
970 0
980 0
990 0
1000 0
1010 0
1020 0
1030 0
1040 0
1050 0
1060 0
1070 0
1080 0
1090 0
1100 0
1110 0
1120 0
1130 0
1140 0
1150 0
1160 0
1170 0
1180 0
1190 0
1200 0
1210 0
1220 0
1230 0
1240 0
1250 0
1260 0
1270 0
1280 0
1290 0
1300 0
1310 0
1320 0
1330 0
1340 0
1350 0
1360 0
1370 0
1380 0
1390 0
1400 0
1410 0
1420 0
1430 0
1440 0
1450 0
1460 0
1470 0
1480 0
1490 0
1500 0
1510 0
1520 0
1530 0
1540 0
1550 0
1560 0
1570 0
1580 0
1590 0
1600 0
1610 0
1620 0
1630 0
1640 0
1650 0
1660 0
1670 0
1680 0
1690 0
1700 0
1710 0
1720 0
1730 0
1740 0
1750 0
1760 0
1770 0
1780 0
1790 0
1800 0
1810 0
1820 0
1830 0
1840 0
1850 0
1860 0
1870 0
1880 0
1890 0
1900 0
1910 0
1920 0
1930 0
1940 0
1950 0
1960 0
1970 0
1980 0
1990 0
2000 0
2010 0
2020 0
2030 0
2040 0
2050 0
2060 0
2070 0
2080 0
2090 0
2100 0
2110 0
2120 0
2130 0
2140 0
2150 0
2160 0
2170 0
2180 0
2190 0
2200 0
2210 0
2220 0
2230 0
2240 0
2250 0
2260 0
2270 0
2280 0
2290 0
2300 0
2310 0
2320 0
2330 0
2340 0
2350 0
2360 0
2370 0
2380 0
2390 0
2400 0
2410 0
2420 0
2430 0
2440 0
2450 0
2460 0
2470 0
2480 0
2490 0
2500 0
2510 0
2520 0
2530 0
2540 0
2550 0
2560 0
2570 0
2580 0
2590 0
2600 0
2610 0
2620 0
2630 0
2640 0
2650 0
2660 0
2670 0
2680 0
2690 0
2700 0
2710 0
2720 0
2730 0
2740 0
2750 0
2760 0
2770 0
2780 0
2790 0
2800 0
2810 0
2820 0
2830 0
2840 0
2850 0
2860 0
2870 0
2880 0
2890 0
2900 0
2910 0
2920 0
2930 0
2940 0
2950 0
2960 0
2970 0
2980 0
2990 0
3000 0
3010 0
3020 0
3030 0
3040 0
3050 0
3060 0
3070 0
3080 0
3090 0
3100 0
3110 0
3120 0
3130 0
3140 0
3150 0
3160 0
3170 0
3180 0
3190 0
3200 0
3210 0
3220 0
3230 0
3240 0
3250 0
3260 0
3270 0
3280 0
3290 0
3300 0
3310 0
3320 0
3330 0
3340 0
3350 0
3360 0
3370 0
3380 0
3390 0
3400 0
3410 0
3420 0
3430 0
3440 0
3450 0
3460 0
3470 0
3480 0
3490 0
3500 0
3510 0
3520 0
3530 0
3540 0
3550 0
3560 0
3570 0
3580 0
3590 0
3600 0
3610 0
3620 0
3630 0
3640 0
3650 0
3660 0
3670 0
3680 0
3690 0
3700 0
3710 0
3720 0
3730 0
3740 0
3750 0
3760 0
3770 0
3780 0
3790 0
3800 0
3810 0
3820 0
3830 0
3840 0
3850 0
3860 0
3870 0
3880 0
3890 0
3900 0
3910 0
3920 0
3930 0
3940 0
3950 0
3960 0
3970 0
3980 0
3990 0
4000 0
4010 0
4020 0
4030 0
4040 0
4050 0
4060 0
4070 0
4080 0
4090 0
4100 0
4110 0
4120 0
4130 0
4140 0
4150 0
4160 0
4170 0
4180 0
4190 0
4200 0
4210 0
4220 0
4230 0
4240 0
4250 0
4260 0
4270 0
4280 0
4290 0
4300 0
4310 0
4320 0
4330 0
4340 0
4350 0
4360 0
4370 0
4380 0
4390 0
4400 0
4410 0
4420 0
4430 0
4440 0
4450 0
4460 0
4470 0
4480 0
4490 0
4500 0
4510 0
4520 0
4530 0
4540 0
4550 0
4560 0
4570 0
4580 0
4590 0
4600 0
4610 0
4620 0
4630 0
4640 0
4650 0
4660 0
4670 0
4680 0
4690 0
4700 0
4710 0
4720 0
4730 0
4740 0
4750 0
4760 0
4770 0
4780 0
4790 0
4800 0
4810 0
4820 0
4830 0
4840 0
4850 0
4860 0
4870 0
4880 0
4890 0
4900 0
4910 0
4920 0
4930 0
4940 0
4950 0
4960 0
4970 0
4980 0
4990 0
5000 0
5010 0
5020 0
5030 0
5040 0
5050 0
5060 0
5070 0
5080 0
5090 0
5100 0
5110 0
5120 0
5130 0
5140 0
5150 0
5160 0
5170 0
5180 0
5190 0
5200 0
5210 0
5220 0
5230 0
5240 0
5250 0
5260 0
5270 0
5280 0
5290 0
5300 0
5310 0
5320 0
5330 0
5340 0
5350 0
5360 0
5370 0
5380 0
5390 0
5400 0
5410 0
5420 0
5430 0
5440 0
5450 0
5460 0
5470 0
5480 0
5490 0
5500 0
5510 0
5520 0
5530 0
5540 0
5550 0
5560 0
5570 0
5580 0
5590 0
5600 0
5610 0
5620 0
5630 0
5640 0
5650 0
5660 0
5670 0
5680 0
5690 0
5700 0
5710 0
5720 0
5730 0
5740 0
5750 0
5760 0
5770 0
5780 0
5790 0
5800 0
5810 0
5820 0
5830 0
5840 0
5850 0
5860 0
5870 0
5880 0
5890 0
5900 0
5910 0
5920 0
5930 0
5940 0
5950 0
5960 0
5970 0
5980 0
5990 0
6000 0
6010 0
6020 0
6030 0
6040 0
6050 0
6060 0
6070 0
6080 0
6090 0
6100 0
6110 0
6120 0
6130 0
6140 0
6150 0
6160 0
6170 0
6180 0
6190 0
6200 0
6210 0
6220 0
6230 0
6240 0
6250 0
6260 0
6270 0
6280 0
6290 0
6300 0
6310 0
6320 0
6330 0
6340 0
6350 0
6360 0
6370 0
6380 0
6390 0
6400 0
6410 0
6420 0
6430 0
6440 0
6450 0
6460 0
6470 0
6480 0
6490 0
6500 0
6510 0
6520 0
6530 0
6540 0
6550 0
6560 0
6570 0
6580 0
6590 0
6600 0
6610 0
6620 0
6630 0
6640 0
6650 0
6660 0
6670 0
6680 0
6690 0
6700 0
6710 0
6720 0
6730 0
6740 0
6750 0
6760 0
6770 0
6780 0
6790 0
6800 0
6810 0
6820 0
6830 0
6840 0
6850 0
6860 0
6870 0
6880 0
6890 0
6900 0
6910 0
6920 0
6930 0
6940 0
6950 0
6960 0
6970 0
6980 0
6990 0
7000 0
7010 0
7020 0
7030 0
7040 0
7050 0
7060 0
7070 0
7080 0
7090 0
7100 0
7110 0
7120 0
7130 0
7140 0
7150 0
7160 0
7170 0
7180 0
7190 0
7200 0
7210 0
7220 0
7230 0
7240 0
7250 0
7260 0
7270 0
7280 0
7290 0
7300 0
7310 0
7320 0
7330 0
7340 0
7350 0
7360 0
7370 0
7380 0
7390 0
7400 0
7410 0
7420 0
7430 0
7440 0
7450 0
7460 0
7470 0
7480 0
7490 0
7500 0
7510 0
7520 0
7530 0
7540 0
7550 0
7560 0
7570 0
7580 0
7590 0
7600 0
7610 0
7620 0
7630 0
7640 0
7650 0
7660 0
7670 0
7680 0
7690 0
7700 0
7710 0
7720 0
7730 0
7740 0
7750 0
7760 0
7770 0
7780 0
7790 0
7800 0
7810 0
7820 0
7830 0
7840 0
7850 0
7860 0
7870 0
7880 0
7890 0
7900 0
7910 0
7920 0
7930 0
7940 0
7950 0
7960 0
7970 0
7980 0
7990 0
8000 0
8010 0
8020 0
8030 0
8040 0
8050 0
8060 0
8070 0
8080 0
8090 0
8100 0
8110 0
8120 0
8130 0
8140 0
8150 0
8160 0
8170 0
8180 0
8190 0
8200 0
8210 0
8220 0
8230 0
8240 0
8250 0
8260 0
8270 0
8280 0
8290 0
8300 0
8310 0
8320 0
8330 0
8340 0
8350 0
8360 0
8370 0
8380 0
8390 0
8400 0
8410 0
8420 0
8430 0
8440 0
8450 0
8460 0
8470 0
8480 0
8490 0
8500 0
8510 0
8520 0
8530 0
8540 0
8550 0
8560 0
8570 0
8580 0
8590 0
8600 0
8610 0
8620 0
8630 0
8640 0
8650 0
8660 0
8670 0
8680 0
8690 0
8700 0
8710 0
8720 0
8730 0
8740 0
8750 0
8760 0
8770 0
8780 0
8790 0
8800 0
8810 0
8820 0
8830 0
8840 0
8850 0
8860 0
8870 0
8880 0
8890 0
8900 0
8910 0
8920 0
8930 0
8940 0
8950 0
8960 0
8970 0
8980 0
8990 0
9000 0
9010 0
9020 0
9030 0
9040 0
9050 0
9060 0
9070 0
9080 0
9090 0
9100 0
9110 0
9120 0
9130 0
9140 0
9150 0
9160 0
9170 0
9180 0
9190 0
9200 0
9210 0
9220 0
9230 0
9240 0
9250 0
9260 0
9270 0
9280 0
9290 0
9300 0
9310 0
9320 0
9330 0
9340 0
9350 0
9360 0
9370 0
9380 0
9390 0
9400 0
9410 0
9420 0
9430 0
9440 0
9450 0
9460 0
9470 0
9480 0
9490 0
9500 0
9510 0
9520 0
9530 0
9540 0
9550 0
9560 0
9570 0
9580 0
9590 0
9600 0
9610 0
9620 0
9630 0
9640 0
9650 0
9660 0
9670 0
9680 0
9690 0
9700 0
9710 0
9720 0
9730 0
9740 0
9750 0
9760 0
9770 0
9780 0
9790 0
9800 0
9810 0
9820 0
9830 0
9840 0
9850 0
9860 0
9870 0
9880 0
9890 0
9900 0
9910 0
9920 0
9930 0
9940 0
9950 0
9960 0
9970 0
9980 0
9990 0
10000 0
10010 0
10020 0
10030 0
10040 0
10050 0
10060 0
10070 0
10080 0
10090 0
10100 0
10110 0
10120 0
10130 0
10140 0
10150 0
10160 0
10170 0
10180 0
10190 0
10200 0
10210 0
10220 0
10230 0
10240 0
10250 0
10260 0
10270 0
10280 0
10290 0
10300 0
10310 0
10320 0
10330 0
10340 0
10350 0
10360 0
10370 0
10380 0
10390 0
10400 0
10410 0
10420 0
10430 0
10440 0
10450 0
10460 0
10470 0
10480 0
10490 0
10500 0
10510 0
10520 0
10530 0
10540 0
10550 0
10560 0
10570 0
10580 0
10590 0
10600 0
10610 0
10620 0
10630 0
10640 0
10650 0
10660 0
10670 0
10680 0
10690 0
10700 0
10710 0
10720 0
10730 0
10740 0
10750 0
10760 0
10770 0
10780 0
10790 0
10800 0
10810 0
10820 0
10830 0
10840 0
10850 0
10860 0
10870 0
10880 0
10890 0
10900 0
10910 0
10920 0
10930 0
10940 0
10950 0
10960 0
10970 0
10980 0
10990 0
11000 0
11010 0
11020 0
11030 0
11040 0
11050 0
11060 0
11070 0
11080 0
11090 0
11100 0
11110 0
11120 0
11130 0
11140 0
11150 0
11160 0
11170 0
11180 0
11190 0
11200 0
11210 0
11220 0
11230 0
11240 0
11250 0
11260 0
11270 0
11280 0
11290 0
11300 0
11310 0
11320 0
11330 0
11340 0
11350 0
11360 0
11370 0
11380 0
11390 0
11400 0
11410 0
11420 0
11430 0
11440 0
11450 0
11460 0
11470 0
11480 0
11490 0
11500 0
11510 0
11520 0
11530 0
11540 0
11550 0
11560 0
11570 0
11580 0
11590 0
11600 0
11610 0
11620 0
11630 0
11640 0
11650 0
11660 0
11670 0
11680 0
11690 0
11700 0
11710 0
11720 0
11730 0
11740 0
11750 0
11760 0
11770 0
11780 0
11790 0
11800 0
11810 0
11820 0
11830 0
11840 0
11850 0
11860 0
11870 0
11880 0
11890 0
11900 0
11910 0
11920 0
11930 0
11940 0
11950 0
11960 0
11970 0
11980 0
11990 0
12000 0
12010 0
12020 0
12030 0
12040 0
12050 0
12060 0
12070 0
12080 0
12090 0
12100 0
12110 0
12120 0
12130 0
12140 0
12150 0
12160 0
12170 0
12180 0
12190 0
12200 0
12210 0
12220 0
12230 0
12240 0
12250 0
12260 0
12270 0
12280 0
12290 0
12300 0
12310 0
12320 0
12330 0
12340 0
12350 0
12360 0
12370 0
12380 0
12390 0
12400 0
12410 0
12420 0
12430 0
12440 0
12450 0
12460 0
12470 0
12480 0
12490 0
12500 0
12510 0
12520 0
12530 0
12540 0
12550 0
12560 0
12570 0
12580 0
12590 0
12600 0
12610 0
12620 0
12630 0
12640 0
12650 0
12660 0
12670 0
12680 0
12690 0
12700 0
12710 0
12720 0
12730 0
12740 0
12750 0
12760 0
12770 0
12780 0
12790 0
12800 0
12810 0
12820 0
12830 0
12840 0
12850 0
12860 0
12870 0
12880 0
12890 0
12900 0
12910 0
12920 0
12930 0
12940 0
12950 0
12960 0
12970 0
12980 0
12990 0
13000 0
13010 0
13020 0
13030 0
13040 0
13050 0
13060 0
13070 0
13080 0
13090 0
13100 0
13110 0
13120 0
13130 0
13140 0
13150 0
13160 0
13170 0
13180 0
13190 0
13200 0
13210 0
13220 0
13230 0
13240 0
13250 0
13260 0
13270 0
13280 0
13290 0
13300 0
13310 0
13320 0
13330 0
13340 0
13350 0
13360 0
13370 0
13380 0
13390 0
13400 0
13410 0
13420 0
13430 0
13440 0
13450 0
13460 0
13470 0
13480 0
13490 0
13500 0
13510 0
13520 0
13530 0
13540 0
13550 0
13560 0
13570 0
13580 0
13590 0
13600 0
13610 0
13620 0
13630 0
13640 0
13650 0
13660 0
13670 0
13680 0
13690 0
13700 0
13710 0
13720 0
13730 0
13740 0
13750 0
13760 0
13770 0
13780 0
13790 0
13800 0
13810 0
13820 0
13830 0
13840 0
13850 0
13860 0
13870 0
13880 0
13890 0
13900 0
13910 0
13920 0
13930 0
13940 0
13950 0
13960 0
13970 0
13980 0
13990 0
14000 0
14010 0
14020 0
14030 0
14040 0
14050 0
14060 0
14070 0
14080 0
14090 0
14100 0
14110 0
14120 0
14130 0
14140 0
14150 0
14160 0
14170 0
14180 0
14190 0
14200 0
14210 0
14220 0
14230 0
14240 0
14250 0
14260 0
14270 0
14280 0
14290 0
14300 0
14310 0
14320 0
14330 0
14340 0
14350 0
14360 0
14370 0
14380 0
14390 0
14400 0
14410 0
14420 0
14430 0
14440 0
14450 0
14460 0
14470 0
14480 0
14490 0
14500 0
14510 0
14520 0
14530 0
14540 0
14550 0
14560 0
14570 0
14580 0
14590 0
14600 0
14610 0
14620 0
14630 0
14640 0
14650 0
14660 0
14670 0
14680 0
14690 0
14700 0
14710 0
14720 0
14730 0
14740 0
14750 0
14760 0
14770 0
14780 0
14790 0
14800 0
14810 0
14820 0
14830 0
14840 0
14850 0
14860 0
14870 0
14880 0
14890 0
14900 0
14910 0
14920 0
14930 0
14940 0
14950 0
14960 0
14970 0
14980 0
14990 0
15000 0
15010 0
15020 0
15030 0
15040 0
15050 0
15060 0
15070 0
15080 0
15090 0
15100 0
15110 0
15120 0
15130 0
15140 0
15150 0
15160 0
15170 0
15180 0
15190 0
15200 0
15210 0
15220 0
15230 0
15240 0
15250 0
15260 0
15270 0
15280 0
15290 0
15300 0
15310 0
15320 0
15330 0
15340 0
15350 0
15360 0
15370 0
15380 0
15390 0
15400 0
15410 0
15420 0
15430 0
15440 0
15450 0
15460 0
15470 0
15480 0
15490 0
15500 0
15510 0
15520 0
15530 0
15540 0
15550 0
15560 0
15570 0
15580 0
15590 0
15600 0
15610 0
15620 0
15630 0
15640 0
15650 0
15660 0
15670 0
15680 0
15690 0
15700 0
15710 0
15720 0
15730 0
15740 0
15750 0
15760 0
15770 0
15780 0
15790 0
15800 0
15810 0
15820 0
15830 0
15840 0
15850 0
15860 0
15870 0
15880 0
15890 0
15900 0
15910 0
15920 0
15930 0
15940 0
15950 0
15960 0
15970 0
15980 0
15990 0
16000 0
16010 0
16020 0
16030 0
16040 0
16050 0
16060 0
16070 0
16080 0
16090 0
16100 0
16110 0
16120 0
16130 0
16140 0
16150 0
16160 0
16170 0
16180 0
16190 0
16200 0
16210 0
16220 0
16230 0
16240 0
16250 0
16260 0
16270 0
16280 0
16290 0
16300 0
16310 0
16320 0
16330 0
16340 0
16350 0
16360 0
16370 0
16380 0
16390 0
16400 0
16410 0
16420 0
16430 0
16440 0
16450 0
16460 0
16470 0
16480 0
16490 0
16500 0
16510 0
16520 0
16530 0
16540 0
16550 0
16560 0
16570 0
16580 0
16590 0
16600 0
16610 0
16620 0
16630 0
16640 0
16650 0
16660 0
16670 0
16680 0
16690 0
16700 0
16710 0
16720 0
16730 0
16740 0
16750 0
16760 0
16770 0
16780 0
16790 0
16800 0
16810 0
16820 0
16830 0
16840 0
16850 0
16860 0
16870 0
16880 0
16890 0
16900 0
16910 0
16920 0
16930 0
16940 0
16950 0
16960 0
16970 0
16980 0
16990 0
17000 0
17010 0
17020 0
17030 0
17040 0
17050 0
17060 0
17070 0
17080 0
17090 0
17100 0
17110 0
17120 0
17130 0
17140 0
17150 0
17160 0
17170 0
17180 0
17190 0
17200 0
17210 0
17220 0
17230 0
17240 0
17250 0
17260 0
17270 0
17280 0
17290 0
17300 0
17310 0
17320 0
17330 0
17340 0
17350 0
17360 0
17370 0
17380 0
17390 0
17400 0
17410 0
17420 0
17430 0
17440 0
17450 0
17460 0
17470 0
17480 0
17490 0
17500 0
17510 0
17520 0
17530 0
17540 0
17550 0
17560 0
17570 0
17580 0
17590 0
17600 0
17610 0
17620 0
17630 0
17640 0
17650 0
17660 0
17670 0
17680 0
17690 0
17700 0
17710 0
17720 0
17730 0
17740 0
17750 0
17760 0
17770 0
17780 0
17790 0
17800 0
17810 0
17820 0
17830 0
17840 0
17850 0
17860 0
17870 0
17880 0
17890 0
17900 0
17910 0
17920 0
17930 0
17940 0
17950 0
17960 0
17970 0
17980 0
17990 0
18000 0
18010 0
18020 0
18030 0
18040 0
18050 0
18060 0
18070 0
18080 0
18090 0
18100 0
18110 0
18120 0
18130 0
18140 0
18150 0
18160 0
18170 0
18180 0
18190 0
18200 0
18210 0
18220 0
18230 0
18240 0
18250 0
18260 0
18270 0
18280 0
18290 0
18300 0
18310 0
18320 0
18330 0
18340 0
18350 0
18360 0
18370 0
18380 0
18390 0
18400 0
18410 0
18420 0
18430 0
18440 0
18450 0
18460 0
18470 0
18480 0
18490 0
18500 0
18510 0
18520 0
18530 0
18540 0
18550 0
18560 0
18570 0
18580 0
18590 0
18600 0
18610 0
18620 0
18630 0
18640 0
18650 0
18660 0
18670 0
18680 0
18690 0
18700 0
18710 0
18720 0
18730 0
18740 0
18750 0
18760 0
18770 0
18780 0
18790 0
18800 0
18810 0
18820 0
18830 0
18840 0
18850 0
18860 0
18870 0
18880 0
18890 0
18900 0
18910 0
18920 0
18930 0
18940 0
18950 0
18960 0
18970 0
18980 0
18990 0
19000 0
19010 0
19020 0
19030 0
19040 0
19050 0
19060 0
19070 0
19080 0
19090 0
19100 0
19110 0
19120 0
19130 0
19140 0
19150 0
19160 0
19170 0
19180 0
19190 0
19200 0
19210 0
19220 0
19230 0
19240 0
19250 0
19260 0
19270 0
19280 0
19290 0
19300 0
19310 0
19320 0
19330 0
19340 0
19350 0
19360 0
19370 0
19380 0
19390 0
19400 0
19410 0
19420 0
19430 0
19440 0
19450 0
19460 0
19470 0
19480 0
19490 0
19500 0
19510 0
19520 0
19530 0
19540 0
19550 0
19560 0
19570 0
19580 0
19590 0
19600 0
19610 0
19620 0
19630 0
19640 0
19650 0
19660 0
19670 0
19680 0
19690 0
19700 0
19710 0
19720 0
19730 0
19740 0
19750 0
19760 0
19770 0
19780 0
19790 0
19800 0
19810 0
19820 0
19830 0
19840 0
19850 0
19860 0
19870 0
19880 0
19890 0
19900 0
19910 0
19920 0
19930 0
19940 0
19950 0
19960 0
19970 0
19980 0
19990 0
20000 0
20010 0
20020 0
20030 0
20040 0
20050 0
20060 0
20070 0
20080 0
20090 0
20100 0
20110 0
20120 0
20130 0
20140 0
20150 0
20160 0
20170 0
20180 0
20190 0
20200 0
20210 0
20220 0
20230 0
20240 0
20250 0
20260 0
20270 0
20280 0
20290 0
20300 0
20310 0
20320 0
20330 0
20340 0
20350 0
20360 0
20370 0
20380 0
20390 0
20400 0
20410 0
20420 0
20430 0
20440 0
20450 0
20460 0
20470 0
20480 0
20490 0
20500 0
20510 0
20520 0
20530 0
20540 0
20550 0
20560 0
20570 0
20580 0
20590 0
20600 0
20610 0
20620 0
20630 0
20640 0
20650 0
20660 0
20670 0
20680 0
20690 0
20700 0
20710 0
20720 0
20730 0
20740 0
20750 0
20760 0
20770 0
20780 0
20790 0
20800 0
20810 0
20820 0
20830 0
20840 0
20850 0
20860 0
20870 0
20880 0
20890 0
20900 0
20910 0
20920 0
20930 0
20940 0
20950 0
20960 0
20970 0
20980 0
20990 0
21000 0
21010 0
21020 0
21030 0
21040 0
21050 0
21060 0
21070 0
21080 0
21090 0
21100 0
21110 0
21120 0
21130 0
21140 0
21150 0
21160 0
21170 0
21180 0
21190 0
21200 0
21210 0
21220 0
21230 0
21240 0
21250 0
21260 0
21270 0
21280 0
21290 0
21300 0
21310 0
21320 0
21330 0
21340 0
21350 0
21360 0
21370 0
21380 0
21390 0
21400 0
21410 0
21420 0
21430 0
21440 0
21450 0
21460 0
21470 0
21480 0
21490 0
21500 0
21510 0
21520 0
21530 0
21540 0
21550 0
21560 0
21570 0
21580 0
21590 0
21600 0
21610 0
21620 0
21630 0
21640 0
21650 0
21660 0
21670 0
21680 0
21690 0
21700 0
21710 0
21720 0
21730 0
21740 0
21750 0
21760 0
21770 0
21780 0
21790 0
21800 0
21810 0
21820 0
21830 0
21840 0
21850 0
21860 0
21870 0
21880 0
21890 0
21900 0
21910 0
21920 0
21930 0
21940 0
21950 0
21960 0
21970 0
21980 0
21990 0
22000 0
22010 0
22020 0
22030 0
22040 0
22050 0
22060 0
22070 0
22080 0
22090 0
22100 0
22110 0
22120 0
22130 0
22140 0
22150 0
22160 0
22170 0
22180 0
22190 0
22200 0
22210 0
22220 0
22230 0
22240 0
22250 0
22260 0
22270 0
22280 0
22290 0
22300 0
22310 0
22320 0
22330 0
22340 0
22350 0
22360 0
22370 0
22380 0
22390 0
22400 0
22410 0
22420 0
22430 0
22440 0
22450 0
22460 0
22470 0
22480 0
22490 0
22500 0
22510 0
22520 0
22530 0
22540 0
22550 0
22560 0
22570 0
22580 0
22590 0
22600 0
22610 0
22620 0
22630 0
22640 0
22650 0
22660 0
22670 0
22680 0
22690 0
22700 0
22710 0
22720 0
22730 0
22740 0
22750 0
22760 0
22770 0
22780 0
22790 0
22800 0
22810 0
22820 0
22830 0
22840 0
22850 0
22860 0
22870 0
22880 0
22890 0
22900 0
22910 0
22920 0
22930 0
22940 0
22950 0
22960 0
22970 0
22980 0
22990 0
23000 0
23010 0
23020 0
23030 0
23040 0
23050 0
23060 0
23070 0
23080 0
23090 0
23100 0
23110 0
23120 0
23130 0
23140 0
23150 0
23160 0
23170 0
23180 0
23190 0
23200 0
23210 0
23220 0
23230 0
23240 0
23250 0
23260 0
23270 0
23280 0
23290 0
23300 0
23310 0
23320 0
23330 0
23340 0
23350 0
23360 0
23370 0
23380 0
23390 0
23400 0
23410 0
23420 0
23430 0
23440 0
23450 0
23460 0
23470 0
23480 0
23490 0
23500 0
23510 0
23520 0
23530 0
23540 0
23550 0
23560 0
23570 0
23580 0
23590 0
23600 0
23610 0
23620 0
23630 0
23640 0
23650 0
23660 0
23670 0
23680 0
23690 0
23700 0
23710 0
23720 0
23730 0
23740 0
23750 0
23760 0
23770 0
23780 0
23790 0
23800 0
23810 0
23820 0
23830 0
23840 0
23850 0
23860 0
23870 0
23880 0
23890 0
23900 0
23910 0
23920 0
23930 0
23940 0
23950 0
23960 0
23970 0
23980 0
23990 0
24000 0
24010 0
24020 0
24030 0
24040 0
24050 0
24060 0
24070 0
24080 0
24090 0
24100 0
24110 0
24120 0
24130 0
24140 0
24150 0
24160 0
24170 0
24180 0
24190 0
24200 0
24210 0
24220 0
24230 0
24240 0
24250 0
24260 0
24270 0
24280 0
24290 0
24300 0
24310 0
24320 0
24330 0
24340 0
24350 0
24360 0
24370 0
24380 0
24390 0
24400 0
24410 0
24420 0
24430 0
24440 0
24450 0
24460 0
24470 0
24480 0
24490 0
24500 0
24510 0
24520 0
24530 0
24540 0
24550 0
24560 0
24570 0
24580 0
24590 0
24600 0
24610 0
24620 0
24630 0
24640 0
24650 0
24660 0
24670 0
24680 0
24690 0
24700 0
24710 0
24720 0
24730 0
24740 0
24750 0
24760 0
24770 0
24780 0
24790 0
24800 0
24810 0
24820 0
24830 0
24840 0
24850 0
24860 0
24870 0
24880 0
24890 0
24900 0
24910 0
24920 0
24930 0
24940 0
24950 0
24960 0
24970 0
24980 0
24990 0
25000 0
25010 0
25020 0
25030 0
25040 0
25050 0
25060 0
25070 0
25080 0
25090 0
25100 0
25110 0
25120 0
25130 0
25140 0
25150 0
25160 0
25170 0
25180 0
25190 0
25200 0
25210 0
25220 0
25230 0
25240 0
25250 0
25260 0
25270 0
25280 0
25290 0
25300 0
25310 0
25320 0
25330 0
25340 0
25350 0
25360 0
25370 0
25380 0
25390 0
25400 0
25410 0
25420 0
25430 0
25440 0
25450 0
25460 0
25470 0
25480 0
25490 0
25500 0
25510 0
25520 0
25530 0
25540 0
25550 0
25560 0
25570 0
25580 0
25590 0
25600 0
25610 0
25620 0
25630 0
25640 0
25650 0
25660 0
25670 0
25680 0
25690 0
25700 0
25710 0
25720 0
25730 0
25740 0
25750 0
25760 0
25770 0
25780 0
25790 0
25800 0
25810 0
25820 0
25830 0
25840 0
25850 0
25860 0
25870 0
25880 0
25890 0
25900 0
25910 0
25920 0
25930 0
25940 0
25950 0
25960 0
25970 0
25980 0
25990 0
26000 0
26010 0
26020 0
26030 0
26040 0
26050 0
26060 0
26070 0
26080 0
26090 0
26100 0
26110 0
26120 0
26130 0
26140 0
26150 0
26160 0
26170 0
26180 0
26190 0
26200 0
26210 0
26220 0
26230 0
26240 0
26250 0
26260 0
26270 0
26280 0
26290 0
26300 0
26310 0
26320 0
26330 0
26340 0
26350 0
26360 0
26370 0
26380 0
26390 0
26400 0
26410 0
26420 0
26430 0
26440 0
26450 0
26460 0
26470 0
26480 0
26490 0
26500 0
26510 0
26520 0
26530 0
26540 0
26550 0
26560 0
26570 0
26580 0
26590 0
26600 0
26610 0
26620 0
26630 0
26640 0
26650 0
26660 0
26670 0
26680 0
26690 0
26700 0
26710 0
26720 0
26730 0
26740 0
26750 0
26760 0
26770 0
26780 0
26790 0
26800 0
26810 0
26820 0
26830 0
26840 0
26850 0
26860 0
26870 0
26880 0
26890 0
26900 0
26910 0
26920 0
26930 0
26940 0
26950 0
26960 0
26970 0
26980 0
26990 0
27000 0
27010 0
27020 0
27030 0
27040 0
27050 0
27060 0
27070 0
27080 0
27090 0
27100 0
27110 0
27120 0
27130 0
27140 0
27150 0
27160 0
27170 0
27180 0
27190 0
27200 0
27210 0
27220 0
27230 0
27240 0
27250 0
27260 0
27270 0
27280 0
27290 0
27300 0
27310 0
27320 0
27330 0
27340 0
27350 0
27360 0
27370 0
27380 0
27390 0
27400 0
27410 0
27420 0
27430 0
27440 0
27450 0
27460 0
27470 0
27480 0
27490 0
27500 0
27510 0
27520 0
27530 0
27540 0
27550 0
27560 0
27570 0
27580 0
27590 0
27600 0
27610 0
27620 0
27630 0
27640 0
27650 0
27660 0
27670 0
27680 0
27690 0
27700 0
27710 0
27720 0
27730 0
27740 0
27750 0
27760 0
27770 0
27780 0
27790 0
27800 0
27810 0
27820 0
27830 0
27840 0
27850 0
27860 0
27870 0
27880 0
27890 0
27900 0
27910 0
27920 0
27930 0
27940 0
27950 0
27960 0
27970 0
27980 0
27990 0
28000 0
28010 0
28020 0
28030 0
28040 0
28050 0
28060 0
28070 0
28080 0
28090 0
28100 0
28110 0
28120 0
28130 0
28140 0
28150 0
28160 0
28170 0
28180 0
28190 0
28200 0
28210 0
28220 0
28230 0
28240 0
28250 0
28260 0
28270 0
28280 0
28290 0
28300 0
28310 0
28320 0
28330 0
28340 0
28350 0
28360 0
28370 0
28380 0
28390 0
28400 0
28410 0
28420 0
28430 0
28440 0
28450 0
28460 0
28470 0
28480 0
28490 0
28500 0
28510 0
28520 0
28530 0
28540 0
28550 0
28560 0
28570 0
28580 0
28590 0
28600 0
28610 0
28620 0
28630 0
28640 0
28650 0
28660 0
28670 0
28680 0
28690 0
28700 0
28710 0
28720 0
28730 0
28740 0
28750 0
28760 0
28770 0
28780 0
28790 0
28800 0
28810 0
28820 0
28830 0
28840 0
28850 0
28860 0
28870 0
28880 0
28890 0
28900 0
28910 0
28920 0
28930 0
28940 0
28950 0
28960 0
28970 0
28980 0
28990 0
29000 0
29010 0
29020 0
29030 0
29040 0
29050 0
29060 0
29070 0
29080 0
29090 0
29100 0
29110 0
29120 0
29130 0
29140 0
29150 0
29160 0
29170 0
29180 0
29190 0
29200 0
29210 0
29220 0
29230 0
29240 0
29250 0
29260 0
29270 0
29280 0
29290 0
29300 0
29310 0
29320 0
29330 0
29340 0
29350 0
29360 0
29370 0
29380 0
29390 0
29400 0
29410 0
29420 0
29430 0
29440 0
29450 0
29460 0
29470 0
29480 0
29490 0
29500 0
29510 0
29520 0
29530 0
29540 0
29550 0
29560 0
29570 0
29580 0
29590 0
29600 0
29610 0
29620 0
29630 0
29640 0
29650 0
29660 0
29670 0
29680 0
29690 0
29700 0
29710 0
29720 0
29730 0
29740 0
29750 0
29760 0
29770 0
29780 0
29790 0
29800 0
29810 0
29820 0
29830 0
29840 0
29850 0
29860 0
29870 0
29880 0
29890 0
29900 0
29910 0
29920 0
29930 0
29940 0
29950 0
29960 0
29970 0
29980 0
29990 0
30000 0
30010 0
30020 0
30030 0
30040 0
30050 0
30060 0
30070 0
30080 0
30090 0
30100 0
30110 0
30120 0
30130 0
30140 0
30150 0
30160 0
30170 0
30180 0
30190 0
30200 0
30210 0
30220 0
30230 0
30240 0
30250 0
30260 0
30270 0
30280 0
30290 0
30300 0
30310 0
30320 0
30330 0
30340 0
30350 0
30360 0
30370 0
30380 0
30390 0
30400 0
30410 0
30420 0
30430 0
30440 0
30450 0
30460 0
30470 0
30480 0
30490 0
30500 0
30510 0
30520 0
30530 0
30540 0
30550 0
30560 0
30570 0
30580 0
30590 0
30600 0
30610 0
30620 0
30630 0
30640 0
30650 0
30660 0
30670 0
30680 0
30690 0
30700 0
30710 0
30720 0
30730 0
30740 0
30750 0
30760 0
30770 0
30780 0
30790 0
30800 0
30810 0
30820 0
30830 0
30840 0
30850 0
30860 0
30870 0
30880 0
30890 0
30900 0
30910 0
30920 0
30930 0
30940 0
30950 0
30960 0
30970 0
30980 0
30990 0
31000 0
31010 0
31020 0
31030 0
31040 0
31050 0
31060 0
31070 0
31080 0
31090 0
31100 0
31110 0
31120 0
31130 0
31140 0
31150 0
31160 0
31170 0
31180 0
31190 0
31200 0
31210 0
31220 0
31230 0
31240 0
31250 0
31260 0
31270 0
31280 0
31290 0
31300 0
31310 0
31320 0
31330 0
31340 0
31350 0
31360 0
31370 0
31380 0
31390 0
31400 0
31410 0
31420 0
31430 0
31440 0
31450 0
31460 0
31470 0
31480 0
31490 0
31500 0
31510 0
31520 0
31530 0
31540 0
31550 0
31560 0
31570 0
31580 0
31590 0
31600 0
31610 0
31620 0
31630 0
31640 0
31650 0
31660 0
31670 0
31680 0
31690 2
31700 2
31710 13
31720 12
31730 8
31740 3
31750 0
31760 0
31770 0
31780 0
31790 0
31800 0
31810 0
31820 0
31830 0
31840 0
31850 0
31860 0
31870 0
31880 0
31890 0
31900 0
31910 0
31920 0
31930 0
31940 0
31950 0
31960 0
31970 0
31980 0
31990 0
32000 0
32010 0
32020 0
32030 0
32040 0
32050 0
32060 0
32070 0
32080 0
32090 0
32100 0
32110 0
32120 0
32130 0
32140 0
32150 0
32160 0
32170 0
32180 0
32190 0
32200 0
32210 0
32220 0
32230 0
32240 0
32250 0
32260 0
32270 0
32280 0
32290 0
32300 0
32310 0
32320 0
32330 0
32340 0
32350 0
32360 0
32370 0
32380 0
32390 0
32400 0
32410 0
32420 0
32430 0
32440 0
32450 0
32460 0
32470 0
32480 0
32490 0
32500 0
32510 0
32520 0
32530 0
32540 0
32550 0
32560 0
32570 0
32580 0
32590 0
32600 0
32610 0
32620 0
32630 0
32640 0
32650 0
32660 0
32670 0
32680 0
32690 0
32700 0
32710 0
32720 0
32730 0
32740 0
32750 0
32760 0
32770 0
32780 0
32790 0
32800 0
32810 0
32820 0
32830 0
32840 0
32850 0
32860 0
32870 0
32880 0
32890 0
32900 0
32910 0
32920 0
32930 0
32940 0
32950 0
32960 0
32970 0
32980 0
32990 0
33000 0
33010 0
33020 0
33030 0
33040 0
33050 0
33060 0
33070 0
33080 0
33090 0
33100 0
33110 0
33120 0
33130 0
33140 0
33150 0
33160 0
33170 0
33180 0
33190 0
33200 0
33210 0
33220 0
33230 0
33240 0
33250 0
33260 0
33270 0
33280 0
33290 0
33300 0
33310 0
33320 0
33330 0
33340 0
33350 0
33360 0
33370 0
33380 0
33390 0
33400 0
33410 3
33420 0
33430 0
33440 0
33450 0
33460 0
33470 0
33480 0
33490 0
33500 0
33510 0
33520 0
33530 0
33540 0
33550 0
33560 0
33570 0
33580 0
33590 0
33600 0
33610 0
33620 0
33630 0
33640 0
33650 0
33660 0
33670 0
33680 0
33690 0
33700 0
33710 0
33720 0
33730 0
33740 0
33750 0
33760 0
33770 0
33780 1
33790 0
33800 0
33810 0
33820 0
33830 0
33840 0
33850 0
33860 0
33870 0
33880 0
33890 0
33900 0
33910 0
33920 0
33930 0
33940 0
33950 0
33960 0
33970 0
33980 1
33990 0
34000 0
34010 0
34020 0
34030 0
34040 0
34050 0
34060 0
34070 0
34080 0
34090 0
34100 0
34110 0
34120 0
34130 0
34140 0
34150 0
34160 0
34170 0
34180 0
34190 0
34200 0
34210 0
34220 0
34230 0
34240 0
34250 0
34260 0
34270 0
34280 0
34290 0
34300 0
34310 0
34320 0
34330 0
34340 0
34350 0
34360 0
34370 0
34380 0
34390 0
34400 0
34410 0
34420 0
34430 0
34440 0
34450 0
34460 0
34470 0
34480 0
34490 0
34500 0
34510 0
34520 0
34530 0
34540 0
34550 0
34560 0
34570 0
34580 0
34590 0
34600 0
34610 0
34620 0
34630 0
34640 0
34650 0
34660 0
34670 0
34680 0
34690 0
34700 0
34710 0
34720 0
34730 0
34740 0
34750 0
34760 0
34770 0
34780 0
34790 0
34800 0
34810 0
34820 0
34830 0
34840 0
34850 0
34860 0
34870 0
34880 0
34890 0
34900 0
34910 0
34920 0
34930 0
34940 0
34950 0
34960 0
34970 0
34980 0
34990 0
35000 0
35010 0
35020 0
35030 0
35040 0
35050 0
35060 0
35070 0
35080 0
35090 0
35100 0
35110 0
35120 0
35130 0
35140 0
35150 0
35160 0
35170 0
35180 0
35190 0
35200 0
35210 0
35220 0
35230 0
35240 0
35250 0
35260 0
35270 0
35280 0
35290 0
35300 0
35310 0
35320 0
35330 0
35340 0
35350 0
35360 0
35370 0
35380 0
35390 0
35400 0
35410 0
35420 0
35430 0
35440 0
35450 0
35460 0
35470 0
35480 0
35490 0
35500 0
35510 0
35520 0
35530 0
35540 0
35550 0
35560 0
35570 2
35580 1
35590 0
35600 14
35610 11
35620 2
35630 0
35640 16
35650 5
35660 0
35670 2
35680 24
35690 53
35700 36
35710 0
35720 0
35730 0
35740 0
35750 0
35760 0
35770 0
35780 0
35790 0
35800 0
35810 0
35820 0
35830 0
35840 0
35850 0
35860 0
35870 0
35880 0
35890 0
35900 0
35910 0
35920 0
35930 0
35940 0
35950 0
35960 1
35970 28
35980 3
35990 11
36000 7
36010 12
36020 4
36030 2
36040 1
36050 25
36060 4
36070 1
36080 6
36090 0
36100 0
36110 0
36120 0
36130 0
36140 0
36150 0
36160 0
36170 0
36180 0
36190 0
36200 0
36210 0
36220 0
36230 0
36240 0
36250 0
36260 0
36270 0
36280 0
36290 1
36300 8
36310 3
36320 0
36330 3
36340 18
36350 27
36360 8
36370 20
36380 17
36390 38
36400 12
36410 94
36420 124
36430 232
36440 344
36450 300
36460 194
36470 55
36480 92
36490 27
36500 63
36510 226
36520 377
36530 142
36540 309
36550 165
36560 462
36570 430
36580 260
36590 198
36600 141
36610 184
36620 304
36630 363
36640 361
36650 534
36660 323
36670 298
36680 263
36690 266
36700 173
36710 80
36720 172
36730 105
36740 127
36750 266
36760 209
36770 132
36780 31
36790 101
36800 102
36810 127
36820 105
36830 83
36840 148
36850 372
36860 302
36870 248
36880 339
36890 508
36900 579
36910 410
36920 708
36930 716
36940 746
36950 710
36960 895
36970 717
36980 689
36990 666
37000 445
37010 350
37020 122
37030 136
37040 305
37050 522
37060 500
37070 554
37080 424
37090 347
37100 442
37110 412
37120 370
37130 279
37140 286
37150 364
37160 669
37170 656
37180 665
37190 711
37200 713
37210 685
37220 464
37230 397
37240 529
37250 341
37260 376
37270 406
37280 443
37290 422
37300 386
37310 441
37320 263
37330 352
37340 402
37350 359
37360 330
37370 242
37380 104
37390 44
37400 96
37410 501
37420 415
37430 222
37440 276
37450 242
37460 350
37470 449
37480 310
37490 452
37500 509
37510 400
37520 332
37530 301
37540 227
37550 40
37560 56
37570 133
37580 132
37590 209
37600 237
37610 195
37620 170
37630 120
37640 182
37650 268
37660 84
37670 249
37680 111
37690 241
37700 313
37710 173
37720 59
37730 245
37740 304
37750 353
37760 307
37770 183
37780 272
37790 419
37800 512
37810 419
37820 572
37830 310
37840 322
37850 242
37860 389
37870 320
37880 179
37890 339
37900 283
37910 369
37920 882
37930 457
37940 355
37950 564
37960 535
37970 435
37980 423
37990 340
38000 274
38010 258
38020 299
38030 480
38040 391
38050 293
38060 257
38070 342
38080 349
38090 246
38100 274
38110 283
38120 292
38130 423
38140 183
38150 421
38160 175
38170 442
38180 166
38190 175
38200 170
38210 225
38220 202
38230 199
38240 112
38250 20
38260 3
38270 5
38280 126
38290 25
38300 17
38310 50
38320 163
38330 83
38340 209
38350 20
38360 44
38370 4
38380 21
38390 94
38400 127
38410 95
38420 105
38430 46
38440 101
38450 105
38460 124
38470 17
38480 14
38490 2
38500 2
38510 0
38520 0
38530 0
38540 0
38550 0
38560 0
38570 0
38580 0
38590 0
38600 0
38610 0
38620 0
38630 0
38640 0
38650 0
38660 0
38670 0
38680 28
38690 0
38700 0
38710 11
38720 21
38730 35
38740 28
38750 26
38760 43
38770 39
38780 11
38790 5
38800 12
38810 57
38820 113
38830 147
38840 25
38850 26
38860 36
38870 41
38880 39
38890 116
38900 79
38910 139
38920 20
38930 86
38940 144
38950 113
38960 87
38970 244
38980 50
38990 25
39000 108
39010 12
39020 12
39030 4
39040 2
39050 17
39060 3
39070 17
39080 6
39090 0
39100 12
39110 99
39120 331
39130 84
39140 42
39150 15
39160 135
39170 22
39180 10
39190 7
39200 31
39210 68
39220 14
39230 8
39240 28
39250 12
39260 0
39270 1
39280 15
39290 28
39300 180
39310 188
39320 92
39330 34
39340 100
39350 21
39360 6
39370 0
39380 0
39390 3
39400 12
39410 18
39420 29
39430 2
39440 18
39450 2
39460 0
39470 26
39480 46
39490 53
39500 10
39510 5
39520 17
39530 8
39540 3
39550 26
39560 35
39570 34
39580 10
39590 0
39600 8
39610 69
39620 0
39630 4
39640 19
39650 25
39660 56
39670 0
39680 5
39690 35
39700 70
39710 7
39720 40
39730 28
39740 35
39750 4
39760 46
39770 11
39780 24
39790 54
39800 1
39810 0
39820 0
39830 0
39840 0
39850 0
39860 0
39870 1
39880 2
39890 2
39900 0
39910 0
39920 2
39930 1
39940 11
39950 22
39960 13
39970 2
39980 13
39990 33
40000 24
40010 8
40020 8
40030 0
40040 2
40050 0
40060 0
40070 0
40080 0
40090 4
40100 1
40110 1
40120 7
40130 13
40140 0
40150 11
40160 5
40170 1
40180 0
40190 8
40200 10
40210 4
40220 18
40230 0
40240 0
40250 0
40260 0
40270 1
40280 0
40290 2
40300 2
40310 0
40320 0
40330 0
40340 0
40350 0
40360 0
40370 0
40380 0
40390 0
40400 0
40410 0
40420 0
40430 0
40440 4
40450 5
40460 0
40470 8
40480 3
40490 2
40500 4
40510 1
40520 10
40530 0
40540 3
40550 0
40560 8
40570 0
40580 0
40590 0
40600 1
40610 0
40620 2
40630 0
40640 0
40650 0
40660 0
40670 0
40680 0
40690 0
40700 0
40710 0
40720 0
40730 0
40740 0
40750 0
40760 0
40770 0
40780 0
40790 0
40800 0
40810 0
40820 0
40830 0
40840 0
40850 0
40860 0
40870 0
40880 0
40890 0
40900 0
40910 0
40920 0
40930 0
40940 0
40950 0
40960 0
40970 0
40980 0
40990 0
41000 0
41010 0
41020 0
41030 0
41040 0
41050 0
41060 0
41070 0
41080 0
41090 0
41100 0
41110 0
41120 0
41130 0
41140 0
41150 0
41160 0
41170 0
41180 0
41190 0
41200 0
41210 0
41220 0
41230 0
41240 0
41250 0
41260 0
41270 0
41280 0
41290 0
41300 0
41310 0
41320 0
41330 0
41340 0
41350 0
41360 0
41370 0
41380 0
41390 0
41400 0
41410 0
41420 0
41430 0
41440 0
41450 0
41460 0
41470 0
41480 0
41490 0
41500 0
41510 0
41520 0
41530 0
41540 0
41550 0
41560 0
41570 0
41580 0
41590 0
41600 0
41610 0
41620 0
41630 0
41640 0
41650 0
41660 0
41670 1
41680 0
41690 0
41700 0
41710 0
41720 0
41730 0
41740 0
41750 0
41760 0
41770 0
41780 0
41790 0
41800 0
41810 0
41820 0
41830 0
41840 0
41850 0
41860 0
41870 0
41880 0
41890 0
41900 0
41910 0
41920 0
41930 0
41940 0
41950 0
41960 0
41970 0
41980 0
41990 0
42000 0
42010 0
42020 0
42030 0
42040 0
42050 0
42060 0
42070 0
42080 0
42090 0
42100 0
42110 0
42120 0
42130 0
42140 0
42150 0
42160 0
42170 0
42180 0
42190 0
42200 0
42210 0
42220 0
42230 0
42240 0
42250 0
42260 0
42270 0
42280 0
42290 0
42300 0
42310 0
42320 0
42330 0
42340 1
42350 4
42360 1
42370 0
42380 0
42390 0
42400 0
42410 2
42420 1
42430 0
42440 0
42450 0
42460 0
42470 4
42480 0
42490 0
42500 0
42510 0
42520 0
42530 0
42540 0
42550 0
42560 0
42570 0
42580 0
42590 0
42600 0
42610 0
42620 0
42630 0
42640 0
42650 0
42660 0
42670 0
42680 0
42690 0
42700 0
42710 0
42720 0
42730 0
42740 0
42750 0
42760 0
42770 0
42780 0
42790 0
42800 0
42810 0
42820 0
42830 0
42840 0
42850 0
42860 0
42870 0
42880 0
42890 0
42900 1
42910 0
42920 3
42930 0
42940 0
42950 0
42960 0
42970 0
42980 0
42990 2
43000 0
43010 0
43020 0
43030 0
43040 0
43050 0
43060 0
43070 0
43080 0
43090 0
43100 0
43110 0
43120 0
43130 0
43140 0
43150 0
43160 0
43170 0
43180 0
43190 2
43200 0
43210 0
43220 0
43230 0
43240 0
43250 0
43260 0
43270 0
43280 1
43290 0
43300 0
43310 0
43320 0
43330 0
43340 0
43350 0
43360 0
43370 0
43380 0
43390 0
43400 0
43410 0
43420 0
43430 0
43440 0
43450 0
43460 0
43470 0
43480 0
43490 0
43500 0
43510 0
43520 0
43530 0
43540 0
43550 0
43560 0
43570 0
43580 0
43590 0
43600 0
43610 0
43620 0
43630 0
43640 0
43650 0
43660 0
43670 0
43680 0
43690 0
43700 9
43710 6
43720 47
43730 47
43740 89
43750 65
43760 107
43770 45
43780 45
43790 84
43800 36
43810 84
43820 71
43830 169
43840 79
43850 44
43860 1
43870 0
43880 0
43890 35
43900 13
43910 19
43920 36
43930 9
43940 29
43950 42
43960 29
43970 42
43980 54
43990 12
44000 31
44010 33
44020 35
44030 0
44040 55
44050 26
44060 26
44070 0
44080 1
44090 11
44100 0
44110 0
44120 0
44130 0
44140 0
44150 0
44160 0
44170 0
44180 5
44190 0
44200 0
44210 0
44220 0
44230 0
44240 0
44250 0
44260 0
44270 0
44280 1
44290 0
44300 0
44310 0
44320 0
44330 0
44340 0
44350 0
44360 0
44370 0
44380 0
44390 0
44400 0
44410 0
44420 0
44430 0
44440 1
44450 2
44460 0
44470 0
44480 8
44490 5
44500 0
44510 0
44520 0
44530 0
44540 0
44550 0
44560 0
44570 0
44580 0
44590 0
44600 0
44610 0
44620 4
44630 1
44640 0
44650 0
44660 0
44670 0
44680 0
44690 0
44700 0
44710 0
44720 0
44730 0
44740 0
44750 0
44760 0
44770 0
44780 0
44790 0
44800 0
44810 0
44820 0
44830 0
44840 0
44850 0
44860 0
44870 0
44880 0
44890 0
44900 0
44910 0
44920 0
44930 0
44940 0
44950 0
44960 0
44970 1
44980 0
44990 0
45000 0
45010 0
45020 0
45030 0
45040 0
45050 0
45060 0
45070 0
45080 0
45090 0
45100 0
45110 0
45120 0
45130 0
45140 0
45150 0
45160 0
45170 0
45180 0
45190 0
45200 0
45210 0
45220 0
45230 0
45240 0
45250 0
45260 0
45270 0
45280 0
45290 0
45300 0
45310 0
45320 0
45330 0
45340 0
45350 0
45360 0
45370 0
45380 0
45390 0
45400 0
45410 0
45420 0
45430 0
45440 0
45450 0
45460 0
45470 0
45480 0
45490 0
45500 0
45510 0
45520 0
45530 0
45540 0
45550 0
45560 0
45570 0
45580 0
45590 0
45600 0
45610 0
45620 0
45630 0
45640 0
45650 0
45660 0
45670 0
45680 0
45690 0
45700 0
45710 0
45720 0
45730 0
45740 0
45750 0
45760 0
45770 0
45780 0
45790 0
45800 0
45810 0
45820 0
45830 0
45840 0
45850 0
45860 0
45870 0
45880 0
45890 0
45900 0
45910 0
45920 0
45930 0
45940 0
45950 0
45960 0
45970 0
45980 0
45990 0
46000 0
46010 0
46020 0
46030 0
46040 0
46050 0
46060 0
46070 0
46080 0
46090 0
46100 0
46110 0
46120 0
46130 0
46140 0
46150 0
46160 0
46170 0
46180 0
46190 0
46200 0
46210 0
46220 0
46230 0
46240 0
46250 0
46260 0
46270 0
46280 0
46290 0
46300 0
46310 0
46320 0
46330 0
46340 0
46350 0
46360 0
46370 0
46380 0
46390 0
46400 0
46410 0
46420 0
46430 0
46440 0
46450 0
46460 0
46470 0
46480 0
46490 0
46500 0
46510 0
46520 0
46530 0
46540 0
46550 0
46560 0
46570 0
46580 0
46590 0
46600 0
46610 0
46620 0
46630 0
46640 0
46650 0
46660 0
46670 0
46680 0
46690 0
46700 0
46710 0
46720 0
46730 0
46740 0
46750 0
46760 0
46770 0
46780 0
46790 0
46800 0
46810 0
46820 0
46830 0
46840 0
46850 0
46860 0
46870 0
46880 0
46890 0
46900 0
46910 0
46920 0
46930 0
46940 0
46950 0
46960 0
46970 0
46980 0
46990 0
47000 0
47010 0
47020 0
47030 0
47040 0
47050 0
47060 0
47070 0
47080 0
47090 0
47100 0
47110 0
47120 0
47130 0
47140 0
47150 0
47160 0
47170 0
47180 0
47190 0
47200 0
47210 0
47220 3
47230 3
47240 0
47250 1
47260 0
47270 0
47280 0
47290 0
47300 0
47310 0
47320 0
47330 0
47340 0
47350 0
47360 0
47370 0
47380 0
47390 0
47400 0
47410 0
47420 0
47430 0
47440 0
47450 0
47460 0
47470 0
47480 0
47490 0
47500 0
47510 0
47520 0
47530 0
47540 0
47550 0
47560 0
47570 0
47580 0
47590 0
47600 0
47610 4
47620 13
47630 0
47640 0
47650 0
47660 0
47670 0
47680 0
47690 0
47700 0
47710 0
47720 0
47730 0
47740 0
47750 0
47760 0
47770 0
47780 0
47790 0
47800 0
47810 0
47820 0
47830 0
47840 0
47850 0
47860 0
47870 0
47880 0
47890 0
47900 0
47910 0
47920 0
47930 0
47940 0
47950 0
47960 0
47970 0
47980 0
47990 0
48000 0
48010 59
48020 0
48030 3
48040 33
48050 20
48060 12
48070 139
48080 57
48090 37
48100 87
48110 219
48120 140
48130 24
48140 0
48150 2
48160 1
48170 14
48180 40
48190 85
48200 187
48210 29
48220 28
48230 182
48240 458
48250 98
48260 234
48270 367
48280 285
48290 283
48300 254
48310 504
48320 453
48330 306
48340 191
48350 311
48360 78
48370 37
48380 342
48390 615
48400 329
48410 457
48420 578
48430 539
48440 622
48450 587
48460 530
48470 531
48480 325
48490 208
48500 543
48510 467
48520 578
48530 541
48540 923
48550 1253
48560 1253
48570 1211
48580 1168
48590 953
48600 1090
48610 1186
48620 918
48630 1021
48640 768
48650 1122
48660 951
48670 784
48680 846
48690 903
48700 780
48710 605
48720 507
48730 657
48740 839
48750 685
48760 380
48770 530
48780 482
48790 416
48800 441
48810 531
48820 565
48830 763
48840 772
48850 450
48860 524
48870 568
48880 644
48890 714
48900 1180
48910 1090
48920 1301
48930 1217
48940 850
48950 925
48960 524
48970 489
48980 835
48990 802
49000 377
49010 568
49020 214
49030 115
49040 76
49050 89
49060 123
49070 100
49080 6
49090 0
49100 0
49110 0
49120 3
49130 3
49140 3
49150 1
49160 8
49170 0
49180 0
49190 0
49200 4
49210 0
49220 6
49230 0
49240 6
49250 6
49260 7
49270 6
49280 5
49290 9
49300 0
49310 0
49320 0
49330 0
49340 0
49350 0
49360 0
49370 0
49380 0
49390 0
49400 9
49410 3
49420 5
49430 5
49440 62
49450 15
49460 80
49470 171
49480 172
49490 97
49500 103
49510 126
49520 292
49530 297
49540 208
49550 437
49560 384
49570 438
49580 391
49590 352
49600 358
49610 465
49620 518
49630 435
49640 467
49650 408
49660 379
49670 239
49680 70
49690 85
49700 56
49710 81
49720 33
49730 52
49740 84
49750 363
49760 577
49770 691
49780 646
49790 533
49800 617
49810 525
49820 416
49830 343
49840 304
49850 246
49860 37
49870 117
49880 168
49890 98
49900 171
49910 181
49920 105
49930 213
49940 238
49950 169
49960 156
49970 61
49980 175
49990 163
50000 162
50010 77
50020 124
50030 110
50040 34
50050 28
50060 73
50070 69
50080 6
50090 19
50100 3
50110 5
50120 1
50130 39
50140 52
50150 7
50160 2
50170 1
50180 0
50190 0
50200 0
50210 0
50220 0
50230 0
50240 0
50250 0
50260 8
50270 7
50280 1
50290 0
50300 0
50310 0
50320 2
50330 0
50340 0
50350 0
50360 0
50370 2
50380 0
50390 0
50400 6
50410 0
50420 0
50430 0
50440 0
50450 0
50460 0
50470 0
50480 0
50490 0
50500 0
50510 0
50520 0
50530 0
50540 0
50550 0
50560 0
50570 0
50580 0
50590 0
50600 0
50610 0
50620 0
50630 0
50640 0
50650 0
50660 0
50670 0
50680 0
50690 0
50700 2
50710 0
50720 0
50730 0
50740 0
50750 0
50760 0
50770 0
50780 0
50790 0
50800 0
50810 0
50820 0
50830 0
50840 0
50850 0
50860 4
50870 2
50880 15
50890 4
50900 1
50910 0
50920 0
50930 0
50940 0
50950 18
50960 2
50970 34
50980 235
50990 124
51000 23
51010 2
51020 66
51030 123
51040 84
51050 193
51060 140
51070 163
51080 174
51090 417
51100 543
51110 165
51120 391
51130 528
51140 373
51150 137
51160 190
51170 224
51180 203
51190 131
51200 282
51210 348
51220 179
51230 266
51240 259
51250 185
51260 238
51270 191
51280 154
51290 218
51300 114
51310 44
51320 93
51330 8
51340 146
51350 296
51360 37
51370 49
51380 58
51390 30
51400 19
51410 57
51420 4
51430 40
51440 82
51450 56
51460 242
51470 140
51480 238
51490 337
51500 359
51510 474
51520 325
51530 320
51540 299
51550 461
51560 109
51570 253
51580 334
51590 966
51600 803
51610 524
51620 560
51630 370
51640 785
51650 707
51660 882
51670 1015
51680 806
51690 687
51700 657
51710 739
51720 755
51730 572
51740 504
51750 465
51760 568
51770 620
51780 454
51790 401
51800 121
51810 162
51820 530
51830 289
51840 403
51850 374
51860 279
51870 410
51880 166
51890 22
51900 41
51910 320
51920 107
51930 61
51940 23
51950 0
51960 5
51970 15
51980 68
51990 3
52000 7
52010 12
52020 158
52030 115
52040 232
52050 65
52060 184
52070 108
52080 44
52090 171
52100 10
52110 88
52120 462
52130 266
52140 182
52150 66
52160 43
52170 116
52180 29
52190 86
52200 44
52210 72
52220 6
52230 3
52240 1
52250 37
52260 7
52270 18
52280 13
52290 5
52300 59
52310 151
52320 128
52330 165
52340 96
52350 121
52360 129
52370 60
52380 25
52390 76
52400 55
52410 50
52420 24
52430 28
52440 13
52450 53
52460 76
52470 85
52480 34
52490 7
52500 60
52510 13
52520 33
52530 59
52540 129
52550 123
52560 138
52570 115
52580 188
52590 273
52600 176
52610 203
52620 267
52630 184
52640 138
52650 565
52660 521
52670 257
52680 414
52690 454
52700 465
52710 281
52720 147
52730 168
52740 135
52750 97
52760 194
52770 84
52780 77
52790 123
52800 158
52810 84
52820 52
52830 13
52840 8
52850 13
52860 11
52870 11
52880 0
52890 15
52900 2
52910 12
52920 69
52930 155
52940 101
52950 192
52960 124
52970 14
52980 0
52990 8
53000 19
53010 12
53020 56
53030 120
53040 15
53050 33
53060 61
53070 120
53080 68
53090 211
53100 137
53110 187
53120 83
53130 110
53140 80
53150 93
53160 11
53170 1
53180 25
53190 5
53200 37
53210 58
53220 13
53230 27
53240 34
53250 30
53260 14
53270 9
53280 12
53290 15
53300 41
53310 39
53320 17
53330 120
53340 121
53350 280
53360 114
53370 95
53380 152
53390 143
53400 67
53410 72
53420 121
53430 101
53440 109
53450 216
53460 144
53470 102
53480 103
53490 111
53500 167
53510 208
53520 179
53530 114
53540 130
53550 62
53560 46
53570 52
53580 85
53590 23
53600 41
53610 0
53620 0
53630 5
53640 74
53650 2
53660 15
53670 58
53680 88
53690 72
53700 88
53710 148
53720 209
53730 72
53740 86
53750 130
53760 203
53770 216
53780 346
53790 393
53800 251
53810 272
53820 610
53830 368
53840 255
53850 343
53860 442
53870 248
53880 271
53890 202
53900 66
53910 87
53920 77
53930 83
53940 148
53950 81
53960 163
53970 49
53980 69
53990 235
54000 371
54010 374
54020 140
54030 109
54040 244
54050 196
54060 435
54070 520
54080 435
54090 393
54100 307
54110 197
54120 70
54130 411
54140 485
54150 341
54160 507
54170 201
54180 536
54190 570
54200 493
54210 406
54220 342
54230 186
54240 78
54250 21
54260 116
54270 83
54280 31
54290 126
54300 81
54310 72
54320 6
54330 13
54340 34
54350 1
54360 23
54370 0
54380 22
54390 111
54400 157
54410 136
54420 106
54430 347
54440 287
54450 377
54460 288
54470 203
54480 542
54490 460
54500 184
54510 205
54520 281
54530 466
54540 370
54550 175
54560 257
54570 473
54580 598
54590 314
54600 361
54610 302
54620 90
54630 132
54640 152
54650 147
54660 180
54670 256
54680 330
54690 409
54700 348
54710 226
54720 59
54730 33
54740 63
54750 18
54760 59
54770 10
54780 95
54790 80
54800 12
54810 8
54820 138
54830 79
54840 100
54850 65
54860 137
54870 84
54880 98
54890 51
54900 122
54910 0
54920 0
54930 2
54940 1
54950 0
54960 22
54970 5
54980 37
54990 1
55000 1
55010 3
55020 24
55030 42
55040 2
55050 0
55060 0
55070 0
55080 3
55090 0
55100 0
55110 0
55120 0
55130 0
55140 0
55150 0
55160 0
55170 0
55180 0
55190 0
55200 0
55210 0
55220 0
55230 0
55240 0
55250 0
55260 0
55270 0
55280 4
55290 7
55300 14
55310 15
55320 8
55330 25
55340 45
55350 5
55360 4
55370 28
55380 25
55390 12
55400 17
55410 22
55420 8
55430 2
55440 2
55450 28
55460 1
55470 31
55480 20
55490 10
55500 3
55510 1
55520 2
55530 1
55540 0
55550 0
55560 0
55570 0
55580 0
55590 0
55600 0
55610 0
55620 0
55630 0
55640 3
55650 0
55660 6
55670 0
55680 1
55690 8
55700 10
55710 10
55720 18
55730 8
55740 3
55750 22
55760 14
55770 4
55780 32
55790 14
55800 55
55810 33
55820 22
55830 10
55840 2
55850 38
55860 9
55870 0
55880 0
55890 8
55900 0
55910 0
55920 66
55930 87
55940 40
55950 99
55960 254
55970 194
55980 113
55990 377
56000 275
56010 282
56020 420
56030 232
56040 204
56050 64
56060 89
56070 95
56080 36
56090 2
56100 12
56110 35
56120 1
56130 61
56140 16
56150 1
56160 0
56170 0
56180 5
56190 0
56200 35
56210 12
56220 3
56230 11
56240 17
56250 0
56260 29
56270 37
56280 88
56290 120
56300 2
56310 20
56320 8
56330 19
56340 88
56350 24
56360 113
56370 244
56380 270
56390 276
56400 110
56410 71
56420 40
56430 2
56440 86
56450 17
56460 3
56470 59
56480 70
56490 88
56500 77
56510 73
56520 11
56530 1
56540 13
56550 18
56560 109
56570 152
56580 173
56590 190
56600 223
56610 80
56620 120
56630 168
56640 175
56650 104
56660 150
56670 116
56680 78
56690 53
56700 108
56710 271
56720 244
56730 176
56740 170
56750 123
56760 13
56770 36
56780 6
56790 149
56800 154
56810 5
56820 121
56830 32
56840 145
56850 191
56860 138
56870 157
56880 257
56890 196
56900 146
56910 68
56920 40
56930 153
56940 143
56950 251
56960 138
56970 32
56980 1
56990 4
57000 0
57010 84
57020 11
57030 4
57040 63
57050 1
57060 80
57070 68
57080 34
57090 49
57100 138
57110 88
57120 316
57130 225
57140 181
57150 24
57160 50
57170 65
57180 96
57190 108
57200 44
57210 3
57220 94
57230 62
57240 97
57250 180
57260 332
57270 185
57280 314
57290 197
57300 181
57310 87
57320 100
57330 180
57340 338
57350 176
57360 265
57370 49
57380 203
57390 146
57400 29
57410 147
57420 60
57430 83
57440 210
57450 123
57460 117
57470 231
57480 360
57490 321
57500 305
57510 144
57520 241
57530 217
57540 114
57550 0
57560 4
57570 43
57580 88
57590 151
57600 246
57610 210
57620 246
57630 143
57640 189
57650 165
57660 158
57670 121
57680 191
57690 78
57700 314
57710 289
57720 270
57730 51
57740 34
57750 31
57760 1
57770 14
57780 184
57790 55
57800 43
57810 142
57820 196
57830 57
57840 7
57850 6
57860 1
57870 0
57880 7
57890 1
57900 67
57910 144
57920 79
57930 191
57940 50
57950 176
57960 139
57970 90
57980 137
57990 64
58000 7
58010 30
58020 197
58030 176
58040 284
58050 492
58060 574
58070 244
58080 375
58090 698
58100 718
58110 789
58120 401
58130 487
58140 174
58150 339
58160 181
58170 388
58180 301
58190 421
58200 476
58210 497
58220 498
58230 563
58240 505
58250 220
58260 138
58270 203
58280 162
58290 158
58300 175
58310 194
58320 94
58330 38
58340 24
58350 138
58360 261
58370 31
58380 46
58390 99
58400 123
58410 123
58420 129
58430 32
58440 20
58450 21
58460 16
58470 25
58480 36
58490 15
58500 20
58510 17
58520 17
58530 22
58540 37
58550 4
58560 7
58570 27
58580 34
58590 27
58600 235
58610 219
58620 114
58630 315
58640 254
58650 179
58660 297
58670 79
58680 142
58690 80
58700 161
58710 125
58720 253
58730 205
58740 168
58750 115
58760 117
58770 302
58780 92
58790 100
58800 219
58810 256
58820 593
58830 481
58840 709
58850 747
58860 893
58870 978
58880 929
58890 894
58900 880
58910 726
58920 840
58930 607
58940 727
58950 1044
58960 950
58970 931
58980 722
58990 862
59000 807
59010 810
59020 698
59030 723
59040 718
59050 495
59060 577
59070 282
59080 302
59090 165
59100 66
59110 15
59120 214
59130 321
59140 446
59150 388
59160 520
59170 521
59180 559
59190 640
59200 575
59210 478
59220 443
59230 554
59240 610
59250 659
59260 922
59270 744
59280 729
59290 766
59300 601
59310 503
59320 405
59330 146
59340 218
59350 312
59360 301
59370 163
59380 210
59390 286
59400 627
59410 342
59420 325
59430 338
59440 208
59450 657
59460 412
59470 362
59480 541
59490 617
59500 518
59510 538
59520 217
59530 234
59540 86
59550 99
59560 65
59570 37
59580 194
59590 234
59600 161
59610 398
59620 487
59630 420
59640 124
59650 133
59660 186
59670 143
59680 398
59690 271
59700 118
59710 150
59720 155
59730 365
59740 252
59750 176
59760 10
59770 200
59780 179
59790 129
59800 101
59810 183
59820 326
59830 250
59840 339
59850 193
59860 173
59870 107
59880 206
59890 291
59900 89
59910 177
59920 65
59930 301
59940 205
59950 176
59960 128
59970 63
59980 56
59990 77
60000 102
60010 147
60020 253
60030 64
60040 135
60050 115
60060 188
60070 110
60080 41
60090 72
60100 38
60110 122
60120 63
60130 273
60140 232
60150 244
60160 245
60170 88
60180 231
60190 167
60200 357
60210 215
60220 155
60230 153
60240 256
60250 158
60260 33
60270 44
60280 38
60290 259
60300 187
60310 152
60320 254
60330 197
60340 137
60350 36
60360 116
60370 20
60380 41
60390 93
60400 83
60410 152
60420 15
60430 70
60440 11
60450 174
60460 250
60470 432
60480 425
60490 172
60500 332
60510 258
60520 402
60530 587
60540 522
60550 452
60560 317
60570 216
60580 230
60590 199
60600 158
60610 60
60620 24
60630 29
60640 283
60650 267
60660 197
60670 30
60680 58
60690 37
60700 61
60710 189
60720 114
60730 115
60740 260
60750 239
60760 191
60770 245
60780 141
60790 290
60800 602
60810 190
60820 309
60830 221
60840 38
60850 22
60860 87
60870 17
60880 5
60890 3
60900 26
60910 40
60920 80
60930 33
60940 80
60950 24
60960 87
60970 74
60980 182
60990 281
61000 269
61010 412
61020 143
61030 220
61040 136
61050 176
61060 111
61070 240
61080 168
61090 190
61100 243
61110 337
61120 330
61130 666
61140 592
61150 446
61160 587
61170 588
61180 758
61190 770
61200 671
61210 711
61220 256
61230 283
61240 405
61250 175
61260 94
61270 285
61280 428
61290 425
61300 478
61310 501
61320 375
61330 369
61340 328
61350 416
61360 442
61370 705
61380 560
61390 347
61400 346
61410 360
61420 344
61430 152
61440 134
61450 123
61460 101
61470 168
61480 353
61490 370
61500 133
61510 107
61520 73
61530 18
61540 101
61550 118
61560 251
61570 220
61580 135
61590 30
61600 56
61610 166
61620 131
61630 154
61640 243
61650 233
61660 56
61670 129
61680 185
61690 199
61700 147
61710 230
61720 68
61730 477
61740 279
61750 78
61760 46
61770 80
61780 43
61790 148
61800 10
61810 8
61820 51
61830 6
61840 0
61850 0
61860 9
61870 40
61880 7
61890 0
61900 0
61910 1
61920 1
61930 7
61940 29
61950 16
61960 0
61970 0
61980 0
61990 0
62000 5
62010 8
62020 0
62030 0
62040 0
62050 0
62060 0
62070 0
62080 0
62090 0
62100 0
62110 0
62120 0
62130 0
62140 0
62150 0
62160 0
62170 0
62180 10
62190 16
62200 0
62210 1
62220 2
62230 50
62240 36
62250 34
62260 7
62270 2
62280 0
62290 1
62300 0
62310 0
62320 0
62330 0
62340 0
62350 0
62360 0
62370 0
62380 1
62390 19
62400 23
62410 2
62420 0
62430 1
62440 2
62450 0
62460 1
62470 23
62480 10
62490 14
62500 171
62510 19
62520 0
62530 18
62540 3
62550 3
62560 32
62570 17
62580 16
62590 23
62600 91
62610 120
62620 115
62630 227
62640 49
62650 114
62660 170
62670 74
62680 76
62690 118
62700 78
62710 88
62720 62
62730 178
62740 411
62750 198
62760 293
62770 380
62780 327
62790 173
62800 104
62810 73
62820 134
62830 138
62840 56
62850 35
62860 6
62870 79
62880 28
62890 11
62900 5
62910 5
62920 60
62930 30
62940 5
62950 26
62960 48
62970 33
62980 1
62990 0
63000 0
63010 0
63020 3
63030 43
63040 13
63050 35
63060 6
63070 0
63080 0
63090 0
63100 2
63110 0
63120 0
63130 0
63140 0
63150 0
63160 0
63170 0
63180 0
63190 1
63200 0
63210 0
63220 0
63230 6
63240 0
63250 0
63260 0
63270 0
63280 0
63290 0
63300 0
63310 0
63320 0
63330 0
63340 0
63350 0
63360 0
63370 0
63380 1
63390 30
63400 0
63410 0
63420 0
63430 0
63440 0
63450 0
63460 0
63470 0
63480 0
63490 0
63500 0
63510 0
63520 0
63530 0
63540 0
63550 0
63560 0
63570 0
63580 0
63590 0
63600 0
63610 0
63620 0
63630 0
63640 0
63650 0
63660 0
63670 0
63680 4
63690 0
63700 0
63710 0
63720 0
63730 0
63740 0
63750 0
63760 0
63770 0
63780 0
63790 0
63800 0
63810 0
63820 0
63830 0
63840 1
63850 6
63860 0
63870 0
63880 0
63890 0
63900 22
63910 0
63920 0
63930 0
63940 5
63950 0
63960 0
63970 12
63980 0
63990 0
64000 0
64010 27
64020 2
64030 0
64040 0
64050 0
64060 3
64070 2
64080 5
64090 2
64100 6
64110 4
64120 4
64130 9
64140 57
64150 47
64160 147
64170 79
64180 81
64190 241
64200 372
64210 203
64220 326
64230 392
64240 366
64250 148
64260 234
64270 406
64280 348
64290 275
64300 11
64310 65
64320 136
64330 201
64340 315
64350 300
64360 352
64370 66
64380 51
64390 77
64400 92
64410 259
64420 222
64430 203
64440 54
64450 39
64460 78
64470 28
64480 27
64490 31
64500 17
64510 0
64520 0
64530 17
64540 0
64550 20
64560 0
64570 0
64580 0
64590 79
64600 29
64610 3
64620 0
64630 0
64640 0
64650 32
64660 93
64670 228
64680 150
64690 66
64700 462
64710 321
64720 213
64730 73
64740 238
64750 186
64760 205
64770 218
64780 288
64790 194
64800 277
64810 176
64820 135
64830 102
64840 119
64850 182
64860 307
64870 267
64880 397
64890 268
64900 288
64910 268
64920 427
64930 374
64940 438
64950 228
64960 324
64970 199
64980 432
64990 215
65000 301
65010 417
65020 350
65030 378
65040 325
65050 340
65060 418
65070 333
65080 447
65090 394
65100 403
65110 428
65120 290
65130 407
65140 348
65150 371
65160 499
65170 506
65180 290
65190 293
65200 160
65210 453
65220 310
65230 446
65240 532
65250 507
65260 503
65270 548
65280 333
65290 326
65300 365
65310 381
65320 383
65330 197
65340 362
65350 201
65360 99
65370 37
65380 398
65390 156
65400 457
65410 532
65420 527
65430 395
65440 295
65450 185
65460 140
65470 240
65480 177
65490 157
65500 276
65510 339
65520 189
65530 114
65540 48
65550 110
65560 143
65570 184
65580 149
65590 112
65600 316
65610 381
65620 295
65630 419
65640 221
65650 310
65660 280
65670 454
65680 443
65690 178
65700 119
65710 174
65720 137
65730 367
65740 443
65750 261
65760 485
65770 410
65780 117
65790 64
65800 96
65810 104
65820 69
65830 38
65840 22
65850 54
65860 32
65870 94
65880 21
65890 55
65900 3
65910 9
65920 41
65930 74
65940 141
65950 263
65960 293
65970 253
65980 376
65990 128
66000 232
66010 229
66020 229
66030 280
66040 311
66050 265
66060 275
66070 306
66080 304
66090 252
66100 294
66110 140
66120 160
66130 121
66140 120
66150 60
66160 147
66170 115
66180 134
66190 106
66200 210
66210 291
66220 144
66230 227
66240 356
66250 356
66260 255
66270 337
66280 307
66290 244
66300 394
66310 305
66320 372
66330 282
66340 394
66350 325
66360 325
66370 394
66380 293
66390 341
66400 324
66410 344
66420 119
66430 260
66440 267
66450 256
66460 237
66470 297
66480 88
66490 0
66500 29
66510 162
66520 185
66530 106
66540 256
66550 218
66560 132
66570 134
66580 65
66590 2
66600 55
66610 8
66620 0
66630 2
66640 0
66650 9
66660 54
66670 3
66680 16
66690 31
66700 114
66710 75
66720 241
66730 292
66740 332
66750 82
66760 90
66770 164
66780 212
66790 130
66800 88
66810 319
66820 89
66830 11
66840 11
66850 1
66860 74
66870 64
66880 25
66890 86
66900 211
66910 96
66920 86
66930 21
66940 0
66950 19
66960 1
66970 3
66980 5
66990 5
67000 5
67010 11
67020 17
67030 13
67040 6
67050 0
67060 0
67070 0
67080 0
67090 5
67100 22
67110 2
67120 40
67130 23
67140 33
67150 1
67160 0
67170 0
67180 0
67190 0
67200 0
67210 0
67220 0
67230 0
67240 0
67250 0
67260 0
67270 0
67280 0
67290 0
67300 0
67310 0
67320 0
67330 0
67340 0
67350 0
67360 0
67370 0
67380 0
67390 0
67400 0
67410 0
67420 0
67430 0
67440 0
67450 0
67460 0
67470 0
67480 0
67490 0
67500 1
67510 0
67520 0
67530 0
67540 0
67550 0
67560 2
67570 3
67580 0
67590 0
67600 0
67610 6
67620 1
67630 0
67640 0
67650 0
67660 0
67670 0
67680 0
67690 0
67700 0
67710 0
67720 0
67730 0
67740 0
67750 0
67760 0
67770 0
67780 0
67790 0
67800 0
67810 0
67820 0
67830 0
67840 0
67850 3
67860 0
67870 0
67880 0
67890 0
67900 0
67910 0
67920 0
67930 0
67940 0
67950 0
67960 0
67970 0
67980 0
67990 0
68000 0
68010 0
68020 0
68030 0
68040 0
68050 0
68060 0
68070 0
68080 0
68090 0
68100 0
68110 0
68120 0
68130 0
68140 0
68150 0
68160 0
68170 0
68180 0
68190 0
68200 0
68210 0
68220 0
68230 0
68240 0
68250 0
68260 0
68270 0
68280 0
68290 0
68300 0
68310 0
68320 1
68330 0
68340 0
68350 0
68360 0
68370 0
68380 0
68390 0
68400 0
68410 0
68420 0
68430 0
68440 0
68450 0
68460 0
68470 0
68480 0
68490 0
68500 0
68510 0
68520 0
68530 0
68540 0
68550 0
68560 0
68570 0
68580 0
68590 0
68600 0
68610 0
68620 0
68630 0
68640 0
68650 0
68660 0
68670 0
68680 0
68690 0
68700 0
68710 0
68720 0
68730 0
68740 0
68750 0
68760 0
68770 0
68780 0
68790 0
68800 0
68810 0
68820 0
68830 0
68840 0
68850 0
68860 0
68870 0
68880 0
68890 0
68900 0
68910 0
68920 0
68930 0
68940 0
68950 0
68960 0
68970 0
68980 0
68990 0
69000 0
69010 0
69020 0
69030 0
69040 0
69050 0
69060 0
69070 0
69080 0
69090 0
69100 0
69110 0
69120 0
69130 0
69140 0
69150 0
69160 0
69170 0
69180 0
69190 0
69200 0
69210 0
69220 0
69230 0
69240 0
69250 0
69260 0
69270 0
69280 0
69290 0
69300 0
69310 0
69320 0
69330 0
69340 0
69350 0
69360 0
69370 0
69380 0
69390 0
69400 0
69410 0
69420 0
69430 2
69440 6
69450 0
69460 9
69470 11
69480 14
69490 46
69500 99
69510 1
69520 8
69530 0
69540 0
69550 7
69560 0
69570 0
69580 0
69590 0
69600 0
69610 1
69620 0
69630 2
69640 12
69650 28
69660 43
69670 41
69680 21
69690 86
69700 92
69710 67
69720 1
69730 0
69740 1
69750 6
69760 0
69770 7
69780 26
69790 61
69800 5
69810 3
69820 51
69830 1
69840 0
69850 0
69860 0
69870 0
69880 0
69890 0
69900 0
69910 0
69920 0
69930 2
69940 199
69950 193
69960 100
69970 55
69980 0
69990 42
70000 0
70010 23
70020 32
70030 54
70040 68
70050 84
70060 93
70070 96
70080 92
70090 25
70100 6
70110 80
70120 55
70130 91
70140 43
70150 113
70160 132
70170 337
70180 425
70190 297
70200 344
70210 330
70220 208
70230 216
70240 340
70250 114
70260 85
70270 107
70280 168
70290 176
70300 76
70310 330
70320 127
70330 236
70340 39
70350 251
70360 333
70370 381
70380 248
70390 208
70400 393
70410 314
70420 306
70430 162
70440 220
70450 144
70460 253
70470 349
70480 282
70490 321
70500 368
70510 308
70520 226
70530 272
70540 265
70550 300
70560 300
70570 171
70580 69
70590 196
70600 250
70610 217
70620 178
70630 220
70640 46
70650 230
70660 328
70670 250
70680 256
70690 365
70700 224
70710 24
70720 64
70730 274
70740 108
70750 178
70760 379
70770 386
70780 248
70790 214
70800 157
70810 49
70820 10
70830 87
70840 135
70850 105
70860 149
70870 178
70880 284
70890 277
70900 444
70910 167
70920 159
70930 176
70940 40
70950 0
70960 11
70970 5
70980 0
70990 2
71000 0
71010 1
71020 0
71030 8
71040 195
71050 136
71060 255
71070 589
71080 638
71090 100
71100 88
71110 147
71120 40
71130 311
71140 121
71150 145
71160 8
71170 28
71180 6
71190 76
71200 233
71210 283
71220 218
71230 210
71240 247
71250 147
71260 114
71270 180
71280 70
71290 201
71300 39
71310 69
71320 83
71330 50
71340 186
71350 218
71360 150
71370 5
71380 20
71390 88
71400 94
71410 158
71420 123
71430 47
71440 158
71450 203
71460 59
71470 107
71480 4
71490 10
71500 172
71510 103
71520 46
71530 150
71540 43
71550 48
71560 7
71570 73
71580 19
71590 144
71600 171
71610 355
71620 366
71630 390
71640 232
71650 169
71660 202
71670 192
71680 122
71690 203
71700 171
71710 149
71720 208
71730 413
71740 400
71750 219
71760 216
71770 309
71780 239
71790 439
71800 620
71810 591
71820 392
71830 376
71840 523
71850 389
71860 543
71870 283
71880 286
71890 350
71900 544
71910 389
71920 281
71930 321
71940 210
71950 165
71960 166
71970 130
71980 119
71990 140
72000 31
72010 0
72020 40
72030 46
72040 107
72050 85
72060 42
72070 9
72080 82
72090 34
72100 200
72110 66
72120 65
72130 148
72140 338
72150 474
72160 398
72170 283
72180 306
72190 445
72200 305
72210 290
72220 354
72230 396
72240 468
72250 251
72260 203
72270 313
72280 574
72290 566
72300 387
72310 505
72320 515
72330 529
72340 385
72350 282
72360 202
72370 36
72380 243
72390 236
72400 359
72410 182
72420 100
72430 26
72440 84
72450 65
72460 60
72470 21
72480 57
72490 1
72500 59
72510 36
72520 22
72530 76
72540 112
72550 16
72560 13
72570 1
72580 1
72590 4
72600 0
72610 0
72620 29
72630 1
72640 0
72650 0
72660 10
72670 0
72680 16
72690 6
72700 29
72710 152
72720 390
72730 251
72740 306
72750 184
72760 264
72770 294
72780 285
72790 327
72800 331
72810 404
72820 409
72830 283
72840 298
72850 214
72860 173
72870 245
72880 202
72890 135
72900 132
72910 26
72920 102
72930 135
72940 88
72950 130
72960 254
72970 207
72980 253
72990 342
73000 468
73010 372
73020 441
73030 338
73040 308
73050 330
73060 207
73070 302
73080 350
73090 342
73100 402
73110 671
73120 445
73130 558
73140 592
73150 519
73160 606
73170 619
73180 469
73190 374
73200 474
73210 498
73220 512
73230 714
73240 669
73250 732
73260 799
73270 569
73280 924
73290 681
73300 358
73310 348
73320 215
73330 248
73340 341
73350 314
73360 439
73370 297
73380 316
73390 336
73400 57
73410 298
73420 359
73430 62
73440 206
73450 183
73460 195
73470 342
73480 191
73490 154
73500 267
73510 330
73520 338
73530 244
73540 516
73550 580
73560 528
73570 553
73580 545
73590 342
73600 348
73610 287
73620 334
73630 336
73640 239
73650 257
73660 201
73670 346
73680 308
73690 338
73700 272
73710 292
73720 286
73730 243
73740 272
73750 477
73760 406
73770 473
73780 425
73790 240
73800 110
73810 157
73820 174
73830 109
73840 108
73850 221
73860 105
73870 207
73880 187
73890 180
73900 260
73910 101
73920 300
73930 502
73940 453
73950 551
73960 573
73970 431
73980 467
73990 578
74000 587
74010 541
74020 524
74030 479
74040 338
74050 596
74060 384
74070 490
74080 437
74090 426
74100 282
74110 491
74120 535
74130 343
74140 467
74150 394
74160 469
74170 182
74180 247
74190 335
74200 280
74210 297
74220 296
74230 244
74240 354
74250 695
74260 540
74270 453
74280 436
74290 440
74300 436
74310 454
74320 514
74330 450
74340 551
74350 567
74360 568
74370 439
74380 486
74390 312
74400 102
74410 93
74420 161
74430 119
74440 199
74450 152
74460 179
74470 105
74480 18
74490 21
74500 40
74510 15
74520 3
74530 19
74540 89
74550 20
74560 10
74570 71
74580 49
74590 21
74600 22
74610 74
74620 40
74630 62
74640 218
74650 116
74660 104
74670 77
74680 71
74690 50
74700 49
74710 117
74720 163
74730 205
74740 86
74750 167
74760 202
74770 235
74780 139
74790 69
74800 104
74810 150
74820 124
74830 114
74840 58
74850 37
74860 71
74870 8
74880 15
74890 5
74900 5
74910 0
74920 0
74930 0
74940 8
74950 0
74960 0
74970 0
74980 0
74990 0
75000 8
75010 0
75020 8
75030 13
75040 17
75050 46
75060 71
75070 47
75080 7
75090 59
75100 36
75110 3
75120 4
75130 8
75140 1
75150 0
75160 1
75170 0
75180 0
75190 0
75200 0
75210 0
75220 0
75230 0
75240 0
75250 6
75260 31
75270 9
75280 19
75290 18
75300 9
75310 0
75320 8
75330 18
75340 3
75350 14
75360 8
75370 3
75380 0
75390 0
75400 0
75410 0
75420 4
75430 0
75440 4
75450 1
75460 3
75470 6
75480 11
75490 11
75500 0
75510 0
75520 0
75530 19
75540 6
75550 2
75560 13
75570 2
75580 6
75590 2
75600 21
75610 33
75620 143
75630 27
75640 48
75650 245
75660 285
75670 274
75680 287
75690 244
75700 357
75710 153
75720 146
75730 156
75740 388
75750 342
75760 605
75770 480
75780 383
75790 477
75800 496
75810 490
75820 398
75830 455
75840 503
75850 374
75860 514
75870 409
75880 310
75890 334
75900 258
75910 17
75920 146
75930 147
75940 211
75950 156
75960 50
75970 63
75980 110
75990 62
76000 35
76010 27
76020 271
76030 156
76040 47
76050 58
76060 73
76070 81
76080 304
76090 285
76100 75
76110 148
76120 224
76130 187
76140 136
76150 169
76160 139
76170 109
76180 92
76190 152
76200 255
76210 141
76220 72
76230 185
76240 189
76250 339
76260 295
76270 415
76280 496
76290 594
76300 343
76310 391
76320 466
76330 417
76340 249
76350 447
76360 376
76370 307
76380 228
76390 248
76400 124
76410 212
76420 117
76430 177
76440 176
76450 263
76460 40
76470 44
76480 3
76490 30
76500 85
76510 90
76520 60
76530 70
76540 0
76550 0
76560 8
76570 17
76580 2
76590 0
76600 6
76610 8
76620 6
76630 3
76640 2
76650 1
76660 29
76670 23
76680 0
76690 0
76700 6
76710 18
76720 3
76730 7
76740 26
76750 68
76760 190
76770 134
76780 169
76790 323
76800 208
76810 296
76820 322
76830 227
76840 302
76850 218
76860 215
76870 273
76880 107
76890 325
76900 201
76910 182
76920 227
76930 246
76940 174
76950 129
76960 217
76970 380
76980 335
76990 173
77000 266
77010 342
77020 472
77030 221
77040 257
77050 384
77060 440
77070 299
77080 217
77090 193
77100 89
77110 118
77120 63
77130 177
77140 136
77150 176
77160 211
77170 234
77180 373
77190 557
77200 602
77210 462
77220 253
77230 195
77240 381
77250 259
77260 328
77270 293
77280 509
77290 208
77300 177
77310 131
77320 202
77330 238
77340 295
77350 474
77360 357
77370 366
77380 375
77390 330
77400 312
77410 289
77420 243
77430 117
77440 250
77450 290
77460 332
77470 663
77480 455
77490 593
77500 213
77510 285
77520 306
77530 372
77540 260
77550 108
77560 302
77570 199
77580 320
77590 186
77600 220
77610 498
77620 275
77630 416
77640 295
77650 134
77660 260
77670 299
77680 301
77690 419
77700 425
77710 287
77720 315
77730 243
77740 310
77750 306
77760 150
77770 291
77780 300
77790 260
77800 606
77810 587
77820 528
77830 725
77840 846
77850 723
77860 829
77870 779
77880 965
77890 1092
77900 1090
77910 1254
77920 1309
77930 1076
77940 537
77950 419
77960 489
77970 873
77980 834
77990 972
78000 996
78010 766
78020 731
78030 453
78040 529
78050 438
78060 395
78070 417
78080 262
78090 149
78100 128
78110 58
78120 183
78130 287
78140 345
78150 230
78160 322
78170 311
78180 438
78190 342
78200 238
78210 260
78220 346
78230 361
78240 261
78250 301
78260 194
78270 74
78280 82
78290 461
78300 450
78310 368
78320 266
78330 358
78340 409
78350 496
78360 539
78370 461
78380 327
78390 491
78400 548
78410 507
78420 527
78430 492
78440 389
78450 363
78460 632
78470 553
78480 706
78490 856
78500 767
78510 830
78520 695
78530 620
78540 646
78550 596
78560 796
78570 731
78580 743
78590 771
78600 712
78610 840
78620 838
78630 599
78640 612
78650 404
78660 894
78670 1144
78680 993
78690 788
78700 741
78710 356
78720 245
78730 333
78740 289
78750 582
78760 449
78770 647
78780 290
78790 663
78800 809
78810 779
78820 753
78830 517
78840 786
78850 623
78860 618
78870 589
78880 547
78890 673
78900 533
78910 457
78920 333
78930 253
78940 314
78950 447
78960 657
78970 718
78980 569
78990 527
79000 368
79010 362
79020 543
79030 429
79040 820
79050 779
79060 723
79070 564
79080 300
79090 349
79100 86
79110 65
79120 69
79130 213
79140 367
79150 475
79160 470
79170 573
79180 610
79190 544
79200 549
79210 388
79220 200
79230 370
79240 355
79250 408
79260 338
79270 372
79280 363
79290 232
79300 323
79310 204
79320 267
79330 479
79340 456
79350 388
79360 291
79370 155
79380 294
79390 648
79400 365
79410 459
79420 539
79430 401
79440 425
79450 341
79460 595
79470 542
79480 367
79490 435
79500 827
79510 867
79520 872
79530 573
79540 473
79550 787
79560 666
79570 371
79580 343
79590 214
79600 239
79610 222
79620 357
79630 233
79640 403
79650 278
79660 329
79670 294
79680 365
79690 309
79700 222
79710 342
79720 192
79730 316
79740 159
79750 167
79760 326
79770 324
79780 313
79790 339
79800 272
79810 244
79820 278
79830 239
79840 145
79850 362
79860 495
79870 644
79880 639
79890 491
79900 498
79910 969
79920 924
79930 329
79940 230
79950 464
79960 350
79970 462
79980 253
79990 207
80000 252
80010 198
80020 307
80030 425
80040 452
80050 583
80060 490
80070 336
80080 273
80090 439
80100 323
80110 424
80120 471
80130 448
80140 343
80150 410
80160 321
80170 599
80180 448
80190 414
80200 514
80210 706
80220 635
80230 743
80240 580
80250 558
80260 590
80270 481
80280 380
80290 316
80300 333
80310 262
80320 294
80330 115
80340 278
80350 256
80360 415
80370 396
80380 390
80390 351
80400 302
80410 273
80420 239
80430 132
80440 238
80450 75
80460 315
80470 54
80480 93
80490 102
80500 145
80510 56
80520 66
80530 96
80540 291
80550 144
80560 130
80570 67
80580 133
80590 175
80600 69
80610 70
80620 204
80630 428
80640 568
80650 738
80660 422
80670 537
80680 740
80690 673
80700 696
80710 557
80720 301
80730 140
80740 311
80750 340
80760 45
80770 122
80780 61
80790 212
80800 293
80810 362
80820 261
80830 300
80840 254
80850 159
80860 191
80870 287
80880 584
80890 770
80900 972
80910 1074
80920 1194
80930 1041
80940 685
80950 748
80960 843
80970 1011
80980 279
80990 238
81000 312
81010 515
81020 364
81030 516
81040 737
81050 189
81060 246
81070 200
81080 157
81090 283
81100 148
81110 240
81120 87
81130 251
81140 379
81150 803
81160 629
81170 326
81180 527
81190 333
81200 227
81210 356
81220 216
81230 83
81240 409
81250 367
81260 305
81270 385
81280 340
81290 332
81300 301
81310 55
81320 443
81330 588
81340 444
81350 311
81360 405
81370 378
81380 432
81390 412
81400 289
81410 385
81420 370
81430 495
81440 484
81450 406
81460 676
81470 732
81480 756
81490 956
81500 967
81510 882
81520 864
81530 817
81540 941
81550 964
81560 957
81570 1020
81580 868
81590 598
81600 443
81610 361
81620 480
81630 441
81640 383
81650 1047
81660 1228
81670 1211
81680 1477
81690 1560
81700 1842
81710 1963
81720 1664
81730 1493
81740 1510
81750 1268
81760 1456
81770 1418
81780 1267
81790 1300
81800 1365
81810 1267
81820 1363
81830 1242
81840 1310
81850 1281
81860 1323
81870 1331
81880 1197
81890 1190
81900 1354
81910 1277
81920 1426
81930 1340
81940 1197
81950 1134
81960 1135
81970 950
81980 1021
81990 1300
82000 1124
82010 758
82020 808
82030 876
82040 594
82050 1186
82060 1101
82070 1150
82080 1159
82090 1347
82100 1124
82110 986
82120 411
82130 757
82140 649
82150 779
82160 812
82170 465
82180 429
82190 227
82200 191
82210 459
82220 508
82230 887
82240 601
82250 474
82260 419
82270 542
82280 139
82290 392
82300 590
82310 306
82320 428
82330 111
82340 341
82350 773
82360 828
82370 906
82380 723
82390 805
82400 724
82410 756
82420 1098
82430 745
82440 798
82450 858
82460 867
82470 845
82480 676
82490 785
82500 675
82510 647
82520 277
82530 536
82540 412
82550 283
82560 456
82570 273
82580 400
82590 416
82600 494
82610 356
82620 307
82630 395
82640 383
82650 530
82660 514
82670 547
82680 365
82690 290
82700 409
82710 388
82720 218
82730 127
82740 168
82750 153
82760 187
82770 276
82780 201
82790 402
82800 182
82810 367
82820 125
82830 229
82840 210
82850 437
82860 258
82870 448
82880 275
82890 229
82900 181
82910 340
82920 406
82930 645
82940 573
82950 712
82960 657
82970 715
82980 602
82990 740
83000 728
83010 693
83020 737
83030 438
83040 664
83050 684
83060 657
83070 490
83080 434
83090 383
83100 191
83110 246
83120 293
83130 127
83140 134
83150 149
83160 130
83170 73
83180 97
83190 335
83200 461
83210 423
83220 562
83230 797
83240 649
83250 570
83260 494
83270 433
83280 406
83290 500
83300 329
83310 514
83320 499
83330 875
83340 918
83350 1051
83360 995
83370 766
83380 938
83390 833
83400 863
83410 807
83420 435
83430 643
83440 516
83450 430
83460 1042
83470 692
83480 701
83490 774
83500 716
83510 607
83520 773
83530 763
83540 671
83550 688
83560 775
83570 792
83580 754
83590 838
83600 754
83610 755
83620 613
83630 805
83640 673
83650 1198
83660 1086
83670 1112
83680 1049
83690 960
83700 1147
83710 1186
83720 1137
83730 1163
83740 1111
83750 907
83760 1052
83770 975
83780 965
83790 810
83800 911
83810 903
83820 1090
83830 982
83840 934
83850 1021
83860 935
83870 1164
83880 1134
83890 1242
83900 1121
83910 1057
83920 1089
83930 1214
83940 1121
83950 1274
83960 1560
83970 1458
83980 1398
83990 1329
84000 1114
84010 1171
84020 1132
84030 1015
84040 1078
84050 1270
84060 1152
84070 1266
84080 1123
84090 1261
84100 1314
84110 1282
84120 1213
84130 1040
84140 1137
84150 1153
84160 1192
84170 1234
84180 974
84190 1116
84200 1088
84210 1140
84220 1009
84230 1120
84240 1174
84250 1219
84260 1071
84270 1095
84280 1056
84290 1052
84300 1162
84310 1184
84320 1160
84330 1247
84340 1191
84350 1347
84360 1224
84370 1416
84380 1442
84390 1264
84400 1335
84410 1176
84420 1205
84430 1212
84440 1339
84450 1373
84460 1443
84470 1226
84480 1291
84490 1147
84500 1268
84510 1422
84520 1211
84530 1168
84540 1223
84550 1187
84560 1137
84570 1235
84580 1131
84590 1005
84600 939
84610 741
84620 823
84630 643
84640 685
84650 880
84660 910
84670 1060
84680 936
84690 743
84700 934
84710 950
84720 850
84730 840
84740 850
84750 900
84760 934
84770 946
84780 792
84790 726
84800 705
84810 854
84820 868
84830 858
84840 895
84850 972
84860 916
84870 605
84880 757
84890 603
84900 730
84910 704
84920 827
84930 666
84940 791
84950 641
84960 956
84970 749
84980 898
84990 1005
85000 1141
85010 1155
85020 1165
85030 1253
85040 1118
85050 1026
85060 1181
85070 977
85080 1180
85090 1132
85100 1065
85110 1036
85120 1217
85130 1094
85140 1038
85150 893
85160 1020
85170 865
85180 1010
85190 983
85200 633
85210 592
85220 881
85230 777
85240 680
85250 808
85260 972
85270 745
85280 569
85290 841
85300 515
85310 509
85320 1046
85330 1073
85340 903
85350 743
85360 999
85370 877
85380 557
85390 1048
85400 1009
85410 1095
85420 1068
85430 849
85440 879
85450 613
85460 644
85470 647
85480 618
85490 1025
85500 457
85510 332
85520 370
85530 516
85540 328
85550 312
85560 587
85570 592
85580 308
85590 312
85600 211
85610 106
85620 26
85630 117
85640 133
85650 90
85660 65
85670 14
85680 72
85690 270
85700 302
85710 246
85720 70
85730 141
85740 163
85750 113
85760 14
85770 144
85780 190
85790 128
85800 234
85810 505
85820 289
85830 257
85840 185
85850 110
85860 50
85870 52
85880 4
85890 70
85900 208
85910 353
85920 247
85930 264
85940 391
85950 312
85960 321
85970 328
85980 262
85990 229
86000 233
86010 299
86020 15
86030 3
86040 93
86050 90
86060 100
86070 161
86080 110
86090 98
86100 265
86110 240
86120 258
86130 287
86140 341
86150 281
86160 401
86170 464
86180 519
86190 396
86200 241
86210 360
86220 256
86230 27
86240 124
86250 29
86260 0
86270 10
86280 19
86290 2
86300 5
86310 76
86320 24
86330 7
86340 79
86350 39
86360 0
86370 8
86380 37
86390 58
86400 37
86410 26
86420 12
86430 41
86440 21
86450 119
86460 119
86470 62
86480 9
86490 1
86500 29
86510 5
86520 12
86530 18
86540 4
86550 1
86560 1
86570 1
86580 2
86590 0
86600 0
86610 0
86620 2
86630 3
86640 6
86650 12
86660 79
86670 21
86680 136
86690 59
86700 22
86710 0
86720 152
86730 210
86740 194
86750 70
86760 54
86770 170
86780 33
86790 21
86800 33
86810 312
86820 234
86830 151
86840 103
86850 51
86860 84
86870 103
86880 345
86890 183
86900 403
86910 221
86920 154
86930 330
86940 74
86950 163
86960 268
86970 132
86980 206
86990 443
87000 219
87010 27
87020 142
87030 138
87040 62
87050 81
87060 158
87070 12
87080 163
87090 24
87100 120
87110 286
87120 497
87130 300
87140 259
87150 136
87160 111
87170 174
87180 293
87190 283
87200 210
87210 74
87220 60
87230 86
87240 84
87250 107
87260 152
87270 254
87280 109
87290 160
87300 84
87310 45
87320 112
87330 39
87340 56
87350 122
87360 162
87370 326
87380 296
87390 361
87400 528
87410 587
87420 715
87430 609
87440 487
87450 704
87460 466
87470 342
87480 462
87490 498
87500 375
87510 840
87520 796
87530 514
87540 453
87550 652
87560 403
87570 581
87580 597
87590 630
87600 261
87610 145
87620 43
87630 231
87640 304
87650 235
87660 261
87670 622
87680 269
87690 50
87700 170
87710 297
87720 115
87730 7
87740 112
87750 162
87760 200
87770 245
87780 274
87790 312
87800 272
87810 114
87820 80
87830 10
87840 40
87850 70
87860 42
87870 44
87880 27
87890 4
87900 57
87910 43
87920 9
87930 7
87940 128
87950 193
87960 288
87970 226
87980 223
87990 195
88000 75
88010 175
88020 129
88030 233
88040 236
88050 202
88060 492
88070 484
88080 433
88090 422
88100 516
88110 455
88120 521
88130 267
88140 561
88150 689
88160 445
88170 429
88180 423
88190 538
88200 527
88210 560
88220 268
88230 177
88240 52
88250 79
88260 29
88270 158
88280 176
88290 129
88300 8
88310 227
88320 357
88330 79
88340 104
88350 62
88360 67
88370 7
88380 1
88390 0
88400 0
88410 2
88420 0
88430 0
88440 0
88450 0
88460 0
88470 0
88480 0
88490 4
88500 83
88510 8
88520 21
88530 0
88540 1
88550 12
88560 0
88570 1
88580 0
88590 0
88600 8
88610 7
88620 0
88630 0
88640 15
88650 2
88660 11
88670 0
88680 56
88690 3
88700 4
88710 4
88720 7
88730 0
88740 0
88750 0
88760 0
88770 0
88780 0
88790 0
88800 0
88810 0
88820 0
88830 0
88840 39
88850 0
88860 8
88870 0
88880 45
88890 127
88900 1
88910 4
88920 1
88930 0
88940 0
88950 0
88960 0
88970 0
88980 0
88990 0
89000 16
89010 1
89020 1
89030 55
89040 44
89050 18
89060 0
89070 27
89080 71
89090 0
89100 5
89110 3
89120 0
89130 0
89140 0
89150 0
89160 0
89170 0
89180 0
89190 0
89200 0
89210 0
89220 0
89230 0
89240 0
89250 0
89260 0
89270 0
89280 0
89290 0
89300 0
89310 0
89320 0
89330 0
89340 0
89350 0
89360 0
89370 0
89380 0
89390 0
89400 0
89410 0
89420 0
89430 0
89440 0
89450 0
89460 0
89470 0
89480 0
89490 0
89500 0
89510 0
89520 0
89530 0
89540 0
89550 0
89560 0
89570 0
89580 0
89590 0
89600 0
89610 0
89620 0
89630 0
89640 0
89650 0
89660 0
89670 0
89680 0
89690 0
89700 0
89710 0
89720 0
89730 0
89740 0
89750 0
89760 0
89770 0
89780 0
89790 0
89800 0
89810 0
89820 0
89830 0
89840 0
89850 0
89860 0
89870 0
89880 0
89890 0
89900 0
89910 0
89920 60
89930 18
89940 0
89950 0
89960 0
89970 0
89980 0
89990 0
90000 0
90010 1
90020 1
90030 0
90040 0
90050 0
90060 0
90070 0
90080 0
90090 0
90100 0
90110 0
90120 0
90130 0
90140 0
90150 0
90160 0
90170 0
90180 0
90190 0
90200 0
90210 0
90220 0
90230 0
90240 0
90250 0
90260 0
90270 0
90280 0
90290 0
90300 0
90310 0
90320 0
90330 0
90340 0
90350 0
90360 0
90370 0
90380 0
90390 0
90400 0
90410 0
90420 0
90430 0
90440 0
90450 0
90460 0
90470 0
90480 0
90490 0
90500 0
90510 0
90520 0
90530 0
90540 0
90550 0
90560 0
90570 0
90580 0
90590 0
90600 0
90610 0
90620 0
90630 0
90640 0
90650 0
90660 0
90670 0
90680 0
90690 0
90700 0
90710 0
90720 0
90730 0
90740 0
90750 0
90760 0
90770 0
90780 0
90790 0
90800 0
90810 0
90820 0
90830 0
90840 0
90850 0
90860 0
90870 0
90880 0
90890 0
90900 0
90910 0
90920 0
90930 0
90940 0
90950 0
90960 0
90970 0
90980 0
90990 0
91000 0
91010 0
91020 0
91030 0
91040 0
91050 0
91060 0
91070 0
91080 0
91090 0
91100 0
91110 0
91120 0
91130 0
91140 0
91150 0
91160 0
91170 0
91180 0
91190 0
91200 0
91210 0
91220 0
91230 0
91240 0
91250 0
91260 0
91270 0
91280 0
91290 0
91300 0
91310 0
91320 0
91330 0
91340 0
91350 0
91360 0
91370 0
91380 0
91390 0
91400 0
91410 0
91420 0
91430 0
91440 0
91450 0
91460 0
91470 0
91480 0
91490 0
91500 0
91510 0
91520 0
91530 0
91540 0
91550 0
91560 0
91570 0
91580 0
91590 0
91600 0
91610 0
91620 0
91630 0
91640 0
91650 0
91660 0
91670 0
91680 0
91690 0
91700 0
91710 0
91720 0
91730 0
91740 0
91750 0
91760 0
91770 0
91780 0
91790 0
91800 0
91810 0
91820 0
91830 0
91840 0
91850 0
91860 0
91870 0
91880 0
91890 0
91900 0
91910 0
91920 0
91930 0
91940 0
91950 0
91960 0
91970 0
91980 0
91990 0
92000 0
92010 0
92020 0
92030 0
92040 0
92050 0
92060 0
92070 0
92080 0
92090 0
92100 0
92110 0
92120 0
92130 0
92140 0
92150 0
92160 0
92170 0
92180 0
92190 0
92200 0
92210 0
92220 0
92230 0
92240 0
92250 0
92260 0
92270 0
92280 0
92290 0
92300 0
92310 0
92320 0
92330 0
92340 0
92350 0
92360 0
92370 0
92380 0
92390 0
92400 0
92410 0
92420 0
92430 0
92440 0
92450 0
92460 0
92470 0
92480 0
92490 0
92500 0
92510 0
92520 0
92530 0
92540 0
92550 0
92560 0
92570 0
92580 0
92590 0
92600 0
92610 0
92620 0
92630 0
92640 0
92650 0
92660 0
92670 0
92680 0
92690 0
92700 0
92710 0
92720 0
92730 0
92740 0
92750 0
92760 0
92770 0
92780 0
92790 0
92800 0
92810 0
92820 0
92830 0
92840 0
92850 0
92860 0
92870 0
92880 0
92890 0
92900 0
92910 0
92920 0
92930 0
92940 0
92950 0
92960 0
92970 0
92980 0
92990 0
93000 0
93010 0
93020 0
93030 0
93040 0
93050 0
93060 0
93070 0
93080 0
93090 0
93100 0
93110 0
93120 0
93130 0
93140 0
93150 0
93160 0
93170 0
93180 0
93190 0
93200 0
93210 0
93220 0
93230 0
93240 0
93250 0
93260 0
93270 0
93280 0
93290 0
93300 0
93310 0
93320 0
93330 0
93340 0
93350 0
93360 0
93370 0
93380 0
93390 0
93400 0
93410 0
93420 0
93430 0
93440 0
93450 0
93460 0
93470 0
93480 0
93490 0
93500 0
93510 0
93520 0
93530 0
93540 0
93550 0
93560 0
93570 0
93580 0
93590 0
93600 0
93610 0
93620 0
93630 0
93640 0
93650 0
93660 0
93670 0
93680 0
93690 0
93700 0
93710 0
93720 0
93730 0
93740 0
93750 0
93760 0
93770 0
93780 0
93790 0
93800 0
93810 0
93820 0
93830 0
93840 0
93850 0
93860 0
93870 0
93880 0
93890 0
93900 0
93910 0
93920 0
93930 0
93940 0
93950 0
93960 0
93970 0
93980 0
93990 0
94000 0
94010 0
94020 0
94030 0
94040 0
94050 0
94060 0
94070 0
94080 0
94090 0
94100 0
94110 0
94120 0
94130 0
94140 0
94150 0
94160 0
94170 0
94180 0
94190 0
94200 0
94210 0
94220 0
94230 0
94240 0
94250 0
94260 0
94270 0
94280 0
94290 0
94300 0
94310 0
94320 0
94330 0
94340 0
94350 0
94360 0
94370 0
94380 0
94390 0
94400 0
94410 0
94420 0
94430 0
94440 0
94450 0
94460 0
94470 0
94480 0
94490 0
94500 0
94510 0
94520 0
94530 0
94540 0
94550 0
94560 0
94570 0
94580 0
94590 0
94600 0
94610 0
94620 0
94630 0
94640 0
94650 0
94660 0
94670 0
94680 0
94690 0
94700 0
94710 0
94720 0
94730 0
94740 0
94750 0
94760 0
94770 0
94780 0
94790 0
94800 0
94810 0
94820 0
94830 0
94840 0
94850 0
94860 0
94870 0
94880 0
94890 0
94900 0
94910 0
94920 0
94930 0
94940 0
94950 0
94960 0
94970 0
94980 0
94990 0
95000 0
95010 0
95020 0
95030 0
95040 0
95050 0
95060 0
95070 0
95080 0
95090 0
95100 0
95110 0
95120 0
95130 0
95140 0
95150 0
95160 0
95170 0
95180 0
95190 0
95200 0
95210 0
95220 0
95230 0
95240 0
95250 0
95260 0
95270 0
95280 0
95290 0
95300 0
95310 0
95320 0
95330 0
95340 0
95350 0
95360 0
95370 0
95380 0
95390 0
95400 0
95410 0
95420 0
95430 0
95440 0
95450 0
95460 0
95470 0
95480 0
95490 0
95500 0
95510 0
95520 0
95530 0
95540 0
95550 0
95560 0
95570 0
95580 0
95590 0
95600 0
95610 0
95620 0
95630 0
95640 0
95650 0
95660 0
95670 0
95680 0
95690 0
95700 0
95710 0
95720 0
95730 0
95740 0
95750 0
95760 0
95770 0
95780 0
95790 0
95800 0
95810 0
95820 0
95830 0
95840 0
95850 0
95860 0
95870 0
95880 0
95890 0
95900 0
95910 0
95920 0
95930 0
95940 0
95950 0
95960 0
95970 0
95980 0
95990 0
96000 0
96010 0
96020 0
96030 0
96040 0
96050 0
96060 0
96070 0
96080 0
96090 0
96100 0
96110 0
96120 0
96130 0
96140 0
96150 0
96160 0
96170 0
96180 0
96190 0
96200 0
96210 0
96220 0
96230 0
96240 0
96250 0
96260 0
96270 0
96280 0
96290 0
96300 0
96310 0
96320 0
96330 0
96340 0
96350 0
96360 0
96370 0
96380 0
96390 0
96400 0
96410 0
96420 0
96430 0
96440 0
96450 0
96460 0
96470 0
96480 0
96490 0
96500 0
96510 0
96520 0
96530 0
96540 0
96550 0
96560 0
96570 0
96580 0
96590 0
96600 0
96610 0
96620 0
96630 0
96640 0
96650 0
96660 0
96670 0
96680 0
96690 0
96700 0
96710 0
96720 0
96730 0
96740 0
96750 0
96760 0
96770 0
96780 0
96790 0
96800 0
96810 0
96820 0
96830 0
96840 0
96850 0
96860 0
96870 0
96880 0
96890 0
96900 0
96910 0
96920 0
96930 0
96940 0
96950 0
96960 0
96970 0
96980 0
96990 0
97000 0
97010 0
97020 0
97030 0
97040 0
97050 0
97060 0
97070 0
97080 0
97090 0
97100 0
97110 0
97120 0
97130 0
97140 0
97150 0
97160 0
97170 0
97180 0
97190 0
97200 0
97210 0
97220 0
97230 0
97240 0
97250 0
97260 0
97270 0
97280 0
97290 0
97300 0
97310 0
97320 0
97330 0
97340 0
97350 0
97360 0
97370 0
97380 0
97390 0
97400 0
97410 0
97420 0
97430 0
97440 0
97450 0
97460 0
97470 0
97480 0
97490 0
97500 0
97510 0
97520 0
97530 0
97540 0
97550 0
97560 0
97570 0
97580 0
97590 0
97600 0
97610 0
97620 0
97630 0
97640 0
97650 0
97660 0
97670 0
97680 0
97690 0
97700 0
97710 0
97720 0
97730 0
97740 0
97750 0
97760 0
97770 0
97780 0
97790 0
97800 0
97810 0
97820 0
97830 0
97840 0
97850 0
97860 0
97870 0
97880 0
97890 0
97900 0
97910 0
97920 0
97930 0
97940 0
97950 0
97960 0
97970 0
97980 0
97990 0
98000 0
98010 0
98020 0
98030 0
98040 0
98050 0
98060 0
98070 0
98080 0
98090 0
98100 0
98110 0
98120 0
98130 0
98140 0
98150 0
98160 0
98170 0
98180 0
98190 0
98200 0
98210 0
98220 0
98230 0
98240 0
98250 0
98260 0
98270 0
98280 0
98290 0
98300 0
98310 0
98320 0
98330 0
98340 0
98350 0
98360 0
98370 0
98380 0
98390 0
98400 0
98410 0
98420 0
98430 0
98440 0
98450 0
98460 0
98470 0
98480 0
98490 0
98500 0
98510 0
98520 0
98530 0
98540 0
98550 0
98560 0
98570 0
98580 0
98590 0
98600 0
98610 0
98620 0
98630 0
98640 0
98650 0
98660 0
98670 0
98680 0
98690 0
98700 0
98710 0
98720 0
98730 0
98740 0
98750 0
98760 0
98770 0
98780 0
98790 0
98800 0
98810 0
98820 0
98830 0
98840 0
98850 0
98860 0
98870 0
98880 0
98890 0
98900 0
98910 0
98920 0
98930 0
98940 0
98950 0
98960 0
98970 0
98980 0
98990 0
99000 0
99010 0
99020 0
99030 0
99040 0
99050 0
99060 0
99070 0
99080 0
99090 0
99100 0
99110 0
99120 0
99130 0
99140 0
99150 0
99160 0
99170 0
99180 0
99190 0
99200 0
99210 0
99220 0
99230 0
99240 0
99250 0
99260 0
99270 0
99280 0
99290 0
99300 0
99310 0
99320 0
99330 0
99340 0
99350 0
99360 0
99370 0
99380 0
99390 0
99400 0
99410 0
99420 0
99430 0
99440 0
99450 0
99460 0
99470 0
99480 0
99490 0
99500 0
99510 0
99520 0
99530 0
99540 0
99550 0
99560 0
99570 0
99580 0
99590 0
99600 0
99610 0
99620 0
99630 0
99640 0
99650 0
99660 0
99670 0
99680 0
99690 0
99700 0
99710 0
99720 0
99730 0
99740 0
99750 0
99760 0
99770 0
99780 0
99790 0
99800 0
99810 0
99820 0
99830 0
99840 0
99850 0
99860 0
99870 0
99880 0
99890 0
99900 0
99910 0
99920 0
99930 0
99940 0
99950 0
99960 0
99970 0
99980 0
99990 0
