# Frame Contacts
0 0
10 0
20 0
30 0
40 0
50 0
60 0
70 0
80 0
90 0
100 0
110 0
120 0
130 0
140 0
150 0
160 0
170 0
180 0
190 0
200 0
210 0
220 0
230 0
240 0
250 0
260 0
270 0
280 0
290 0
300 0
310 0
320 0
330 0
340 0
350 0
360 0
370 0
380 0
390 0
400 0
410 0
420 0
430 0
440 0
450 0
460 0
470 0
480 0
490 0
500 0
510 0
520 0
530 0
540 0
550 0
560 0
570 0
580 0
590 0
600 0
610 0
620 0
630 0
640 0
650 0
660 0
670 0
680 0
690 0
700 0
710 0
720 0
730 0
740 0
750 0
760 0
770 0
780 0
790 0
800 0
810 0
820 0
830 0
840 0
850 0
860 0
870 0
880 0
890 0
900 0
910 0
920 0
930 0
940 0
950 0
960 0
970 0
980 0
990 0
1000 0
1010 0
1020 0
1030 0
1040 0
1050 0
1060 0
1070 0
1080 0
1090 0
1100 0
1110 0
1120 0
1130 0
1140 0
1150 0
1160 0
1170 0
1180 0
1190 0
1200 0
1210 0
1220 0
1230 0
1240 0
1250 0
1260 0
1270 0
1280 0
1290 0
1300 0
1310 0
1320 0
1330 0
1340 0
1350 0
1360 0
1370 0
1380 0
1390 0
1400 0
1410 0
1420 0
1430 0
1440 0
1450 0
1460 0
1470 0
1480 0
1490 0
1500 0
1510 0
1520 0
1530 0
1540 0
1550 0
1560 0
1570 0
1580 0
1590 0
1600 0
1610 0
1620 0
1630 0
1640 0
1650 0
1660 0
1670 0
1680 0
1690 0
1700 0
1710 0
1720 0
1730 0
1740 0
1750 0
1760 0
1770 0
1780 0
1790 0
1800 0
1810 0
1820 0
1830 0
1840 0
1850 0
1860 0
1870 0
1880 0
1890 0
1900 0
1910 0
1920 0
1930 0
1940 0
1950 0
1960 0
1970 0
1980 0
1990 0
2000 0
2010 0
2020 0
2030 0
2040 0
2050 0
2060 0
2070 0
2080 0
2090 0
2100 0
2110 0
2120 0
2130 0
2140 0
2150 0
2160 0
2170 0
2180 0
2190 0
2200 0
2210 0
2220 0
2230 0
2240 0
2250 0
2260 0
2270 0
2280 0
2290 0
2300 0
2310 0
2320 0
2330 0
2340 0
2350 0
2360 0
2370 0
2380 0
2390 0
2400 0
2410 0
2420 0
2430 0
2440 0
2450 0
2460 0
2470 0
2480 0
2490 0
2500 0
2510 0
2520 0
2530 0
2540 0
2550 0
2560 0
2570 0
2580 0
2590 0
2600 0
2610 0
2620 0
2630 0
2640 0
2650 0
2660 0
2670 0
2680 0
2690 0
2700 0
2710 0
2720 0
2730 0
2740 0
2750 0
2760 0
2770 0
2780 0
2790 0
2800 0
2810 0
2820 0
2830 0
2840 0
2850 0
2860 0
2870 0
2880 0
2890 0
2900 0
2910 0
2920 0
2930 0
2940 0
2950 0
2960 0
2970 0
2980 0
2990 0
3000 0
3010 0
3020 0
3030 0
3040 0
3050 0
3060 0
3070 0
3080 0
3090 0
3100 0
3110 0
3120 0
3130 0
3140 0
3150 0
3160 0
3170 0
3180 0
3190 0
3200 0
3210 0
3220 0
3230 0
3240 0
3250 0
3260 0
3270 0
3280 0
3290 0
3300 0
3310 0
3320 0
3330 0
3340 0
3350 0
3360 0
3370 0
3380 0
3390 0
3400 0
3410 0
3420 0
3430 0
3440 0
3450 0
3460 0
3470 0
3480 0
3490 0
3500 0
3510 0
3520 0
3530 0
3540 0
3550 0
3560 0
3570 0
3580 0
3590 0
3600 0
3610 0
3620 0
3630 0
3640 0
3650 0
3660 0
3670 0
3680 0
3690 0
3700 0
3710 0
3720 0
3730 0
3740 0
3750 0
3760 0
3770 0
3780 0
3790 0
3800 0
3810 0
3820 0
3830 0
3840 0
3850 0
3860 0
3870 0
3880 0
3890 0
3900 0
3910 0
3920 0
3930 0
3940 0
3950 0
3960 0
3970 0
3980 0
3990 0
4000 0
4010 0
4020 0
4030 0
4040 0
4050 0
4060 0
4070 0
4080 0
4090 0
4100 0
4110 0
4120 0
4130 0
4140 0
4150 0
4160 0
4170 0
4180 0
4190 0
4200 0
4210 0
4220 0
4230 0
4240 0
4250 0
4260 0
4270 0
4280 0
4290 0
4300 0
4310 0
4320 0
4330 0
4340 0
4350 0
4360 0
4370 0
4380 0
4390 0
4400 0
4410 0
4420 0
4430 0
4440 0
4450 0
4460 0
4470 0
4480 0
4490 0
4500 0
4510 0
4520 0
4530 0
4540 0
4550 0
4560 0
4570 0
4580 0
4590 0
4600 0
4610 0
4620 0
4630 0
4640 0
4650 0
4660 0
4670 0
4680 0
4690 0
4700 0
4710 0
4720 0
4730 0
4740 0
4750 0
4760 0
4770 0
4780 0
4790 0
4800 0
4810 0
4820 0
4830 0
4840 0
4850 0
4860 0
4870 0
4880 0
4890 0
4900 0
4910 0
4920 0
4930 0
4940 0
4950 0
4960 0
4970 0
4980 0
4990 0
5000 0
5010 0
5020 0
5030 0
5040 0
5050 0
5060 0
5070 0
5080 0
5090 0
5100 0
5110 0
5120 0
5130 0
5140 0
5150 0
5160 0
5170 0
5180 0
5190 0
5200 0
5210 0
5220 0
5230 0
5240 0
5250 0
5260 0
5270 0
5280 0
5290 0
5300 0
5310 0
5320 0
5330 0
5340 0
5350 0
5360 0
5370 0
5380 0
5390 0
5400 0
5410 0
5420 0
5430 0
5440 0
5450 0
5460 0
5470 0
5480 0
5490 0
5500 0
5510 0
5520 0
5530 0
5540 0
5550 0
5560 0
5570 0
5580 0
5590 0
5600 0
5610 0
5620 0
5630 0
5640 0
5650 0
5660 0
5670 0
5680 0
5690 0
5700 0
5710 0
5720 0
5730 0
5740 0
5750 0
5760 0
5770 0
5780 0
5790 0
5800 0
5810 0
5820 0
5830 0
5840 0
5850 0
5860 0
5870 0
5880 0
5890 0
5900 0
5910 0
5920 0
5930 0
5940 0
5950 0
5960 0
5970 0
5980 0
5990 0
6000 0
6010 0
6020 0
6030 0
6040 0
6050 0
6060 0
6070 0
6080 0
6090 0
6100 0
6110 0
6120 0
6130 0
6140 0
6150 0
6160 0
6170 0
6180 0
6190 0
6200 0
6210 0
6220 0
6230 0
6240 0
6250 0
6260 0
6270 0
6280 0
6290 0
6300 0
6310 0
6320 0
6330 0
6340 0
6350 0
6360 0
6370 0
6380 0
6390 0
6400 0
6410 0
6420 0
6430 0
6440 0
6450 0
6460 0
6470 0
6480 0
6490 0
6500 0
6510 0
6520 0
6530 0
6540 0
6550 0
6560 0
6570 0
6580 0
6590 0
6600 0
6610 0
6620 0
6630 0
6640 0
6650 0
6660 0
6670 0
6680 0
6690 0
6700 0
6710 0
6720 0
6730 0
6740 0
6750 0
6760 0
6770 0
6780 0
6790 0
6800 0
6810 0
6820 0
6830 0
6840 0
6850 0
6860 0
6870 0
6880 0
6890 0
6900 0
6910 0
6920 0
6930 0
6940 0
6950 0
6960 0
6970 0
6980 0
6990 0
7000 0
7010 0
7020 0
7030 0
7040 0
7050 0
7060 0
7070 0
7080 0
7090 0
7100 0
7110 0
7120 0
7130 0
7140 0
7150 0
7160 0
7170 0
7180 0
7190 0
7200 0
7210 0
7220 0
7230 0
7240 0
7250 0
7260 0
7270 0
7280 0
7290 0
7300 0
7310 0
7320 0
7330 0
7340 0
7350 0
7360 0
7370 0
7380 0
7390 0
7400 0
7410 0
7420 0
7430 0
7440 0
7450 0
7460 0
7470 0
7480 0
7490 0
7500 0
7510 0
7520 0
7530 0
7540 0
7550 0
7560 0
7570 0
7580 0
7590 0
7600 0
7610 0
7620 0
7630 0
7640 0
7650 0
7660 0
7670 0
7680 0
7690 0
7700 0
7710 0
7720 0
7730 0
7740 0
7750 0
7760 0
7770 0
7780 0
7790 0
7800 0
7810 0
7820 0
7830 0
7840 0
7850 0
7860 0
7870 0
7880 0
7890 0
7900 0
7910 0
7920 0
7930 0
7940 0
7950 0
7960 0
7970 0
7980 0
7990 0
8000 0
8010 0
8020 0
8030 0
8040 0
8050 0
8060 0
8070 0
8080 0
8090 0
8100 0
8110 0
8120 0
8130 0
8140 0
8150 0
8160 0
8170 0
8180 0
8190 0
8200 0
8210 0
8220 0
8230 0
8240 0
8250 0
8260 0
8270 0
8280 0
8290 0
8300 0
8310 0
8320 0
8330 0
8340 0
8350 0
8360 0
8370 0
8380 0
8390 0
8400 0
8410 0
8420 0
8430 0
8440 0
8450 0
8460 0
8470 0
8480 0
8490 0
8500 0
8510 0
8520 0
8530 0
8540 0
8550 0
8560 0
8570 0
8580 0
8590 0
8600 0
8610 0
8620 0
8630 0
8640 0
8650 0
8660 0
8670 0
8680 0
8690 0
8700 0
8710 0
8720 0
8730 0
8740 0
8750 0
8760 0
8770 0
8780 0
8790 0
8800 0
8810 0
8820 0
8830 0
8840 0
8850 0
8860 0
8870 0
8880 0
8890 0
8900 0
8910 0
8920 0
8930 0
8940 0
8950 0
8960 0
8970 0
8980 0
8990 0
9000 0
9010 0
9020 0
9030 0
9040 0
9050 0
9060 0
9070 0
9080 0
9090 0
9100 0
9110 0
9120 0
9130 0
9140 0
9150 0
9160 0
9170 0
9180 0
9190 0
9200 0
9210 0
9220 0
9230 0
9240 0
9250 0
9260 0
9270 0
9280 0
9290 0
9300 0
9310 0
9320 0
9330 0
9340 0
9350 0
9360 0
9370 0
9380 0
9390 0
9400 0
9410 0
9420 0
9430 0
9440 0
9450 0
9460 0
9470 0
9480 0
9490 0
9500 0
9510 0
9520 0
9530 0
9540 0
9550 0
9560 0
9570 0
9580 0
9590 0
9600 0
9610 0
9620 0
9630 0
9640 0
9650 0
9660 0
9670 0
9680 0
9690 0
9700 0
9710 0
9720 0
9730 0
9740 0
9750 0
9760 0
9770 0
9780 0
9790 0
9800 0
9810 0
9820 0
9830 0
9840 0
9850 0
9860 0
9870 0
9880 0
9890 0
9900 0
9910 0
9920 0
9930 0
9940 0
9950 0
9960 0
9970 0
9980 0
9990 0
10000 0
10010 0
10020 0
10030 0
10040 0
10050 0
10060 0
10070 0
10080 0
10090 0
10100 0
10110 0
10120 0
10130 0
10140 0
10150 0
10160 0
10170 0
10180 0
10190 0
10200 0
10210 0
10220 0
10230 0
10240 0
10250 0
10260 0
10270 0
10280 0
10290 0
10300 0
10310 0
10320 0
10330 0
10340 0
10350 0
10360 0
10370 0
10380 0
10390 0
10400 0
10410 0
10420 0
10430 0
10440 0
10450 0
10460 0
10470 0
10480 0
10490 0
10500 0
10510 0
10520 0
10530 0
10540 0
10550 0
10560 0
10570 0
10580 0
10590 0
10600 0
10610 0
10620 0
10630 0
10640 0
10650 0
10660 0
10670 0
10680 0
10690 0
10700 0
10710 0
10720 0
10730 0
10740 0
10750 0
10760 0
10770 0
10780 0
10790 0
10800 0
10810 0
10820 0
10830 0
10840 0
10850 0
10860 0
10870 0
10880 0
10890 0
10900 0
10910 0
10920 0
10930 0
10940 0
10950 0
10960 0
10970 0
10980 0
10990 0
11000 0
11010 0
11020 0
11030 0
11040 0
11050 0
11060 0
11070 0
11080 0
11090 0
11100 0
11110 0
11120 0
11130 0
11140 0
11150 0
11160 0
11170 0
11180 0
11190 0
11200 0
11210 0
11220 0
11230 0
11240 0
11250 0
11260 0
11270 0
11280 0
11290 0
11300 0
11310 0
11320 0
11330 0
11340 0
11350 0
11360 0
11370 0
11380 0
11390 0
11400 2
11410 0
11420 0
11430 0
11440 0
11450 0
11460 0
11470 0
11480 0
11490 0
11500 0
11510 0
11520 0
11530 0
11540 0
11550 0
11560 2
11570 0
11580 0
11590 0
11600 0
11610 0
11620 0
11630 0
11640 0
11650 0
11660 0
11670 0
11680 0
11690 0
11700 0
11710 0
11720 0
11730 0
11740 0
11750 0
11760 2
11770 0
11780 0
11790 0
11800 0
11810 0
11820 0
11830 0
11840 2
11850 0
11860 0
11870 0
11880 0
11890 0
11900 2
11910 2
11920 0
11930 2
11940 0
11950 0
11960 0
11970 0
11980 0
11990 0
12000 0
12010 0
12020 0
12030 0
12040 0
12050 0
12060 0
12070 0
12080 0
12090 0
12100 0
12110 0
12120 0
12130 0
12140 1
12150 0
12160 0
12170 0
12180 0
12190 0
12200 0
12210 0
12220 0
12230 0
12240 0
12250 0
12260 0
12270 0
12280 0
12290 0
12300 0
12310 0
12320 0
12330 0
12340 0
12350 0
12360 0
12370 0
12380 0
12390 0
12400 0
12410 0
12420 0
12430 0
12440 0
12450 0
12460 0
12470 0
12480 0
12490 0
12500 0
12510 0
12520 0
12530 0
12540 0
12550 0
12560 0
12570 0
12580 0
12590 0
12600 0
12610 0
12620 0
12630 0
12640 0
12650 0
12660 0
12670 0
12680 0
12690 0
12700 0
12710 0
12720 0
12730 0
12740 0
12750 0
12760 0
12770 0
12780 2
12790 0
12800 0
12810 0
12820 0
12830 0
12840 0
12850 0
12860 0
12870 0
12880 0
12890 0
12900 0
12910 0
12920 0
12930 0
12940 0
12950 0
12960 0
12970 0
12980 0
12990 0
13000 0
13010 0
13020 0
13030 0
13040 0
13050 0
13060 0
13070 0
13080 0
13090 0
13100 0
13110 1
13120 0
13130 0
13140 0
13150 0
13160 0
13170 0
13180 0
13190 0
13200 0
13210 0
13220 0
13230 0
13240 0
13250 0
13260 0
13270 0
13280 0
13290 0
13300 0
13310 0
13320 0
13330 0
13340 0
13350 0
13360 0
13370 0
13380 0
13390 0
13400 0
13410 0
13420 0
13430 0
13440 0
13450 0
13460 0
13470 0
13480 0
13490 0
13500 0
13510 0
13520 0
13530 0
13540 0
13550 0
13560 0
13570 0
13580 0
13590 0
13600 0
13610 0
13620 0
13630 0
13640 0
13650 0
13660 0
13670 0
13680 0
13690 0
13700 0
13710 0
13720 0
13730 0
13740 0
13750 0
13760 0
13770 0
13780 0
13790 0
13800 0
13810 0
13820 0
13830 0
13840 0
13850 0
13860 0
13870 0
13880 0
13890 0
13900 0
13910 0
13920 0
13930 0
13940 0
13950 0
13960 0
13970 0
13980 0
13990 0
14000 0
14010 0
14020 0
14030 0
14040 0
14050 0
14060 0
14070 0
14080 0
14090 0
14100 0
14110 0
14120 0
14130 0
14140 0
14150 0
14160 0
14170 0
14180 0
14190 0
14200 0
14210 0
14220 0
14230 0
14240 0
14250 0
14260 0
14270 0
14280 0
14290 0
14300 0
14310 0
14320 0
14330 0
14340 0
14350 0
14360 0
14370 0
14380 0
14390 0
14400 0
14410 0
14420 0
14430 0
14440 0
14450 0
14460 0
14470 0
14480 0
14490 0
14500 0
14510 0
14520 0
14530 0
14540 0
14550 0
14560 0
14570 0
14580 0
14590 0
14600 0
14610 0
14620 0
14630 0
14640 0
14650 0
14660 0
14670 0
14680 0
14690 0
14700 0
14710 0
14720 0
14730 0
14740 0
14750 0
14760 0
14770 0
14780 0
14790 0
14800 0
14810 0
14820 0
14830 0
14840 0
14850 0
14860 0
14870 0
14880 0
14890 0
14900 0
14910 0
14920 0
14930 0
14940 0
14950 0
14960 0
14970 0
14980 0
14990 0
15000 0
15010 0
15020 0
15030 0
15040 0
15050 0
15060 0
15070 0
15080 0
15090 0
15100 0
15110 0
15120 0
15130 0
15140 0
15150 0
15160 0
15170 0
15180 0
15190 0
15200 0
15210 0
15220 0
15230 0
15240 0
15250 0
15260 0
15270 0
15280 0
15290 0
15300 0
15310 0
15320 0
15330 0
15340 0
15350 0
15360 0
15370 0
15380 0
15390 0
15400 0
15410 0
15420 0
15430 0
15440 0
15450 0
15460 0
15470 0
15480 0
15490 0
15500 0
15510 0
15520 0
15530 0
15540 0
15550 0
15560 0
15570 0
15580 0
15590 0
15600 0
15610 0
15620 0
15630 0
15640 0
15650 0
15660 0
15670 0
15680 0
15690 0
15700 0
15710 0
15720 0
15730 0
15740 0
15750 0
15760 0
15770 0
15780 0
15790 0
15800 0
15810 0
15820 0
15830 0
15840 0
15850 0
15860 0
15870 0
15880 0
15890 0
15900 0
15910 0
15920 0
15930 0
15940 0
15950 0
15960 0
15970 0
15980 2
15990 1
16000 0
16010 0
16020 3
16030 0
16040 8
16050 12
16060 1
16070 1
16080 5
16090 27
16100 6
16110 9
16120 31
16130 34
16140 71
16150 69
16160 39
16170 8
16180 18
16190 10
16200 26
16210 18
16220 13
16230 8
16240 12
16250 14
16260 3
16270 5
16280 2
16290 3
16300 0
16310 0
16320 4
16330 11
16340 2
16350 13
16360 1
16370 3
16380 1
16390 0
16400 0
16410 4
16420 0
16430 1
16440 0
16450 9
16460 3
16470 13
16480 3
16490 15
16500 8
16510 45
16520 33
16530 9
16540 6
16550 46
16560 63
16570 52
16580 26
16590 27
16600 14
16610 2
16620 1
16630 0
16640 1
16650 7
16660 2
16670 5
16680 17
16690 0
16700 1
16710 0
16720 0
16730 0
16740 0
16750 0
16760 1
16770 0
16780 0
16790 6
16800 5
16810 6
16820 4
16830 0
16840 1
16850 1
16860 4
16870 8
16880 5
16890 0
16900 4
16910 0
16920 9
16930 13
16940 9
16950 5
16960 25
16970 2
16980 11
16990 22
17000 20
17010 14
17020 2
17030 3
17040 1
17050 11
17060 4
17070 0
17080 0
17090 0
17100 3
17110 0
17120 3
17130 0
17140 2
17150 0
17160 0
17170 0
17180 0
17190 1
17200 1
17210 2
17220 1
17230 1
17240 0
17250 0
17260 0
17270 2
17280 0
17290 0
17300 0
17310 0
17320 0
17330 0
17340 0
17350 0
17360 0
17370 0
17380 0
17390 0
17400 0
17410 0
17420 0
17430 0
17440 0
17450 0
17460 0
17470 0
17480 0
17490 0
17500 0
17510 0
17520 0
17530 0
17540 0
17550 0
17560 0
17570 0
17580 0
17590 0
17600 0
17610 1
17620 0
17630 1
17640 1
17650 0
17660 0
17670 0
17680 0
17690 0
17700 0
17710 0
17720 0
17730 0
17740 0
17750 0
17760 0
17770 0
17780 0
17790 0
17800 0
17810 0
17820 0
17830 1
17840 0
17850 0
17860 0
17870 0
17880 0
17890 0
17900 0
17910 0
17920 0
17930 0
17940 0
17950 0
17960 0
17970 0
17980 0
17990 0
18000 0
18010 0
18020 0
18030 0
18040 0
18050 0
18060 0
18070 0
18080 0
18090 0
18100 0
18110 0
18120 0
18130 0
18140 0
18150 0
18160 0
18170 0
18180 0
18190 0
18200 0
18210 0
18220 0
18230 0
18240 0
18250 0
18260 0
18270 0
18280 0
18290 0
18300 0
18310 0
18320 0
18330 0
18340 0
18350 0
18360 0
18370 0
18380 0
18390 0
18400 0
18410 0
18420 0
18430 0
18440 0
18450 0
18460 0
18470 0
18480 0
18490 0
18500 0
18510 0
18520 0
18530 0
18540 0
18550 0
18560 0
18570 0
18580 0
18590 0
18600 0
18610 0
18620 0
18630 0
18640 0
18650 0
18660 0
18670 0
18680 0
18690 0
18700 0
18710 0
18720 0
18730 0
18740 0
18750 0
18760 0
18770 0
18780 0
18790 0
18800 0
18810 0
18820 0
18830 0
18840 0
18850 0
18860 0
18870 0
18880 0
18890 0
18900 0
18910 0
18920 0
18930 0
18940 0
18950 0
18960 0
18970 0
18980 0
18990 0
19000 0
19010 0
19020 0
19030 0
19040 0
19050 0
19060 0
19070 0
19080 0
19090 0
19100 0
19110 0
19120 0
19130 0
19140 0
19150 0
19160 0
19170 0
19180 0
19190 0
19200 0
19210 0
19220 0
19230 0
19240 0
19250 0
19260 0
19270 0
19280 0
19290 0
19300 0
19310 0
19320 0
19330 0
19340 0
19350 0
19360 0
19370 0
19380 0
19390 0
19400 0
19410 0
19420 0
19430 0
19440 0
19450 0
19460 0
19470 0
19480 0
19490 0
19500 0
19510 0
19520 0
19530 0
19540 0
19550 0
19560 0
19570 0
19580 0
19590 1
19600 0
19610 0
19620 0
19630 0
19640 0
19650 0
19660 0
19670 0
19680 0
19690 0
19700 0
19710 0
19720 0
19730 0
19740 0
19750 0
19760 0
19770 1
19780 10
19790 19
19800 12
19810 0
19820 1
19830 0
19840 0
19850 1
19860 0
19870 0
19880 0
19890 0
19900 0
19910 0
19920 0
19930 0
19940 0
19950 0
19960 0
19970 0
19980 0
19990 0
20000 0
20010 0
20020 0
20030 0
20040 0
20050 0
20060 0
20070 0
20080 0
20090 0
20100 0
20110 0
20120 0
20130 0
20140 0
20150 0
20160 0
20170 0
20180 0
20190 0
20200 0
20210 0
20220 0
20230 0
20240 0
20250 0
20260 0
20270 0
20280 0
20290 14
20300 0
20310 0
20320 0
20330 0
20340 0
20350 0
20360 0
20370 0
20380 0
20390 0
20400 0
20410 0
20420 0
20430 0
20440 0
20450 0
20460 0
20470 0
20480 0
20490 0
20500 0
20510 0
20520 0
20530 0
20540 0
20550 0
20560 0
20570 0
20580 0
20590 0
20600 0
20610 0
20620 0
20630 0
20640 0
20650 0
20660 0
20670 0
20680 0
20690 0
20700 0
20710 0
20720 0
20730 0
20740 0
20750 0
20760 0
20770 0
20780 0
20790 0
20800 0
20810 0
20820 0
20830 0
20840 0
20850 0
20860 0
20870 0
20880 0
20890 0
20900 0
20910 0
20920 0
20930 0
20940 0
20950 0
20960 0
20970 0
20980 0
20990 0
21000 0
21010 0
21020 0
21030 0
21040 0
21050 0
21060 0
21070 0
21080 0
21090 0
21100 0
21110 0
21120 0
21130 0
21140 0
21150 0
21160 0
21170 0
21180 0
21190 0
21200 0
21210 0
21220 0
21230 0
21240 0
21250 0
21260 0
21270 0
21280 0
21290 0
21300 0
21310 0
21320 0
21330 0
21340 0
21350 0
21360 0
21370 0
21380 0
21390 0
21400 0
21410 0
21420 0
21430 0
21440 0
21450 0
21460 0
21470 0
21480 0
21490 0
21500 0
21510 0
21520 0
21530 0
21540 0
21550 0
21560 0
21570 0
21580 0
21590 0
21600 0
21610 0
21620 0
21630 0
21640 0
21650 0
21660 0
21670 0
21680 3
21690 3
21700 2
21710 0
21720 0
21730 2
21740 1
21750 6
21760 10
21770 0
21780 4
21790 4
21800 0
21810 0
21820 1
21830 0
21840 0
21850 0
21860 0
21870 0
21880 0
21890 0
21900 0
21910 0
21920 0
21930 0
21940 1
21950 5
21960 20
21970 34
21980 0
21990 0
22000 0
22010 0
22020 0
22030 0
22040 4
22050 0
22060 0
22070 0
22080 1
22090 0
22100 0
22110 0
22120 0
22130 0
22140 0
22150 0
22160 0
22170 0
22180 0
22190 0
22200 0
22210 0
22220 0
22230 0
22240 0
22250 0
22260 0
22270 0
22280 0
22290 0
22300 0
22310 0
22320 0
22330 0
22340 1
22350 0
22360 7
22370 3
22380 7
22390 1
22400 0
22410 2
22420 0
22430 0
22440 0
22450 0
22460 0
22470 0
22480 0
22490 0
22500 0
22510 0
22520 0
22530 0
22540 0
22550 0
22560 0
22570 0
22580 0
22590 0
22600 0
22610 0
22620 0
22630 0
22640 0
22650 0
22660 0
22670 0
22680 0
22690 0
22700 0
22710 1
22720 0
22730 1
22740 27
22750 15
22760 0
22770 4
22780 0
22790 0
22800 0
22810 0
22820 0
22830 10
22840 5
22850 2
22860 0
22870 0
22880 0
22890 0
22900 0
22910 0
22920 0
22930 0
22940 0
22950 0
22960 0
22970 0
22980 0
22990 0
23000 0
23010 0
23020 0
23030 0
23040 0
23050 0
23060 4
23070 0
23080 0
23090 0
23100 0
23110 0
23120 0
23130 0
23140 0
23150 0
23160 0
23170 0
23180 0
23190 0
23200 0
23210 0
23220 0
23230 0
23240 0
23250 0
23260 0
23270 0
23280 0
23290 0
23300 0
23310 0
23320 0
23330 0
23340 0
23350 0
23360 0
23370 0
23380 0
23390 0
23400 0
23410 0
23420 0
23430 0
23440 0
23450 0
23460 0
23470 1
23480 9
23490 1
23500 18
23510 5
23520 28
23530 21
23540 18
23550 23
23560 0
23570 1
23580 3
23590 0
23600 0
23610 0
23620 1
23630 4
23640 2
23650 0
23660 2
23670 0
23680 3
23690 29
23700 4
23710 2
23720 2
23730 6
23740 1
23750 23
23760 14
23770 4
23780 0
23790 0
23800 0
23810 0
23820 16
23830 4
23840 4
23850 0
23860 0
23870 7
23880 0
23890 1
23900 1
23910 4
23920 25
23930 11
23940 1
23950 0
23960 6
23970 10
23980 48
23990 8
24000 0
24010 0
24020 4
24030 2
24040 7
24050 0
24060 0
24070 0
24080 25
24090 54
24100 54
24110 36
24120 42
24130 63
24140 131
24150 65
24160 93
24170 60
24180 72
24190 94
24200 35
24210 22
24220 40
24230 37
24240 6
24250 12
24260 29
24270 25
24280 75
24290 35
24300 110
24310 153
24320 46
24330 33
24340 89
24350 53
24360 92
24370 37
24380 55
24390 77
24400 14
24410 39
24420 25
24430 15
24440 33
24450 67
24460 54
24470 3
24480 11
24490 54
24500 55
24510 77
24520 36
24530 2
24540 59
24550 92
24560 87
24570 135
24580 148
24590 46
24600 128
24610 82
24620 72
24630 31
24640 41
24650 58
24660 58
24670 48
24680 75
24690 45
24700 32
24710 1
24720 1
24730 0
24740 4
24750 2
24760 6
24770 6
24780 38
24790 36
24800 5
24810 89
24820 108
24830 65
24840 93
24850 39
24860 7
24870 8
24880 4
24890 81
24900 99
24910 73
24920 38
24930 38
24940 36
24950 107
24960 61
24970 12
24980 17
24990 8
25000 16
25010 34
25020 8
25030 26
25040 3
25050 28
25060 87
25070 30
25080 35
25090 0
25100 18
25110 6
25120 14
25130 0
25140 12
25150 25
25160 0
25170 1
25180 0
25190 0
25200 0
25210 0
25220 0
25230 0
25240 0
25250 0
25260 0
25270 0
25280 0
25290 0
25300 0
25310 0
25320 0
25330 0
25340 0
25350 0
25360 0
25370 0
25380 1
25390 0
25400 1
25410 0
25420 0
25430 0
25440 0
25450 0
25460 0
25470 0
25480 0
25490 0
25500 0
25510 0
25520 0
25530 0
25540 0
25550 0
25560 0
25570 0
25580 0
25590 0
25600 0
25610 0
25620 0
25630 0
25640 0
25650 0
25660 0
25670 0
25680 0
25690 0
25700 0
25710 0
25720 0
25730 0
25740 0
25750 0
25760 0
25770 0
25780 0
25790 0
25800 0
25810 0
25820 0
25830 0
25840 0
25850 0
25860 0
25870 0
25880 0
25890 0
25900 0
25910 0
25920 0
25930 0
25940 0
25950 0
25960 0
25970 0
25980 0
25990 0
26000 0
26010 0
26020 0
26030 0
26040 0
26050 0
26060 0
26070 0
26080 0
26090 0
26100 0
26110 0
26120 0
26130 0
26140 0
26150 0
26160 0
26170 0
26180 0
26190 0
26200 0
26210 0
26220 0
26230 0
26240 0
26250 0
26260 0
26270 0
26280 0
26290 0
26300 0
26310 0
26320 0
26330 0
26340 0
26350 0
26360 0
26370 0
26380 0
26390 0
26400 0
26410 0
26420 0
26430 0
26440 0
26450 0
26460 0
26470 0
26480 0
26490 0
26500 0
26510 0
26520 0
26530 0
26540 0
26550 0
26560 0
26570 0
26580 0
26590 0
26600 0
26610 0
26620 0
26630 0
26640 0
26650 0
26660 0
26670 0
26680 0
26690 0
26700 0
26710 0
26720 0
26730 0
26740 0
26750 0
26760 0
26770 0
26780 0
26790 0
26800 0
26810 0
26820 0
26830 0
26840 0
26850 0
26860 0
26870 0
26880 0
26890 0
26900 0
26910 0
26920 0
26930 0
26940 0
26950 0
26960 0
26970 0
26980 0
26990 0
27000 0
27010 0
27020 0
27030 0
27040 0
27050 0
27060 0
27070 0
27080 0
27090 0
27100 0
27110 1
27120 3
27130 0
27140 0
27150 0
27160 0
27170 0
27180 0
27190 0
27200 0
27210 0
27220 0
27230 0
27240 0
27250 0
27260 0
27270 0
27280 0
27290 0
27300 0
27310 0
27320 0
27330 0
27340 0
27350 0
27360 0
27370 0
27380 0
27390 0
27400 3
27410 0
27420 1
27430 2
27440 0
27450 0
27460 0
27470 0
27480 1
27490 0
27500 0
27510 0
27520 1
27530 0
27540 0
27550 0
27560 1
27570 0
27580 0
27590 0
27600 0
27610 0
27620 0
27630 0
27640 0
27650 0
27660 0
27670 0
27680 0
27690 0
27700 0
27710 0
27720 0
27730 0
27740 0
27750 0
27760 0
27770 0
27780 0
27790 0
27800 0
27810 0
27820 0
27830 0
27840 0
27850 0
27860 0
27870 0
27880 0
27890 0
27900 0
27910 0
27920 0
27930 0
27940 0
27950 0
27960 0
27970 0
27980 0
27990 0
28000 0
28010 0
28020 0
28030 0
28040 0
28050 0
28060 0
28070 0
28080 0
28090 0
28100 0
28110 0
28120 0
28130 0
28140 0
28150 0
28160 0
28170 0
28180 0
28190 0
28200 0
28210 1
28220 0
28230 1
28240 1
28250 0
28260 0
28270 0
28280 0
28290 0
28300 4
28310 0
28320 0
28330 0
28340 0
28350 0
28360 0
28370 1
28380 0
28390 0
28400 0
28410 0
28420 0
28430 0
28440 0
28450 0
28460 0
28470 0
28480 0
28490 0
28500 0
28510 0
28520 0
28530 0
28540 0
28550 0
28560 0
28570 0
28580 0
28590 0
28600 0
28610 0
28620 0
28630 0
28640 0
28650 0
28660 0
28670 1
28680 0
28690 0
28700 0
28710 0
28720 0
28730 0
28740 0
28750 0
28760 0
28770 1
28780 3
28790 0
28800 0
28810 0
28820 0
28830 0
28840 0
28850 0
28860 0
28870 2
28880 1
28890 4
28900 3
28910 2
28920 0
28930 0
28940 1
28950 0
28960 1
28970 0
28980 0
28990 2
29000 1
29010 4
29020 10
29030 19
29040 8
29050 5
29060 3
29070 2
29080 2
29090 1
29100 2
29110 1
29120 1
29130 1
29140 1
29150 1
29160 0
29170 1
29180 0
29190 0
29200 0
29210 0
29220 1
29230 0
29240 0
29250 0
29260 0
29270 0
29280 0
29290 0
29300 0
29310 0
29320 0
29330 0
29340 0
29350 0
29360 0
29370 0
29380 0
29390 0
29400 0
29410 0
29420 0
29430 0
29440 0
29450 0
29460 0
29470 0
29480 0
29490 0
29500 0
29510 0
29520 2
29530 0
29540 0
29550 0
29560 0
29570 0
29580 0
29590 0
29600 0
29610 1
29620 0
29630 0
29640 1
29650 0
29660 0
29670 0
29680 0
29690 0
29700 0
29710 0
29720 0
29730 0
29740 0
29750 0
29760 0
29770 0
29780 0
29790 0
29800 0
29810 0
29820 0
29830 0
29840 0
29850 0
29860 0
29870 0
29880 0
29890 0
29900 0
29910 0
29920 0
29930 0
29940 0
29950 0
29960 0
29970 5
29980 5
29990 0
30000 0
30010 0
30020 0
30030 0
30040 0
30050 1
30060 0
30070 0
30080 0
30090 0
30100 0
30110 0
30120 0
30130 0
30140 0
30150 0
30160 0
30170 0
30180 0
30190 0
30200 0
30210 0
30220 0
30230 0
30240 0
30250 0
30260 0
30270 0
30280 0
30290 0
30300 0
30310 0
30320 0
30330 0
30340 0
30350 0
30360 0
30370 0
30380 0
30390 0
30400 0
30410 0
30420 0
30430 0
30440 0
30450 0
30460 0
30470 0
30480 0
30490 0
30500 0
30510 0
30520 0
30530 0
30540 0
30550 0
30560 0
30570 0
30580 0
30590 0
30600 0
30610 0
30620 0
30630 0
30640 0
30650 0
30660 0
30670 0
30680 0
30690 0
30700 0
30710 0
30720 0
30730 0
30740 0
30750 0
30760 0
30770 0
30780 0
30790 0
30800 0
30810 0
30820 0
30830 0
30840 0
30850 0
30860 0
30870 0
30880 0
30890 0
30900 0
30910 0
30920 0
30930 0
30940 0
30950 0
30960 0
30970 0
30980 0
30990 0
31000 0
31010 0
31020 0
31030 0
31040 0
31050 0
31060 0
31070 0
31080 0
31090 0
31100 0
31110 0
31120 0
31130 0
31140 0
31150 0
31160 0
31170 0
31180 0
31190 0
31200 0
31210 0
31220 0
31230 0
31240 0
31250 0
31260 0
31270 0
31280 0
31290 0
31300 0
31310 0
31320 0
31330 0
31340 0
31350 0
31360 0
31370 0
31380 0
31390 0
31400 0
31410 0
31420 0
31430 0
31440 0
31450 0
31460 0
31470 0
31480 0
31490 0
31500 0
31510 0
31520 0
31530 0
31540 0
31550 0
31560 0
31570 0
31580 0
31590 0
31600 0
31610 0
31620 0
31630 0
31640 0
31650 0
31660 0
31670 0
31680 0
31690 0
31700 0
31710 0
31720 0
31730 0
31740 0
31750 0
31760 0
31770 0
31780 0
31790 0
31800 0
31810 0
31820 0
31830 6
31840 6
31850 0
31860 0
31870 0
31880 0
31890 0
31900 0
31910 0
31920 0
31930 0
31940 0
31950 0
31960 0
31970 0
31980 2
31990 0
32000 0
32010 1
32020 0
32030 0
32040 0
32050 1
32060 0
32070 0
32080 0
32090 0
32100 0
32110 0
32120 0
32130 0
32140 0
32150 0
32160 0
32170 0
32180 1
32190 28
32200 31
32210 6
32220 1
32230 3
32240 6
32250 2
32260 2
32270 10
32280 2
32290 5
32300 39
32310 5
32320 2
32330 0
32340 0
32350 0
32360 1
32370 0
32380 0
32390 0
32400 0
32410 0
32420 0
32430 0
32440 0
32450 0
32460 0
32470 0
32480 0
32490 0
32500 0
32510 0
32520 0
32530 0
32540 0
32550 0
32560 0
32570 0
32580 0
32590 0
32600 0
32610 0
32620 0
32630 0
32640 0
32650 0
32660 1
32670 2
32680 1
32690 1
32700 1
32710 0
32720 0
32730 0
32740 0
32750 0
32760 0
32770 0
32780 0
32790 0
32800 0
32810 0
32820 0
32830 0
32840 0
32850 0
32860 0
32870 0
32880 0
32890 0
32900 0
32910 0
32920 0
32930 0
32940 0
32950 0
32960 0
32970 0
32980 0
32990 0
33000 0
33010 0
33020 0
33030 0
33040 0
33050 0
33060 0
33070 0
33080 0
33090 0
33100 0
33110 0
33120 0
33130 0
33140 0
33150 0
33160 0
33170 0
33180 0
33190 0
33200 0
33210 0
33220 0
33230 0
33240 0
33250 0
33260 0
33270 0
33280 0
33290 0
33300 0
33310 0
33320 0
33330 0
33340 0
33350 0
33360 0
33370 0
33380 0
33390 0
33400 0
33410 0
33420 0
33430 0
33440 0
33450 0
33460 0
33470 0
33480 0
33490 0
33500 0
33510 0
33520 0
33530 0
33540 0
33550 0
33560 0
33570 0
33580 0
33590 0
33600 0
33610 0
33620 0
33630 0
33640 0
33650 0
33660 0
33670 0
33680 0
33690 0
33700 0
33710 0
33720 0
33730 0
33740 0
33750 0
33760 0
33770 0
33780 0
33790 0
33800 0
33810 0
33820 0
33830 0
33840 0
33850 0
33860 0
33870 0
33880 0
33890 0
33900 0
33910 0
33920 0
33930 0
33940 0
33950 0
33960 0
33970 0
33980 0
33990 0
34000 0
34010 0
34020 0
34030 0
34040 0
34050 0
34060 0
34070 0
34080 0
34090 0
34100 0
34110 0
34120 0
34130 0
34140 0
34150 0
34160 0
34170 0
34180 0
34190 0
34200 0
34210 0
34220 0
34230 0
34240 0
34250 0
34260 0
34270 0
34280 0
34290 0
34300 0
34310 0
34320 0
34330 0
34340 0
34350 0
34360 0
34370 0
34380 0
34390 0
34400 0
34410 0
34420 0
34430 0
34440 0
34450 0
34460 0
34470 0
34480 0
34490 0
34500 0
34510 0
34520 0
34530 0
34540 0
34550 0
34560 0
34570 0
34580 0
34590 0
34600 0
34610 0
34620 0
34630 0
34640 0
34650 0
34660 0
34670 0
34680 0
34690 0
34700 0
34710 0
34720 0
34730 0
34740 0
34750 0
34760 0
34770 0
34780 0
34790 0
34800 0
34810 0
34820 0
34830 0
34840 0
34850 0
34860 0
34870 0
34880 0
34890 0
34900 0
34910 0
34920 0
34930 0
34940 0
34950 0
34960 0
34970 0
34980 0
34990 0
35000 0
35010 0
35020 0
35030 0
35040 0
35050 0
35060 0
35070 0
35080 0
35090 0
35100 0
35110 0
35120 0
35130 0
35140 0
35150 0
35160 0
35170 0
35180 0
35190 0
35200 0
35210 0
35220 0
35230 0
35240 0
35250 0
35260 0
35270 0
35280 0
35290 0
35300 0
35310 0
35320 0
35330 0
35340 0
35350 0
35360 0
35370 0
35380 0
35390 0
35400 0
35410 0
35420 0
35430 0
35440 0
35450 0
35460 0
35470 0
35480 0
35490 0
35500 0
35510 0
35520 0
35530 0
35540 0
35550 0
35560 0
35570 0
35580 0
35590 0
35600 0
35610 0
35620 0
35630 0
35640 0
35650 0
35660 0
35670 0
35680 0
35690 0
35700 0
35710 0
35720 0
35730 0
35740 0
35750 0
35760 0
35770 0
35780 0
35790 0
35800 0
35810 0
35820 0
35830 0
35840 0
35850 0
35860 0
35870 0
35880 0
35890 0
35900 0
35910 0
35920 0
35930 0
35940 0
35950 0
35960 0
35970 0
35980 0
35990 0
36000 0
36010 0
36020 0
36030 0
36040 0
36050 0
36060 0
36070 0
36080 0
36090 0
36100 0
36110 0
36120 0
36130 0
36140 0
36150 0
36160 0
36170 0
36180 0
36190 0
36200 0
36210 0
36220 0
36230 0
36240 0
36250 0
36260 0
36270 0
36280 0
36290 0
36300 0
36310 0
36320 0
36330 0
36340 0
36350 0
36360 0
36370 0
36380 0
36390 0
36400 0
36410 0
36420 0
36430 0
36440 0
36450 0
36460 0
36470 0
36480 0
36490 0
36500 0
36510 0
36520 0
36530 0
36540 0
36550 0
36560 0
36570 0
36580 0
36590 0
36600 0
36610 0
36620 0
36630 0
36640 0
36650 0
36660 0
36670 0
36680 0
36690 0
36700 0
36710 0
36720 0
36730 0
36740 0
36750 0
36760 0
36770 0
36780 0
36790 0
36800 0
36810 0
36820 0
36830 0
36840 0
36850 0
36860 0
36870 0
36880 0
36890 0
36900 0
36910 0
36920 0
36930 0
36940 0
36950 0
36960 0
36970 0
36980 0
36990 0
37000 0
37010 0
37020 0
37030 0
37040 0
37050 0
37060 0
37070 0
37080 0
37090 0
37100 0
37110 0
37120 0
37130 0
37140 0
37150 0
37160 0
37170 0
37180 0
37190 0
37200 0
37210 0
37220 0
37230 0
37240 0
37250 0
37260 0
37270 0
37280 0
37290 0
37300 0
37310 0
37320 0
37330 0
37340 0
37350 0
37360 0
37370 0
37380 0
37390 0
37400 0
37410 0
37420 0
37430 0
37440 0
37450 0
37460 0
37470 0
37480 0
37490 0
37500 0
37510 0
37520 0
37530 0
37540 0
37550 0
37560 0
37570 0
37580 0
37590 0
37600 0
37610 0
37620 0
37630 0
37640 0
37650 0
37660 0
37670 0
37680 0
37690 0
37700 0
37710 0
37720 0
37730 0
37740 0
37750 0
37760 0
37770 0
37780 0
37790 0
37800 0
37810 0
37820 0
37830 0
37840 0
37850 0
37860 0
37870 0
37880 0
37890 0
37900 0
37910 0
37920 0
37930 0
37940 0
37950 0
37960 0
37970 0
37980 0
37990 0
38000 0
38010 0
38020 0
38030 0
38040 0
38050 0
38060 0
38070 0
38080 0
38090 0
38100 0
38110 0
38120 0
38130 0
38140 0
38150 0
38160 0
38170 0
38180 0
38190 0
38200 0
38210 0
38220 0
38230 0
38240 0
38250 0
38260 0
38270 0
38280 13
38290 6
38300 0
38310 0
38320 0
38330 1
38340 0
38350 53
38360 130
38370 37
38380 108
38390 126
38400 163
38410 160
38420 187
38430 96
38440 15
38450 321
38460 277
38470 194
38480 127
38490 60
38500 12
38510 49
38520 37
38530 28
38540 5
38550 1
38560 1
38570 34
38580 10
38590 15
38600 17
38610 60
38620 34
38630 149
38640 66
38650 69
38660 30
38670 45
38680 14
38690 76
38700 60
38710 53
38720 22
38730 31
38740 12
38750 1
38760 23
38770 48
38780 140
38790 72
38800 16
38810 0
38820 0
38830 0
38840 0
38850 0
38860 0
38870 0
38880 0
38890 0
38900 0
38910 0
38920 0
38930 0
38940 0
38950 0
38960 0
38970 0
38980 2
38990 0
39000 0
39010 0
39020 0
39030 0
39040 0
39050 0
39060 1
39070 0
39080 0
39090 0
39100 0
39110 0
39120 0
39130 0
39140 0
39150 0
39160 0
39170 0
39180 1
39190 0
39200 0
39210 0
39220 0
39230 0
39240 0
39250 0
39260 0
39270 0
39280 0
39290 0
39300 0
39310 0
39320 0
39330 0
39340 0
39350 0
39360 0
39370 0
39380 0
39390 3
39400 1
39410 2
39420 2
39430 20
39440 41
39450 18
39460 8
39470 15
39480 12
39490 11
39500 41
39510 72
39520 61
39530 57
39540 59
39550 62
39560 32
39570 2
39580 12
39590 53
39600 27
39610 34
39620 5
39630 22
39640 7
39650 1
39660 0
39670 3
39680 16
39690 36
39700 75
39710 95
39720 119
39730 52
39740 57
39750 92
39760 164
39770 78
39780 40
39790 15
39800 19
39810 8
39820 6
39830 43
39840 58
39850 169
39860 95
39870 202
39880 112
39890 175
39900 332
39910 291
39920 277
39930 75
39940 56
39950 105
39960 88
39970 187
39980 135
39990 145
40000 59
40010 150
40020 87
40030 62
40040 61
40050 31
40060 54
40070 96
40080 42
40090 125
40100 30
40110 23
40120 136
40130 104
40140 23
40150 224
40160 139
40170 118
40180 79
40190 113
40200 144
40210 196
40220 439
40230 368
40240 523
40250 457
40260 323
40270 226
40280 197
40290 271
40300 107
40310 158
40320 58
40330 89
40340 23
40350 61
40360 70
40370 152
40380 161
40390 101
40400 156
40410 167
40420 117
40430 93
40440 131
40450 113
40460 239
40470 391
40480 327
40490 177
40500 173
40510 155
40520 195
40530 236
40540 213
40550 436
40560 370
40570 535
40580 193
40590 201
40600 234
40610 306
40620 342
40630 280
40640 156
40650 107
40660 168
40670 148
40680 152
40690 355
40700 180
40710 145
40720 116
40730 83
40740 10
40750 23
40760 12
40770 10
40780 7
40790 126
40800 109
40810 84
40820 102
40830 46
40840 40
40850 16
40860 124
40870 148
40880 211
40890 268
40900 647
40910 493
40920 667
40930 572
40940 646
40950 687
40960 697
40970 559
40980 606
40990 454
41000 730
41010 688
41020 681
41030 734
41040 602
41050 602
41060 798
41070 803
41080 816
41090 697
41100 792
41110 903
41120 828
41130 662
41140 729
41150 623
41160 755
41170 654
41180 658
41190 668
41200 699
41210 776
41220 838
41230 460
41240 566
41250 509
41260 853
41270 681
41280 621
41290 598
41300 568
41310 546
41320 609
41330 662
41340 703
41350 609
41360 588
41370 553
41380 509
41390 498
41400 514
41410 642
41420 659
41430 632
41440 603
41450 547
41460 471
41470 598
41480 568
41490 609
41500 612
41510 556
41520 490
41530 691
41540 600
41550 575
41560 672
41570 615
41580 746
41590 607
41600 738
41610 752
41620 491
41630 669
41640 674
41650 584
41660 590
41670 630
41680 637
41690 549
41700 565
41710 599
41720 480
41730 729
41740 641
41750 609
41760 773
41770 659
41780 659
41790 633
41800 709
41810 656
41820 720
41830 603
41840 540
41850 771
41860 530
41870 460
41880 473
41890 486
41900 537
41910 502
41920 470
41930 582
41940 385
41950 376
41960 292
41970 510
41980 438
41990 332
42000 424
42010 371
42020 419
42030 324
42040 324
42050 124
42060 205
42070 295
42080 227
42090 149
42100 126
42110 162
42120 18
42130 112
42140 137
42150 161
42160 103
42170 81
42180 62
42190 43
42200 78
42210 96
42220 38
42230 54
42240 109
42250 93
42260 145
42270 62
42280 151
42290 35
42300 6
42310 42
42320 10
42330 63
42340 95
42350 172
42360 211
42370 264
42380 213
42390 236
42400 299
42410 238
42420 290
42430 431
42440 416
42450 552
42460 485
42470 532
42480 608
42490 460
42500 779
42510 872
42520 800
42530 915
42540 825
42550 870
42560 724
42570 364
42580 392
42590 372
42600 283
42610 407
42620 381
42630 283
42640 239
42650 357
42660 322
42670 119
42680 100
42690 217
42700 157
42710 214
42720 564
42730 423
42740 186
42750 151
42760 219
42770 29
42780 55
42790 6
42800 103
42810 150
42820 192
42830 26
42840 108
42850 19
42860 6
42870 1
42880 33
42890 6
42900 0
42910 0
42920 0
42930 0
42940 18
42950 1
42960 3
42970 15
42980 147
42990 289
43000 288
43010 304
43020 489
43030 612
43040 420
43050 538
43060 417
43070 488
43080 462
43090 685
43100 568
43110 732
43120 755
43130 799
43140 695
43150 721
43160 995
43170 745
43180 651
43190 654
43200 432
43210 525
43220 667
43230 626
43240 457
43250 367
43260 467
43270 506
43280 488
43290 582
43300 562
43310 632
43320 661
43330 481
43340 568
43350 593
43360 596
43370 576
43380 595
43390 430
43400 456
43410 381
43420 618
43430 824
43440 652
43450 655
43460 732
43470 912
43480 746
43490 714
43500 711
43510 531
43520 455
43530 483
43540 330
43550 298
43560 298
43570 353
43580 354
43590 224
43600 311
43610 497
43620 252
43630 144
43640 28
43650 15
43660 32
43670 25
43680 14
43690 15
43700 36
43710 82
43720 48
43730 34
43740 39
43750 101
43760 98
43770 33
43780 110
43790 156
43800 297
43810 86
43820 190
43830 168
43840 153
43850 127
43860 38
43870 21
43880 38
43890 13
43900 6
43910 29
43920 11
43930 2
43940 1
43950 4
43960 7
43970 4
43980 0
43990 0
44000 0
44010 1
44020 3
44030 10
44040 18
44050 13
44060 8
44070 12
44080 20
44090 8
44100 0
44110 0
44120 0
44130 0
44140 0
44150 0
44160 0
44170 0
44180 0
44190 0
44200 0
44210 0
44220 0
44230 0
44240 0
44250 0
44260 0
44270 0
44280 0
44290 1
44300 0
44310 1
44320 7
44330 1
44340 41
44350 4
44360 43
44370 132
44380 139
44390 186
44400 137
44410 222
44420 271
44430 61
44440 60
44450 23
44460 172
44470 211
44480 181
44490 109
44500 31
44510 34
44520 62
44530 35
44540 26
44550 21
44560 17
44570 11
44580 32
44590 0
44600 23
44610 176
44620 92
44630 136
44640 111
44650 114
44660 76
44670 85
44680 52
44690 27
44700 41
44710 86
44720 63
44730 33
44740 65
44750 50
44760 10
44770 18
44780 37
44790 11
44800 52
44810 104
44820 101
44830 114
44840 11
44850 38
44860 16
44870 20
44880 2
44890 11
44900 67
44910 76
44920 7
44930 12
44940 0
44950 0
44960 0
44970 0
44980 0
44990 0
45000 0
45010 4
45020 2
45030 0
45040 0
45050 0
45060 15
45070 45
45080 21
45090 5
45100 2
45110 0
45120 1
45130 2
45140 10
45150 0
45160 0
45170 0
45180 15
45190 7
45200 8
45210 4
45220 0
45230 0
45240 4
45250 1
45260 16
45270 0
45280 3
45290 0
45300 0
45310 1
45320 0
45330 0
45340 0
45350 2
45360 0
45370 0
45380 0
45390 1
45400 3
45410 0
45420 0
45430 11
45440 28
45450 8
45460 108
45470 139
45480 34
45490 115
45500 0
45510 0
45520 0
45530 1
45540 0
45550 0
45560 0
45570 0
45580 0
45590 0
45600 0
45610 0
45620 0
45630 0
45640 0
45650 0
45660 0
45670 1
45680 2
45690 9
45700 5
45710 1
45720 0
45730 0
45740 4
45750 0
45760 1
45770 0
45780 0
45790 0
45800 3
45810 3
45820 0
45830 0
45840 0
45850 0
45860 0
45870 0
45880 0
45890 0
45900 0
45910 0
45920 0
45930 0
45940 0
45950 0
45960 0
45970 0
45980 0
45990 0
46000 0
46010 0
46020 0
46030 0
46040 0
46050 0
46060 0
46070 0
46080 0
46090 0
46100 0
46110 0
46120 0
46130 0
46140 0
46150 0
46160 0
46170 0
46180 1
46190 0
46200 2
46210 1
46220 0
46230 0
46240 0
46250 0
46260 0
46270 4
46280 0
46290 0
46300 0
46310 0
46320 5
46330 3
46340 3
46350 0
46360 19
46370 32
46380 2
46390 0
46400 0
46410 0
46420 0
46430 0
46440 0
46450 0
46460 0
46470 0
46480 1
46490 0
46500 0
46510 0
46520 0
46530 0
46540 0
46550 0
46560 1
46570 11
46580 0
46590 1
46600 26
46610 25
46620 4
46630 4
46640 10
46650 38
46660 18
46670 21
46680 93
46690 71
46700 56
46710 78
46720 113
46730 77
46740 171
46750 174
46760 52
46770 44
46780 86
46790 63
46800 40
46810 35
46820 26
46830 28
46840 44
46850 59
46860 11
46870 23
46880 53
46890 5
46900 7
46910 45
46920 16
46930 93
46940 74
46950 11
46960 148
46970 90
46980 87
46990 164
47000 183
47010 80
47020 58
47030 138
47040 108
47050 48
47060 107
47070 97
47080 88
47090 54
47100 115
47110 149
47120 256
47130 206
47140 240
47150 210
47160 297
47170 313
47180 329
47190 279
47200 252
47210 239
47220 195
47230 200
47240 221
47250 214
47260 392
47270 352
47280 350
47290 396
47300 380
47310 459
47320 437
47330 243
47340 360
47350 355
47360 128
47370 12
47380 34
47390 13
47400 75
47410 31
47420 92
47430 74
47440 129
47450 166
47460 182
47470 152
47480 85
47490 119
47500 218
47510 78
47520 23
47530 82
47540 40
47550 147
47560 83
47570 26
47580 67
47590 30
47600 69
47610 31
47620 14
47630 3
47640 5
47650 1
47660 73
47670 21
47680 108
47690 75
47700 39
47710 9
47720 11
47730 24
47740 1
47750 27
47760 10
47770 22
47780 42
47790 11
47800 30
47810 26
47820 3
47830 4
47840 0
47850 4
47860 5
47870 0
47880 28
47890 8
47900 2
47910 0
47920 0
47930 2
47940 12
47950 4
47960 1
47970 2
47980 11
47990 25
48000 21
48010 2
48020 8
48030 21
48040 15
48050 3
48060 5
48070 2
48080 1
48090 7
48100 11
48110 14
48120 5
48130 0
48140 1
48150 0
48160 0
48170 2
48180 5
48190 7
48200 32
48210 101
48220 46
48230 68
48240 2
48250 12
48260 28
48270 1
48280 1
48290 4
48300 5
48310 11
48320 9
48330 6
48340 11
48350 43
48360 44
48370 7
48380 19
48390 25
48400 37
48410 66
48420 81
48430 86
48440 73
48450 48
48460 22
48470 20
48480 17
48490 62
48500 68
48510 70
48520 39
48530 34
48540 77
48550 50
48560 14
48570 23
48580 19
48590 16
48600 63
48610 45
48620 85
48630 163
48640 218
48650 117
48660 58
48670 157
48680 117
48690 81
48700 20
48710 11
48720 27
48730 8
48740 82
48750 33
48760 57
48770 48
48780 128
48790 89
48800 97
48810 62
48820 89
48830 28
48840 34
48850 52
48860 37
48870 39
48880 25
48890 60
48900 58
48910 30
48920 39
48930 157
48940 183
48950 250
48960 411
48970 354
48980 371
48990 404
49000 328
49010 450
49020 454
49030 388
49040 313
49050 333
49060 177
49070 344
49080 395
49090 264
49100 152
49110 121
49120 164
49130 169
49140 161
49150 151
49160 38
49170 25
49180 8
49190 6
49200 22
49210 53
49220 57
49230 89
49240 2
49250 6
49260 0
49270 6
49280 1
49290 20
49300 61
49310 12
49320 6
49330 36
49340 35
49350 25
49360 56
49370 72
49380 90
49390 155
49400 117
49410 271
49420 331
49430 162
49440 275
49450 137
49460 161
49470 163
49480 173
49490 81
49500 69
49510 126
49520 229
49530 240
49540 169
49550 208
49560 179
49570 169
49580 233
49590 203
49600 189
49610 268
49620 221
49630 238
49640 167
49650 177
49660 131
49670 230
49680 211
49690 263
49700 206
49710 109
49720 144
49730 90
49740 176
49750 169
49760 236
49770 158
49780 160
49790 190
49800 202
49810 136
49820 52
49830 91
49840 133
49850 56
49860 168
49870 104
49880 116
49890 126
49900 106
49910 115
49920 86
49930 160
49940 187
49950 150
49960 166
49970 114
49980 105
49990 99
50000 127
50010 140
50020 132
50030 126
50040 105
50050 90
50060 66
50070 30
50080 136
50090 34
50100 102
50110 121
50120 161
50130 130
50140 121
50150 133
50160 100
50170 97
50180 115
50190 99
50200 110
50210 126
50220 68
50230 74
50240 144
50250 58
50260 125
50270 41
50280 129
50290 75
50300 41
50310 86
50320 144
50330 126
50340 137
50350 96
50360 122
50370 78
50380 70
50390 99
50400 111
50410 26
50420 76
50430 78
50440 73
50450 108
50460 77
50470 95
50480 74
50490 73
50500 38
50510 19
50520 54
50530 77
50540 57
50550 98
50560 135
50570 153
50580 132
50590 122
50600 79
50610 93
50620 129
50630 156
50640 252
50650 133
50660 137
50670 232
50680 254
50690 262
50700 283
50710 353
50720 203
50730 259
50740 272
50750 225
50760 198
50770 323
50780 427
50790 325
50800 312
50810 338
50820 419
50830 478
50840 470
50850 494
50860 457
50870 436
50880 349
50890 385
50900 332
50910 291
50920 399
50930 404
50940 414
50950 327
50960 248
50970 171
50980 390
50990 349
51000 422
51010 442
51020 312
51030 346
51040 338
51050 283
51060 377
51070 409
51080 399
51090 384
51100 395
51110 367
51120 416
51130 382
51140 393
51150 270
51160 238
51170 216
51180 296
51190 274
51200 184
51210 118
51220 88
51230 198
51240 223
51250 295
51260 306
51270 166
51280 195
51290 55
51300 36
51310 24
51320 8
51330 1
51340 37
51350 64
51360 26
51370 9
51380 1
51390 12
51400 27
51410 7
51420 1
51430 8
51440 3
51450 13
51460 67
51470 66
51480 20
51490 44
51500 0
51510 32
51520 24
51530 67
51540 11
51550 24
51560 8
51570 11
51580 104
51590 87
51600 49
51610 52
51620 46
51630 84
51640 78
51650 89
51660 85
51670 78
51680 89
51690 53
51700 35
51710 27
51720 24
51730 116
51740 44
51750 95
51760 128
51770 194
51780 270
51790 357
51800 273
51810 453
51820 352
51830 358
51840 399
51850 387
51860 302
51870 266
51880 472
51890 413
51900 462
51910 549
51920 370
51930 325
51940 315
51950 274
51960 332
51970 327
51980 376
51990 370
52000 331
52010 366
52020 335
52030 342
52040 358
52050 364
52060 306
52070 414
52080 370
52090 460
52100 307
52110 270
52120 393
52130 364
52140 358
52150 343
52160 279
52170 410
52180 440
52190 372
52200 368
52210 323
52220 373
52230 280
52240 306
52250 360
52260 336
52270 353
52280 386
52290 324
52300 265
52310 301
52320 124
52330 280
52340 390
52350 291
52360 362
52370 272
52380 302
52390 392
52400 354
52410 417
52420 288
52430 135
52440 145
52450 131
52460 148
52470 242
52480 164
52490 390
52500 271
52510 213
52520 238
52530 196
52540 219
52550 209
52560 177
52570 200
52580 217
52590 384
52600 425
52610 304
52620 284
52630 279
52640 252
52650 304
52660 297
52670 396
52680 247
52690 210
52700 146
52710 105
52720 229
52730 377
52740 487
52750 496
52760 570
52770 566
52780 388
52790 315
52800 197
52810 137
52820 157
52830 96
52840 88
52850 181
52860 64
52870 104
52880 138
52890 181
52900 162
52910 172
52920 161
52930 245
52940 163
52950 123
52960 134
52970 171
52980 22
52990 32
53000 37
53010 114
53020 77
53030 75
53040 51
53050 44
53060 24
53070 59
53080 178
53090 260
53100 137
53110 110
53120 145
53130 126
53140 128
53150 155
53160 329
53170 121
53180 168
53190 208
53200 218
53210 198
53220 237
53230 210
53240 165
53250 136
53260 130
53270 87
53280 133
53290 149
53300 53
53310 117
53320 197
53330 124
53340 220
53350 131
53360 158
53370 66
53380 36
53390 101
53400 55
53410 99
53420 81
53430 76
53440 106
53450 63
53460 141
53470 164
53480 376
53490 368
53500 527
53510 454
53520 441
53530 482
53540 331
53550 363
53560 384
53570 312
53580 265
53590 289
53600 228
53610 199
53620 202
53630 135
53640 240
53650 288
53660 190
53670 224
53680 200
53690 197
53700 295
53710 263
53720 340
53730 349
53740 360
53750 499
53760 414
53770 360
53780 384
53790 402
53800 349
53810 372
53820 366
53830 369
53840 357
53850 404
53860 286
53870 303
53880 313
53890 325
53900 334
53910 263
53920 368
53930 317
53940 385
53950 295
53960 297
53970 292
53980 339
53990 317
54000 289
54010 413
54020 401
54030 465
54040 472
54050 448
54060 512
54070 539
54080 354
54090 498
54100 417
54110 467
54120 450
54130 633
54140 513
54150 364
54160 426
54170 427
54180 363
54190 503
54200 442
54210 635
54220 442
54230 491
54240 442
54250 328
54260 475
54270 502
54280 398
54290 398
54300 504
54310 512
54320 612
54330 436
54340 446
54350 408
54360 379
54370 827
54380 1008
54390 898
54400 650
54410 643
54420 690
54430 839
54440 856
54450 822
54460 686
54470 702
54480 788
54490 839
54500 967
54510 737
54520 511
54530 625
54540 609
54550 426
54560 570
54570 532
54580 534
54590 532
54600 579
54610 505
54620 531
54630 575
54640 473
54650 520
54660 528
54670 488
54680 563
54690 603
54700 547
54710 470
54720 510
54730 359
54740 467
54750 450
54760 297
54770 475
54780 472
54790 465
54800 565
54810 457
54820 531
54830 524
54840 558
54850 622
54860 530
54870 579
54880 548
54890 734
54900 857
54910 485
54920 622
54930 614
54940 628
54950 735
54960 617
54970 686
54980 603
54990 608
55000 497
55010 495
55020 399
55030 506
55040 457
55050 408
55060 483
55070 399
55080 443
55090 310
55100 265
55110 361
55120 408
55130 327
55140 283
55150 374
55160 393
55170 345
55180 324
55190 293
55200 359
55210 326
55220 371
55230 383
55240 339
55250 389
55260 416
55270 313
55280 371
55290 402
55300 360
55310 460
55320 647
55330 424
55340 408
55350 348
55360 280
55370 385
55380 323
55390 381
55400 283
55410 200
55420 216
55430 161
55440 139
55450 234
55460 183
55470 526
55480 497
55490 495
55500 518
55510 469
55520 686
55530 527
55540 650
55550 507
55560 590
55570 418
55580 470
55590 539
55600 674
55610 749
55620 622
55630 469
55640 499
55650 463
55660 421
55670 553
55680 378
55690 416
55700 222
55710 344
55720 392
55730 406
55740 372
55750 482
55760 441
55770 405
55780 701
55790 537
55800 718
55810 656
55820 472
55830 472
55840 400
55850 556
55860 477
55870 470
55880 395
55890 510
55900 462
55910 447
55920 529
55930 435
55940 548
55950 520
55960 367
55970 425
55980 505
55990 485
56000 501
56010 557
56020 446
56030 410
56040 423
56050 433
56060 452
56070 500
56080 456
56090 385
56100 421
56110 375
56120 503
56130 581
56140 579
56150 402
56160 577
56170 408
56180 441
56190 480
56200 420
56210 514
56220 585
56230 595
56240 468
56250 467
56260 466
56270 522
56280 570
56290 634
56300 570
56310 557
56320 551
56330 612
56340 485
56350 734
56360 907
56370 969
56380 996
56390 880
56400 945
56410 906
56420 953
56430 1181
56440 1281
56450 1145
56460 1328
56470 1005
56480 1119
56490 707
56500 510
56510 648
56520 856
56530 978
56540 1136
56550 824
56560 962
56570 1141
56580 1081
56590 1022
56600 794
56610 1148
56620 795
56630 885
56640 1152
56650 930
56660 858
56670 960
56680 1050
56690 887
56700 534
56710 621
56720 599
56730 571
56740 656
56750 757
56760 613
56770 761
56780 767
56790 1144
56800 1321
56810 1051
56820 1282
56830 1415
56840 1440
56850 1345
56860 1129
56870 1335
56880 1162
56890 1062
56900 1270
56910 1020
56920 1057
56930 1314
56940 1380
56950 1189
56960 1524
56970 1634
56980 1512
56990 1644
57000 1379
57010 1204
57020 1301
57030 1386
57040 1473
57050 1337
57060 1257
57070 1270
57080 1215
57090 1315
57100 1350
57110 1396
57120 1340
57130 1228
57140 1185
57150 1110
57160 1105
57170 1247
57180 1041
57190 1007
57200 786
57210 1037
57220 1003
57230 829
57240 962
57250 781
57260 862
57270 800
57280 845
57290 734
57300 997
57310 730
57320 964
57330 1202
57340 1024
57350 765
57360 471
57370 761
57380 687
57390 832
57400 748
57410 660
57420 852
57430 944
57440 1056
57450 1179
57460 1170
57470 1176
57480 1230
57490 1303
57500 1070
57510 1096
57520 1181
57530 990
57540 1013
57550 956
57560 903
57570 853
57580 955
57590 978
57600 936
57610 1008
57620 1008
57630 967
57640 1048
57650 1246
57660 1547
57670 1071
57680 1472
57690 1360
57700 1260
57710 1407
57720 1273
57730 1203
57740 1311
57750 1096
57760 1265
57770 1217
57780 1386
57790 1217
57800 1298
57810 1520
57820 1130
57830 1405
57840 1891
57850 1568
57860 1474
57870 1556
57880 1616
57890 1346
57900 1379
57910 1727
57920 1521
57930 1439
57940 1538
57950 1590
57960 1449
57970 1397
57980 1889
57990 1691
58000 1329
58010 1448
58020 1342
58030 1325
58040 1438
58050 1303
58060 1424
58070 1428
58080 1594
58090 1418
58100 1347
58110 1387
58120 1431
58130 1270
58140 1408
58150 1331
58160 1487
58170 1486
58180 1548
58190 1526
58200 1690
58210 1571
58220 1432
58230 1563
58240 1400
58250 1520
58260 1480
58270 1430
58280 1439
58290 1239
58300 1362
58310 1312
58320 1282
58330 1124
58340 1415
58350 1285
58360 1250
58370 1306
58380 1298
58390 1278
58400 1402
58410 1226
58420 1218
58430 1262
58440 1256
58450 1246
58460 1179
58470 1435
58480 1320
58490 1251
58500 1176
58510 1311
58520 1094
58530 851
58540 980
58550 739
58560 578
58570 798
58580 1051
58590 743
58600 583
58610 719
58620 719
58630 813
58640 1391
58650 1064
58660 1121
58670 1074
58680 1354
58690 1201
58700 1089
58710 1084
58720 1224
58730 1230
58740 1374
58750 1244
58760 1303
58770 1343
58780 1208
58790 1109
58800 1197
58810 1122
58820 1074
58830 1078
58840 1099
58850 1100
58860 1074
58870 1118
58880 1075
58890 1163
58900 1227
58910 1130
58920 1082
58930 1128
58940 1094
58950 1448
58960 1415
58970 1156
58980 1470
58990 1083
59000 975
59010 1080
59020 716
59030 889
59040 1154
59050 788
59060 640
59070 879
59080 1002
59090 637
59100 816
59110 1186
59120 1252
59130 1276
59140 1239
59150 1443
59160 1395
59170 1181
59180 1097
59190 1138
59200 882
59210 1057
59220 1040
59230 1263
59240 1211
59250 1419
59260 968
59270 1044
59280 1138
59290 1301
59300 876
59310 1059
59320 1147
59330 819
59340 860
59350 728
59360 773
59370 478
59380 552
59390 707
59400 825
59410 564
59420 759
59430 532
59440 573
59450 774
59460 797
59470 599
59480 744
59490 772
59500 685
59510 615
59520 579
59530 499
59540 508
59550 383
59560 408
59570 468
59580 433
59590 371
59600 496
59610 605
59620 496
59630 495
59640 717
59650 613
59660 579
59670 359
59680 587
59690 538
59700 441
59710 497
59720 342
59730 242
59740 375
59750 528
59760 610
59770 534
59780 585
59790 502
59800 425
59810 457
59820 423
59830 446
59840 376
59850 291
59860 603
59870 583
59880 302
59890 311
59900 449
59910 468
59920 430
59930 473
59940 561
59950 520
59960 336
59970 744
59980 568
59990 662
60000 563
60010 539
60020 643
60030 633
60040 818
60050 780
60060 772
60070 737
60080 777
60090 873
60100 787
60110 952
60120 638
60130 737
60140 507
60150 540
60160 555
60170 626
60180 844
60190 706
60200 601
60210 754
60220 666
60230 644
60240 581
60250 498
60260 451
60270 582
60280 618
60290 578
60300 550
60310 619
60320 516
60330 535
60340 438
60350 445
60360 379
60370 340
60380 330
60390 486
60400 348
60410 576
60420 482
60430 477
60440 463
60450 445
60460 486
60470 734
60480 742
60490 627
60500 860
60510 908
60520 929
60530 912
60540 785
60550 818
60560 831
60570 922
60580 848
60590 980
60600 1045
60610 859
60620 668
60630 655
60640 576
60650 361
60660 338
60670 189
60680 233
60690 336
60700 532
60710 560
60720 416
60730 414
60740 341
60750 399
60760 475
60770 471
60780 488
60790 387
60800 290
60810 271
60820 215
60830 175
60840 146
60850 90
60860 153
60870 161
60880 126
60890 77
60900 133
60910 193
60920 128
60930 24
60940 45
60950 123
60960 104
60970 109
60980 102
60990 107
61000 24
61010 42
61020 119
61030 43
61040 34
61050 45
61060 16
61070 40
61080 4
61090 25
61100 7
61110 41
61120 64
61130 16
61140 0
61150 1
61160 12
61170 21
61180 5
61190 6
61200 5
61210 2
61220 0
61230 4
61240 0
61250 0
61260 0
61270 0
61280 4
61290 0
61300 2
61310 1
61320 1
61330 0
61340 0
61350 0
61360 0
61370 0
61380 0
61390 0
61400 0
61410 0
61420 0
61430 0
61440 7
61450 1
61460 0
61470 0
61480 3
61490 26
61500 24
61510 10
61520 3
61530 2
61540 0
61550 2
61560 7
61570 6
61580 4
61590 11
61600 7
61610 18
61620 24
61630 51
61640 26
61650 16
61660 16
61670 24
61680 76
61690 18
61700 18
61710 23
61720 51
61730 114
61740 117
61750 22
61760 9
61770 23
61780 71
61790 32
61800 66
61810 75
61820 44
61830 68
61840 23
61850 50
61860 39
61870 77
61880 21
61890 8
61900 9
61910 12
61920 27
61930 20
61940 51
61950 59
61960 10
61970 13
61980 47
61990 22
62000 66
62010 49
62020 25
62030 39
62040 20
62050 10
62060 8
62070 9
62080 5
62090 13
62100 14
62110 2
62120 14
62130 8
62140 16
62150 7
62160 12
62170 3
62180 8
62190 13
62200 2
62210 13
62220 7
62230 15
62240 38
62250 8
62260 41
62270 53
62280 9
62290 11
62300 28
62310 13
62320 35
62330 12
62340 47
62350 7
62360 18
62370 6
62380 5
62390 1
62400 5
62410 14
62420 14
62430 27
62440 15
62450 23
62460 14
62470 18
62480 2
62490 30
62500 28
62510 43
62520 64
62530 70
62540 10
62550 26
62560 8
62570 13
62580 52
62590 17
62600 13
62610 2
62620 63
62630 34
62640 97
62650 23
62660 137
62670 233
62680 235
62690 59
62700 69
62710 37
62720 64
62730 22
62740 18
62750 8
62760 35
62770 20
62780 80
62790 18
62800 29
62810 15
62820 46
62830 128
62840 19
62850 3
62860 2
62870 0
62880 8
62890 2
62900 12
62910 4
62920 5
62930 44
62940 133
62950 60
62960 61
62970 34
62980 48
62990 81
63000 26
63010 10
63020 11
63030 2
63040 0
63050 73
63060 67
63070 89
63080 24
63090 19
63100 111
63110 6
63120 12
63130 7
63140 0
63150 7
63160 14
63170 9
63180 0
63190 3
63200 1
63210 5
63220 8
63230 10
63240 7
63250 1
63260 18
63270 18
63280 0
63290 0
63300 2
63310 0
63320 0
63330 0
63340 2
63350 1
63360 0
63370 0
63380 0
63390 0
63400 0
63410 5
63420 6
63430 35
63440 33
63450 50
63460 67
63470 23
63480 23
63490 34
63500 19
63510 31
63520 14
63530 7
63540 5
63550 4
63560 27
63570 10
63580 31
63590 59
63600 22
63610 16
63620 13
63630 47
63640 20
63650 52
63660 100
63670 49
63680 19
63690 2
63700 0
63710 25
63720 2
63730 0
63740 0
63750 1
63760 7
63770 13
63780 5
63790 2
63800 64
63810 25
63820 19
63830 27
63840 9
63850 7
63860 10
63870 15
63880 10
63890 4
63900 10
63910 29
63920 11
63930 10
63940 45
63950 34
63960 41
63970 27
63980 29
63990 31
64000 31
64010 132
64020 127
64030 227
64040 179
64050 180
64060 154
64070 146
64080 143
64090 96
64100 80
64110 32
64120 24
64130 83
64140 164
64150 77
64160 115
64170 193
64180 90
64190 64
64200 89
64210 59
64220 105
64230 47
64240 16
64250 30
64260 30
64270 123
64280 79
64290 85
64300 99
64310 118
64320 100
64330 42
64340 43
64350 27
64360 17
64370 20
64380 62
64390 57
64400 76
64410 87
64420 132
64430 142
64440 86
64450 92
64460 75
64470 97
64480 57
64490 59
64500 87
64510 8
64520 32
64530 30
64540 48
64550 72
64560 82
64570 80
64580 76
64590 55
64600 39
64610 36
64620 19
64630 12
64640 2
64650 1
64660 22
64670 47
64680 41
64690 91
64700 34
64710 79
64720 35
64730 25
64740 83
64750 32
64760 3
64770 61
64780 115
64790 231
64800 84
64810 56
64820 65
64830 44
64840 48
64850 82
64860 74
64870 46
64880 85
64890 76
64900 60
64910 65
64920 97
64930 109
64940 192
64950 289
64960 310
64970 218
64980 340
64990 329
65000 204
65010 288
65020 136
65030 262
65040 218
65050 215
65060 276
65070 250
65080 255
65090 211
65100 150
65110 63
65120 53
65130 94
65140 118
65150 150
65160 149
65170 147
65180 112
65190 128
65200 115
65210 122
65220 107
65230 92
65240 113
65250 8
65260 26
65270 20
65280 226
65290 355
65300 318
65310 287
65320 265
65330 324
65340 322
65350 253
65360 288
65370 165
65380 137
65390 128
65400 101
65410 110
65420 107
65430 56
65440 58
65450 152
65460 102
65470 142
65480 125
65490 156
65500 145
65510 52
65520 132
65530 161
65540 134
65550 140
65560 277
65570 263
65580 126
65590 152
65600 119
65610 135
65620 65
65630 75
65640 52
65650 12
65660 22
65670 75
65680 69
65690 57
65700 130
65710 77
65720 100
65730 127
65740 105
65750 103
65760 126
65770 117
65780 75
65790 73
65800 90
65810 87
65820 89
65830 85
65840 70
65850 14
65860 34
65870 15
65880 30
65890 10
65900 24
65910 36
65920 66
65930 0
65940 25
65950 32
65960 73
65970 52
65980 20
65990 28
66000 41
66010 28
66020 64
66030 91
66040 103
66050 38
66060 31
66070 14
66080 21
66090 21
66100 71
66110 58
66120 97
66130 68
66140 60
66150 64
66160 88
66170 76
66180 209
66190 26
66200 4
66210 5
66220 0
66230 4
66240 19
66250 35
66260 2
66270 2
66280 2
66290 15
66300 33
66310 11
66320 1
66330 0
66340 0
66350 0
66360 0
66370 0
66380 0
66390 0
66400 0
66410 0
66420 0
66430 0
66440 0
66450 0
66460 0
66470 0
66480 0
66490 0
66500 0
66510 0
66520 4
66530 0
66540 0
66550 0
66560 0
66570 0
66580 0
66590 1
66600 0
66610 0
66620 0
66630 0
66640 1
66650 0
66660 0
66670 0
66680 0
66690 0
66700 1
66710 0
66720 0
66730 0
66740 0
66750 0
66760 0
66770 0
66780 0
66790 0
66800 0
66810 0
66820 0
66830 0
66840 0
66850 0
66860 1
66870 4
66880 1
66890 0
66900 1
66910 1
66920 0
66930 0
66940 4
66950 0
66960 0
66970 0
66980 1
66990 1
67000 0
67010 1
67020 0
67030 0
67040 0
67050 0
67060 0
67070 0
67080 1
67090 0
67100 8
67110 21
67120 33
67130 11
67140 25
67150 0
67160 1
67170 3
67180 0
67190 0
67200 0
67210 2
67220 0
67230 1
67240 1
67250 27
67260 79
67270 3
67280 0
67290 1
67300 0
67310 2
67320 0
67330 0
67340 0
67350 0
67360 0
67370 0
67380 0
67390 0
67400 0
67410 0
67420 0
67430 0
67440 0
67450 0
67460 0
67470 0
67480 0
67490 0
67500 0
67510 0
67520 0
67530 0
67540 0
67550 0
67560 0
67570 0
67580 0
67590 0
67600 0
67610 0
67620 0
67630 0
67640 0
67650 0
67660 0
67670 0
67680 0
67690 0
67700 0
67710 0
67720 0
67730 0
67740 0
67750 0
67760 0
67770 0
67780 0
67790 0
67800 0
67810 0
67820 0
67830 0
67840 0
67850 0
67860 0
67870 0
67880 0
67890 0
67900 0
67910 0
67920 0
67930 0
67940 0
67950 0
67960 0
67970 0
67980 0
67990 0
68000 0
68010 0
68020 0
68030 0
68040 0
68050 0
68060 0
68070 0
68080 0
68090 0
68100 0
68110 0
68120 0
68130 0
68140 0
68150 0
68160 0
68170 0
68180 0
68190 0
68200 0
68210 0
68220 0
68230 0
68240 0
68250 0
68260 0
68270 8
68280 0
68290 0
68300 0
68310 0
68320 0
68330 0
68340 0
68350 0
68360 0
68370 0
68380 0
68390 0
68400 0
68410 0
68420 0
68430 0
68440 0
68450 0
68460 0
68470 0
68480 0
68490 0
68500 0
68510 0
68520 0
68530 0
68540 0
68550 0
68560 0
68570 0
68580 0
68590 0
68600 0
68610 0
68620 0
68630 0
68640 0
68650 0
68660 0
68670 1
68680 0
68690 1
68700 0
68710 1
68720 1
68730 0
68740 0
68750 0
68760 0
68770 0
68780 0
68790 0
68800 0
68810 0
68820 0
68830 0
68840 0
68850 0
68860 0
68870 0
68880 0
68890 0
68900 0
68910 0
68920 0
68930 0
68940 0
68950 0
68960 0
68970 0
68980 0
68990 0
69000 0
69010 0
69020 0
69030 0
69040 0
69050 0
69060 0
69070 0
69080 0
69090 0
69100 0
69110 0
69120 0
69130 3
69140 7
69150 7
69160 14
69170 0
69180 0
69190 5
69200 0
69210 0
69220 0
69230 1
69240 0
69250 0
69260 0
69270 0
69280 0
69290 0
69300 0
69310 0
69320 0
69330 0
69340 0
69350 0
69360 0
69370 0
69380 0
69390 0
69400 0
69410 0
69420 0
69430 0
69440 5
69450 14
69460 17
69470 14
69480 19
69490 1
69500 0
69510 0
69520 0
69530 0
69540 0
69550 0
69560 0
69570 0
69580 0
69590 0
69600 0
69610 0
69620 0
69630 0
69640 0
69650 0
69660 0
69670 0
69680 0
69690 0
69700 0
69710 0
69720 0
69730 0
69740 0
69750 0
69760 0
69770 0
69780 0
69790 0
69800 0
69810 0
69820 0
69830 0
69840 0
69850 0
69860 0
69870 0
69880 0
69890 0
69900 0
69910 0
69920 0
69930 0
69940 0
69950 0
69960 0
69970 0
69980 0
69990 0
70000 0
70010 0
70020 0
70030 0
70040 0
70050 0
70060 0
70070 0
70080 0
70090 0
70100 0
70110 0
70120 0
70130 0
70140 0
70150 0
70160 0
70170 0
70180 0
70190 0
70200 0
70210 0
70220 0
70230 0
70240 0
70250 0
70260 0
70270 0
70280 0
70290 0
70300 0
70310 0
70320 0
70330 0
70340 0
70350 0
70360 0
70370 0
70380 0
70390 0
70400 0
70410 0
70420 0
70430 0
70440 0
70450 0
70460 0
70470 0
70480 0
70490 0
70500 0
70510 0
70520 0
70530 0
70540 0
70550 0
70560 0
70570 0
70580 0
70590 0
70600 0
70610 0
70620 0
70630 0
70640 0
70650 0
70660 0
70670 0
70680 0
70690 0
70700 0
70710 0
70720 0
70730 0
70740 0
70750 0
70760 0
70770 0
70780 0
70790 0
70800 0
70810 0
70820 0
70830 0
70840 0
70850 0
70860 0
70870 0
70880 0
70890 0
70900 0
70910 0
70920 0
70930 0
70940 0
70950 0
70960 0
70970 0
70980 0
70990 0
71000 0
71010 0
71020 0
71030 0
71040 0
71050 0
71060 0
71070 0
71080 0
71090 0
71100 0
71110 0
71120 0
71130 0
71140 0
71150 0
71160 0
71170 0
71180 0
71190 0
71200 0
71210 0
71220 0
71230 0
71240 0
71250 0
71260 0
71270 0
71280 0
71290 0
71300 0
71310 0
71320 0
71330 0
71340 0
71350 0
71360 0
71370 0
71380 0
71390 0
71400 0
71410 0
71420 0
71430 0
71440 0
71450 0
71460 0
71470 0
71480 0
71490 0
71500 0
71510 0
71520 0
71530 0
71540 0
71550 0
71560 0
71570 0
71580 0
71590 0
71600 0
71610 0
71620 8
71630 8
71640 13
71650 10
71660 12
71670 0
71680 2
71690 0
71700 0
71710 0
71720 0
71730 0
71740 2
71750 0
71760 1
71770 2
71780 19
71790 9
71800 11
71810 11
71820 26
71830 47
71840 17
71850 6
71860 11
71870 3
71880 0
71890 2
71900 74
71910 63
71920 92
71930 283
71940 37
71950 27
71960 0
71970 0
71980 0
71990 0
72000 0
72010 0
72020 0
72030 0
72040 14
72050 7
72060 24
72070 3
72080 1
72090 2
72100 7
72110 0
72120 0
72130 0
72140 0
72150 0
72160 0
72170 0
72180 1
72190 0
72200 0
72210 1
72220 0
72230 0
72240 0
72250 0
72260 0
72270 0
72280 0
72290 0
72300 0
72310 0
72320 0
72330 0
72340 0
72350 0
72360 0
72370 0
72380 0
72390 0
72400 0
72410 0
72420 0
72430 2
72440 0
72450 0
72460 0
72470 0
72480 0
72490 0
72500 0
72510 0
72520 0
72530 0
72540 0
72550 0
72560 0
72570 0
72580 0
72590 0
72600 0
72610 0
72620 0
72630 0
72640 0
72650 0
72660 0
72670 0
72680 0
72690 0
72700 0
72710 0
72720 0
72730 0
72740 0
72750 0
72760 0
72770 0
72780 0
72790 0
72800 4
72810 2
72820 2
72830 0
72840 0
72850 0
72860 0
72870 1
72880 0
72890 1
72900 1
72910 6
72920 6
72930 26
72940 14
72950 25
72960 24
72970 14
72980 10
72990 97
73000 33
73010 60
73020 102
73030 29
73040 33
73050 33
73060 39
73070 54
73080 74
73090 37
73100 11
73110 24
73120 16
73130 15
73140 2
73150 0
73160 43
73170 67
73180 71
73190 52
73200 90
73210 115
73220 78
73230 160
73240 226
73250 148
73260 137
73270 149
73280 201
73290 88
73300 86
73310 115
73320 56
73330 83
73340 78
73350 62
73360 71
73370 106
73380 92
73390 121
73400 116
73410 76
73420 106
73430 98
73440 94
73450 115
73460 83
73470 102
73480 72
73490 98
73500 113
73510 124
73520 113
73530 101
73540 106
73550 84
73560 66
73570 51
73580 96
73590 92
73600 111
73610 142
73620 99
73630 92
73640 64
73650 105
73660 91
73670 129
73680 112
73690 78
73700 56
73710 39
73720 59
73730 64
73740 114
73750 77
73760 88
73770 76
73780 77
73790 82
73800 83
73810 68
73820 119
73830 88
73840 66
73850 82
73860 93
73870 116
73880 92
73890 79
73900 169
73910 91
73920 101
73930 173
73940 98
73950 142
73960 173
73970 132
73980 141
73990 142
74000 184
74010 249
74020 343
74030 393
74040 219
74050 303
74060 158
74070 169
74080 58
74090 192
74100 136
74110 86
74120 76
74130 285
74140 224
74150 732
74160 579
74170 708
74180 294
74190 470
74200 495
74210 391
74220 353
74230 359
74240 450
74250 540
74260 118
74270 59
74280 39
74290 136
74300 399
74310 391
74320 322
74330 370
74340 314
74350 264
74360 423
74370 170
74380 234
74390 111
74400 149
74410 28
74420 45
74430 47
74440 28
74450 57
74460 31
74470 60
74480 2
74490 84
74500 34
74510 58
74520 33
74530 14
74540 11
74550 7
74560 9
74570 5
74580 0
74590 4
74600 1
74610 33
74620 21
74630 12
74640 25
74650 52
74660 4
74670 1
74680 16
74690 57
74700 15
74710 0
74720 1
74730 3
74740 42
74750 18
74760 0
74770 4
74780 2
74790 8
74800 2
74810 1
74820 0
74830 0
74840 0
74850 0
74860 0
74870 0
74880 0
74890 1
74900 1
74910 0
74920 0
74930 0
74940 0
74950 0
74960 0
74970 0
74980 0
74990 0
75000 0
75010 0
75020 0
75030 0
75040 1
75050 1
75060 3
75070 1
75080 0
75090 25
75100 34
75110 29
75120 84
75130 58
75140 16
75150 23
75160 4
75170 2
75180 1
75190 0
75200 0
75210 0
75220 25
75230 54
75240 26
75250 14
75260 1
75270 0
75280 4
75290 6
75300 1
75310 1
75320 1
75330 7
75340 0
75350 2
75360 0
75370 0
75380 0
75390 4
75400 14
75410 141
75420 52
75430 58
75440 78
75450 160
75460 64
75470 59
75480 19
75490 73
75500 120
75510 104
75520 42
75530 73
75540 99
75550 90
75560 103
75570 62
75580 131
75590 65
75600 76
75610 14
75620 46
75630 62
75640 10
75650 1
75660 24
75670 7
75680 5
75690 48
75700 36
75710 58
75720 89
75730 201
75740 236
75750 140
75760 142
75770 92
75780 261
75790 80
75800 132
75810 47
75820 69
75830 103
75840 170
75850 129
75860 120
75870 87
75880 177
75890 195
75900 160
75910 127
75920 65
75930 111
75940 69
75950 71
75960 94
75970 124
75980 43
75990 29
76000 124
76010 49
76020 110
76030 63
76040 38
76050 38
76060 22
76070 0
76080 2
76090 18
76100 3
76110 6
76120 16
76130 67
76140 78
76150 73
76160 41
76170 4
76180 11
76190 6
76200 34
76210 22
76220 27
76230 108
76240 41
76250 49
76260 4
76270 9
76280 23
76290 64
76300 84
76310 39
76320 128
76330 40
76340 107
76350 64
76360 88
76370 67
76380 70
76390 142
76400 84
76410 62
76420 47
76430 10
76440 50
76450 6
76460 7
76470 1
76480 6
76490 2
76500 0
76510 0
76520 0
76530 0
76540 0
76550 0
76560 0
76570 3
76580 9
76590 6
76600 5
76610 0
76620 7
76630 10
76640 10
76650 4
76660 0
76670 4
76680 19
76690 8
76700 30
76710 15
76720 9
76730 0
76740 5
76750 6
76760 5
76770 3
76780 17
76790 5
76800 0
76810 0
76820 4
76830 4
76840 0
76850 0
76860 7
76870 0
76880 0
76890 9
76900 8
76910 7
76920 26
76930 18
76940 7
76950 51
76960 6
76970 81
76980 156
76990 77
77000 69
77010 72
77020 108
77030 59
77040 44
77050 8
77060 6
77070 5
77080 9
77090 7
77100 2
77110 2
77120 14
77130 0
77140 1
77150 0
77160 0
77170 0
77180 0
77190 0
77200 0
77210 0
77220 0
77230 16
77240 2
77250 0
77260 0
77270 2
77280 5
77290 0
77300 1
77310 1
77320 0
77330 5
77340 2
77350 6
77360 5
77370 3
77380 11
77390 10
77400 38
77410 12
77420 11
77430 18
77440 55
77450 46
77460 59
77470 75
77480 41
77490 11
77500 18
77510 130
77520 111
77530 93
77540 89
77550 90
77560 13
77570 4
77580 27
77590 12
77600 8
77610 13
77620 8
77630 7
77640 8
77650 10
77660 10
77670 38
77680 90
77690 72
77700 37
77710 3
77720 3
77730 6
77740 8
77750 18
77760 34
77770 11
77780 77
77790 74
77800 26
77810 7
77820 17
77830 12
77840 6
77850 3
77860 22
77870 3
77880 51
77890 58
77900 27
77910 11
77920 40
77930 45
77940 40
77950 32
77960 23
77970 26
77980 20
77990 29
78000 29
78010 20
78020 34
78030 30
78040 117
78050 147
78060 22
78070 4
78080 40
78090 18
78100 8
78110 20
78120 129
78130 27
78140 18
78150 4
78160 38
78170 34
78180 22
78190 26
78200 17
78210 156
78220 54
78230 21
78240 27
78250 19
78260 19
78270 9
78280 0
78290 2
78300 4
78310 5
78320 4
78330 13
78340 2
78350 2
78360 1
78370 0
78380 9
78390 1
78400 11
78410 12
78420 4
78430 1
78440 2
78450 4
78460 12
78470 34
78480 7
78490 2
78500 22
78510 6
78520 31
78530 43
78540 122
78550 93
78560 98
78570 118
78580 34
78590 72
78600 33
78610 36
78620 46
78630 3
78640 14
78650 6
78660 13
78670 10
78680 1
78690 8
78700 0
78710 0
78720 6
78730 24
78740 83
78750 66
78760 68
78770 115
78780 131
78790 179
78800 60
78810 109
78820 74
78830 39
78840 43
78850 42
78860 44
78870 28
78880 28
78890 4
78900 6
78910 47
78920 43
78930 69
78940 25
78950 25
78960 24
78970 18
78980 1
78990 9
79000 14
79010 5
79020 5
79030 19
79040 23
79050 22
79060 56
79070 52
79080 4
79090 0
79100 0
79110 0
79120 9
79130 9
79140 28
79150 4
79160 4
79170 3
79180 1
79190 1
79200 1
79210 2
79220 0
79230 0
79240 0
79250 0
79260 2
79270 4
79280 8
79290 3
79300 3
79310 11
79320 18
79330 48
79340 47
79350 82
79360 45
79370 4
79380 7
79390 23
79400 7
79410 16
79420 15
79430 0
79440 1
79450 76
79460 30
79470 32
79480 8
79490 2
79500 19
79510 21
79520 0
79530 11
79540 7
79550 54
79560 78
79570 63
79580 88
79590 78
79600 55
79610 105
79620 152
79630 120
79640 72
79650 163
79660 185
79670 51
79680 107
79690 160
79700 280
79710 264
79720 106
79730 55
79740 90
79750 73
79760 50
79770 90
79780 125
79790 75
79800 122
79810 137
79820 7
79830 27
79840 4
79850 4
79860 6
79870 29
79880 1
79890 10
79900 8
79910 24
79920 1
79930 52
79940 55
79950 14
79960 7
79970 61
79980 42
79990 180
80000 202
80010 177
80020 156
80030 175
80040 97
80050 22
80060 8
80070 26
80080 17
80090 13
80100 0
80110 28
80120 42
80130 26
80140 4
80150 65
80160 56
80170 26
80180 25
80190 1
80200 0
80210 0
80220 0
80230 0
80240 1
80250 6
80260 33
80270 25
80280 42
80290 30
80300 11
80310 25
80320 30
80330 28
80340 13
80350 6
80360 1
80370 19
80380 9
80390 10
80400 23
80410 5
80420 7
80430 9
80440 9
80450 5
80460 31
80470 8
80480 63
80490 94
80500 29
80510 8
80520 61
80530 67
80540 104
80550 89
80560 28
80570 3
80580 10
80590 0
80600 3
80610 1
80620 17
80630 4
80640 3
80650 21
80660 10
80670 2
80680 3
80690 1
80700 17
80710 13
80720 3
80730 9
80740 1
80750 32
80760 12
80770 10
80780 50
80790 100
80800 74
80810 232
80820 91
80830 27
80840 30
80850 16
80860 0
80870 4
80880 7
80890 7
80900 13
80910 9
80920 16
80930 10
80940 34
80950 1
80960 1
80970 0
80980 0
80990 1
81000 5
81010 10
81020 3
81030 0
81040 4
81050 1
81060 11
81070 23
81080 18
81090 52
81100 12
81110 8
81120 28
81130 62
81140 18
81150 8
81160 5
81170 5
81180 13
81190 2
81200 63
81210 126
81220 49
81230 46
81240 26
81250 11
81260 45
81270 59
81280 78
81290 53
81300 55
81310 13
81320 66
81330 51
81340 49
81350 130
81360 17
81370 19
81380 8
81390 20
81400 6
81410 12
81420 5
81430 2
81440 8
81450 20
81460 47
81470 66
81480 59
81490 168
81500 138
81510 116
81520 6
81530 32
81540 18
81550 52
81560 12
81570 34
81580 48
81590 119
81600 26
81610 8
81620 24
81630 18
81640 10
81650 0
81660 1
81670 0
81680 1
81690 4
81700 3
81710 17
81720 1
81730 3
81740 4
81750 0
81760 3
81770 49
81780 0
81790 0
81800 0
81810 0
81820 0
81830 0
81840 0
81850 0
81860 0
81870 0
81880 0
81890 0
81900 0
81910 0
81920 0
81930 0
81940 0
81950 0
81960 0
81970 0
81980 0
81990 2
82000 0
82010 0
82020 0
82030 0
82040 0
82050 0
82060 0
82070 0
82080 1
82090 2
82100 0
82110 0
82120 0
82130 0
82140 0
82150 1
82160 1
82170 0
82180 0
82190 1
82200 0
82210 0
82220 0
82230 0
82240 0
82250 0
82260 0
82270 0
82280 0
82290 0
82300 0
82310 4
82320 0
82330 14
82340 1
82350 1
82360 8
82370 16
82380 12
82390 0
82400 0
82410 0
82420 0
82430 0
82440 0
82450 0
82460 0
82470 50
82480 0
82490 0
82500 2
82510 2
82520 1
82530 0
82540 0
82550 0
82560 0
82570 0
82580 0
82590 0
82600 0
82610 0
82620 0
82630 0
82640 0
82650 0
82660 0
82670 3
82680 1
82690 0
82700 0
82710 0
82720 0
82730 0
82740 0
82750 0
82760 0
82770 0
82780 0
82790 0
82800 0
82810 0
82820 0
82830 0
82840 0
82850 0
82860 0
82870 0
82880 0
82890 0
82900 0
82910 0
82920 0
82930 0
82940 0
82950 0
82960 0
82970 0
82980 0
82990 0
83000 0
83010 0
83020 0
83030 3
83040 1
83050 0
83060 0
83070 12
83080 0
83090 0
83100 0
83110 0
83120 0
83130 0
83140 0
83150 0
83160 0
83170 0
83180 3
83190 0
83200 0
83210 6
83220 6
83230 0
83240 7
83250 0
83260 0
83270 0
83280 0
83290 0
83300 0
83310 0
83320 0
83330 0
83340 0
83350 0
83360 0
83370 0
83380 0
83390 0
83400 0
83410 0
83420 0
83430 0
83440 0
83450 0
83460 0
83470 0
83480 0
83490 0
83500 0
83510 0
83520 0
83530 0
83540 0
83550 0
83560 0
83570 0
83580 0
83590 0
83600 0
83610 0
83620 0
83630 0
83640 0
83650 0
83660 0
83670 0
83680 0
83690 0
83700 0
83710 0
83720 0
83730 0
83740 0
83750 0
83760 0
83770 0
83780 0
83790 0
83800 0
83810 0
83820 0
83830 0
83840 3
83850 0
83860 0
83870 0
83880 0
83890 0
83900 0
83910 0
83920 0
83930 0
83940 0
83950 0
83960 0
83970 0
83980 0
83990 0
84000 0
84010 0
84020 0
84030 0
84040 0
84050 0
84060 0
84070 0
84080 0
84090 0
84100 0
84110 0
84120 0
84130 0
84140 0
84150 0
84160 0
84170 0
84180 0
84190 0
84200 0
84210 0
84220 0
84230 0
84240 0
84250 0
84260 0
84270 0
84280 0
84290 0
84300 0
84310 0
84320 0
84330 0
84340 0
84350 0
84360 0
84370 0
84380 0
84390 0
84400 0
84410 0
84420 0
84430 0
84440 0
84450 0
84460 0
84470 0
84480 0
84490 0
84500 0
84510 0
84520 0
84530 0
84540 0
84550 0
84560 0
84570 0
84580 0
84590 0
84600 0
84610 0
84620 0
84630 0
84640 0
84650 0
84660 0
84670 0
84680 0
84690 0
84700 0
84710 0
84720 0
84730 0
84740 0
84750 0
84760 0
84770 0
84780 0
84790 0
84800 0
84810 0
84820 0
84830 0
84840 0
84850 0
84860 0
84870 0
84880 0
84890 0
84900 0
84910 0
84920 0
84930 0
84940 0
84950 0
84960 0
84970 0
84980 0
84990 0
85000 0
85010 0
85020 0
85030 0
85040 0
85050 0
85060 0
85070 0
85080 0
85090 0
85100 0
85110 0
85120 0
85130 0
85140 0
85150 0
85160 0
85170 0
85180 0
85190 0
85200 0
85210 0
85220 0
85230 0
85240 0
85250 0
85260 0
85270 0
85280 0
85290 0
85300 0
85310 0
85320 0
85330 0
85340 0
85350 0
85360 0
85370 0
85380 0
85390 0
85400 0
85410 0
85420 0
85430 0
85440 0
85450 0
85460 0
85470 0
85480 0
85490 0
85500 0
85510 0
85520 0
85530 0
85540 0
85550 0
85560 0
85570 0
85580 0
85590 0
85600 0
85610 0
85620 0
85630 0
85640 0
85650 0
85660 0
85670 0
85680 0
85690 0
85700 0
85710 0
85720 0
85730 0
85740 0
85750 0
85760 0
85770 0
85780 0
85790 0
85800 0
85810 0
85820 0
85830 0
85840 0
85850 0
85860 0
85870 0
85880 0
85890 0
85900 0
85910 0
85920 0
85930 0
85940 0
85950 0
85960 0
85970 0
85980 0
85990 0
86000 0
86010 0
86020 0
86030 0
86040 0
86050 0
86060 0
86070 0
86080 0
86090 0
86100 0
86110 0
86120 0
86130 0
86140 0
86150 0
86160 0
86170 0
86180 0
86190 0
86200 0
86210 0
86220 0
86230 0
86240 0
86250 0
86260 0
86270 0
86280 0
86290 0
86300 0
86310 0
86320 0
86330 0
86340 0
86350 0
86360 0
86370 0
86380 0
86390 0
86400 0
86410 0
86420 0
86430 0
86440 0
86450 0
86460 0
86470 0
86480 0
86490 0
86500 0
86510 0
86520 0
86530 0
86540 0
86550 0
86560 0
86570 0
86580 0
86590 0
86600 0
86610 0
86620 0
86630 0
86640 0
86650 0
86660 0
86670 0
86680 0
86690 0
86700 2
86710 1
86720 11
86730 25
86740 29
86750 13
86760 5
86770 28
86780 9
86790 0
86800 6
86810 29
86820 11
86830 23
86840 50
86850 6
86860 65
86870 0
86880 14
86890 5
86900 2
86910 0
86920 0
86930 0
86940 0
86950 0
86960 0
86970 0
86980 0
86990 3
87000 6
87010 8
87020 0
87030 3
87040 15
87050 125
87060 16
87070 2
87080 3
87090 0
87100 0
87110 0
87120 1
87130 0
87140 0
87150 0
87160 0
87170 0
87180 0
87190 0
87200 0
87210 0
87220 0
87230 0
87240 0
87250 0
87260 0
87270 0
87280 0
87290 0
87300 0
87310 0
87320 0
87330 0
87340 0
87350 0
87360 0
87370 0
87380 0
87390 0
87400 0
87410 0
87420 0
87430 0
87440 0
87450 0
87460 0
87470 0
87480 0
87490 0
87500 0
87510 0
87520 0
87530 0
87540 0
87550 0
87560 0
87570 0
87580 0
87590 0
87600 0
87610 0
87620 0
87630 0
87640 0
87650 0
87660 0
87670 0
87680 0
87690 0
87700 0
87710 0
87720 0
87730 0
87740 0
87750 0
87760 0
87770 0
87780 0
87790 0
87800 0
87810 0
87820 0
87830 0
87840 0
87850 0
87860 0
87870 0
87880 0
87890 0
87900 0
87910 0
87920 0
87930 0
87940 0
87950 0
87960 0
87970 0
87980 0
87990 0
88000 0
88010 0
88020 0
88030 0
88040 0
88050 0
88060 0
88070 0
88080 0
88090 0
88100 0
88110 0
88120 0
88130 0
88140 0
88150 0
88160 0
88170 0
88180 0
88190 0
88200 0
88210 0
88220 0
88230 0
88240 0
88250 0
88260 0
88270 0
88280 0
88290 0
88300 0
88310 0
88320 0
88330 0
88340 0
88350 0
88360 0
88370 0
88380 0
88390 0
88400 0
88410 0
88420 0
88430 0
88440 0
88450 0
88460 0
88470 0
88480 0
88490 0
88500 0
88510 0
88520 0
88530 0
88540 0
88550 0
88560 0
88570 0
88580 0
88590 0
88600 0
88610 0
88620 0
88630 0
88640 0
88650 0
88660 0
88670 0
88680 0
88690 0
88700 0
88710 0
88720 0
88730 0
88740 0
88750 0
88760 33
88770 0
88780 0
88790 0
88800 0
88810 0
88820 0
88830 0
88840 0
88850 0
88860 0
88870 0
88880 0
88890 0
88900 0
88910 0
88920 0
88930 0
88940 0
88950 0
88960 0
88970 0
88980 6
88990 1
89000 0
89010 0
89020 0
89030 0
89040 0
89050 0
89060 0
89070 0
89080 0
89090 0
89100 1
89110 0
89120 0
89130 0
89140 0
89150 0
89160 0
89170 0
89180 0
89190 0
89200 0
89210 0
89220 0
89230 0
89240 0
89250 0
89260 0
89270 0
89280 0
89290 0
89300 0
89310 0
89320 0
89330 0
89340 0
89350 0
89360 0
89370 0
89380 0
89390 0
89400 0
89410 0
89420 0
89430 0
89440 0
89450 0
89460 0
89470 0
89480 0
89490 0
89500 0
89510 0
89520 0
89530 0
89540 0
89550 0
89560 0
89570 0
89580 0
89590 0
89600 0
89610 0
89620 0
89630 0
89640 0
89650 0
89660 0
89670 0
89680 0
89690 1
89700 3
89710 3
89720 2
89730 0
89740 0
89750 1
89760 0
89770 4
89780 2
89790 0
89800 0
89810 0
89820 0
89830 3
89840 2
89850 0
89860 0
89870 0
89880 0
89890 0
89900 0
89910 0
89920 0
89930 0
89940 2
89950 0
89960 0
89970 0
89980 0
89990 0
90000 0
90010 0
90020 0
90030 0
90040 0
90050 3
90060 0
90070 1
90080 0
90090 0
90100 0
90110 3
90120 0
90130 0
90140 0
90150 2
90160 0
90170 0
90180 1
90190 0
90200 1
90210 1
90220 0
90230 12
90240 8
90250 12
90260 5
90270 18
90280 14
90290 19
90300 6
90310 2
90320 30
90330 33
90340 62
90350 30
90360 45
90370 25
90380 32
90390 93
90400 122
90410 84
90420 100
90430 48
90440 18
90450 27
90460 26
90470 24
90480 29
90490 31
90500 31
90510 57
90520 58
90530 37
90540 49
90550 54
90560 46
90570 70
90580 161
90590 76
90600 134
90610 78
90620 83
90630 71
90640 53
90650 70
90660 48
90670 22
90680 3
90690 2
90700 1
90710 4
90720 6
90730 5
90740 6
90750 7
90760 6
90770 4
90780 5
90790 8
90800 12
90810 10
90820 15
90830 19
90840 4
90850 9
90860 12
90870 25
90880 2
90890 20
90900 3
90910 45
90920 33
90930 84
90940 19
90950 113
90960 9
90970 81
90980 76
90990 50
91000 120
91010 146
91020 184
91030 129
91040 175
91050 176
91060 184
91070 250
91080 250
91090 262
91100 271
91110 244
91120 288
91130 266
91140 269
91150 295
91160 234
91170 292
91180 255
91190 272
91200 285
91210 283
91220 267
91230 110
91240 135
91250 287
91260 337
91270 286
91280 337
91290 353
91300 322
91310 274
91320 346
91330 292
91340 324
91350 350
91360 275
91370 326
91380 256
91390 257
91400 253
91410 293
91420 339
91430 314
91440 270
91450 262
91460 298
91470 376
91480 339
91490 307
91500 284
91510 340
91520 373
91530 295
91540 327
91550 253
91560 332
91570 276
91580 278
91590 315
91600 315
91610 319
91620 216
91630 311
91640 296
91650 167
91660 382
91670 400
91680 370
91690 351
91700 176
91710 285
91720 299
91730 280
91740 154
91750 165
91760 182
91770 131
91780 139
91790 89
91800 134
91810 172
91820 208
91830 195
91840 266
91850 212
91860 226
91870 238
91880 303
91890 427
91900 401
91910 457
91920 365
91930 449
91940 451
91950 505
91960 527
91970 469
91980 399
91990 484
92000 468
92010 360
92020 407
92030 444
92040 378
92050 400
92060 395
92070 384
92080 508
92090 548
92100 434
92110 480
92120 482
92130 470
92140 430
92150 540
92160 510
92170 488
92180 445
92190 492
92200 489
92210 458
92220 531
92230 380
92240 487
92250 433
92260 478
92270 514
92280 502
92290 424
92300 405
92310 396
92320 377
92330 370
92340 403
92350 321
92360 373
92370 361
92380 314
92390 387
92400 408
92410 334
92420 281
92430 341
92440 331
92450 307
92460 315
92470 310
92480 338
92490 163
92500 228
92510 301
92520 212
92530 243
92540 190
92550 221
92560 191
92570 251
92580 203
92590 295
92600 277
92610 350
92620 232
92630 202
92640 182
92650 263
92660 197
92670 210
92680 247
92690 245
92700 221
92710 206
92720 160
92730 197
92740 231
92750 266
92760 256
92770 220
92780 171
92790 225
92800 293
92810 196
92820 217
92830 197
92840 177
92850 242
92860 241
92870 268
92880 322
92890 258
92900 308
92910 379
92920 298
92930 299
92940 332
92950 315
92960 321
92970 398
92980 309
92990 235
93000 379
93010 287
93020 340
93030 227
93040 196
93050 269
93060 230
93070 285
93080 427
93090 265
93100 316
93110 361
93120 341
93130 214
93140 287
93150 301
93160 222
93170 263
93180 305
93190 248
93200 282
93210 353
93220 288
93230 270
93240 301
93250 255
93260 345
93270 220
93280 223
93290 238
93300 118
93310 114
93320 146
93330 225
93340 246
93350 270
93360 220
93370 259
93380 234
93390 236
93400 269
93410 275
93420 203
93430 258
93440 192
93450 232
93460 250
93470 240
93480 301
93490 280
93500 311
93510 266
93520 289
93530 409
93540 285
93550 367
93560 266
93570 332
93580 445
93590 430
93600 417
93610 450
93620 406
93630 430
93640 382
93650 337
93660 270
93670 297
93680 413
93690 340
93700 415
93710 345
93720 402
93730 403
93740 465
93750 473
93760 446
93770 426
93780 330
93790 370
93800 414
93810 339
93820 360
93830 380
93840 414
93850 397
93860 379
93870 363
93880 438
93890 372
93900 318
93910 435
93920 360
93930 427
93940 370
93950 418
93960 454
93970 412
93980 455
93990 453
94000 412
94010 418
94020 422
94030 342
94040 483
94050 591
94060 559
94070 410
94080 625
94090 560
94100 592
94110 535
94120 619
94130 628
94140 465
94150 488
94160 527
94170 482
94180 529
94190 647
94200 632
94210 633
94220 636
94230 691
94240 688
94250 697
94260 574
94270 531
94280 564
94290 717
94300 534
94310 529
94320 406
94330 560
94340 526
94350 552
94360 558
94370 585
94380 561
94390 573
94400 542
94410 586
94420 517
94430 499
94440 553
94450 516
94460 537
94470 599
94480 513
94490 555
94500 532
94510 544
94520 534
94530 567
94540 583
94550 577
94560 491
94570 497
94580 510
94590 476
94600 394
94610 500
94620 464
94630 600
94640 519
94650 526
94660 501
94670 517
94680 496
94690 551
94700 573
94710 481
94720 494
94730 443
94740 602
94750 566
94760 501
94770 411
94780 591
94790 491
94800 548
94810 565
94820 693
94830 604
94840 584
94850 608
94860 581
94870 640
94880 622
94890 774
94900 721
94910 716
94920 569
94930 675
94940 670
94950 577
94960 648
94970 724
94980 682
94990 650
95000 618
95010 595
95020 517
95030 516
95040 579
95050 653
95060 640
95070 723
95080 643
95090 951
95100 744
95110 752
95120 551
95130 701
95140 726
95150 624
95160 719
95170 868
95180 789
95190 759
95200 585
95210 620
95220 699
95230 609
95240 643
95250 767
95260 612
95270 644
95280 657
95290 525
95300 561
95310 515
95320 538
95330 660
95340 609
95350 605
95360 632
95370 584
95380 550
95390 547
95400 534
95410 600
95420 468
95430 591
95440 558
95450 475
95460 603
95470 699
95480 714
95490 672
95500 681
95510 716
95520 701
95530 581
95540 659
95550 704
95560 726
95570 728
95580 544
95590 758
95600 608
95610 742
95620 774
95630 777
95640 604
95650 661
95660 624
95670 594
95680 633
95690 645
95700 655
95710 546
95720 642
95730 603
95740 493
95750 627
95760 638
95770 670
95780 570
95790 618
95800 562
95810 568
95820 606
95830 529
95840 607
95850 556
95860 592
95870 723
95880 585
95890 587
95900 545
95910 653
95920 674
95930 747
95940 671
95950 664
95960 643
95970 545
95980 548
95990 694
96000 591
96010 693
96020 782
96030 763
96040 716
96050 621
96060 633
96070 709
96080 701
96090 695
96100 681
96110 604
96120 642
96130 676
96140 700
96150 713
96160 599
96170 692
96180 597
96190 672
96200 720
96210 771
96220 675
96230 584
96240 696
96250 707
96260 768
96270 829
96280 672
96290 717
96300 789
96310 755
96320 709
96330 800
96340 670
96350 832
96360 814
96370 873
96380 679
96390 648
96400 700
96410 683
96420 676
96430 786
96440 667
96450 708
96460 503
96470 636
96480 683
96490 805
96500 757
96510 624
96520 618
96530 604
96540 728
96550 700
96560 738
96570 611
96580 541
96590 640
96600 632
96610 688
96620 639
96630 637
96640 575
96650 623
96660 738
96670 640
96680 500
96690 502
96700 591
96710 586
96720 683
96730 641
96740 682
96750 787
96760 644
96770 693
96780 613
96790 738
96800 747
96810 553
96820 496
96830 481
96840 666
96850 635
96860 647
96870 721
96880 666
96890 576
96900 587
96910 672
96920 775
96930 531
96940 556
96950 611
96960 749
96970 661
96980 559
96990 583
97000 567
97010 744
97020 543
97030 644
97040 596
97050 550
97060 526
97070 518
97080 593
97090 686
97100 588
97110 676
97120 600
97130 622
97140 527
97150 607
97160 581
97170 572
97180 589
97190 601
97200 607
97210 536
97220 555
97230 563
97240 664
97250 646
97260 717
97270 588
97280 594
97290 616
97300 623
97310 581
97320 669
97330 591
97340 576
97350 527
97360 496
97370 481
97380 589
97390 563
97400 631
97410 508
97420 529
97430 590
97440 568
97450 579
97460 564
97470 619
97480 523
97490 624
97500 577
97510 612
97520 601
97530 524
97540 557
97550 623
97560 492
97570 596
97580 289
97590 271
97600 341
97610 371
97620 327
97630 329
97640 413
97650 375
97660 411
97670 362
97680 509
97690 388
97700 352
97710 356
97720 591
97730 623
97740 575
97750 549
97760 526
97770 523
97780 544
97790 498
97800 441
97810 482
97820 669
97830 598
97840 534
97850 703
97860 650
97870 677
97880 652
97890 638
97900 587
97910 642
97920 576
97930 637
97940 603
97950 462
97960 518
97970 487
97980 427
97990 555
98000 635
98010 524
98020 512
98030 643
98040 624
98050 622
98060 510
98070 478
98080 593
98090 467
98100 545
98110 534
98120 556
98130 502
98140 551
98150 533
98160 452
98170 567
98180 509
98190 503
98200 496
98210 418
98220 452
98230 483
98240 367
98250 468
98260 498
98270 442
98280 493
98290 493
98300 492
98310 493
98320 446
98330 609
98340 575
98350 504
98360 462
98370 529
98380 504
98390 519
98400 506
98410 537
98420 545
98430 476
98440 534
98450 551
98460 466
98470 480
98480 387
98490 481
98500 506
98510 463
98520 526
98530 498
98540 487
98550 501
98560 524
98570 529
98580 553
98590 437
98600 527
98610 522
98620 456
98630 474
98640 522
98650 656
98660 737
98670 654
98680 589
98690 941
98700 728
98710 822
98720 870
98730 716
98740 652
98750 895
98760 445
98770 481
98780 459
98790 535
98800 490
98810 601
98820 287
98830 595
98840 679
98850 414
98860 635
98870 778
98880 672
98890 585
98900 453
98910 339
98920 525
98930 368
98940 501
98950 435
98960 604
98970 800
98980 658
98990 517
99000 305
99010 324
99020 312
99030 386
99040 351
99050 407
99060 346
99070 280
99080 259
99090 340
99100 371
99110 466
99120 501
99130 274
99140 445
99150 241
99160 332
99170 414
99180 296
99190 364
99200 569
99210 567
99220 516
99230 628
99240 448
99250 442
99260 534
99270 479
99280 508
99290 442
99300 512
99310 566
99320 592
99330 482
99340 423
99350 495
99360 584
99370 489
99380 585
99390 493
99400 562
99410 563
99420 439
99430 427
99440 429
99450 438
99460 571
99470 458
99480 432
99490 549
99500 513
99510 405
99520 453
99530 415
99540 431
99550 428
99560 411
99570 467
99580 440
99590 444
99600 412
99610 490
99620 369
99630 406
99640 412
99650 427
99660 503
99670 493
99680 402
99690 533
99700 507
99710 520
99720 424
99730 537
99740 445
99750 473
99760 362
99770 500
99780 507
99790 444
99800 364
99810 463
99820 449
99830 403
99840 401
99850 415
99860 434
99870 462
99880 374
99890 375
99900 426
99910 425
99920 429
99930 391
99940 369
99950 511
99960 365
99970 355
99980 357
99990 314
