# Frame Contacts
30000 16
30010 21
30020 31
30030 21
30040 18
30050 12
30060 23
30070 26
30080 25
30090 24
30100 21
30110 22
30120 23
30130 21
30140 18
30150 20
30160 16
30170 17
30180 11
30190 19
30200 16
30210 13
30220 21
30230 15
30240 17
30250 17
30260 20
30270 15
30280 19
30290 20
30300 17
30310 16
30320 17
30330 19
30340 19
30350 14
30360 21
30370 15
30380 16
30390 18
30400 12
30410 15
30420 16
30430 15
30440 19
30450 21
30460 22
30470 16
30480 21
30490 19
30500 16
30510 19
30520 18
30530 22
30540 25
30550 14
30560 16
30570 20
30580 14
30590 15
30600 21
30610 20
30620 15
30630 16
30640 21
30650 17
30660 17
30670 13
30680 11
30690 16
30700 19
30710 16
30720 19
30730 15
30740 15
30750 12
30760 15
30770 19
30780 14
30790 14
30800 14
30810 17
30820 8
30830 16
30840 12
30850 16
30860 15
30870 19
30880 16
30890 18
30900 23
30910 11
30920 18
30930 15
30940 16
30950 9
30960 11
30970 19
30980 9
30990 18
31000 8
31010 20
31020 15
31030 22
31040 17
31050 22
31060 27
31070 16
31080 15
31090 19
31100 13
31110 17
31120 15
31130 17
31140 19
31150 14
31160 11
31170 26
31180 16
31190 16
31200 15
31210 16
31220 15
31230 17
31240 20
31250 15
31260 18
31270 17
31280 18
31290 22
31300 19
31310 11
31320 16
31330 20
31340 22
31350 19
31360 15
31370 20
31380 20
31390 19
31400 15
31410 22
31420 24
31430 17
31440 22
31450 19
31460 18
31470 21
31480 15
31490 20
31500 18
31510 11
31520 21
31530 21
31540 17
31550 13
31560 16
31570 17
31580 19
31590 18
31600 22
31610 19
31620 12
31630 17
31640 12
31650 12
31660 16
31670 20
31680 20
31690 19
31700 22
31710 25
31720 20
31730 19
31740 23
31750 19
31760 17
31770 21
31780 17
31790 23
31800 21
31810 22
31820 15
31830 21
31840 26
31850 23
31860 23
31870 23
31880 22
31890 18
31900 23
31910 21
31920 22
31930 21
31940 18
31950 19
31960 16
31970 13
31980 7
31990 15
32000 21
32010 17
32020 19
32030 15
32040 16
32050 19
32060 17
32070 19
32080 16
32090 16
32100 18
32110 16
32120 15
32130 15
32140 17
32150 26
32160 23
32170 15
32180 22
32190 19
32200 23
32210 15
32220 21
32230 16
32240 22
32250 17
32260 21
32270 19
32280 18
32290 15
32300 20
32310 21
32320 17
32330 19
32340 17
32350 13
32360 19
32370 22
32380 16
32390 33
32400 20
32410 20
32420 19
32430 18
32440 20
32450 17
32460 24
32470 17
32480 19
32490 22
32500 17
32510 17
32520 15
32530 21
32540 17
32550 18
32560 8
32570 16
32580 16
32590 12
32600 21
32610 17
32620 25
32630 18
32640 15
32650 16
32660 20
32670 14
32680 16
32690 20
32700 16
32710 16
32720 16
32730 24
32740 16
32750 17
32760 22
32770 19
32780 17
32790 9
32800 18
32810 12
32820 13
32830 16
32840 16
32850 15
32860 14
32870 19
32880 17
32890 16
32900 14
32910 20
32920 18
32930 21
32940 16
32950 15
32960 16
32970 20
32980 18
32990 17
33000 13
33010 17
33020 19
33030 21
33040 16
33050 21
33060 14
33070 10
33080 25
33090 14
33100 24
33110 12
33120 18
33130 17
33140 19
33150 19
33160 17
33170 21
33180 22
33190 21
33200 17
33210 16
33220 17
33230 23
33240 18
33250 19
33260 21
33270 20
33280 24
33290 21
33300 19
33310 8
33320 22
33330 20
33340 19
33350 25
33360 20
33370 21
33380 14
33390 19
33400 18
33410 19
33420 21
33430 14
33440 22
33450 22
33460 22
33470 23
33480 19
33490 11
33500 19
33510 17
33520 24
33530 15
33540 20
33550 14
33560 18
33570 18
33580 15
33590 19
33600 13
33610 20
33620 18
33630 20
33640 18
33650 15
33660 17
33670 17
33680 15
33690 19
33700 19
33710 21
33720 22
33730 21
33740 15
33750 20
33760 18
33770 21
33780 13
33790 19
33800 16
33810 17
33820 14
33830 21
33840 23
33850 17
33860 15
33870 13
33880 18
33890 22
33900 17
33910 18
33920 19
33930 19
33940 18
33950 14
33960 18
33970 19
33980 20
33990 19
34000 16
34010 14
34020 19
34030 21
34040 19
34050 18
34060 16
34070 19
34080 14
34090 19
34100 13
34110 16
34120 19
34130 17
34140 15
34150 17
34160 19
34170 17
34180 15
34190 19
34200 20
34210 21
34220 20
34230 18
34240 18
34250 9
34260 13
34270 15
34280 14
34290 16
34300 13
34310 15
34320 11
34330 17
34340 15
34350 14
34360 6
34370 19
34380 9
34390 16
34400 17
34410 13
34420 14
34430 12
34440 14
34450 17
34460 14
34470 18
34480 18
34490 17
34500 16
34510 16
34520 14
34530 17
34540 18
34550 18
34560 18
34570 16
34580 20
34590 11
34600 16
34610 20
34620 17
34630 13
34640 18
34650 25
34660 20
34670 12
34680 14
34690 11
34700 17
34710 15
34720 28
34730 22
34740 20
34750 24
34760 17
34770 18
34780 22
34790 17
34800 18
34810 17
34820 19
34830 10
34840 15
34850 13
34860 19
34870 15
34880 16
34890 16
34900 24
34910 27
34920 19
34930 17
34940 21
34950 20
34960 26
34970 24
34980 15
34990 19
35000 16
35010 19
35020 18
35030 12
35040 20
35050 21
35060 20
35070 22
35080 22
35090 21
35100 21
35110 17
35120 19
35130 12
35140 15
35150 16
35160 24
35170 15
35180 16
35190 12
35200 14
35210 20
35220 20
35230 18
35240 15
35250 14
35260 17
35270 25
35280 20
35290 18
35300 20
35310 15
35320 12
35330 14
35340 16
35350 15
35360 17
35370 19
35380 20
35390 12
35400 21
35410 17
35420 15
35430 27
35440 22
35450 20
35460 20
35470 13
35480 19
35490 22
35500 22
35510 18
35520 21
35530 23
35540 21
35550 22
35560 25
35570 15
35580 24
35590 16
35600 21
35610 23
35620 19
35630 16
35640 22
35650 22
35660 16
35670 18
35680 11
35690 19
35700 25
35710 20
35720 21
35730 29
35740 14
35750 14
35760 20
35770 14
35780 17
35790 23
35800 15
35810 17
35820 16
35830 17
35840 22
35850 22
35860 21
35870 19
35880 27
35890 19
35900 26
35910 24
35920 18
35930 28
35940 27
35950 24
35960 24
35970 23
35980 19
35990 20
36000 22
36010 20
36020 20
36030 21
36040 21
36050 22
36060 16
36070 18
36080 16
36090 19
36100 17
36110 17
36120 23
36130 21
36140 21
36150 18
36160 20
36170 21
36180 16
36190 16
36200 13
36210 20
36220 20
36230 20
36240 22
36250 21
36260 24
36270 15
36280 20
36290 17
36300 22
36310 23
36320 16
36330 20
36340 23
36350 18
36360 16
36370 17
36380 21
36390 26
36400 21
36410 19
36420 21
36430 20
36440 25
36450 20
36460 25
36470 14
36480 21
36490 20
36500 18
36510 20
36520 23
36530 24
36540 20
36550 25
36560 21
36570 30
36580 17
36590 18
36600 21
36610 22
36620 15
36630 24
36640 22
36650 21
36660 30
36670 29
36680 30
36690 25
36700 32
36710 23
36720 30
36730 21
36740 23
36750 28
36760 25
36770 27
36780 31
36790 30
36800 25
36810 21
36820 27
36830 31
36840 17
36850 21
36860 15
36870 19
36880 22
36890 22
36900 18
36910 17
36920 16
36930 19
36940 24
36950 23
36960 18
36970 14
36980 23
36990 20
37000 15
37010 20
37020 19
37030 14
37040 19
37050 18
37060 21
37070 23
37080 14
37090 22
37100 21
37110 17
37120 28
37130 16
37140 16
37150 21
37160 17
37170 19
37180 18
37190 18
37200 25
37210 21
37220 11
37230 31
37240 18
37250 16
37260 16
37270 26
37280 19
37290 18
37300 19
37310 15
37320 13
37330 19
37340 28
37350 24
37360 16
37370 22
37380 23
37390 27
37400 33
37410 30
37420 19
37430 14
37440 24
37450 21
37460 20
37470 18
37480 21
37490 22
37500 15
37510 24
37520 21
37530 21
37540 23
37550 15
37560 18
37570 13
37580 14
37590 20
37600 18
37610 22
37620 21
37630 20
37640 19
37650 13
37660 21
37670 17
37680 15
37690 20
37700 22
37710 23
37720 18
37730 23
37740 20
37750 16
37760 21
37770 22
37780 17
37790 25
37800 16
37810 22
37820 21
37830 20
37840 21
37850 13
37860 17
37870 26
37880 23
37890 21
37900 19
37910 22
37920 16
37930 19
37940 16
37950 22
37960 17
37970 23
37980 20
37990 20
38000 22
38010 22
38020 22
38030 22
38040 21
38050 23
38060 12
38070 18
38080 17
38090 17
38100 23
38110 18
38120 29
38130 16
38140 18
38150 15
38160 18
38170 18
38180 28
38190 20
38200 22
38210 22
38220 18
38230 18
38240 19
38250 21
38260 21
38270 15
38280 18
38290 18
38300 16
38310 14
38320 19
38330 18
38340 20
38350 19
38360 21
38370 26
38380 14
38390 25
38400 23
38410 16
38420 14
38430 20
38440 27
38450 14
38460 23
38470 10
38480 22
38490 18
38500 23
38510 21
38520 28
38530 20
38540 23
38550 20
38560 21
38570 17
38580 19
38590 15
38600 23
38610 18
38620 15
38630 19
38640 14
38650 14
38660 17
38670 26
38680 15
38690 20
38700 26
38710 25
38720 25
38730 20
38740 18
38750 21
38760 22
38770 21
38780 21
38790 24
38800 19
38810 18
38820 23
38830 19
38840 16
38850 14
38860 17
38870 21
38880 15
38890 16
38900 15
38910 24
38920 17
38930 23
38940 26
38950 19
38960 21
38970 24
38980 22
38990 20
39000 20
39010 23
39020 15
39030 21
39040 20
39050 22
39060 23
39070 25
39080 25
39090 19
39100 19
39110 22
39120 23
39130 25
39140 17
39150 19
39160 17
39170 18
39180 18
39190 15
39200 23
39210 18
39220 21
39230 19
39240 21
39250 19
39260 15
39270 18
39280 14
39290 17
39300 12
39310 19
39320 17
39330 17
39340 16
39350 11
39360 21
39370 14
39380 16
39390 17
39400 14
39410 17
39420 20
39430 20
39440 16
39450 28
39460 23
39470 21
39480 20
39490 20
39500 27
39510 18
39520 24
39530 28
39540 24
39550 32
39560 27
39570 26
39580 22
39590 31
39600 30
39610 24
39620 21
39630 15
39640 25
39650 27
39660 23
39670 24
39680 30
39690 29
39700 31
39710 26
39720 26
39730 24
39740 21
39750 19
39760 20
39770 19
39780 20
39790 19
39800 12
39810 17
39820 20
39830 20
39840 25
39850 19
39860 18
39870 24
39880 17
39890 19
39900 20
39910 16
39920 20
39930 13
39940 29
39950 18
39960 20
39970 22
39980 17
39990 17
40000 26
40010 23
40020 21
40030 19
40040 20
40050 20
40060 25
40070 22
40080 25
40090 17
40100 23
40110 23
40120 22
40130 17
40140 25
40150 22
40160 19
40170 18
40180 23
40190 18
40200 23
40210 16
40220 18
40230 21
40240 20
40250 17
40260 17
40270 11
40280 13
40290 17
40300 18
40310 16
40320 21
40330 13
40340 15
40350 15
40360 22
40370 14
40380 18
40390 18
40400 12
40410 21
40420 14
40430 30
40440 31
40450 24
40460 25
40470 26
40480 23
40490 19
40500 24
40510 15
40520 29
40530 21
40540 19
40550 28
40560 27
40570 26
40580 16
40590 13
40600 17
40610 15
40620 22
40630 18
40640 22
40650 23
40660 23
40670 21
40680 27
40690 23
40700 18
40710 20
40720 26
40730 22
40740 24
40750 26
40760 28
40770 31
40780 28
40790 27
40800 30
40810 24
40820 27
40830 31
40840 27
40850 28
40860 21
40870 21
40880 20
40890 28
40900 26
40910 16
40920 31
40930 25
40940 25
40950 24
40960 31
40970 21
40980 25
40990 32
41000 21
41010 32
41020 25
41030 32
41040 28
41050 26
41060 27
41070 19
41080 29
41090 22
41100 27
41110 18
41120 23
41130 20
41140 31
41150 29
41160 17
41170 28
41180 25
41190 25
41200 30
41210 21
41220 24
41230 23
41240 28
41250 29
41260 23
41270 25
41280 32
41290 27
41300 24
41310 31
41320 23
41330 22
41340 14
41350 21
41360 19
41370 28
41380 28
41390 31
41400 27
41410 19
41420 29
41430 23
41440 25
41450 29
41460 26
41470 30
41480 16
41490 26
41500 26
41510 23
41520 20
41530 24
41540 20
41550 16
41560 22
41570 20
41580 23
41590 15
41600 23
41610 15
41620 21
41630 22
41640 23
41650 14
41660 33
41670 31
41680 30
41690 15
41700 13
41710 20
41720 19
41730 22
41740 30
41750 21
41760 24
41770 25
41780 12
41790 22
41800 20
41810 20
41820 14
41830 20
41840 22
41850 20
41860 17
41870 25
41880 18
41890 13
41900 14
41910 20
41920 23
41930 23
41940 21
41950 20
41960 22
41970 25
41980 23
41990 22
42000 25
42010 19
42020 23
42030 22
42040 18
42050 21
42060 25
42070 18
42080 21
42090 23
42100 22
42110 27
42120 19
42130 24
42140 29
42150 23
42160 29
42170 15
42180 18
42190 11
42200 18
42210 19
42220 14
42230 19
42240 24
42250 20
42260 21
42270 16
42280 22
42290 17
42300 22
42310 19
42320 27
42330 24
42340 15
42350 16
42360 21
42370 24
42380 11
42390 13
42400 15
42410 15
42420 23
42430 18
42440 13
42450 12
42460 22
42470 13
42480 15
42490 23
42500 21
42510 18
42520 26
42530 21
42540 14
42550 19
42560 22
42570 20
42580 17
42590 21
42600 16
42610 19
42620 20
42630 12
42640 17
42650 23
42660 24
42670 21
42680 17
42690 15
42700 17
42710 23
42720 25
42730 18
42740 18
42750 24
42760 20
42770 18
42780 19
42790 18
42800 20
42810 20
42820 25
42830 13
42840 14
42850 17
42860 23
42870 24
42880 17
42890 21
42900 17
42910 24
42920 16
42930 22
42940 22
42950 23
42960 21
42970 20
42980 22
42990 21
43000 29
43010 17
43020 19
43030 22
43040 27
43050 25
43060 20
43070 19
43080 15
43090 18
43100 15
43110 14
43120 15
43130 24
43140 16
43150 16
43160 20
43170 19
43180 21
43190 19
43200 20
43210 27
43220 24
43230 27
43240 22
43250 24
43260 22
43270 19
43280 23
43290 15
43300 22
43310 14
43320 23
43330 18
43340 19
43350 17
43360 18
43370 15
43380 16
43390 18
43400 20
43410 18
43420 21
43430 15
43440 20
43450 13
43460 13
43470 21
43480 16
43490 21
43500 16
43510 21
43520 19
43530 18
43540 21
43550 15
43560 18
43570 19
43580 20
43590 25
43600 19
43610 23
43620 19
43630 20
43640 17
43650 17
43660 18
43670 20
43680 17
43690 21
43700 24
43710 8
43720 20
43730 16
43740 29
43750 15
43760 21
43770 18
43780 21
43790 18
43800 24
43810 27
43820 20
43830 15
43840 21
43850 12
43860 17
43870 16
43880 17
43890 18
43900 15
43910 21
43920 14
43930 13
43940 15
43950 18
43960 27
43970 17
43980 17
43990 18
44000 24
44010 15
44020 27
44030 16
44040 22
44050 25
44060 23
44070 21
44080 24
44090 21
44100 25
44110 25
44120 25
44130 10
44140 18
44150 24
44160 28
44170 21
44180 10
44190 14
44200 26
44210 16
44220 18
44230 17
44240 17
44250 21
44260 21
44270 22
44280 25
44290 16
44300 15
44310 21
44320 17
44330 23
44340 18
44350 20
44360 17
44370 12
44380 25
44390 16
44400 21
44410 15
44420 17
44430 19
44440 23
44450 17
44460 21
44470 20
44480 20
44490 19
44500 21
44510 19
44520 22
44530 13
44540 14
44550 20
44560 23
44570 16
44580 16
44590 15
44600 16
44610 18
44620 23
44630 23
44640 17
44650 11
44660 13
44670 15
44680 21
44690 20
44700 21
44710 23
44720 17
44730 21
44740 23
44750 21
44760 14
44770 15
44780 14
44790 16
44800 23
44810 14
44820 18
44830 13
44840 21
44850 16
44860 13
44870 17
44880 21
44890 21
44900 11
44910 21
44920 13
44930 14
44940 22
44950 18
44960 20
44970 11
44980 24
44990 21
45000 13
45010 17
45020 18
45030 15
45040 26
45050 24
45060 25
45070 20
45080 20
45090 17
45100 19
45110 24
45120 19
45130 21
45140 26
45150 23
45160 24
45170 21
45180 20
45190 20
45200 24
45210 24
45220 23
45230 20
45240 22
45250 16
45260 18
45270 19
45280 11
45290 20
45300 18
45310 21
45320 24
45330 19
45340 23
45350 19
45360 20
45370 19
45380 16
45390 23
45400 14
45410 20
45420 26
45430 20
45440 25
45450 20
45460 16
45470 13
45480 17
45490 8
45500 13
45510 19
45520 14
45530 9
45540 22
45550 24
45560 18
45570 22
45580 20
45590 17
45600 21
45610 17
45620 19
45630 21
45640 17
45650 16
45660 20
45670 22
45680 26
45690 24
45700 18
45710 19
45720 18
45730 16
45740 23
45750 18
45760 12
45770 25
45780 21
45790 25
45800 27
45810 19
45820 20
45830 17
45840 20
45850 18
45860 22
45870 22
45880 18
45890 25
45900 17
45910 18
45920 17
45930 28
45940 14
45950 16
45960 19
45970 16
45980 16
45990 19
46000 16
46010 17
46020 17
46030 15
46040 15
46050 15
46060 15
46070 17
46080 18
46090 17
46100 25
46110 10
46120 17
46130 26
46140 24
46150 18
46160 18
46170 19
46180 16
46190 14
46200 18
46210 17
46220 20
46230 18
46240 19
46250 18
46260 19
46270 21
46280 14
46290 20
46300 24
46310 20
46320 19
46330 19
46340 23
46350 18
46360 17
46370 20
46380 22
46390 22
46400 24
46410 23
46420 18
46430 19
46440 14
46450 22
46460 18
46470 25
46480 29
46490 24
46500 24
46510 22
46520 16
46530 18
46540 16
46550 20
46560 14
46570 20
46580 22
46590 20
46600 22
46610 20
46620 16
46630 26
46640 18
46650 22
46660 27
46670 26
46680 17
46690 23
46700 27
46710 23
46720 15
46730 22
46740 20
46750 20
46760 26
46770 18
46780 25
46790 21
46800 17
46810 25
46820 26
46830 26
46840 22
46850 18
46860 21
46870 15
46880 17
46890 27
46900 22
46910 20
46920 16
46930 26
46940 20
46950 22
46960 20
46970 22
46980 27
46990 25
47000 22
47010 27
47020 19
47030 21
47040 18
47050 18
47060 17
47070 17
47080 22
47090 20
47100 23
47110 21
47120 23
47130 20
47140 23
47150 21
47160 20
47170 14
47180 11
47190 17
47200 16
47210 20
47220 22
47230 20
47240 22
47250 26
47260 24
47270 22
47280 10
47290 16
47300 16
47310 15
47320 13
47330 19
47340 16
47350 10
47360 18
47370 22
47380 20
47390 23
47400 12
47410 18
47420 27
47430 28
47440 22
47450 20
47460 22
47470 20
47480 13
47490 18
47500 20
47510 22
47520 22
47530 20
47540 18
47550 19
47560 28
47570 18
47580 23
47590 23
47600 13
47610 15
47620 20
47630 22
47640 11
47650 16
47660 17
47670 15
47680 23
47690 22
47700 24
47710 21
47720 21
47730 13
47740 20
47750 21
47760 21
47770 14
47780 25
47790 19
47800 18
47810 16
47820 22
47830 23
47840 30
47850 18
47860 23
47870 13
47880 20
47890 17
47900 22
47910 22
47920 17
47930 19
47940 19
47950 16
47960 19
47970 20
47980 23
47990 16
48000 19
48010 17
48020 23
48030 27
48040 15
48050 15
48060 24
48070 14
48080 17
48090 18
48100 22
48110 20
48120 17
48130 21
48140 17
48150 24
48160 23
48170 21
48180 20
48190 27
48200 14
48210 21
48220 19
48230 20
48240 25
48250 20
48260 20
48270 19
48280 21
48290 23
48300 20
48310 24
48320 21
48330 25
48340 12
48350 25
48360 22
48370 16
48380 26
48390 25
48400 21
48410 25
48420 23
48430 21
48440 17
48450 18
48460 18
48470 20
48480 18
48490 20
48500 21
48510 23
48520 20
48530 19
48540 27
48550 25
48560 15
48570 17
48580 21
48590 21
48600 18
48610 18
48620 15
48630 20
48640 18
48650 25
48660 23
48670 22
48680 22
48690 25
48700 25
48710 25
48720 21
48730 23
48740 20
48750 22
48760 30
48770 22
48780 23
48790 23
48800 16
48810 24
48820 22
48830 25
48840 21
48850 27
48860 21
48870 20
48880 23
48890 25
48900 27
48910 22
48920 21
48930 21
48940 25
48950 24
48960 17
48970 24
48980 19
48990 19
49000 22
49010 20
49020 19
49030 21
49040 29
49050 25
49060 24
49070 19
49080 19
49090 26
49100 19
49110 19
49120 23
49130 22
49140 20
49150 21
49160 22
49170 24
49180 15
49190 20
49200 28
49210 22
49220 21
49230 21
49240 19
49250 25
49260 29
49270 27
49280 25
49290 29
49300 24
49310 23
49320 19
49330 24
49340 19
49350 30
49360 21
49370 21
49380 22
49390 18
49400 20
49410 14
49420 29
49430 22
49440 24
49450 22
49460 21
49470 21
49480 15
49490 13
49500 20
49510 17
49520 25
49530 20
49540 29
49550 22
49560 22
49570 19
49580 18
49590 23
49600 21
49610 22
49620 22
49630 25
49640 29
49650 24
49660 29
49670 10
49680 27
49690 20
49700 17
49710 22
49720 19
49730 20
49740 23
49750 17
49760 22
49770 17
49780 18
49790 10
49800 20
49810 12
49820 20
49830 19
49840 21
49850 20
49860 13
49870 18
49880 24
49890 23
49900 16
49910 25
49920 19
49930 20
49940 20
49950 15
49960 16
49970 16
49980 19
49990 20
50000 17
50010 20
50020 20
50030 14
50040 16
50050 19
50060 17
50070 19
50080 24
50090 23
50100 20
50110 20
50120 21
50130 18
50140 17
50150 23
50160 21
50170 22
50180 16
50190 21
50200 21
50210 23
50220 23
50230 23
50240 15
50250 16
50260 22
50270 15
50280 19
50290 17
50300 24
50310 21
50320 21
50330 25
50340 21
50350 22
50360 16
50370 21
50380 21
50390 17
50400 23
50410 17
50420 24
50430 21
50440 21
50450 23
50460 13
50470 21
50480 19
50490 23
50500 19
50510 18
50520 15
50530 17
50540 20
50550 19
50560 20
50570 20
50580 22
50590 19
50600 18
50610 20
50620 17
50630 21
50640 18
50650 17
50660 24
50670 21
50680 15
50690 21
50700 25
50710 27
50720 21
50730 26
50740 13
50750 21
50760 20
50770 13
50780 9
50790 22
50800 15
50810 17
50820 17
50830 16
50840 20
50850 8
50860 19
50870 19
50880 21
50890 22
50900 16
50910 25
50920 17
50930 10
50940 9
50950 20
50960 24
50970 20
50980 19
50990 28
51000 16
51010 13
51020 19
51030 16
51040 14
51050 25
51060 22
51070 21
51080 20
51090 22
51100 18
51110 16
51120 21
51130 19
51140 19
51150 15
51160 18
51170 21
51180 21
51190 28
51200 21
51210 25
51220 29
51230 18
51240 23
51250 21
51260 18
51270 22
51280 24
51290 7
51300 17
51310 18
51320 20
51330 23
51340 19
51350 21
51360 22
51370 19
51380 22
51390 21
51400 19
51410 18
51420 23
51430 23
51440 23
51450 20
51460 29
51470 26
51480 17
51490 18
51500 29
51510 19
51520 16
51530 17
51540 21
51550 17
51560 16
51570 24
51580 26
51590 19
51600 22
51610 21
51620 22
51630 22
51640 20
51650 16
51660 22
51670 18
51680 26
51690 27
51700 14
51710 19
51720 22
51730 20
51740 18
51750 22
51760 21
51770 19
51780 23
51790 19
51800 20
51810 23
51820 22
51830 21
51840 16
51850 21
51860 20
51870 24
51880 15
51890 20
51900 21
51910 22
51920 24
51930 24
51940 16
51950 23
51960 20
51970 18
51980 22
51990 21
52000 23
52010 20
52020 27
52030 20
52040 13
52050 17
52060 14
52070 22
52080 16
52090 18
52100 25
52110 16
52120 22
52130 18
52140 12
52150 18
52160 9
52170 23
52180 16
52190 22
52200 12
52210 22
52220 18
52230 19
52240 22
52250 20
52260 22
52270 24
52280 13
52290 16
52300 18
52310 19
52320 20
52330 25
52340 22
52350 21
52360 23
52370 20
52380 27
52390 20
52400 19
52410 21
52420 17
52430 23
52440 20
52450 23
52460 29
52470 24
52480 26
52490 20
52500 21
52510 21
52520 21
52530 22
52540 20
52550 16
52560 14
52570 20
52580 8
52590 9
52600 20
52610 17
52620 16
52630 16
52640 22
52650 26
52660 22
52670 23
52680 23
52690 21
52700 18
52710 10
52720 22
52730 22
52740 22
52750 25
52760 20
52770 19
52780 23
52790 20
52800 23
52810 19
52820 14
52830 24
52840 18
52850 20
52860 25
52870 16
52880 17
52890 24
52900 15
52910 25
52920 25
52930 20
52940 24
52950 25
52960 14
52970 19
52980 19
52990 24
53000 23
53010 21
53020 20
53030 19
53040 23
53050 17
53060 22
53070 26
53080 15
53090 20
53100 20
53110 14
53120 24
53130 26
53140 18
53150 24
53160 19
53170 23
53180 21
53190 21
53200 22
53210 24
53220 22
53230 20
53240 20
53250 25
53260 21
53270 26
53280 19
53290 15
53300 17
53310 23
53320 24
53330 24
53340 20
53350 22
53360 21
53370 25
53380 19
53390 21
53400 19
53410 15
53420 20
53430 22
53440 24
53450 20
53460 24
53470 18
53480 24
53490 23
53500 18
53510 26
53520 23
53530 21
53540 21
53550 18
53560 20
53570 19
53580 23
53590 20
53600 16
53610 22
53620 27
53630 27
53640 22
53650 16
53660 24
53670 18
53680 17
53690 21
53700 19
53710 19
53720 22
53730 16
53740 23
53750 16
53760 16
53770 21
53780 22
53790 21
53800 14
53810 23
53820 14
53830 23
53840 25
53850 17
53860 21
53870 27
53880 28
53890 21
53900 26
53910 20
53920 26
53930 23
53940 21
53950 25
53960 17
53970 20
53980 22
53990 21
54000 22
54010 24
54020 18
54030 23
54040 20
54050 21
54060 22
54070 25
54080 23
54090 20
54100 17
54110 22
54120 24
54130 27
54140 28
54150 23
54160 17
54170 24
54180 23
54190 22
54200 23
54210 24
54220 22
54230 20
54240 23
54250 16
54260 21
54270 23
54280 24
54290 10
54300 17
54310 14
54320 25
54330 19
54340 19
54350 19
54360 18
54370 24
54380 15
54390 20
54400 19
54410 19
54420 18
54430 22
54440 15
54450 14
54460 24
54470 20
54480 19
54490 17
54500 19
54510 19
54520 19
54530 20
54540 25
54550 20
54560 15
54570 20
54580 23
54590 26
54600 20
54610 23
54620 20
54630 23
54640 22
54650 27
54660 24
54670 23
54680 19
54690 18
54700 20
54710 20
54720 25
54730 23
54740 17
54750 24
54760 18
54770 18
54780 22
54790 24
54800 22
54810 27
54820 25
54830 25
54840 25
54850 17
54860 20
54870 21
54880 17
54890 19
54900 30
54910 21
54920 20
54930 25
54940 19
54950 26
54960 23
54970 22
54980 19
54990 25
55000 25
55010 24
55020 14
55030 19
55040 27
55050 23
55060 27
55070 22
55080 23
55090 26
55100 19
55110 25
55120 26
55130 13
55140 20
55150 23
55160 18
55170 16
55180 23
55190 22
55200 21
55210 21
55220 24
55230 23
55240 26
55250 20
55260 22
55270 22
55280 26
55290 15
55300 24
55310 21
55320 19
55330 19
55340 21
55350 26
55360 23
55370 21
55380 25
55390 28
55400 22
55410 22
55420 22
55430 21
55440 22
55450 26
55460 20
55470 22
55480 24
55490 24
55500 22
55510 20
55520 21
55530 23
55540 20
55550 22
55560 19
55570 20
55580 23
55590 24
55600 18
55610 16
55620 13
55630 20
55640 22
55650 17
55660 21
55670 22
55680 17
55690 15
55700 10
55710 19
55720 19
55730 18
55740 22
55750 18
55760 23
55770 28
55780 21
55790 24
55800 23
55810 25
55820 20
55830 24
55840 22
55850 21
55860 19
55870 20
55880 15
55890 24
55900 14
55910 23
55920 21
55930 27
55940 18
55950 24
55960 20
55970 18
55980 17
55990 19
56000 14
56010 25
56020 23
56030 16
56040 20
56050 14
56060 15
56070 27
56080 25
56090 16
56100 15
56110 22
56120 19
56130 27
56140 20
56150 18
56160 19
56170 23
56180 25
56190 21
56200 18
56210 23
56220 13
56230 22
56240 21
56250 22
56260 18
56270 18
56280 23
56290 18
56300 19
56310 25
56320 18
56330 22
56340 18
56350 24
56360 17
56370 14
56380 18
56390 20
56400 18
56410 26
56420 21
56430 19
56440 25
56450 23
56460 17
56470 26
56480 12
56490 27
56500 18
56510 26
56520 13
56530 17
56540 14
56550 18
56560 23
56570 17
56580 18
56590 20
56600 19
56610 23
56620 9
56630 17
56640 18
56650 16
56660 18
56670 21
56680 22
56690 13
56700 19
56710 19
56720 22
56730 21
56740 17
56750 19
56760 21
56770 20
56780 19
56790 19
56800 24
56810 20
56820 16
56830 21
56840 21
56850 25
56860 24
56870 22
56880 23
56890 13
56900 20
56910 19
56920 24
56930 20
56940 22
56950 14
56960 20
56970 20
56980 18
56990 19
57000 21
57010 23
57020 25
57030 22
57040 23
57050 20
57060 19
57070 19
57080 19
57090 26
57100 14
57110 19
57120 31
57130 24
57140 20
57150 17
57160 17
57170 18
57180 24
57190 27
57200 17
57210 27
57220 23
57230 16
57240 19
57250 20
57260 23
57270 26
57280 12
57290 21
57300 25
57310 27
57320 17
57330 20
57340 18
57350 18
57360 23
57370 18
57380 25
57390 20
57400 26
57410 30
57420 20
57430 23
57440 21
57450 25
57460 23
57470 22
57480 23
57490 12
57500 18
57510 19
57520 21
57530 22
57540 22
57550 17
57560 25
57570 20
57580 24
57590 15
57600 23
57610 21
57620 20
57630 21
57640 21
57650 20
57660 22
57670 17
57680 19
57690 18
57700 25
57710 24
57720 21
57730 23
57740 22
57750 19
57760 21
57770 23
57780 23
57790 16
57800 18
57810 18
57820 20
57830 26
57840 16
57850 25
57860 25
57870 22
57880 23
57890 24
57900 12
57910 23
57920 18
57930 22
57940 16
57950 25
57960 24
57970 24
57980 24
57990 24
58000 23
58010 24
58020 23
58030 14
58040 21
58050 22
58060 20
58070 22
58080 17
58090 22
58100 26
58110 23
58120 23
58130 21
58140 24
58150 21
58160 21
58170 21
58180 17
58190 19
58200 19
58210 22
58220 24
58230 16
58240 24
58250 20
58260 25
58270 18
58280 19
58290 25
58300 25
58310 18
58320 17
58330 19
58340 22
58350 21
58360 26
58370 24
58380 23
58390 23
58400 25
58410 25
58420 19
58430 21
58440 16
58450 24
58460 18
58470 11
58480 18
58490 21
58500 18
58510 20
58520 24
58530 14
58540 18
58550 29
58560 24
58570 27
58580 20
58590 22
58600 20
58610 17
58620 23
58630 16
58640 16
58650 21
58660 25
58670 20
58680 21
58690 16
58700 16
58710 24
58720 26
58730 21
58740 21
58750 23
58760 17
58770 18
58780 21
58790 16
58800 20
58810 19
58820 7
58830 26
58840 24
58850 25
58860 22
58870 20
58880 18
58890 18
58900 25
58910 20
58920 24
58930 27
58940 20
58950 21
58960 12
58970 22
58980 20
58990 18
59000 27
59010 22
59020 23
59030 22
59040 25
59050 22
59060 28
59070 24
59080 25
59090 20
59100 15
59110 19
59120 22
59130 18
59140 23
59150 17
59160 18
59170 16
59180 27
59190 25
59200 28
59210 23
59220 22
59230 19
59240 19
59250 22
59260 14
59270 18
59280 15
59290 16
59300 16
59310 17
59320 20
59330 24
59340 19
59350 19
59360 17
59370 16
59380 19
59390 19
59400 19
59410 15
59420 11
59430 20
59440 20
59450 19
59460 25
59470 23
59480 14
59490 21
59500 15
59510 15
59520 16
59530 22
59540 15
59550 18
59560 21
59570 9
59580 18
59590 25
59600 19
59610 22
59620 21
59630 17
59640 23
59650 21
59660 19
59670 23
59680 19
59690 19
59700 18
59710 20
59720 25
59730 18
59740 20
59750 17
59760 11
59770 24
59780 19
59790 16
59800 17
59810 15
59820 23
59830 24
59840 16
59850 20
59860 26
59870 16
59880 14
59890 17
59900 11
59910 14
59920 18
59930 23
59940 16
59950 21
59960 12
59970 24
59980 23
59990 14
60000 22
60010 24
60020 24
60030 24
60040 16
60050 21
60060 10
60070 21
60080 16
60090 29
60100 16
60110 19
60120 22
60130 12
60140 16
60150 21
60160 16
60170 17
60180 22
60190 10
60200 22
60210 17
60220 17
60230 19
60240 19
60250 23
60260 12
60270 17
60280 29
60290 17
60300 17
60310 14
60320 17
60330 20
60340 14
60350 16
60360 19
60370 14
60380 8
60390 13
60400 8
60410 8
60420 11
60430 17
60440 10
60450 17
60460 21
60470 17
60480 18
60490 17
60500 20
60510 18
60520 14
60530 14
60540 18
60550 19
60560 15
60570 18
60580 18
60590 17
60600 17
60610 18
60620 23
60630 17
60640 14
60650 23
60660 25
60670 18
60680 27
60690 12
60700 12
60710 16
60720 13
60730 18
60740 29
60750 23
60760 20
60770 19
60780 15
60790 23
60800 13
60810 24
60820 25
60830 20
60840 17
60850 23
60860 14
60870 20
60880 22
60890 25
60900 17
60910 19
60920 22
60930 21
60940 15
60950 22
60960 24
60970 20
60980 21
60990 23
61000 27
61010 23
61020 18
61030 20
61040 17
61050 19
61060 12
61070 21
61080 12
61090 10
61100 16
61110 19
61120 18
61130 16
61140 17
61150 19
61160 15
61170 20
61180 17
61190 17
61200 12
61210 17
61220 26
61230 19
61240 19
61250 20
61260 27
61270 20
61280 13
61290 19
61300 16
61310 20
61320 14
61330 19
61340 16
61350 14
61360 21
61370 15
61380 23
61390 23
61400 21
61410 15
61420 20
61430 25
61440 29
61450 18
61460 22
61470 23
61480 18
61490 21
61500 23
61510 22
61520 18
61530 19
61540 18
61550 19
61560 18
61570 19
61580 19
61590 23
61600 22
61610 18
61620 20
61630 10
61640 13
61650 16
61660 16
61670 14
61680 21
61690 17
61700 23
61710 22
61720 20
61730 30
61740 27
61750 7
61760 6
61770 16
61780 17
61790 14
61800 11
61810 16
61820 15
61830 13
61840 15
61850 13
61860 13
61870 17
61880 17
61890 13
61900 17
61910 14
61920 21
61930 13
61940 10
61950 15
61960 16
61970 15
61980 10
61990 13
62000 15
62010 20
62020 21
62030 19
62040 16
62050 15
62060 15
62070 26
62080 16
62090 13
62100 15
62110 16
62120 19
62130 14
62140 14
62150 22
62160 17
62170 18
62180 18
62190 19
62200 15
62210 16
62220 24
62230 20
62240 12
62250 19
62260 15
62270 14
62280 18
62290 18
62300 17
62310 24
62320 17
62330 17
62340 16
62350 23
62360 15
62370 16
62380 18
62390 21
62400 18
62410 18
62420 21
62430 15
62440 11
62450 19
62460 22
62470 18
62480 18
62490 13
62500 21
62510 18
62520 19
62530 18
62540 18
62550 18
62560 18
62570 16
62580 11
62590 14
62600 17
62610 19
62620 13
62630 17
62640 18
62650 12
62660 19
62670 8
62680 23
62690 18
62700 18
62710 13
62720 18
62730 22
62740 19
62750 22
62760 17
62770 18
62780 14
62790 11
62800 24
62810 16
62820 13
62830 21
62840 15
62850 24
62860 23
62870 22
62880 13
62890 19
62900 12
62910 12
62920 14
62930 15
62940 24
62950 14
62960 19
62970 17
62980 21
62990 15
63000 14
63010 17
63020 17
63030 16
63040 19
63050 12
63060 20
63070 18
63080 20
63090 25
63100 21
63110 20
63120 18
63130 22
63140 30
63150 24
63160 21
63170 17
63180 18
63190 24
63200 15
63210 15
63220 24
63230 21
63240 14
63250 17
63260 16
63270 17
63280 16
63290 16
63300 10
63310 14
63320 17
63330 21
63340 20
63350 23
63360 21
63370 12
63380 22
63390 24
63400 26
63410 25
63420 15
63430 18
63440 16
63450 21
63460 23
63470 23
63480 17
63490 19
63500 24
63510 14
63520 16
63530 19
63540 18
63550 22
63560 18
63570 18
63580 23
63590 17
63600 19
63610 15
63620 20
63630 22
63640 16
63650 18
63660 20
63670 23
63680 16
63690 24
63700 19
63710 20
63720 20
63730 13
63740 5
63750 19
63760 19
63770 14
63780 19
63790 21
63800 12
63810 13
63820 14
63830 22
63840 14
63850 19
63860 20
63870 23
63880 19
63890 10
63900 20
63910 17
63920 17
63930 21
63940 23
63950 20
63960 25
63970 22
63980 18
63990 30
64000 19
64010 16
64020 21
64030 27
64040 22
64050 15
64060 12
64070 25
64080 15
64090 20
64100 19
64110 27
64120 29
64130 27
64140 23
64150 24
64160 22
64170 29
64180 24
64190 30
64200 27
64210 27
64220 26
64230 28
64240 30
64250 28
64260 36
64270 25
64280 27
64290 16
64300 28
64310 18
64320 21
64330 26
64340 27
64350 30
64360 20
64370 26
64380 22
64390 23
64400 11
64410 14
64420 22
64430 26
64440 24
64450 24
64460 28
64470 28
64480 23
64490 25
64500 25
64510 31
64520 24
64530 27
64540 24
64550 19
64560 22
64570 26
64580 23
64590 21
64600 21
64610 19
64620 25
64630 14
64640 17
64650 22
64660 20
64670 15
64680 23
64690 14
64700 19
64710 18
64720 25
64730 23
64740 20
64750 18
64760 21
64770 19
64780 21
64790 20
64800 21
64810 15
64820 15
64830 19
64840 18
64850 18
64860 21
64870 19
64880 20
64890 27
64900 18
64910 22
64920 21
64930 15
64940 21
64950 24
64960 19
64970 18
64980 20
64990 22
65000 13
65010 17
65020 17
65030 24
65040 25
65050 28
65060 19
65070 22
65080 25
65090 25
65100 25
65110 18
65120 19
65130 15
65140 24
65150 26
65160 22
65170 18
65180 20
65190 17
65200 17
65210 26
65220 17
65230 19
65240 14
65250 19
65260 17
65270 21
65280 16
65290 23
65300 17
65310 18
65320 15
65330 21
65340 29
65350 16
65360 18
65370 22
65380 19
65390 16
65400 23
65410 20
65420 18
65430 22
65440 23
65450 17
65460 25
65470 27
65480 19
65490 19
65500 22
65510 22
65520 23
65530 18
65540 26
65550 17
65560 26
65570 21
65580 26
65590 19
65600 23
65610 21
65620 21
65630 20
65640 24
65650 20
65660 16
65670 19
65680 24
65690 20
65700 23
65710 23
65720 18
65730 19
65740 21
65750 19
65760 24
65770 23
65780 21
65790 22
65800 26
65810 21
65820 22
65830 21
65840 26
65850 14
65860 19
65870 22
65880 21
65890 16
65900 17
65910 18
65920 21
65930 24
65940 25
65950 21
65960 16
65970 17
65980 16
65990 21
66000 19
66010 18
66020 15
66030 16
66040 15
66050 19
66060 14
66070 17
66080 16
66090 18
66100 22
66110 13
66120 16
66130 19
66140 24
66150 17
66160 15
66170 18
66180 27
66190 21
66200 18
66210 14
66220 23
66230 13
66240 13
66250 20
66260 18
66270 19
66280 22
66290 22
66300 19
66310 19
66320 22
66330 13
66340 21
66350 17
66360 13
66370 23
66380 17
66390 14
66400 23
66410 19
66420 23
66430 20
66440 17
66450 22
66460 29
66470 24
66480 17
66490 20
66500 22
66510 14
66520 26
66530 20
66540 14
66550 11
66560 16
66570 6
66580 15
66590 16
66600 16
66610 13
66620 15
66630 17
66640 16
66650 18
66660 20
66670 16
66680 15
66690 17
66700 16
66710 19
66720 20
66730 16
66740 20
66750 15
66760 25
66770 19
66780 26
66790 16
66800 16
66810 19
66820 18
66830 20
66840 20
66850 20
66860 23
66870 14
66880 16
66890 10
66900 18
66910 17
66920 16
66930 19
66940 23
66950 20
66960 16
66970 18
66980 25
66990 21
67000 22
67010 21
67020 19
67030 11
67040 17
67050 17
67060 15
67070 5
67080 17
67090 23
67100 16
67110 14
67120 9
67130 23
67140 25
67150 16
67160 20
67170 16
67180 15
67190 18
67200 12
67210 19
67220 22
67230 20
67240 22
67250 15
67260 18
67270 20
67280 10
67290 16
67300 13
67310 9
67320 13
67330 16
67340 20
67350 17
67360 15
67370 7
67380 18
67390 15
67400 13
67410 18
67420 13
67430 12
67440 11
67450 18
67460 16
67470 19
67480 13
67490 17
67500 11
67510 11
67520 17
67530 14
67540 19
67550 21
67560 17
67570 16
67580 16
67590 18
67600 17
67610 16
67620 18
67630 22
67640 16
67650 18
67660 19
67670 16
67680 17
67690 19
67700 15
67710 17
67720 18
67730 16
67740 15
67750 9
67760 15
67770 13
67780 17
67790 14
67800 15
67810 16
67820 12
67830 17
67840 13
67850 14
67860 22
67870 21
67880 18
67890 15
67900 17
67910 14
67920 22
67930 18
67940 16
67950 17
67960 10
67970 16
67980 19
67990 14
68000 16
68010 17
68020 22
68030 17
68040 14
68050 14
68060 16
68070 16
68080 16
68090 20
68100 19
68110 16
68120 21
68130 22
68140 11
68150 16
68160 14
68170 13
68180 15
68190 14
68200 16
68210 17
68220 15
68230 15
68240 19
68250 16
68260 18
68270 21
68280 16
68290 15
68300 9
68310 17
68320 18
68330 14
68340 9
68350 15
68360 17
68370 11
68380 22
68390 21
68400 22
68410 21
68420 16
68430 19
68440 18
68450 16
68460 21
68470 18
68480 19
68490 16
68500 17
68510 19
68520 21
68530 18
68540 18
68550 13
68560 23
68570 17
68580 25
68590 17
68600 22
68610 20
68620 19
68630 19
68640 18
68650 19
68660 17
68670 26
68680 15
68690 27
68700 22
68710 16
68720 20
68730 19
68740 22
68750 14
68760 19
68770 24
68780 15
68790 19
68800 18
68810 26
68820 18
68830 17
68840 24
68850 23
68860 24
68870 17
68880 17
68890 19
68900 21
68910 23
68920 25
68930 19
68940 25
68950 15
68960 18
68970 22
68980 18
68990 18
69000 23
69010 24
69020 18
69030 22
69040 26
69050 24
69060 21
69070 20
69080 14
69090 16
69100 18
69110 17
69120 18
69130 20
69140 23
69150 19
69160 18
69170 16
69180 21
69190 18
69200 19
69210 14
69220 14
69230 19
69240 15
69250 19
69260 17
69270 19
69280 17
69290 15
69300 14
69310 18
69320 24
69330 17
69340 15
69350 17
69360 14
69370 16
69380 14
69390 22
69400 19
69410 18
69420 19
69430 21
69440 20
69450 15
69460 21
69470 14
69480 17
69490 19
69500 17
69510 16
69520 20
69530 14
69540 22
69550 13
69560 12
69570 17
69580 12
69590 19
69600 21
69610 15
69620 13
69630 15
69640 22
69650 16
69660 25
69670 11
69680 13
69690 21
69700 16
69710 18
69720 18
69730 13
69740 17
69750 19
69760 17
69770 16
69780 21
69790 19
69800 16
69810 13
69820 17
69830 17
69840 15
69850 17
69860 11
69870 20
69880 19
69890 12
69900 17
69910 15
69920 20
69930 13
69940 13
69950 11
69960 21
69970 16
69980 22
69990 14
70000 20
70010 13
70020 16
70030 17
70040 17
70050 18
70060 17
70070 18
70080 15
70090 16
70100 15
70110 21
70120 18
70130 17
70140 16
70150 23
70160 20
70170 17
70180 17
70190 15
70200 11
70210 13
70220 24
70230 15
70240 19
70250 16
70260 16
70270 23
70280 16
70290 15
70300 21
70310 15
70320 16
70330 11
70340 14
70350 13
70360 6
70370 21
70380 16
70390 15
70400 13
70410 15
70420 15
70430 12
70440 16
70450 16
70460 15
70470 15
70480 13
70490 19
70500 21
70510 15
70520 20
70530 19
70540 14
70550 16
70560 19
70570 12
70580 11
70590 16
70600 16
70610 21
70620 17
70630 17
70640 14
70650 9
70660 19
70670 20
70680 15
70690 16
70700 15
70710 23
70720 17
70730 22
70740 11
70750 21
70760 18
70770 11
70780 19
70790 23
70800 17
70810 20
70820 13
70830 17
70840 16
70850 21
70860 16
70870 16
70880 18
70890 24
70900 13
70910 23
70920 24
70930 11
70940 17
70950 16
70960 16
70970 22
70980 22
70990 18
71000 18
71010 21
71020 13
71030 15
71040 23
71050 17
71060 19
71070 28
71080 20
71090 16
71100 19
71110 19
71120 13
71130 21
71140 17
71150 23
71160 17
71170 26
71180 16
71190 20
71200 16
71210 14
71220 20
71230 21
71240 21
71250 21
71260 13
71270 13
71280 17
71290 20
71300 19
71310 17
71320 17
71330 20
71340 11
71350 14
71360 13
71370 19
71380 15
71390 19
71400 18
71410 18
71420 23
71430 13
71440 13
71450 18
71460 20
71470 17
71480 17
71490 17
71500 16
71510 14
71520 17
71530 16
71540 18
71550 13
71560 14
71570 19
71580 14
71590 14
71600 9
71610 17
71620 18
71630 19
71640 9
71650 20
71660 23
71670 16
71680 14
71690 14
71700 11
71710 16
71720 19
71730 16
71740 20
71750 19
71760 18
71770 13
71780 21
71790 18
71800 16
71810 17
71820 18
71830 17
71840 15
71850 17
71860 14
71870 18
71880 16
71890 18
71900 20
71910 18
71920 20
71930 17
71940 17
71950 13
71960 8
71970 16
71980 20
71990 11
72000 17
72010 9
72020 18
72030 14
72040 15
72050 17
72060 21
72070 23
72080 11
72090 16
72100 17
72110 14
72120 16
72130 15
72140 14
72150 15
72160 14
72170 16
72180 22
72190 17
72200 14
72210 16
72220 20
72230 9
72240 17
72250 18
72260 18
72270 16
72280 12
72290 8
72300 15
72310 18
72320 12
72330 19
72340 20
72350 16
72360 15
72370 14
72380 16
72390 12
72400 14
72410 18
72420 20
72430 23
72440 7
72450 12
72460 11
72470 10
72480 18
72490 16
72500 16
72510 21
72520 14
72530 14
72540 17
72550 19
72560 20
72570 23
72580 22
72590 17
72600 14
72610 18
72620 17
72630 16
72640 15
72650 12
72660 18
72670 20
72680 21
72690 18
72700 22
72710 19
72720 14
72730 14
72740 24
72750 19
72760 22
72770 18
72780 12
72790 15
72800 20
72810 23
72820 23
72830 19
72840 18
72850 20
72860 25
72870 17
72880 17
72890 24
72900 16
72910 19
72920 15
72930 20
72940 14
72950 16
72960 19
72970 19
72980 13
72990 18
73000 20
73010 19
73020 19
73030 16
73040 15
73050 17
73060 18
73070 14
73080 22
73090 17
73100 12
73110 15
73120 17
73130 17
73140 15
73150 22
73160 18
73170 22
73180 17
73190 18
73200 15
73210 19
73220 17
73230 15
73240 17
73250 18
73260 19
73270 17
73280 21
73290 27
73300 24
73310 21
73320 21
73330 14
73340 26
73350 14
73360 13
73370 14
73380 19
73390 18
73400 15
73410 19
73420 16
73430 22
73440 16
73450 12
73460 12
73470 14
73480 17
73490 19
73500 12
73510 23
73520 21
73530 17
73540 14
73550 12
73560 23
73570 20
73580 22
73590 17
73600 20
73610 19
73620 18
73630 16
73640 12
73650 21
73660 18
73670 20
73680 33
73690 34
73700 29
73710 39
73720 28
73730 31
73740 21
73750 26
73760 18
73770 16
73780 21
73790 13
73800 25
73810 19
73820 25
73830 22
73840 27
73850 20
73860 18
73870 22
73880 25
73890 24
73900 17
73910 23
73920 25
73930 18
73940 17
73950 23
73960 21
73970 25
73980 20
73990 20
74000 21
74010 18
74020 25
74030 20
74040 23
74050 20
74060 22
74070 25
74080 24
74090 25
74100 20
74110 21
74120 19
74130 17
74140 21
74150 22
74160 23
74170 20
74180 24
74190 20
74200 21
74210 26
74220 14
74230 17
74240 16
74250 20
74260 18
74270 17
74280 19
74290 17
74300 16
74310 17
74320 19
74330 20
74340 22
74350 21
74360 16
74370 20
74380 19
74390 19
74400 11
74410 18
74420 19
74430 16
74440 15
74450 16
74460 12
74470 17
74480 18
74490 16
74500 17
74510 18
74520 20
74530 17
74540 20
74550 21
74560 22
74570 20
74580 18
74590 18
74600 15
74610 13
74620 16
74630 16
74640 21
74650 23
74660 23
74670 18
74680 19
74690 13
74700 21
74710 18
74720 16
74730 19
74740 18
74750 15
74760 19
74770 19
74780 18
74790 27
74800 20
74810 20
74820 16
74830 19
74840 16
74850 20
74860 23
74870 19
74880 18
74890 18
74900 20
74910 11
74920 25
74930 22
74940 22
74950 16
74960 24
74970 19
74980 16
74990 21
75000 21
75010 15
75020 25
75030 19
75040 20
75050 20
75060 22
75070 25
75080 18
75090 22
75100 20
75110 23
75120 15
75130 18
75140 13
75150 19
75160 18
75170 13
75180 17
75190 16
75200 18
75210 20
75220 17
75230 19
75240 18
75250 24
75260 23
75270 17
75280 15
75290 17
75300 14
75310 16
75320 19
75330 21
75340 22
75350 18
75360 19
75370 25
75380 16
75390 18
75400 15
75410 14
75420 15
75430 16
75440 15
75450 19
75460 20
75470 23
75480 11
75490 18
75500 23
75510 15
75520 23
75530 27
75540 14
75550 18
75560 19
75570 19
75580 21
75590 19
75600 20
75610 22
75620 16
75630 17
75640 20
75650 22
75660 16
75670 11
75680 15
75690 13
75700 18
75710 21
75720 18
75730 20
75740 16
75750 17
75760 14
75770 21
75780 18
75790 15
75800 21
75810 17
75820 14
75830 20
75840 18
75850 18
75860 18
75870 20
75880 21
75890 16
75900 17
75910 23
75920 21
75930 14
75940 18
75950 20
75960 21
75970 28
75980 20
75990 20
76000 26
76010 20
76020 16
76030 22
76040 13
76050 21
76060 22
76070 18
76080 27
76090 16
76100 18
76110 19
76120 19
76130 23
76140 17
76150 15
76160 17
76170 19
76180 17
76190 24
76200 28
76210 17
76220 18
76230 19
76240 17
76250 18
76260 20
76270 20
76280 25
76290 27
76300 21
76310 16
76320 25
76330 25
76340 22
76350 22
76360 17
76370 19
76380 20
76390 19
76400 22
76410 25
76420 20
76430 20
76440 23
76450 23
76460 26
76470 24
76480 13
76490 23
76500 19
76510 19
76520 20
76530 20
76540 9
76550 20
76560 16
76570 23
76580 13
76590 20
76600 17
76610 16
76620 20
76630 17
76640 21
76650 15
76660 24
76670 19
76680 25
76690 16
76700 19
76710 22
76720 17
76730 24
76740 30
76750 24
76760 20
76770 15
76780 24
76790 16
76800 16
76810 20
76820 24
76830 16
76840 22
76850 22
76860 19
76870 20
76880 22
76890 20
76900 19
76910 16
76920 18
76930 18
76940 21
76950 24
76960 15
76970 22
76980 17
76990 22
77000 22
77010 12
77020 20
77030 16
77040 21
77050 21
77060 12
77070 21
77080 25
77090 17
77100 19
77110 21
77120 24
77130 19
77140 24
77150 20
77160 18
77170 17
77180 19
77190 26
77200 19
77210 21
77220 24
77230 25
77240 24
77250 20
77260 18
77270 26
77280 14
77290 19
77300 14
77310 20
77320 24
77330 25
77340 16
77350 18
77360 14
77370 20
77380 12
77390 15
77400 12
77410 15
77420 17
77430 16
77440 20
77450 11
77460 18
77470 20
77480 21
77490 23
77500 28
77510 13
77520 16
77530 8
77540 17
77550 17
77560 20
77570 31
77580 12
77590 18
77600 21
77610 14
77620 18
77630 13
77640 24
77650 29
77660 18
77670 18
77680 25
77690 12
77700 21
77710 15
77720 15
77730 19
77740 19
77750 26
77760 18
77770 20
77780 13
77790 21
77800 21
77810 15
77820 24
77830 15
77840 25
77850 18
77860 25
77870 21
77880 19
77890 16
77900 17
77910 15
77920 7
77930 20
77940 19
77950 18
77960 28
77970 19
77980 17
77990 21
78000 18
78010 19
78020 24
78030 19
78040 17
78050 19
78060 18
78070 19
78080 19
78090 24
78100 18
78110 18
78120 18
78130 17
78140 22
78150 26
78160 21
78170 18
78180 16
78190 24
78200 23
78210 28
78220 21
78230 20
78240 21
78250 17
78260 17
78270 31
78280 16
78290 15
78300 20
78310 22
78320 21
78330 21
78340 21
78350 22
78360 19
78370 22
78380 20
78390 23
78400 20
78410 23
78420 19
78430 17
78440 16
78450 21
78460 16
78470 24
78480 21
78490 15
78500 15
78510 16
78520 19
78530 26
78540 17
78550 16
78560 18
78570 21
78580 14
78590 15
78600 20
78610 22
78620 15
78630 11
78640 20
78650 17
78660 17
78670 12
78680 18
78690 20
78700 16
78710 17
78720 16
78730 25
78740 13
78750 15
78760 20
78770 15
78780 22
78790 19
78800 23
78810 24
78820 18
78830 17
78840 23
78850 21
78860 18
78870 20
78880 17
78890 17
78900 19
78910 20
78920 16
78930 22
78940 18
78950 21
78960 14
78970 26
78980 12
78990 19
79000 14
79010 16
79020 19
79030 20
79040 16
79050 24
79060 17
79070 22
79080 17
79090 18
79100 26
79110 21
79120 14
79130 14
79140 19
79150 18
79160 19
79170 18
79180 19
79190 20
79200 20
79210 18
79220 15
79230 21
79240 27
79250 19
79260 19
79270 17
79280 16
79290 13
79300 15
79310 15
79320 22
79330 18
79340 19
79350 15
79360 16
79370 22
79380 18
79390 17
79400 24
79410 17
79420 20
79430 23
79440 18
79450 17
79460 19
79470 31
79480 13
79490 18
79500 21
79510 17
79520 19
79530 24
79540 16
79550 23
79560 21
79570 17
79580 23
79590 16
79600 15
79610 18
79620 13
79630 15
79640 18
79650 14
79660 19
79670 16
79680 20
79690 21
79700 20
79710 17
79720 20
79730 19
79740 20
79750 20
79760 25
79770 11
79780 25
79790 17
79800 9
79810 16
79820 19
79830 22
79840 21
79850 23
79860 17
79870 15
79880 15
79890 19
79900 20
79910 23
79920 12
79930 18
79940 24
79950 19
79960 21
79970 21
79980 22
79990 19
80000 22
80010 16
80020 20
80030 22
80040 16
80050 15
80060 16
80070 18
80080 21
80090 15
80100 17
80110 14
80120 13
80130 24
80140 18
80150 18
80160 15
80170 12
80180 20
80190 23
80200 13
80210 15
80220 19
80230 22
80240 23
80250 18
80260 20
80270 27
80280 22
80290 19
80300 19
80310 23
80320 26
80330 22
80340 15
80350 24
80360 25
80370 24
80380 19
80390 23
80400 21
80410 24
80420 17
80430 20
80440 16
80450 30
80460 14
80470 15
80480 22
80490 25
80500 19
80510 16
80520 18
80530 19
80540 21
80550 19
80560 24
80570 21
80580 17
80590 22
80600 18
80610 16
80620 22
80630 21
80640 24
80650 18
80660 14
80670 15
80680 15
80690 13
80700 22
80710 24
80720 19
80730 20
80740 15
80750 18
80760 21
80770 12
80780 15
80790 23
80800 14
80810 23
80820 22
80830 17
80840 26
80850 19
80860 15
80870 18
80880 23
80890 14
80900 19
80910 21
80920 24
80930 14
80940 20
80950 25
80960 20
80970 20
80980 19
80990 19
81000 13
81010 17
81020 23
81030 16
81040 14
81050 18
81060 20
81070 12
81080 17
81090 25
81100 23
81110 18
81120 21
81130 14
81140 25
81150 20
81160 15
81170 23
81180 21
81190 25
81200 18
81210 12
81220 18
81230 13
81240 17
81250 20
81260 21
81270 14
81280 20
81290 26
81300 22
81310 23
81320 17
81330 22
81340 19
81350 13
81360 20
81370 17
81380 16
81390 19
81400 15
81410 15
81420 16
81430 20
81440 20
81450 18
81460 17
81470 15
81480 18
81490 16
81500 18
81510 18
81520 15
81530 17
81540 9
81550 17
81560 14
81570 23
81580 16
81590 18
81600 22
81610 21
81620 25
81630 20
81640 17
81650 18
81660 17
81670 21
81680 18
81690 13
81700 11
81710 19
81720 18
81730 19
81740 23
81750 15
81760 17
81770 22
81780 14
81790 21
81800 19
81810 23
81820 13
81830 20
81840 16
81850 20
81860 17
81870 19
81880 14
81890 16
81900 21
81910 15
81920 17
81930 20
81940 16
81950 17
81960 15
81970 18
81980 19
81990 18
82000 25
82010 18
82020 12
82030 18
82040 17
82050 13
82060 12
82070 15
82080 17
82090 16
82100 18
82110 17
82120 12
82130 20
82140 17
82150 19
82160 27
82170 13
82180 22
82190 18
82200 21
82210 20
82220 18
82230 20
82240 21
82250 20
82260 21
82270 15
82280 23
82290 19
82300 15
82310 23
82320 19
82330 21
82340 20
82350 20
82360 23
82370 14
82380 21
82390 14
82400 18
82410 21
82420 15
82430 14
82440 25
82450 18
82460 20
82470 20
82480 23
82490 17
82500 21
82510 24
82520 19
82530 19
82540 16
82550 16
82560 14
82570 16
82580 21
82590 17
82600 16
82610 21
82620 15
82630 17
82640 14
82650 18
82660 18
82670 21
82680 14
82690 20
82700 19
82710 20
82720 18
82730 16
82740 14
82750 17
82760 15
82770 17
82780 15
82790 8
82800 11
82810 17
82820 19
82830 11
82840 16
82850 20
82860 18
82870 18
82880 22
82890 17
82900 14
82910 17
82920 22
82930 17
82940 23
82950 18
82960 22
82970 23
82980 28
82990 22
83000 16
83010 22
83020 14
83030 16
83040 12
83050 19
83060 16
83070 23
83080 8
83090 19
83100 10
83110 19
83120 16
83130 19
83140 17
83150 12
83160 17
83170 22
83180 27
83190 20
83200 14
83210 19
83220 21
83230 18
83240 21
83250 12
83260 21
83270 16
83280 17
83290 13
83300 20
83310 19
83320 13
83330 15
83340 14
83350 18
83360 17
83370 13
83380 15
83390 16
83400 20
83410 17
83420 20
83430 17
83440 22
83450 22
83460 22
83470 19
83480 16
83490 19
83500 19
83510 19
83520 20
83530 24
83540 23
83550 25
83560 18
83570 31
83580 29
83590 13
83600 23
83610 19
83620 23
83630 16
83640 13
83650 20
83660 23
83670 15
83680 18
83690 25
83700 26
83710 16
83720 22
83730 24
83740 23
83750 14
83760 18
83770 13
83780 15
83790 18
83800 18
83810 16
83820 14
83830 19
83840 11
83850 17
83860 14
83870 20
83880 23
83890 21
83900 14
83910 18
83920 15
83930 21
83940 23
83950 19
83960 23
83970 24
83980 22
83990 26
84000 20
84010 19
84020 20
84030 26
84040 21
84050 29
84060 15
84070 21
84080 18
84090 15
84100 22
84110 29
84120 23
84130 20
84140 17
84150 17
84160 12
84170 19
84180 23
84190 14
84200 16
84210 14
84220 20
84230 20
84240 22
84250 28
84260 19
84270 19
84280 18
84290 20
84300 14
84310 25
84320 13
84330 24
84340 26
84350 21
84360 19
84370 19
84380 23
84390 24
84400 21
84410 22
84420 25
84430 23
84440 25
84450 22
84460 26
84470 24
84480 25
84490 19
84500 26
84510 19
84520 23
84530 18
84540 16
84550 22
84560 19
84570 21
84580 21
84590 25
84600 17
84610 17
84620 18
84630 24
84640 15
84650 26
84660 23
84670 24
84680 18
84690 21
84700 21
84710 21
84720 26
84730 24
84740 15
84750 16
84760 19
84770 25
84780 20
84790 23
84800 26
84810 19
84820 20
84830 16
84840 20
84850 17
84860 20
84870 14
84880 19
84890 23
84900 18
84910 15
84920 14
84930 15
84940 19
84950 22
84960 26
84970 13
84980 23
84990 17
85000 19
85010 16
85020 21
85030 16
85040 19
85050 13
85060 13
85070 12
85080 21
85090 18
85100 22
85110 18
85120 18
85130 21
85140 16
85150 14
85160 15
85170 22
85180 25
85190 23
85200 17
85210 24
85220 12
85230 14
85240 18
85250 20
85260 19
85270 22
85280 16
85290 17
85300 21
85310 19
85320 22
85330 25
85340 27
85350 23
85360 15
85370 15
85380 24
85390 17
85400 20
85410 24
85420 28
85430 20
85440 17
85450 25
85460 20
85470 21
85480 25
85490 21
85500 24
85510 11
85520 17
85530 15
85540 27
85550 15
85560 22
85570 20
85580 17
85590 22
85600 17
85610 19
85620 19
85630 21
85640 18
85650 17
85660 27
85670 22
85680 16
85690 24
85700 26
85710 24
85720 17
85730 18
85740 16
85750 18
85760 19
85770 23
85780 20
85790 16
85800 20
85810 22
85820 17
85830 14
85840 21
85850 26
85860 19
85870 22
85880 27
85890 14
85900 26
85910 25
85920 18
85930 22
85940 18
85950 22
85960 17
85970 17
85980 20
85990 24
86000 25
86010 16
86020 12
86030 20
86040 21
86050 21
86060 10
86070 17
86080 19
86090 25
86100 20
86110 17
86120 21
86130 16
86140 17
86150 20
86160 15
86170 18
86180 22
86190 14
86200 23
86210 19
86220 21
86230 19
86240 21
86250 18
86260 14
86270 17
86280 17
86290 13
86300 15
86310 17
86320 23
86330 19
86340 19
86350 11
86360 13
86370 25
86380 18
86390 23
86400 18
86410 17
86420 22
86430 12
86440 13
86450 13
86460 18
86470 22
86480 9
86490 13
86500 13
86510 21
86520 20
86530 16
86540 22
86550 18
86560 17
86570 15
86580 17
86590 14
86600 12
86610 16
86620 21
86630 24
86640 22
86650 20
86660 21
86670 21
86680 21
86690 19
86700 23
86710 22
86720 14
86730 25
86740 19
86750 20
86760 27
86770 22
86780 17
86790 17
86800 17
86810 18
86820 16
86830 19
86840 23
86850 20
86860 14
86870 18
86880 22
86890 12
86900 18
86910 19
86920 16
86930 17
86940 18
86950 19
86960 14
86970 15
86980 25
86990 14
87000 19
87010 15
87020 12
87030 18
87040 19
87050 18
87060 11
87070 20
87080 17
87090 11
87100 18
87110 15
87120 24
87130 20
87140 17
87150 13
87160 18
87170 26
87180 21
87190 14
87200 24
87210 20
87220 16
87230 18
87240 23
87250 20
87260 14
87270 17
87280 18
87290 18
87300 19
87310 18
87320 19
87330 20
87340 17
87350 20
87360 18
87370 15
87380 17
87390 18
87400 18
87410 17
87420 18
87430 21
87440 17
87450 11
87460 14
87470 17
87480 17
87490 23
87500 22
87510 24
87520 20
87530 17
87540 26
87550 14
87560 22
87570 24
87580 17
87590 22
87600 25
87610 21
87620 14
87630 22
87640 20
87650 24
87660 23
87670 19
87680 19
87690 19
87700 20
87710 16
87720 21
87730 19
87740 22
87750 19
87760 22
87770 18
87780 15
87790 15
87800 18
87810 20
87820 20
87830 26
87840 20
87850 23
87860 18
87870 23
87880 10
87890 21
87900 19
87910 19
87920 16
87930 23
87940 22
87950 20
87960 17
87970 14
87980 19
87990 18
88000 18
88010 20
88020 22
88030 19
88040 17
88050 16
88060 21
88070 20
88080 21
88090 19
88100 19
88110 22
88120 21
88130 23
88140 16
88150 20
88160 20
88170 19
88180 18
88190 17
88200 19
88210 22
88220 18
88230 15
88240 19
88250 28
88260 20
88270 15
88280 23
88290 19
88300 16
88310 23
88320 17
88330 25
88340 16
88350 23
88360 14
88370 23
88380 22
88390 18
88400 17
88410 14
88420 19
88430 21
88440 15
88450 24
88460 23
88470 22
88480 25
88490 24
88500 19
88510 20
88520 25
88530 16
88540 21
88550 24
88560 23
88570 22
88580 19
88590 20
88600 21
88610 28
88620 22
88630 19
88640 16
88650 21
88660 15
88670 22
88680 18
88690 18
88700 18
88710 19
88720 24
88730 12
88740 23
88750 21
88760 18
88770 14
88780 22
88790 22
88800 17
88810 29
88820 19
88830 19
88840 28
88850 16
88860 23
88870 26
88880 21
88890 26
88900 24
88910 25
88920 20
88930 24
88940 21
88950 24
88960 21
88970 16
88980 21
88990 18
89000 21
89010 8
89020 18
89030 23
89040 8
89050 20
89060 20
89070 22
89080 17
89090 15
89100 18
89110 20
89120 19
89130 22
89140 12
89150 24
89160 20
89170 20
89180 23
89190 18
89200 19
89210 23
89220 16
89230 15
89240 19
89250 17
89260 28
89270 22
89280 25
89290 21
89300 23
89310 22
89320 20
89330 26
89340 19
89350 16
89360 18
89370 18
89380 26
89390 23
89400 21
89410 23
89420 14
89430 22
89440 24
89450 24
89460 22
89470 13
89480 23
89490 18
89500 20
89510 24
89520 17
89530 17
89540 18
89550 18
89560 23
89570 19
89580 20
89590 22
89600 23
89610 19
89620 18
89630 14
89640 13
89650 18
89660 20
89670 23
89680 25
89690 14
89700 23
89710 23
89720 18
89730 22
89740 19
89750 18
89760 21
89770 23
89780 20
89790 12
89800 21
89810 23
89820 23
89830 20
89840 19
89850 20
89860 20
89870 18
89880 21
89890 26
89900 20
89910 19
89920 22
89930 20
89940 22
89950 17
89960 25
89970 20
89980 19
89990 18
90000 17
90010 15
90020 22
90030 19
90040 26
90050 18
90060 18
90070 16
90080 15
90090 17
90100 21
90110 16
90120 21
90130 20
90140 19
90150 26
90160 19
90170 23
90180 21
90190 18
90200 15
90210 20
90220 20
90230 21
90240 23
90250 25
90260 29
90270 15
90280 23
90290 21
90300 17
90310 27
90320 18
90330 16
90340 24
90350 18
90360 19
90370 15
90380 17
90390 21
90400 19
90410 22
90420 23
90430 17
90440 17
90450 20
90460 12
90470 17
90480 18
90490 16
90500 13
90510 21
90520 13
90530 19
90540 22
90550 14
90560 24
90570 29
90580 20
90590 20
90600 21
90610 17
90620 22
90630 16
90640 25
90650 19
90660 12
90670 20
90680 20
90690 21
90700 19
90710 23
90720 16
90730 27
90740 18
90750 20
90760 18
90770 20
90780 16
90790 15
90800 16
90810 19
90820 17
90830 22
90840 23
90850 20
90860 15
90870 24
90880 21
90890 18
90900 19
90910 21
90920 15
90930 16
90940 20
90950 18
90960 22
90970 15
90980 16
90990 18
91000 22
91010 19
91020 14
91030 18
91040 22
91050 16
91060 15
91070 19
91080 16
91090 17
91100 18
91110 18
91120 16
91130 17
91140 12
91150 15
91160 17
91170 22
91180 29
91190 21
91200 17
91210 19
91220 16
91230 19
91240 13
91250 20
91260 22
91270 21
91280 14
91290 15
91300 18
91310 21
91320 14
91330 16
91340 25
91350 13
91360 16
91370 18
91380 15
91390 21
91400 22
91410 21
91420 24
91430 24
91440 26
91450 12
91460 22
91470 17
91480 16
91490 16
91500 26
91510 13
91520 20
91530 23
91540 15
91550 21
91560 14
91570 16
91580 17
91590 22
91600 18
91610 18
91620 17
91630 15
91640 17
91650 22
91660 16
91670 21
91680 12
91690 14
91700 10
91710 10
91720 26
91730 20
91740 20
91750 19
91760 22
91770 26
91780 15
91790 21
91800 22
91810 25
91820 23
91830 18
91840 20
91850 24
91860 14
91870 19
91880 24
91890 22
91900 18
91910 22
91920 21
91930 21
91940 16
91950 22
91960 20
91970 16
91980 22
91990 22
92000 25
92010 17
92020 15
92030 12
92040 19
92050 12
92060 19
92070 19
92080 17
92090 11
92100 20
92110 17
92120 16
92130 16
92140 21
92150 17
92160 17
92170 19
92180 16
92190 17
92200 23
92210 15
92220 14
92230 18
92240 19
92250 18
92260 17
92270 15
92280 21
92290 24
92300 24
92310 24
92320 21
92330 19
92340 14
92350 24
92360 19
92370 16
92380 22
92390 18
92400 21
92410 17
92420 17
92430 20
92440 17
92450 25
92460 19
92470 20
92480 22
92490 18
92500 16
92510 17
92520 17
92530 16
92540 23
92550 13
92560 19
92570 12
92580 16
92590 14
92600 25
92610 19
92620 20
92630 18
92640 22
92650 13
92660 19
92670 19
92680 18
92690 19
92700 22
92710 16
92720 24
92730 19
92740 16
92750 21
92760 24
92770 24
92780 17
92790 23
92800 25
92810 19
92820 16
92830 15
92840 25
92850 23
92860 19
92870 23
92880 15
92890 15
92900 15
92910 19
92920 21
92930 19
92940 20
92950 15
92960 10
92970 19
92980 16
92990 17
93000 21
93010 21
93020 13
93030 18
93040 18
93050 15
93060 21
93070 19
93080 19
93090 18
93100 18
93110 14
93120 13
93130 13
93140 16
93150 18
93160 20
93170 20
93180 19
93190 20
93200 15
93210 17
93220 25
93230 17
93240 16
93250 18
93260 15
93270 19
93280 28
93290 11
93300 16
93310 16
93320 23
93330 17
93340 17
93350 20
93360 17
93370 20
93380 27
93390 21
93400 24
93410 22
93420 18
93430 17
93440 26
93450 23
93460 21
93470 17
93480 15
93490 9
93500 15
93510 18
93520 19
93530 19
93540 14
93550 15
93560 21
93570 21
93580 15
93590 18
93600 13
93610 19
93620 19
93630 17
93640 18
93650 19
93660 18
93670 19
93680 12
93690 20
93700 17
93710 16
93720 18
93730 19
93740 20
93750 19
93760 21
93770 20
93780 12
93790 15
93800 16
93810 10
93820 18
93830 20
93840 17
93850 23
93860 19
93870 17
93880 23
93890 20
93900 23
93910 25
93920 15
93930 18
93940 20
93950 13
93960 25
93970 16
93980 26
93990 16
94000 13
94010 21
94020 21
94030 22
94040 20
94050 10
94060 17
94070 18
94080 24
94090 22
94100 16
94110 21
94120 15
94130 19
94140 17
94150 21
94160 22
94170 15
94180 17
94190 23
94200 17
94210 21
94220 15
94230 13
94240 17
94250 25
94260 22
94270 24
94280 18
94290 19
94300 24
94310 18
94320 26
94330 25
94340 22
94350 24
94360 17
94370 23
94380 18
94390 19
94400 21
94410 13
94420 15
94430 17
94440 13
94450 17
94460 25
94470 13
94480 17
94490 17
94500 22
94510 20
94520 19
94530 17
94540 16
94550 18
94560 21
94570 16
94580 17
94590 20
94600 24
94610 20
94620 21
94630 16
94640 23
94650 21
94660 23
94670 15
94680 9
94690 22
94700 20
94710 22
94720 18
94730 21
94740 23
94750 18
94760 18
94770 18
94780 14
94790 20
94800 21
94810 17
94820 18
94830 18
94840 17
94850 14
94860 17
94870 14
94880 20
94890 23
94900 21
94910 21
94920 21
94930 25
94940 23
94950 21
94960 20
94970 25
94980 22
94990 22
95000 21
95010 27
95020 22
95030 16
95040 25
95050 18
95060 19
95070 20
95080 14
95090 9
95100 16
95110 20
95120 15
95130 11
95140 17
95150 19
95160 26
95170 19
95180 25
95190 14
95200 20
95210 28
95220 18
95230 21
95240 16
95250 24
95260 17
95270 22
95280 25
95290 20
95300 25
95310 20
95320 18
95330 21
95340 18
95350 23
95360 20
95370 20
95380 19
95390 24
95400 21
95410 20
95420 19
95430 12
95440 22
95450 21
95460 18
95470 19
95480 25
95490 26
95500 22
95510 20
95520 22
95530 20
95540 16
95550 17
95560 9
95570 16
95580 24
95590 21
95600 23
95610 23
95620 23
95630 19
95640 20
95650 15
95660 18
95670 20
95680 25
95690 20
95700 18
95710 16
95720 23
95730 19
95740 17
95750 19
95760 18
95770 15
95780 22
95790 21
95800 16
95810 21
95820 24
95830 24
95840 22
95850 17
95860 20
95870 18
95880 19
95890 18
95900 25
95910 20
95920 20
95930 19
95940 17
95950 21
95960 27
95970 22
95980 17
95990 20
96000 18
96010 24
96020 26
96030 18
96040 16
96050 17
96060 10
96070 16
96080 18
96090 20
96100 14
96110 18
96120 17
96130 14
96140 15
96150 21
96160 18
96170 22
96180 22
96190 22
96200 13
96210 18
96220 22
96230 22
96240 22
96250 18
96260 16
96270 22
96280 20
96290 16
96300 18
96310 16
96320 18
96330 19
96340 17
96350 14
96360 12
96370 7
96380 19
96390 26
96400 20
96410 20
96420 21
96430 24
96440 17
96450 22
96460 19
96470 21
96480 22
96490 15
96500 22
96510 17
96520 16
96530 20
96540 13
96550 22
96560 25
96570 22
96580 24
96590 24
96600 24
96610 20
96620 17
96630 28
96640 23
96650 18
96660 15
96670 19
96680 19
96690 19
96700 23
96710 23
96720 15
96730 22
96740 26
96750 26
96760 25
96770 19
96780 17
96790 21
96800 25
96810 22
96820 28
96830 19
96840 20
96850 22
96860 20
96870 24
96880 22
96890 20
96900 19
96910 16
96920 18
96930 16
96940 15
96950 20
96960 20
96970 22
96980 22
96990 18
97000 20
97010 22
97020 17
97030 19
97040 21
97050 21
97060 21
97070 20
97080 16
97090 16
97100 23
97110 16
97120 18
97130 20
97140 21
97150 21
97160 16
97170 23
97180 16
97190 18
97200 19
97210 17
97220 21
97230 21
97240 18
97250 20
97260 20
97270 19
97280 19
97290 17
97300 21
97310 26
97320 18
97330 26
97340 22
97350 26
97360 21
97370 20
97380 21
97390 14
97400 20
97410 19
97420 19
97430 20
97440 23
97450 23
97460 18
97470 17
97480 22
97490 24
97500 25
97510 17
97520 28
97530 25
97540 25
97550 19
97560 24
97570 20
97580 18
97590 14
97600 15
97610 23
97620 20
97630 19
97640 22
97650 22
97660 17
97670 22
97680 30
97690 26
97700 18
97710 19
97720 21
97730 21
97740 19
97750 22
97760 19
97770 20
97780 18
97790 20
97800 15
97810 21
97820 21
97830 15
97840 21
97850 23
97860 19
97870 11
97880 18
97890 23
97900 19
97910 17
97920 23
97930 21
97940 15
97950 19
97960 19
97970 20
97980 18
97990 17
98000 17
98010 23
98020 11
98030 23
98040 19
98050 20
98060 16
98070 21
98080 24
98090 19
98100 24
98110 21
98120 19
98130 17
98140 27
98150 18
98160 18
98170 14
98180 15
98190 14
98200 19
98210 23
98220 17
98230 19
98240 21
98250 27
98260 24
98270 19
98280 16
98290 22
98300 16
98310 22
98320 23
98330 16
98340 25
98350 20
98360 21
98370 27
98380 13
98390 24
98400 24
98410 15
98420 18
98430 15
98440 17
98450 21
98460 18
98470 15
98480 19
98490 26
98500 17
98510 17
98520 16
98530 23
98540 21
98550 18
98560 16
98570 18
98580 21
98590 21
98600 19
98610 21
98620 22
98630 12
98640 22
98650 18
98660 9
98670 22
98680 19
98690 16
98700 22
98710 18
98720 18
98730 24
98740 21
98750 16
98760 20
98770 19
98780 20
98790 11
98800 21
98810 14
98820 17
98830 12
98840 20
98850 19
98860 19
98870 22
98880 18
98890 25
98900 23
98910 10
98920 13
98930 15
98940 18
98950 19
98960 15
98970 19
98980 20
98990 17
99000 15
99010 17
99020 21
99030 17
99040 20
99050 22
99060 16
99070 20
99080 18
99090 18
99100 15
99110 15
99120 13
99130 18
99140 23
99150 19
99160 19
99170 17
99180 14
99190 22
99200 21
99210 20
99220 24
99230 16
99240 26
99250 15
99260 14
99270 11
99280 19
99290 16
99300 11
99310 19
99320 22
99330 18
99340 19
99350 15
99360 21
99370 18
99380 11
99390 16
99400 14
99410 17
99420 14
99430 16
99440 20
99450 16
99460 24
99470 21
99480 24
99490 26
99500 22
99510 17
99520 24
99530 20
99540 26
99550 21
99560 22
99570 16
99580 24
99590 20
99600 20
99610 17
99620 19
99630 19
99640 20
99650 22
99660 19
99670 15
99680 19
99690 13
99700 21
99710 19
99720 22
99730 23
99740 14
99750 15
99760 23
99770 25
99780 16
99790 25
99800 36
99810 28
99820 29
99830 28
99840 29
99850 27
99860 30
99870 35
99880 29
99890 22
99900 21
99910 31
99920 28
99930 23
99940 21
99950 28
99960 19
99970 25
99980 22
99990 27
