# Frame Contacts
30000 22
30010 24
30020 17
30030 21
30040 20
30050 17
30060 23
30070 22
30080 22
30090 19
30100 20
30110 15
30120 21
30130 18
30140 18
30150 14
30160 20
30170 15
30180 24
30190 21
30200 20
30210 23
30220 21
30230 26
30240 26
30250 29
30260 12
30270 30
30280 15
30290 16
30300 24
30310 15
30320 20
30330 20
30340 20
30350 24
30360 26
30370 25
30380 25
30390 18
30400 25
30410 15
30420 13
30430 21
30440 24
30450 23
30460 21
30470 16
30480 21
30490 20
30500 21
30510 18
30520 20
30530 22
30540 21
30550 19
30560 21
30570 26
30580 15
30590 20
30600 23
30610 24
30620 23
30630 19
30640 22
30650 21
30660 15
30670 22
30680 25
30690 17
30700 26
30710 23
30720 17
30730 20
30740 30
30750 23
30760 22
30770 22
30780 24
30790 22
30800 21
30810 14
30820 21
30830 20
30840 27
30850 22
30860 21
30870 19
30880 15
30890 26
30900 20
30910 19
30920 16
30930 21
30940 21
30950 15
30960 27
30970 17
30980 17
30990 21
31000 17
31010 16
31020 22
31030 10
31040 15
31050 12
31060 19
31070 18
31080 19
31090 19
31100 19
31110 22
31120 25
31130 21
31140 20
31150 24
31160 20
31170 19
31180 22
31190 22
31200 22
31210 21
31220 21
31230 19
31240 20
31250 28
31260 14
31270 20
31280 19
31290 25
31300 15
31310 23
31320 14
31330 17
31340 19
31350 26
31360 27
31370 20
31380 23
31390 19
31400 21
31410 16
31420 22
31430 16
31440 29
31450 17
31460 17
31470 20
31480 13
31490 19
31500 27
31510 21
31520 13
31530 19
31540 16
31550 19
31560 23
31570 21
31580 19
31590 20
31600 23
31610 30
31620 20
31630 17
31640 19
31650 18
31660 22
31670 23
31680 19
31690 23
31700 19
31710 19
31720 20
31730 22
31740 20
31750 23
31760 23
31770 18
31780 16
31790 28
31800 25
31810 15
31820 19
31830 24
31840 23
31850 21
31860 26
31870 20
31880 22
31890 18
31900 17
31910 19
31920 17
31930 21
31940 17
31950 20
31960 17
31970 22
31980 0
31990 20
32000 0
32010 24
32020 22
32030 18
32040 15
32050 14
32060 20
32070 27
32080 19
32090 22
32100 27
32110 19
32120 22
32130 25
32140 25
32150 18
32160 22
32170 22
32180 21
32190 21
32200 21
32210 14
32220 22
32230 21
32240 30
32250 26
32260 25
32270 18
32280 25
32290 24
32300 23
32310 18
32320 0
32330 0
32340 0
32350 22
32360 22
32370 18
32380 26
32390 25
32400 27
32410 0
32420 0
32430 0
32440 0
32450 0
32460 0
32470 0
32480 0
32490 0
32500 0
32510 0
32520 0
32530 0
32540 0
32550 0
32560 0
32570 0
32580 0
32590 0
32600 0
32610 0
32620 0
32630 0
32640 0
32650 0
32660 0
32670 0
32680 0
32690 0
32700 0
32710 0
32720 0
32730 0
32740 0
32750 0
32760 0
32770 0
32780 0
32790 0
32800 0
32810 0
32820 0
32830 0
32840 0
32850 0
32860 0
32870 0
32880 0
32890 0
32900 0
32910 0
32920 0
32930 0
32940 0
32950 0
32960 0
32970 0
32980 0
32990 0
33000 0
33010 0
33020 0
33030 0
33040 0
33050 0
33060 0
33070 0
33080 0
33090 0
33100 0
33110 0
33120 0
33130 0
33140 0
33150 0
33160 0
33170 0
33180 0
33190 0
33200 0
33210 0
33220 0
33230 0
33240 0
33250 0
33260 0
33270 0
33280 0
33290 0
33300 0
33310 0
33320 0
33330 0
33340 0
33350 0
33360 0
33370 0
33380 0
33390 0
33400 0
33410 0
33420 0
33430 0
33440 0
33450 0
33460 0
33470 0
33480 0
33490 0
33500 0
33510 0
33520 0
33530 0
33540 0
33550 0
33560 0
33570 0
33580 0
33590 0
33600 0
33610 0
33620 0
33630 0
33640 0
33650 0
33660 0
33670 0
33680 0
33690 0
33700 0
33710 0
33720 0
33730 0
33740 0
33750 0
33760 0
33770 0
33780 0
33790 0
33800 0
33810 0
33820 0
33830 0
33840 0
33850 0
33860 0
33870 0
33880 0
33890 0
33900 0
33910 0
33920 0
33930 0
33940 0
33950 0
33960 0
33970 0
33980 0
33990 0
34000 0
34010 0
34020 0
34030 0
34040 0
34050 0
34060 0
34070 0
34080 0
34090 0
34100 0
34110 0
34120 0
34130 0
34140 0
34150 0
34160 0
34170 0
34180 0
34190 0
34200 0
34210 0
34220 0
34230 0
34240 0
34250 0
34260 0
34270 0
34280 0
34290 0
34300 0
34310 0
34320 0
34330 0
34340 0
34350 0
34360 0
34370 0
34380 0
34390 0
34400 0
34410 0
34420 0
34430 0
34440 0
34450 0
34460 0
34470 0
34480 0
34490 0
34500 0
34510 0
34520 0
34530 0
34540 0
34550 0
34560 0
34570 0
34580 0
34590 0
34600 0
34610 0
34620 0
34630 0
34640 0
34650 0
34660 0
34670 0
34680 0
34690 0
34700 0
34710 0
34720 0
34730 0
34740 0
34750 0
34760 0
34770 0
34780 0
34790 0
34800 0
34810 0
34820 0
34830 0
34840 0
34850 0
34860 0
34870 0
34880 0
34890 0
34900 0
34910 0
34920 0
34930 0
34940 0
34950 0
34960 0
34970 0
34980 0
34990 0
35000 0
35010 0
35020 0
35030 0
35040 0
35050 0
35060 0
35070 0
35080 0
35090 0
35100 0
35110 0
35120 0
35130 0
35140 0
35150 0
35160 0
35170 0
35180 0
35190 0
35200 0
35210 0
35220 0
35230 0
35240 0
35250 0
35260 0
35270 0
35280 0
35290 0
35300 0
35310 0
35320 0
35330 0
35340 0
35350 0
35360 0
35370 0
35380 0
35390 0
35400 0
35410 0
35420 0
35430 0
35440 0
35450 0
35460 0
35470 0
35480 0
35490 0
35500 0
35510 0
35520 0
35530 0
35540 0
35550 0
35560 0
35570 0
35580 0
35590 0
35600 0
35610 0
35620 0
35630 0
35640 0
35650 0
35660 0
35670 0
35680 0
35690 0
35700 0
35710 0
35720 0
35730 0
35740 0
35750 0
35760 0
35770 0
35780 0
35790 0
35800 0
35810 0
35820 0
35830 0
35840 0
35850 0
35860 0
35870 0
35880 0
35890 0
35900 0
35910 0
35920 0
35930 0
35940 0
35950 0
35960 0
35970 0
35980 0
35990 0
36000 0
36010 0
36020 0
36030 0
36040 0
36050 0
36060 0
36070 0
36080 0
36090 0
36100 0
36110 0
36120 0
36130 0
36140 0
36150 0
36160 0
36170 0
36180 0
36190 0
36200 0
36210 0
36220 0
36230 0
36240 0
36250 0
36260 0
36270 0
36280 0
36290 0
36300 0
36310 0
36320 0
36330 0
36340 0
36350 0
36360 0
36370 0
36380 0
36390 0
36400 0
36410 0
36420 0
36430 0
36440 0
36450 0
36460 0
36470 0
36480 0
36490 0
36500 0
36510 0
36520 0
36530 0
36540 0
36550 0
36560 0
36570 0
36580 0
36590 0
36600 0
36610 0
36620 0
36630 0
36640 0
36650 0
36660 0
36670 0
36680 0
36690 0
36700 0
36710 0
36720 0
36730 0
36740 0
36750 0
36760 0
36770 0
36780 0
36790 0
36800 0
36810 0
36820 0
36830 0
36840 0
36850 0
36860 0
36870 0
36880 0
36890 0
36900 0
36910 0
36920 0
36930 0
36940 0
36950 0
36960 0
36970 0
36980 0
36990 0
37000 0
37010 0
37020 0
37030 0
37040 0
37050 0
37060 0
37070 0
37080 0
37090 0
37100 0
37110 0
37120 0
37130 0
37140 0
37150 0
37160 0
37170 0
37180 0
37190 0
37200 0
37210 0
37220 0
37230 0
37240 0
37250 0
37260 0
37270 0
37280 0
37290 0
37300 0
37310 0
37320 0
37330 0
37340 0
37350 0
37360 0
37370 0
37380 0
37390 0
37400 0
37410 0
37420 0
37430 0
37440 0
37450 0
37460 0
37470 0
37480 0
37490 0
37500 0
37510 0
37520 0
37530 0
37540 0
37550 0
37560 0
37570 0
37580 0
37590 0
37600 0
37610 0
37620 0
37630 0
37640 0
37650 0
37660 0
37670 0
37680 0
37690 0
37700 0
37710 0
37720 0
37730 0
37740 0
37750 0
37760 0
37770 0
37780 0
37790 0
37800 0
37810 0
37820 0
37830 0
37840 0
37850 0
37860 0
37870 0
37880 0
37890 0
37900 0
37910 0
37920 0
37930 0
37940 0
37950 0
37960 0
37970 0
37980 0
37990 0
38000 0
38010 0
38020 0
38030 0
38040 0
38050 0
38060 0
38070 0
38080 0
38090 0
38100 0
38110 0
38120 0
38130 0
38140 0
38150 0
38160 0
38170 0
38180 0
38190 0
38200 0
38210 0
38220 0
38230 0
38240 0
38250 0
38260 0
38270 0
38280 0
38290 0
38300 0
38310 0
38320 0
38330 0
38340 0
38350 0
38360 0
38370 0
38380 0
38390 0
38400 0
38410 0
38420 0
38430 0
38440 0
38450 0
38460 0
38470 0
38480 0
38490 0
38500 0
38510 0
38520 0
38530 0
38540 0
38550 0
38560 0
38570 0
38580 0
38590 0
38600 0
38610 0
38620 0
38630 0
38640 0
38650 0
38660 0
38670 0
38680 0
38690 0
38700 0
38710 0
38720 0
38730 0
38740 0
38750 0
38760 0
38770 0
38780 0
38790 0
38800 0
38810 0
38820 0
38830 0
38840 0
38850 0
38860 0
38870 0
38880 0
38890 0
38900 0
38910 0
38920 0
38930 0
38940 0
38950 0
38960 0
38970 0
38980 0
38990 0
39000 0
39010 0
39020 0
39030 0
39040 0
39050 0
39060 0
39070 0
39080 0
39090 0
39100 0
39110 0
39120 0
39130 0
39140 0
39150 0
39160 0
39170 0
39180 0
39190 0
39200 0
39210 0
39220 0
39230 0
39240 0
39250 0
39260 0
39270 0
39280 0
39290 0
39300 0
39310 0
39320 0
39330 0
39340 0
39350 0
39360 0
39370 0
39380 0
39390 0
39400 0
39410 0
39420 0
39430 0
39440 0
39450 0
39460 0
39470 0
39480 0
39490 0
39500 0
39510 0
39520 0
39530 0
39540 0
39550 0
39560 0
39570 0
39580 0
39590 0
39600 0
39610 0
39620 0
39630 0
39640 0
39650 0
39660 0
39670 0
39680 0
39690 0
39700 0
39710 0
39720 0
39730 0
39740 0
39750 0
39760 0
39770 0
39780 0
39790 0
39800 0
39810 0
39820 0
39830 0
39840 0
39850 0
39860 0
39870 0
39880 0
39890 0
39900 0
39910 0
39920 0
39930 0
39940 0
39950 0
39960 0
39970 0
39980 0
39990 0
40000 0
40010 0
40020 0
40030 0
40040 0
40050 0
40060 0
40070 0
40080 0
40090 0
40100 0
40110 0
40120 0
40130 0
40140 0
40150 0
40160 0
40170 0
40180 0
40190 0
40200 0
40210 0
40220 0
40230 0
40240 0
40250 0
40260 0
40270 0
40280 0
40290 0
40300 0
40310 0
40320 0
40330 0
40340 0
40350 0
40360 0
40370 0
40380 0
40390 0
40400 0
40410 0
40420 0
40430 0
40440 0
40450 0
40460 0
40470 0
40480 0
40490 0
40500 0
40510 0
40520 0
40530 0
40540 0
40550 0
40560 0
40570 0
40580 0
40590 0
40600 0
40610 0
40620 0
40630 0
40640 0
40650 0
40660 0
40670 0
40680 0
40690 0
40700 0
40710 0
40720 0
40730 0
40740 0
40750 0
40760 0
40770 0
40780 0
40790 0
40800 0
40810 0
40820 0
40830 0
40840 0
40850 0
40860 0
40870 0
40880 0
40890 0
40900 0
40910 0
40920 0
40930 0
40940 0
40950 0
40960 0
40970 0
40980 0
40990 0
41000 0
41010 0
41020 0
41030 0
41040 0
41050 0
41060 0
41070 0
41080 0
41090 0
41100 0
41110 0
41120 0
41130 0
41140 0
41150 0
41160 0
41170 0
41180 0
41190 0
41200 0
41210 0
41220 0
41230 0
41240 0
41250 0
41260 0
41270 0
41280 0
41290 0
41300 0
41310 0
41320 0
41330 0
41340 0
41350 0
41360 0
41370 0
41380 0
41390 0
41400 0
41410 0
41420 0
41430 0
41440 0
41450 0
41460 0
41470 0
41480 0
41490 0
41500 0
41510 0
41520 0
41530 0
41540 0
41550 0
41560 0
41570 0
41580 0
41590 0
41600 0
41610 0
41620 0
41630 0
41640 0
41650 0
41660 0
41670 0
41680 0
41690 0
41700 0
41710 0
41720 0
41730 0
41740 0
41750 0
41760 0
41770 0
41780 0
41790 0
41800 0
41810 0
41820 0
41830 0
41840 0
41850 0
41860 0
41870 0
41880 0
41890 0
41900 0
41910 0
41920 0
41930 0
41940 0
41950 0
41960 0
41970 0
41980 0
41990 0
42000 0
42010 0
42020 0
42030 0
42040 0
42050 0
42060 0
42070 0
42080 0
42090 0
42100 0
42110 0
42120 0
42130 0
42140 0
42150 0
42160 0
42170 0
42180 0
42190 0
42200 0
42210 0
42220 0
42230 0
42240 0
42250 0
42260 0
42270 0
42280 0
42290 0
42300 0
42310 0
42320 0
42330 0
42340 0
42350 0
42360 0
42370 0
42380 0
42390 0
42400 0
42410 0
42420 0
42430 0
42440 0
42450 0
42460 0
42470 0
42480 0
42490 0
42500 0
42510 0
42520 0
42530 0
42540 0
42550 0
42560 0
42570 0
42580 0
42590 0
42600 0
42610 0
42620 0
42630 0
42640 0
42650 0
42660 0
42670 0
42680 0
42690 0
42700 0
42710 0
42720 0
42730 0
42740 0
42750 0
42760 0
42770 0
42780 0
42790 0
42800 0
42810 0
42820 0
42830 0
42840 0
42850 0
42860 0
42870 0
42880 0
42890 0
42900 0
42910 0
42920 0
42930 0
42940 0
42950 0
42960 0
42970 0
42980 0
42990 0
43000 0
43010 0
43020 0
43030 0
43040 0
43050 0
43060 0
43070 0
43080 0
43090 0
43100 0
43110 0
43120 0
43130 0
43140 0
43150 0
43160 0
43170 0
43180 0
43190 0
43200 0
43210 0
43220 0
43230 0
43240 0
43250 0
43260 0
43270 0
43280 0
43290 0
43300 0
43310 0
43320 0
43330 0
43340 0
43350 0
43360 0
43370 0
43380 0
43390 0
43400 0
43410 0
43420 0
43430 0
43440 0
43450 0
43460 0
43470 0
43480 0
43490 0
43500 0
43510 0
43520 0
43530 0
43540 0
43550 0
43560 0
43570 0
43580 0
43590 0
43600 0
43610 0
43620 0
43630 0
43640 0
43650 0
43660 0
43670 0
43680 0
43690 0
43700 0
43710 0
43720 0
43730 0
43740 0
43750 0
43760 0
43770 0
43780 0
43790 0
43800 0
43810 0
43820 0
43830 0
43840 0
43850 0
43860 0
43870 0
43880 0
43890 0
43900 0
43910 0
43920 0
43930 0
43940 0
43950 0
43960 0
43970 0
43980 0
43990 0
44000 0
44010 0
44020 0
44030 0
44040 0
44050 0
44060 0
44070 0
44080 0
44090 0
44100 0
44110 0
44120 0
44130 0
44140 0
44150 0
44160 0
44170 0
44180 0
44190 0
44200 0
44210 0
44220 0
44230 0
44240 0
44250 0
44260 0
44270 0
44280 0
44290 0
44300 0
44310 0
44320 0
44330 0
44340 0
44350 0
44360 0
44370 0
44380 0
44390 0
44400 0
44410 0
44420 0
44430 0
44440 0
44450 0
44460 0
44470 0
44480 0
44490 0
44500 0
44510 0
44520 0
44530 0
44540 0
44550 0
44560 0
44570 0
44580 0
44590 0
44600 0
44610 0
44620 0
44630 0
44640 0
44650 0
44660 0
44670 0
44680 0
44690 0
44700 0
44710 0
44720 0
44730 0
44740 0
44750 0
44760 0
44770 0
44780 0
44790 0
44800 0
44810 0
44820 0
44830 0
44840 0
44850 0
44860 0
44870 0
44880 0
44890 0
44900 0
44910 0
44920 0
44930 0
44940 0
44950 0
44960 0
44970 0
44980 0
44990 0
45000 0
45010 0
45020 0
45030 0
45040 0
45050 0
45060 0
45070 0
45080 0
45090 0
45100 0
45110 0
45120 0
45130 0
45140 0
45150 0
45160 0
45170 0
45180 0
45190 0
45200 0
45210 0
45220 0
45230 0
45240 0
45250 0
45260 0
45270 0
45280 0
45290 0
45300 0
45310 0
45320 0
45330 0
45340 0
45350 0
45360 0
45370 0
45380 0
45390 0
45400 0
45410 0
45420 0
45430 0
45440 0
45450 0
45460 0
45470 0
45480 0
45490 0
45500 0
45510 0
45520 0
45530 0
45540 0
45550 0
45560 0
45570 0
45580 0
45590 0
45600 0
45610 0
45620 0
45630 0
45640 0
45650 0
45660 0
45670 0
45680 0
45690 0
45700 0
45710 0
45720 0
45730 0
45740 0
45750 0
45760 0
45770 0
45780 0
45790 0
45800 0
45810 0
45820 0
45830 0
45840 0
45850 0
45860 0
45870 0
45880 0
45890 0
45900 0
45910 0
45920 0
45930 0
45940 0
45950 0
45960 0
45970 0
45980 0
45990 0
46000 0
46010 0
46020 0
46030 0
46040 0
46050 0
46060 0
46070 0
46080 0
46090 0
46100 0
46110 0
46120 0
46130 0
46140 0
46150 0
46160 0
46170 0
46180 0
46190 0
46200 0
46210 0
46220 0
46230 0
46240 0
46250 0
46260 0
46270 0
46280 0
46290 0
46300 0
46310 0
46320 0
46330 0
46340 0
46350 0
46360 0
46370 0
46380 0
46390 0
46400 0
46410 0
46420 0
46430 0
46440 0
46450 0
46460 0
46470 0
46480 0
46490 0
46500 0
46510 0
46520 0
46530 0
46540 0
46550 0
46560 0
46570 0
46580 0
46590 0
46600 0
46610 0
46620 0
46630 0
46640 0
46650 0
46660 0
46670 0
46680 0
46690 0
46700 0
46710 0
46720 0
46730 0
46740 0
46750 0
46760 0
46770 0
46780 0
46790 0
46800 0
46810 0
46820 0
46830 0
46840 0
46850 0
46860 0
46870 0
46880 0
46890 0
46900 0
46910 0
46920 0
46930 0
46940 0
46950 0
46960 0
46970 0
46980 0
46990 0
47000 0
47010 0
47020 0
47030 0
47040 0
47050 0
47060 0
47070 0
47080 0
47090 0
47100 0
47110 0
47120 0
47130 0
47140 0
47150 0
47160 0
47170 0
47180 0
47190 0
47200 0
47210 0
47220 0
47230 0
47240 0
47250 0
47260 0
47270 0
47280 0
47290 0
47300 0
47310 0
47320 0
47330 0
47340 0
47350 0
47360 0
47370 0
47380 0
47390 0
47400 0
47410 0
47420 0
47430 0
47440 0
47450 0
47460 0
47470 0
47480 0
47490 0
47500 0
47510 0
47520 0
47530 0
47540 0
47550 0
47560 0
47570 0
47580 0
47590 0
47600 0
47610 0
47620 0
47630 0
47640 0
47650 0
47660 0
47670 0
47680 0
47690 0
47700 0
47710 0
47720 0
47730 0
47740 0
47750 0
47760 0
47770 0
47780 0
47790 0
47800 0
47810 0
47820 0
47830 0
47840 0
47850 0
47860 0
47870 0
47880 0
47890 0
47900 0
47910 0
47920 0
47930 0
47940 0
47950 0
47960 0
47970 0
47980 0
47990 0
48000 0
48010 0
48020 0
48030 0
48040 0
48050 0
48060 0
48070 0
48080 0
48090 0
48100 0
48110 0
48120 0
48130 0
48140 0
48150 0
48160 0
48170 0
48180 0
48190 0
48200 0
48210 0
48220 0
48230 0
48240 0
48250 0
48260 0
48270 0
48280 0
48290 0
48300 0
48310 0
48320 0
48330 0
48340 0
48350 0
48360 0
48370 0
48380 0
48390 0
48400 0
48410 0
48420 0
48430 0
48440 0
48450 0
48460 0
48470 0
48480 0
48490 0
48500 0
48510 0
48520 0
48530 0
48540 0
48550 0
48560 0
48570 0
48580 0
48590 0
48600 0
48610 0
48620 0
48630 0
48640 0
48650 0
48660 0
48670 0
48680 0
48690 0
48700 0
48710 0
48720 0
48730 0
48740 0
48750 0
48760 0
48770 0
48780 0
48790 0
48800 0
48810 0
48820 0
48830 0
48840 0
48850 0
48860 0
48870 0
48880 0
48890 0
48900 0
48910 0
48920 0
48930 0
48940 0
48950 0
48960 0
48970 0
48980 0
48990 0
49000 0
49010 0
49020 0
49030 0
49040 0
49050 0
49060 0
49070 0
49080 0
49090 0
49100 0
49110 0
49120 0
49130 0
49140 0
49150 0
49160 0
49170 0
49180 0
49190 0
49200 0
49210 0
49220 0
49230 0
49240 0
49250 0
49260 0
49270 0
49280 0
49290 0
49300 0
49310 0
49320 0
49330 0
49340 0
49350 0
49360 0
49370 0
49380 0
49390 0
49400 0
49410 0
49420 0
49430 0
49440 0
49450 0
49460 0
49470 0
49480 0
49490 0
49500 0
49510 0
49520 0
49530 0
49540 0
49550 0
49560 0
49570 0
49580 0
49590 0
49600 0
49610 0
49620 0
49630 0
49640 0
49650 0
49660 0
49670 0
49680 0
49690 0
49700 0
49710 0
49720 0
49730 0
49740 0
49750 0
49760 0
49770 0
49780 0
49790 0
49800 0
49810 0
49820 0
49830 0
49840 0
49850 0
49860 0
49870 0
49880 0
49890 0
49900 0
49910 0
49920 0
49930 0
49940 0
49950 0
49960 0
49970 0
49980 0
49990 0
50000 0
50010 0
50020 0
50030 0
50040 0
50050 0
50060 0
50070 0
50080 0
50090 0
50100 0
50110 0
50120 0
50130 0
50140 0
50150 0
50160 0
50170 0
50180 0
50190 0
50200 0
50210 0
50220 0
50230 0
50240 0
50250 0
50260 0
50270 0
50280 0
50290 0
50300 0
50310 0
50320 0
50330 0
50340 0
50350 0
50360 0
50370 0
50380 0
50390 0
50400 0
50410 0
50420 0
50430 0
50440 0
50450 0
50460 0
50470 0
50480 0
50490 0
50500 0
50510 0
50520 0
50530 0
50540 0
50550 0
50560 0
50570 0
50580 0
50590 0
50600 0
50610 0
50620 0
50630 0
50640 0
50650 0
50660 0
50670 0
50680 0
50690 0
50700 0
50710 0
50720 0
50730 0
50740 0
50750 0
50760 0
50770 0
50780 0
50790 0
50800 0
50810 0
50820 0
50830 0
50840 0
50850 0
50860 0
50870 0
50880 0
50890 0
50900 0
50910 0
50920 0
50930 0
50940 17
50950 13
50960 0
50970 0
50980 0
50990 0
51000 20
51010 0
51020 0
51030 0
51040 0
51050 0
51060 0
51070 0
51080 0
51090 0
51100 0
51110 0
51120 0
51130 0
51140 0
51150 0
51160 13
51170 17
51180 0
51190 0
51200 0
51210 15
51220 0
51230 0
51240 0
51250 0
51260 15
51270 0
51280 0
51290 0
51300 0
51310 15
51320 22
51330 20
51340 0
51350 0
51360 10
51370 18
51380 24
51390 0
51400 0
51410 0
51420 0
51430 0
51440 17
51450 21
51460 23
51470 0
51480 13
51490 0
51500 0
51510 0
51520 0
51530 0
51540 0
51550 0
51560 0
51570 0
51580 0
51590 23
51600 20
51610 20
51620 21
51630 17
51640 18
51650 17
51660 17
51670 22
51680 22
51690 25
51700 21
51710 20
51720 18
51730 17
51740 18
51750 0
51760 14
51770 22
51780 25
51790 16
51800 20
51810 0
51820 19
51830 0
51840 22
51850 0
51860 0
51870 0
51880 0
51890 0
51900 0
51910 0
51920 0
51930 24
51940 17
51950 22
51960 14
51970 0
51980 20
51990 16
52000 21
52010 24
52020 16
52030 0
52040 0
52050 0
52060 0
52070 0
52080 0
52090 0
52100 0
52110 0
52120 0
52130 0
52140 0
52150 0
52160 0
52170 0
52180 0
52190 0
52200 0
52210 0
52220 0
52230 0
52240 0
52250 0
52260 0
52270 0
52280 0
52290 0
52300 0
52310 0
52320 0
52330 0
52340 0
52350 0
52360 0
52370 0
52380 0
52390 0
52400 0
52410 0
52420 0
52430 0
52440 0
52450 0
52460 0
52470 0
52480 0
52490 0
52500 0
52510 0
52520 0
52530 0
52540 0
52550 0
52560 0
52570 0
52580 0
52590 0
52600 0
52610 0
52620 0
52630 0
52640 0
52650 0
52660 0
52670 0
52680 0
52690 0
52700 0
52710 0
52720 0
52730 0
52740 0
52750 0
52760 0
52770 0
52780 0
52790 0
52800 0
52810 0
52820 0
52830 0
52840 0
52850 0
52860 0
52870 0
52880 0
52890 0
52900 0
52910 0
52920 0
52930 0
52940 0
52950 0
52960 0
52970 0
52980 0
52990 0
53000 0
53010 0
53020 0
53030 0
53040 0
53050 0
53060 0
53070 0
53080 0
53090 20
53100 12
53110 0
53120 23
53130 23
53140 0
53150 0
53160 0
53170 0
53180 0
53190 0
53200 0
53210 0
53220 0
53230 0
53240 0
53250 22
53260 19
53270 24
53280 32
53290 27
53300 23
53310 27
53320 17
53330 21
53340 25
53350 25
53360 15
53370 22
53380 21
53390 15
53400 18
53410 21
53420 18
53430 17
53440 25
53450 23
53460 26
53470 23
53480 21
53490 22
53500 27
53510 28
53520 32
53530 24
53540 21
53550 25
53560 17
53570 32
53580 15
53590 16
53600 13
53610 42
53620 28
53630 25
53640 23
53650 24
53660 21
53670 20
53680 20
53690 19
53700 27
53710 26
53720 31
53730 20
53740 18
53750 26
53760 29
53770 28
53780 31
53790 33
53800 35
53810 23
53820 32
53830 36
53840 27
53850 24
53860 35
53870 32
53880 31
53890 33
53900 27
53910 29
53920 27
53930 26
53940 22
53950 0
53960 0
53970 0
53980 17
53990 25
54000 14
54010 23
54020 11
54030 22
54040 16
54050 19
54060 27
54070 22
54080 15
54090 24
54100 20
54110 20
54120 24
54130 17
54140 31
54150 22
54160 29
54170 27
54180 23
54190 20
54200 23
54210 14
54220 20
54230 18
54240 21
54250 16
54260 19
54270 15
54280 23
54290 19
54300 13
54310 24
54320 26
54330 32
54340 27
54350 23
54360 23
54370 12
54380 29
54390 28
54400 25
54410 34
54420 28
54430 14
54440 23
54450 26
54460 20
54470 18
54480 17
54490 21
54500 20
54510 27
54520 20
54530 24
54540 17
54550 17
54560 20
54570 20
54580 13
54590 18
54600 13
54610 8
54620 15
54630 11
54640 20
54650 17
54660 18
54670 22
54680 24
54690 18
54700 20
54710 17
54720 24
54730 19
54740 23
54750 19
54760 20
54770 17
54780 17
54790 15
54800 19
54810 21
54820 15
54830 16
54840 16
54850 16
54860 17
54870 21
54880 15
54890 19
54900 16
54910 19
54920 26
54930 15
54940 19
54950 15
54960 20
54970 15
54980 13
54990 16
55000 15
55010 19
55020 21
55030 19
55040 19
55050 25
55060 21
55070 20
55080 17
55090 21
55100 13
55110 15
55120 18
55130 18
55140 21
55150 27
55160 15
55170 15
55180 22
55190 20
55200 17
55210 13
55220 18
55230 13
55240 17
55250 21
55260 20
55270 9
55280 23
55290 13
55300 18
55310 18
55320 19
55330 18
55340 16
55350 23
55360 21
55370 23
55380 20
55390 22
55400 16
55410 16
55420 26
55430 22
55440 19
55450 16
55460 18
55470 19
55480 16
55490 22
55500 20
55510 17
55520 14
55530 23
55540 23
55550 18
55560 19
55570 21
55580 26
55590 14
55600 23
55610 16
55620 19
55630 22
55640 18
55650 22
55660 17
55670 18
55680 13
55690 16
55700 16
55710 22
55720 23
55730 17
55740 23
55750 21
55760 21
55770 16
55780 19
55790 16
55800 20
55810 20
55820 13
55830 18
55840 20
55850 19
55860 15
55870 15
55880 13
55890 17
55900 20
55910 18
55920 15
55930 12
55940 20
55950 15
55960 17
55970 17
55980 13
55990 18
56000 17
56010 17
56020 23
56030 19
56040 19
56050 18
56060 16
56070 16
56080 15
56090 19
56100 16
56110 22
56120 21
56130 14
56140 21
56150 17
56160 17
56170 23
56180 18
56190 20
56200 16
56210 21
56220 14
56230 18
56240 19
56250 22
56260 22
56270 19
56280 17
56290 14
56300 22
56310 21
56320 23
56330 19
56340 18
56350 23
56360 14
56370 17
56380 21
56390 16
56400 18
56410 23
56420 12
56430 15
56440 23
56450 21
56460 18
56470 19
56480 16
56490 15
56500 26
56510 18
56520 24
56530 16
56540 15
56550 19
56560 16
56570 22
56580 18
56590 22
56600 14
56610 21
56620 21
56630 16
56640 13
56650 19
56660 20
56670 17
56680 15
56690 29
56700 21
56710 22
56720 20
56730 26
56740 24
56750 22
56760 26
56770 22
56780 21
56790 22
56800 23
56810 25
56820 19
56830 19
56840 23
56850 14
56860 19
56870 19
56880 15
56890 16
56900 20
56910 17
56920 13
56930 16
56940 19
56950 19
56960 20
56970 21
56980 21
56990 19
57000 21
57010 22
57020 18
57030 19
57040 14
57050 21
57060 19
57070 16
57080 17
57090 17
57100 20
57110 21
57120 21
57130 19
57140 16
57150 11
57160 16
57170 17
57180 16
57190 23
57200 19
57210 17
57220 24
57230 17
57240 19
57250 16
57260 17
57270 15
57280 19
57290 16
57300 14
57310 17
57320 18
57330 14
57340 15
57350 17
57360 19
57370 19
57380 19
57390 24
57400 14
57410 26
57420 20
57430 17
57440 23
57450 20
57460 19
57470 19
57480 20
57490 20
57500 13
57510 19
57520 17
57530 17
57540 15
57550 18
57560 16
57570 16
57580 18
57590 20
57600 17
57610 18
57620 23
57630 20
57640 13
57650 15
57660 22
57670 20
57680 19
57690 25
57700 19
57710 19
57720 23
57730 22
57740 14
57750 19
57760 16
57770 18
57780 19
57790 25
57800 18
57810 20
57820 18
57830 17
57840 19
57850 17
57860 26
57870 15
57880 20
57890 19
57900 22
57910 19
57920 19
57930 30
57940 26
57950 18
57960 23
57970 14
57980 26
57990 23
58000 18
58010 19
58020 20
58030 27
58040 18
58050 22
58060 14
58070 20
58080 18
58090 18
58100 12
58110 18
58120 19
58130 24
58140 18
58150 22
58160 17
58170 16
58180 19
58190 21
58200 17
58210 20
58220 16
58230 24
58240 15
58250 26
58260 18
58270 17
58280 21
58290 20
58300 16
58310 16
58320 17
58330 20
58340 21
58350 16
58360 28
58370 24
58380 19
58390 19
58400 25
58410 26
58420 24
58430 13
58440 24
58450 23
58460 26
58470 23
58480 18
58490 16
58500 19
58510 19
58520 20
58530 27
58540 14
58550 25
58560 17
58570 19
58580 14
58590 30
58600 17
58610 17
58620 19
58630 29
58640 28
58650 25
58660 22
58670 21
58680 17
58690 21
58700 21
58710 23
58720 24
58730 24
58740 14
58750 24
58760 18
58770 25
58780 22
58790 14
58800 19
58810 14
58820 16
58830 17
58840 16
58850 17
58860 17
58870 19
58880 17
58890 15
58900 22
58910 19
58920 20
58930 24
58940 18
58950 21
58960 24
58970 13
58980 24
58990 24
59000 11
59010 16
59020 19
59030 21
59040 11
59050 14
59060 18
59070 20
59080 14
59090 17
59100 20
59110 21
59120 19
59130 23
59140 21
59150 19
59160 21
59170 20
59180 19
59190 18
59200 20
59210 14
59220 27
59230 17
59240 16
59250 24
59260 21
59270 16
59280 18
59290 19
59300 16
59310 13
59320 18
59330 18
59340 17
59350 16
59360 20
59370 28
59380 14
59390 17
59400 22
59410 24
59420 19
59430 20
59440 25
59450 21
59460 15
59470 18
59480 12
59490 16
59500 12
59510 20
59520 11
59530 20
59540 15
59550 17
59560 15
59570 18
59580 16
59590 15
59600 21
59610 21
59620 17
59630 19
59640 23
59650 16
59660 20
59670 18
59680 15
59690 24
59700 17
59710 22
59720 20
59730 19
59740 13
59750 13
59760 17
59770 16
59780 18
59790 23
59800 16
59810 20
59820 24
59830 27
59840 22
59850 26
59860 23
59870 19
59880 22
59890 25
59900 23
59910 19
59920 21
59930 13
59940 18
59950 24
59960 29
59970 21
59980 18
59990 18
60000 19
60010 19
60020 15
60030 21
60040 18
60050 28
60060 15
60070 21
60080 12
60090 21
60100 17
60110 19
60120 17
60130 21
60140 18
60150 21
60160 17
60170 27
60180 15
60190 23
60200 21
60210 19
60220 18
60230 18
60240 11
60250 11
60260 16
60270 18
60280 8
60290 14
60300 16
60310 21
60320 17
60330 13
60340 15
60350 19
60360 15
60370 27
60380 27
60390 28
60400 23
60410 29
60420 18
60430 25
60440 30
60450 25
60460 23
60470 22
60480 20
60490 18
60500 29
60510 18
60520 17
60530 30
60540 30
60550 23
60560 22
60570 20
60580 15
60590 25
60600 16
60610 18
60620 20
60630 21
60640 14
60650 23
60660 18
60670 17
60680 17
60690 17
60700 15
60710 15
60720 17
60730 13
60740 17
60750 19
60760 20
60770 29
60780 26
60790 25
60800 22
60810 16
60820 14
60830 17
60840 15
60850 23
60860 19
60870 15
60880 14
60890 19
60900 13
60910 18
60920 17
60930 16
60940 20
60950 21
60960 25
60970 21
60980 24
60990 23
61000 19
61010 20
61020 19
61030 24
61040 26
61050 17
61060 20
61070 19
61080 17
61090 18
61100 17
61110 16
61120 15
61130 18
61140 28
61150 26
61160 20
61170 18
61180 24
61190 16
61200 17
61210 12
61220 18
61230 22
61240 22
61250 19
61260 17
61270 17
61280 23
61290 14
61300 18
61310 16
61320 21
61330 15
61340 21
61350 22
61360 14
61370 20
61380 20
61390 18
61400 15
61410 14
61420 11
61430 16
61440 19
61450 16
61460 17
61470 12
61480 17
61490 13
61500 18
61510 20
61520 24
61530 21
61540 22
61550 11
61560 14
61570 14
61580 15
61590 23
61600 15
61610 24
61620 11
61630 11
61640 15
61650 15
61660 12
61670 8
61680 14
61690 12
61700 17
61710 17
61720 16
61730 10
61740 10
61750 11
61760 13
61770 12
61780 16
61790 20
61800 15
61810 15
61820 14
61830 11
61840 17
61850 10
61860 10
61870 9
61880 17
61890 10
61900 16
61910 20
61920 16
61930 10
61940 15
61950 18
61960 12
61970 12
61980 16
61990 20
62000 21
62010 21
62020 18
62030 10
62040 16
62050 16
62060 21
62070 15
62080 19
62090 22
62100 15
62110 18
62120 17
62130 21
62140 11
62150 28
62160 20
62170 23
62180 24
62190 23
62200 15
62210 16
62220 18
62230 19
62240 18
62250 15
62260 21
62270 19
62280 21
62290 23
62300 24
62310 16
62320 17
62330 11
62340 18
62350 21
62360 18
62370 18
62380 25
62390 21
62400 23
62410 27
62420 20
62430 22
62440 17
62450 16
62460 18
62470 14
62480 22
62490 17
62500 17
62510 17
62520 17
62530 21
62540 18
62550 20
62560 20
62570 23
62580 22
62590 15
62600 16
62610 19
62620 19
62630 22
62640 20
62650 19
62660 19
62670 16
62680 23
62690 18
62700 23
62710 16
62720 20
62730 21
62740 26
62750 23
62760 17
62770 27
62780 23
62790 20
62800 16
62810 19
62820 11
62830 25
62840 18
62850 16
62860 21
62870 17
62880 24
62890 16
62900 16
62910 19
62920 21
62930 21
62940 19
62950 18
62960 23
62970 14
62980 19
62990 18
63000 16
63010 18
63020 23
63030 21
63040 23
63050 16
63060 24
63070 12
63080 16
63090 18
63100 19
63110 24
63120 15
63130 14
63140 28
63150 20
63160 28
63170 22
63180 26
63190 21
63200 25
63210 17
63220 15
63230 14
63240 26
63250 12
63260 25
63270 20
63280 19
63290 23
63300 19
63310 18
63320 17
63330 25
63340 23
63350 16
63360 24
63370 19
63380 26
63390 13
63400 24
63410 22
63420 18
63430 19
63440 19
63450 27
63460 21
63470 21
63480 13
63490 18
63500 18
63510 18
63520 22
63530 25
63540 26
63550 23
63560 27
63570 27
63580 19
63590 20
63600 17
63610 22
63620 13
63630 21
63640 17
63650 21
63660 20
63670 22
63680 19
63690 18
63700 23
63710 22
63720 20
63730 12
63740 21
63750 15
63760 18
63770 20
63780 16
63790 17
63800 22
63810 19
63820 19
63830 18
63840 16
63850 19
63860 17
63870 17
63880 23
63890 25
63900 21
63910 16
63920 17
63930 17
63940 20
63950 16
63960 18
63970 11
63980 17
63990 20
64000 19
64010 13
64020 18
64030 16
64040 16
64050 14
64060 18
64070 20
64080 20
64090 15
64100 18
64110 18
64120 18
64130 22
64140 17
64150 15
64160 15
64170 16
64180 19
64190 17
64200 19
64210 16
64220 19
64230 14
64240 19
64250 16
64260 16
64270 18
64280 17
64290 19
64300 16
64310 14
64320 22
64330 19
64340 21
64350 25
64360 19
64370 21
64380 17
64390 21
64400 19
64410 17
64420 23
64430 25
64440 14
64450 27
64460 17
64470 21
64480 20
64490 19
64500 23
64510 17
64520 25
64530 19
64540 20
64550 22
64560 26
64570 21
64580 21
64590 18
64600 16
64610 17
64620 18
64630 19
64640 19
64650 21
64660 21
64670 16
64680 14
64690 16
64700 17
64710 19
64720 19
64730 16
64740 20
64750 18
64760 15
64770 23
64780 27
64790 12
64800 11
64810 18
64820 19
64830 17
64840 17
64850 16
64860 15
64870 13
64880 15
64890 14
64900 18
64910 20
64920 17
64930 18
64940 21
64950 19
64960 14
64970 13
64980 16
64990 23
65000 20
65010 19
65020 17
65030 18
65040 20
65050 21
65060 10
65070 16
65080 19
65090 15
65100 21
65110 15
65120 15
65130 18
65140 18
65150 23
65160 19
65170 23
65180 10
65190 17
65200 22
65210 23
65220 18
65230 15
65240 18
65250 24
65260 24
65270 18
65280 12
65290 18
65300 19
65310 16
65320 24
65330 17
65340 17
65350 13
65360 18
65370 16
65380 15
65390 23
65400 22
65410 21
65420 17
65430 21
65440 23
65450 18
65460 19
65470 18
65480 20
65490 18
65500 20
65510 18
65520 19
65530 17
65540 17
65550 24
65560 19
65570 23
65580 18
65590 20
65600 15
65610 22
65620 14
65630 25
65640 18
65650 23
65660 16
65670 19
65680 17
65690 19
65700 13
65710 12
65720 20
65730 16
65740 13
65750 18
65760 16
65770 17
65780 18
65790 18
65800 18
65810 23
65820 36
65830 21
65840 21
65850 22
65860 30
65870 21
65880 16
65890 23
65900 23
65910 25
65920 16
65930 27
65940 17
65950 15
65960 25
65970 17
65980 12
65990 18
66000 19
66010 14
66020 15
66030 24
66040 17
66050 14
66060 21
66070 18
66080 25
66090 21
66100 11
66110 19
66120 19
66130 17
66140 17
66150 13
66160 18
66170 14
66180 14
66190 21
66200 20
66210 24
66220 27
66230 21
66240 26
66250 22
66260 29
66270 29
66280 25
66290 25
66300 20
66310 23
66320 30
66330 26
66340 27
66350 25
66360 26
66370 20
66380 14
66390 18
66400 21
66410 24
66420 17
66430 22
66440 23
66450 15
66460 21
66470 15
66480 11
66490 21
66500 18
66510 23
66520 19
66530 33
66540 27
66550 21
66560 16
66570 22
66580 21
66590 23
66600 21
66610 21
66620 17
66630 21
66640 23
66650 21
66660 28
66670 26
66680 26
66690 18
66700 18
66710 19
66720 21
66730 21
66740 22
66750 26
66760 18
66770 20
66780 28
66790 17
66800 30
66810 20
66820 22
66830 17
66840 22
66850 15
66860 22
66870 20
66880 12
66890 15
66900 16
66910 22
66920 12
66930 25
66940 16
66950 24
66960 25
66970 22
66980 13
66990 22
67000 20
67010 20
67020 18
67030 18
67040 19
67050 19
67060 25
67070 20
67080 21
67090 21
67100 22
67110 24
67120 21
67130 22
67140 21
67150 32
67160 21
67170 31
67180 24
67190 28
67200 18
67210 23
67220 24
67230 36
67240 23
67250 21
67260 21
67270 28
67280 24
67290 20
67300 21
67310 22
67320 14
67330 13
67340 15
67350 20
67360 15
67370 28
67380 8
67390 19
67400 21
67410 18
67420 8
67430 12
67440 19
67450 17
67460 22
67470 21
67480 19
67490 19
67500 17
67510 18
67520 21
67530 15
67540 19
67550 24
67560 14
67570 14
67580 14
67590 21
67600 24
67610 16
67620 20
67630 21
67640 16
67650 18
67660 18
67670 22
67680 17
67690 25
67700 17
67710 23
67720 21
67730 17
67740 13
67750 18
67760 19
67770 23
67780 18
67790 18
67800 18
67810 14
67820 19
67830 16
67840 19
67850 17
67860 21
67870 20
67880 21
67890 18
67900 15
67910 22
67920 20
67930 20
67940 21
67950 24
67960 20
67970 26
67980 20
67990 21
68000 16
68010 24
68020 20
68030 22
68040 12
68050 13
68060 26
68070 17
68080 19
68090 18
68100 23
68110 15
68120 16
68130 16
68140 17
68150 16
68160 15
68170 17
68180 15
68190 17
68200 15
68210 16
68220 16
68230 15
68240 15
68250 32
68260 22
68270 23
68280 13
68290 18
68300 17
68310 22
68320 19
68330 16
68340 18
68350 19
68360 18
68370 8
68380 12
68390 21
68400 17
68410 22
68420 17
68430 11
68440 17
68450 16
68460 16
68470 14
68480 20
68490 14
68500 18
68510 15
68520 16
68530 15
68540 12
68550 11
68560 17
68570 18
68580 14
68590 18
68600 17
68610 19
68620 19
68630 17
68640 15
68650 12
68660 18
68670 23
68680 17
68690 11
68700 18
68710 20
68720 21
68730 28
68740 14
68750 13
68760 14
68770 15
68780 15
68790 18
68800 19
68810 20
68820 18
68830 20
68840 14
68850 19
68860 14
68870 18
68880 16
68890 21
68900 21
68910 18
68920 19
68930 17
68940 21
68950 21
68960 19
68970 21
68980 23
68990 18
69000 19
69010 11
69020 23
69030 25
69040 19
69050 26
69060 17
69070 16
69080 16
69090 23
69100 15
69110 15
69120 20
69130 20
69140 19
69150 18
69160 21
69170 18
69180 19
69190 21
69200 16
69210 18
69220 21
69230 13
69240 21
69250 16
69260 19
69270 20
69280 16
69290 18
69300 20
69310 11
69320 15
69330 19
69340 14
69350 24
69360 20
69370 22
69380 16
69390 21
69400 15
69410 20
69420 19
69430 19
69440 26
69450 19
69460 19
69470 17
69480 20
69490 20
69500 16
69510 22
69520 20
69530 17
69540 23
69550 19
69560 19
69570 21
69580 15
69590 20
69600 23
69610 23
69620 17
69630 23
69640 22
69650 17
69660 16
69670 21
69680 15
69690 18
69700 18
69710 16
69720 24
69730 22
69740 12
69750 22
69760 16
69770 23
69780 18
69790 18
69800 20
69810 18
69820 22
69830 24
69840 12
69850 23
69860 23
69870 18
69880 18
69890 21
69900 18
69910 15
69920 18
69930 18
69940 18
69950 22
69960 19
69970 19
69980 24
69990 18
70000 22
70010 15
70020 17
70030 20
70040 17
70050 15
70060 15
70070 14
70080 18
70090 15
70100 25
70110 20
70120 17
70130 20
70140 12
70150 18
70160 16
70170 16
70180 19
70190 23
70200 15
70210 20
70220 20
70230 23
70240 19
70250 15
70260 17
70270 16
70280 20
70290 25
70300 16
70310 18
70320 18
70330 19
70340 17
70350 16
70360 16
70370 14
70380 25
70390 23
70400 16
70410 19
70420 19
70430 12
70440 16
70450 17
70460 16
70470 19
70480 21
70490 19
70500 20
70510 27
70520 24
70530 32
70540 26
70550 20
70560 15
70570 10
70580 15
70590 17
70600 19
70610 20
70620 26
70630 21
70640 20
70650 14
70660 17
70670 14
70680 16
70690 19
70700 17
70710 14
70720 17
70730 20
70740 20
70750 17
70760 15
70770 16
70780 14
70790 19
70800 19
70810 24
70820 19
70830 12
70840 18
70850 13
70860 25
70870 22
70880 28
70890 22
70900 29
70910 20
70920 26
70930 36
70940 29
70950 29
70960 26
70970 29
70980 20
70990 19
71000 22
71010 25
71020 22
71030 17
71040 18
71050 19
71060 28
71070 21
71080 27
71090 21
71100 21
71110 20
71120 27
71130 15
71140 19
71150 18
71160 19
71170 16
71180 23
71190 21
71200 18
71210 16
71220 20
71230 18
71240 14
71250 20
71260 17
71270 23
71280 26
71290 13
71300 11
71310 25
71320 22
71330 20
71340 17
71350 15
71360 19
71370 17
71380 25
71390 26
71400 29
71410 26
71420 18
71430 21
71440 20
71450 19
71460 29
71470 29
71480 18
71490 17
71500 20
71510 11
71520 16
71530 18
71540 17
71550 20
71560 18
71570 18
71580 27
71590 28
71600 21
71610 31
71620 32
71630 14
71640 18
71650 18
71660 23
71670 19
71680 20
71690 21
71700 19
71710 16
71720 21
71730 25
71740 15
71750 19
71760 16
71770 24
71780 20
71790 19
71800 24
71810 21
71820 19
71830 15
71840 15
71850 19
71860 19
71870 17
71880 18
71890 22
71900 18
71910 19
71920 12
71930 15
71940 17
71950 11
71960 18
71970 18
71980 20
71990 21
72000 18
72010 15
72020 22
72030 19
72040 23
72050 18
72060 17
72070 9
72080 17
72090 14
72100 14
72110 15
72120 20
72130 22
72140 19
72150 24
72160 18
72170 11
72180 22
72190 20
72200 20
72210 16
72220 14
72230 21
72240 13
72250 18
72260 21
72270 14
72280 15
72290 17
72300 17
72310 14
72320 18
72330 18
72340 15
72350 17
72360 14
72370 23
72380 21
72390 24
72400 28
72410 19
72420 21
72430 18
72440 22
72450 24
72460 23
72470 24
72480 23
72490 27
72500 24
72510 31
72520 18
72530 22
72540 20
72550 20
72560 15
72570 18
72580 20
72590 21
72600 28
72610 19
72620 28
72630 15
72640 22
72650 21
72660 19
72670 19
72680 17
72690 28
72700 25
72710 23
72720 28
72730 27
72740 21
72750 21
72760 20
72770 31
72780 23
72790 28
72800 22
72810 15
72820 23
72830 25
72840 33
72850 18
72860 25
72870 28
72880 19
72890 17
72900 22
72910 25
72920 28
72930 26
72940 20
72950 23
72960 21
72970 16
72980 20
72990 20
73000 15
73010 11
73020 21
73030 15
73040 16
73050 17
73060 19
73070 24
73080 17
73090 16
73100 15
73110 20
73120 22
73130 21
73140 20
73150 21
73160 17
73170 20
73180 16
73190 13
73200 14
73210 14
73220 22
73230 17
73240 14
73250 18
73260 17
73270 21
73280 15
73290 16
73300 20
73310 24
73320 21
73330 17
73340 23
73350 15
73360 18
73370 15
73380 24
73390 19
73400 17
73410 12
73420 12
73430 18
73440 27
73450 17
73460 13
73470 21
73480 18
73490 15
73500 19
73510 17
73520 16
73530 16
73540 18
73550 17
73560 19
73570 24
73580 19
73590 19
73600 20
73610 14
73620 15
73630 20
73640 14
73650 19
73660 25
73670 19
73680 17
73690 15
73700 17
73710 21
73720 17
73730 14
73740 13
73750 18
73760 18
73770 18
73780 16
73790 16
73800 15
73810 17
73820 14
73830 18
73840 19
73850 25
73860 24
73870 28
73880 27
73890 26
73900 18
73910 24
73920 28
73930 25
73940 18
73950 21
73960 20
73970 15
73980 22
73990 23
74000 21
74010 24
74020 17
74030 10
74040 18
74050 15
74060 19
74070 18
74080 14
74090 19
74100 20
74110 18
74120 23
74130 16
74140 19
74150 20
74160 20
74170 18
74180 17
74190 17
74200 17
74210 25
74220 16
74230 21
74240 21
74250 18
74260 21
74270 16
74280 19
74290 20
74300 25
74310 20
74320 15
74330 21
74340 17
74350 9
74360 16
74370 17
74380 17
74390 14
74400 18
74410 15
74420 18
74430 17
74440 18
74450 18
74460 17
74470 20
74480 19
74490 20
74500 18
74510 18
74520 16
74530 16
74540 14
74550 22
74560 18
74570 20
74580 16
74590 16
74600 20
74610 17
74620 17
74630 17
74640 18
74650 18
74660 19
74670 18
74680 20
74690 13
74700 17
74710 19
74720 20
74730 6
74740 16
74750 13
74760 15
74770 11
74780 17
74790 18
74800 19
74810 16
74820 15
74830 19
74840 14
74850 15
74860 19
74870 15
74880 15
74890 16
74900 19
74910 18
74920 17
74930 17
74940 8
74950 12
74960 14
74970 15
74980 16
74990 18
75000 11
75010 18
75020 12
75030 20
75040 22
75050 13
75060 15
75070 11
75080 14
75090 24
75100 20
75110 23
75120 20
75130 22
75140 19
75150 16
75160 16
75170 18
75180 19
75190 11
75200 19
75210 12
75220 20
75230 16
75240 24
75250 16
75260 12
75270 20
75280 21
75290 20
75300 20
75310 13
75320 24
75330 21
75340 16
75350 16
75360 23
75370 23
75380 17
75390 14
75400 15
75410 17
75420 18
75430 21
75440 27
75450 28
75460 22
75470 26
75480 18
75490 27
75500 30
75510 18
75520 18
75530 18
75540 18
75550 19
75560 24
75570 16
75580 24
75590 13
75600 18
75610 17
75620 21
75630 13
75640 17
75650 17
75660 10
75670 23
75680 14
75690 13
75700 20
75710 19
75720 15
75730 20
75740 17
75750 18
75760 14
75770 16
75780 15
75790 19
75800 25
75810 16
75820 17
75830 19
75840 21
75850 12
75860 11
75870 20
75880 21
75890 14
75900 13
75910 10
75920 15
75930 19
75940 16
75950 18
75960 21
75970 17
75980 17
75990 19
76000 17
76010 18
76020 15
76030 24
76040 24
76050 19
76060 14
76070 20
76080 19
76090 25
76100 20
76110 16
76120 20
76130 28
76140 29
76150 16
76160 19
76170 17
76180 17
76190 15
76200 23
76210 21
76220 17
76230 18
76240 21
76250 16
76260 19
76270 20
76280 22
76290 16
76300 22
76310 21
76320 19
76330 20
76340 14
76350 19
76360 21
76370 16
76380 22
76390 15
76400 12
76410 22
76420 17
76430 20
76440 16
76450 19
76460 23
76470 22
76480 26
76490 20
76500 17
76510 21
76520 15
76530 17
76540 16
76550 13
76560 17
76570 22
76580 15
76590 21
76600 17
76610 21
76620 21
76630 23
76640 22
76650 19
76660 25
76670 21
76680 20
76690 24
76700 24
76710 22
76720 21
76730 26
76740 17
76750 17
76760 21
76770 17
76780 15
76790 20
76800 17
76810 18
76820 31
76830 13
76840 17
76850 22
76860 18
76870 21
76880 26
76890 20
76900 23
76910 18
76920 19
76930 22
76940 16
76950 12
76960 20
76970 14
76980 15
76990 17
77000 18
77010 22
77020 18
77030 15
77040 22
77050 18
77060 17
77070 17
77080 18
77090 18
77100 17
77110 19
77120 21
77130 32
77140 20
77150 28
77160 31
77170 18
77180 20
77190 21
77200 22
77210 26
77220 15
77230 24
77240 34
77250 20
77260 17
77270 21
77280 14
77290 19
77300 19
77310 21
77320 15
77330 17
77340 24
77350 24
77360 23
77370 23
77380 14
77390 27
77400 17
77410 21
77420 17
77430 29
77440 22
77450 25
77460 25
77470 21
77480 24
77490 31
77500 25
77510 15
77520 23
77530 25
77540 21
77550 23
77560 22
77570 22
77580 17
77590 18
77600 14
77610 22
77620 22
77630 26
77640 14
77650 17
77660 18
77670 16
77680 17
77690 15
77700 11
77710 17
77720 17
77730 19
77740 22
77750 14
77760 14
77770 11
77780 17
77790 17
77800 15
77810 25
77820 21
77830 15
77840 18
77850 24
77860 26
77870 17
77880 15
77890 13
77900 22
77910 11
77920 24
77930 19
77940 17
77950 18
77960 18
77970 22
77980 18
77990 20
78000 22
78010 23
78020 17
78030 14
78040 18
78050 22
78060 22
78070 25
78080 20
78090 24
78100 26
78110 29
78120 26
78130 28
78140 23
78150 22
78160 15
78170 18
78180 25
78190 24
78200 25
78210 26
78220 25
78230 26
78240 21
78250 25
78260 19
78270 23
78280 26
78290 24
78300 20
78310 26
78320 14
78330 16
78340 10
78350 19
78360 16
78370 22
78380 15
78390 24
78400 16
78410 23
78420 14
78430 14
78440 17
78450 20
78460 25
78470 20
78480 23
78490 24
78500 22
78510 28
78520 26
78530 21
78540 21
78550 30
78560 30
78570 21
78580 23
78590 19
78600 26
78610 34
78620 18
78630 21
78640 27
78650 22
78660 15
78670 20
78680 22
78690 21
78700 19
78710 17
78720 13
78730 17
78740 21
78750 20
78760 19
78770 15
78780 18
78790 14
78800 14
78810 6
78820 11
78830 7
78840 26
78850 24
78860 13
78870 15
78880 19
78890 19
78900 17
78910 9
78920 19
78930 15
78940 11
78950 14
78960 20
78970 10
78980 10
78990 23
79000 8
79010 11
79020 11
79030 12
79040 11
79050 12
79060 19
79070 14
79080 11
79090 16
79100 16
79110 18
79120 18
79130 18
79140 14
79150 15
79160 14
79170 17
79180 19
79190 23
79200 14
79210 14
79220 17
79230 16
79240 18
79250 15
79260 11
79270 19
79280 19
79290 17
79300 19
79310 13
79320 14
79330 17
79340 17
79350 25
79360 14
79370 21
79380 20
79390 14
79400 15
79410 13
79420 21
79430 18
79440 17
79450 27
79460 19
79470 14
79480 19
79490 15
79500 19
79510 21
79520 17
79530 15
79540 19
79550 25
79560 17
79570 20
79580 18
79590 21
79600 19
79610 20
79620 23
79630 17
79640 12
79650 9
79660 18
79670 24
79680 21
79690 17
79700 13
79710 20
79720 14
79730 17
79740 24
79750 21
79760 19
79770 21
79780 17
79790 17
79800 16
79810 19
79820 20
79830 19
79840 19
79850 14
79860 16
79870 13
79880 16
79890 17
79900 22
79910 21
79920 31
79930 25
79940 23
79950 29
79960 22
79970 19
79980 20
79990 15
80000 19
80010 17
80020 17
80030 18
80040 15
80050 13
80060 19
80070 17
80080 20
80090 12
80100 15
80110 18
80120 17
80130 21
80140 21
80150 22
80160 21
80170 20
80180 13
80190 17
80200 20
80210 15
80220 19
80230 6
80240 16
80250 12
80260 26
80270 20
80280 14
80290 16
80300 17
80310 24
80320 23
80330 15
80340 19
80350 18
80360 22
80370 19
80380 27
80390 24
80400 23
80410 21
80420 22
80430 20
80440 25
80450 21
80460 27
80470 25
80480 28
80490 16
80500 23
80510 20
80520 23
80530 25
80540 22
80550 27
80560 26
80570 18
80580 16
80590 21
80600 19
80610 22
80620 18
80630 24
80640 19
80650 22
80660 20
80670 18
80680 20
80690 14
80700 17
80710 19
80720 24
80730 20
80740 24
80750 18
80760 20
80770 17
80780 19
80790 22
80800 25
80810 22
80820 24
80830 20
80840 25
80850 20
80860 23
80870 22
80880 21
80890 23
80900 17
80910 19
80920 21
80930 21
80940 22
80950 17
80960 27
80970 17
80980 30
80990 25
81000 25
81010 26
81020 21
81030 29
81040 24
81050 33
81060 23
81070 28
81080 22
81090 27
81100 19
81110 19
81120 18
81130 15
81140 24
81150 22
81160 19
81170 23
81180 20
81190 14
81200 23
81210 18
81220 26
81230 15
81240 12
81250 16
81260 15
81270 11
81280 15
81290 17
81300 22
81310 19
81320 20
81330 23
81340 19
81350 19
81360 20
81370 18
81380 20
81390 16
81400 23
81410 13
81420 19
81430 20
81440 18
81450 15
81460 19
81470 23
81480 10
81490 17
81500 11
81510 24
81520 17
81530 19
81540 15
81550 21
81560 23
81570 19
81580 20
81590 28
81600 20
81610 20
81620 14
81630 19
81640 16
81650 20
81660 15
81670 19
81680 19
81690 14
81700 23
81710 18
81720 14
81730 9
81740 17
81750 15
81760 14
81770 17
81780 24
81790 15
81800 16
81810 15
81820 20
81830 18
81840 18
81850 13
81860 14
81870 20
81880 23
81890 17
81900 25
81910 13
81920 8
81930 20
81940 25
81950 15
81960 20
81970 24
81980 23
81990 20
82000 11
82010 16
82020 16
82030 9
82040 20
82050 21
82060 12
82070 23
82080 24
82090 16
82100 14
82110 16
82120 29
82130 17
82140 14
82150 15
82160 14
82170 24
82180 17
82190 20
82200 24
82210 22
82220 15
82230 19
82240 25
82250 16
82260 19
82270 20
82280 24
82290 20
82300 17
82310 21
82320 23
82330 21
82340 23
82350 18
82360 22
82370 26
82380 19
82390 20
82400 19
82410 19
82420 23
82430 16
82440 29
82450 17
82460 17
82470 14
82480 20
82490 22
82500 19
82510 24
82520 18
82530 22
82540 22
82550 21
82560 18
82570 17
82580 18
82590 21
82600 20
82610 16
82620 23
82630 21
82640 23
82650 16
82660 24
82670 20
82680 20
82690 26
82700 18
82710 20
82720 17
82730 18
82740 23
82750 21
82760 18
82770 22
82780 23
82790 14
82800 22
82810 24
82820 23
82830 17
82840 24
82850 22
82860 28
82870 22
82880 19
82890 21
82900 21
82910 22
82920 18
82930 20
82940 20
82950 19
82960 19
82970 24
82980 24
82990 23
83000 19
83010 13
83020 21
83030 19
83040 16
83050 16
83060 19
83070 21
83080 23
83090 15
83100 20
83110 16
83120 16
83130 20
83140 18
83150 22
83160 17
83170 18
83180 19
83190 19
83200 15
83210 19
83220 18
83230 16
83240 19
83250 17
83260 19
83270 11
83280 17
83290 22
83300 25
83310 15
83320 18
83330 15
83340 19
83350 18
83360 19
83370 16
83380 15
83390 15
83400 15
83410 24
83420 20
83430 20
83440 19
83450 17
83460 20
83470 21
83480 23
83490 18
83500 22
83510 25
83520 17
83530 21
83540 21
83550 19
83560 19
83570 25
83580 19
83590 14
83600 17
83610 16
83620 18
83630 24
83640 20
83650 23
83660 20
83670 19
83680 16
83690 25
83700 12
83710 20
83720 22
83730 14
83740 22
83750 28
83760 20
83770 13
83780 25
83790 23
83800 26
83810 20
83820 20
83830 25
83840 11
83850 26
83860 25
83870 19
83880 23
83890 16
83900 17
83910 17
83920 20
83930 18
83940 19
83950 20
83960 22
83970 13
83980 25
83990 19
84000 15
84010 20
84020 17
84030 15
84040 20
84050 17
84060 24
84070 17
84080 21
84090 19
84100 17
84110 18
84120 15
84130 19
84140 23
84150 15
84160 13
84170 23
84180 19
84190 21
84200 28
84210 26
84220 25
84230 27
84240 21
84250 25
84260 17
84270 17
84280 25
84290 24
84300 27
84310 17
84320 16
84330 16
84340 22
84350 18
84360 17
84370 23
84380 17
84390 16
84400 16
84410 19
84420 11
84430 22
84440 14
84450 20
84460 21
84470 22
84480 20
84490 14
84500 17
84510 22
84520 17
84530 24
84540 18
84550 22
84560 24
84570 23
84580 21
84590 21
84600 22
84610 18
84620 21
84630 22
84640 17
84650 18
84660 23
84670 18
84680 24
84690 20
84700 17
84710 29
84720 25
84730 25
84740 20
84750 26
84760 21
84770 21
84780 18
84790 20
84800 15
84810 23
84820 18
84830 21
84840 16
84850 18
84860 23
84870 27
84880 23
84890 25
84900 24
84910 25
84920 18
84930 27
84940 20
84950 10
84960 20
84970 25
84980 17
84990 20
85000 20
85010 26
85020 23
85030 17
85040 23
85050 15
85060 18
85070 19
85080 21
85090 29
85100 24
85110 23
85120 31
85130 25
85140 18
85150 21
85160 25
85170 19
85180 19
85190 13
85200 20
85210 19
85220 17
85230 18
85240 17
85250 20
85260 23
85270 19
85280 23
85290 15
85300 17
85310 21
85320 17
85330 25
85340 15
85350 26
85360 18
85370 24
85380 25
85390 18
85400 15
85410 23
85420 21
85430 29
85440 13
85450 22
85460 17
85470 22
85480 20
85490 16
85500 22
85510 18
85520 27
85530 19
85540 20
85550 10
85560 25
85570 22
85580 20
85590 20
85600 17
85610 22
85620 18
85630 23
85640 19
85650 18
85660 17
85670 21
85680 22
85690 10
85700 24
85710 18
85720 12
85730 17
85740 23
85750 20
85760 19
85770 16
85780 24
85790 21
85800 22
85810 22
85820 25
85830 24
85840 24
85850 18
85860 17
85870 24
85880 20
85890 20
85900 22
85910 27
85920 21
85930 18
85940 21
85950 20
85960 23
85970 22
85980 15
85990 20
86000 14
86010 17
86020 17
86030 24
86040 19
86050 22
86060 15
86070 21
86080 28
86090 21
86100 21
86110 25
86120 18
86130 22
86140 22
86150 17
86160 21
86170 16
86180 12
86190 17
86200 19
86210 25
86220 25
86230 16
86240 17
86250 18
86260 20
86270 23
86280 23
86290 22
86300 22
86310 21
86320 21
86330 21
86340 16
86350 22
86360 18
86370 19
86380 21
86390 19
86400 16
86410 14
86420 18
86430 20
86440 16
86450 18
86460 22
86470 20
86480 20
86490 19
86500 15
86510 18
86520 18
86530 17
86540 25
86550 30
86560 19
86570 22
86580 23
86590 28
86600 17
86610 21
86620 18
86630 25
86640 22
86650 20
86660 22
86670 13
86680 19
86690 25
86700 24
86710 20
86720 17
86730 13
86740 17
86750 20
86760 20
86770 27
86780 22
86790 27
86800 18
86810 22
86820 25
86830 20
86840 20
86850 16
86860 22
86870 20
86880 19
86890 14
86900 13
86910 10
86920 20
86930 23
86940 19
86950 15
86960 15
86970 20
86980 19
86990 19
87000 23
87010 22
87020 23
87030 22
87040 19
87050 20
87060 17
87070 22
87080 18
87090 16
87100 18
87110 18
87120 23
87130 14
87140 20
87150 29
87160 30
87170 27
87180 18
87190 17
87200 24
87210 16
87220 19
87230 23
87240 26
87250 28
87260 26
87270 27
87280 25
87290 24
87300 21
87310 18
87320 27
87330 29
87340 33
87350 28
87360 29
87370 16
87380 20
87390 29
87400 23
87410 20
87420 21
87430 19
87440 22
87450 21
87460 25
87470 27
87480 25
87490 18
87500 23
87510 26
87520 22
87530 14
87540 21
87550 16
87560 26
87570 20
87580 21
87590 19
87600 22
87610 18
87620 27
87630 20
87640 26
87650 21
87660 15
87670 23
87680 21
87690 26
87700 15
87710 21
87720 29
87730 20
87740 19
87750 19
87760 12
87770 21
87780 12
87790 18
87800 17
87810 16
87820 16
87830 15
87840 22
87850 19
87860 22
87870 26
87880 18
87890 22
87900 16
87910 15
87920 20
87930 19
87940 20
87950 19
87960 18
87970 18
87980 21
87990 19
88000 17
88010 21
88020 19
88030 17
88040 18
88050 21
88060 21
88070 19
88080 18
88090 15
88100 20
88110 24
88120 18
88130 21
88140 23
88150 20
88160 25
88170 23
88180 17
88190 15
88200 18
88210 22
88220 21
88230 24
88240 19
88250 20
88260 22
88270 21
88280 15
88290 15
88300 14
88310 14
88320 23
88330 18
88340 12
88350 20
88360 18
88370 13
88380 22
88390 19
88400 21
88410 20
88420 20
88430 21
88440 18
88450 21
88460 17
88470 19
88480 20
88490 23
88500 24
88510 17
88520 18
88530 18
88540 24
88550 15
88560 23
88570 20
88580 19
88590 15
88600 12
88610 20
88620 23
88630 23
88640 16
88650 23
88660 19
88670 25
88680 19
88690 19
88700 21
88710 17
88720 14
88730 22
88740 10
88750 16
88760 23
88770 25
88780 20
88790 21
88800 19
88810 21
88820 23
88830 23
88840 20
88850 19
88860 26
88870 22
88880 14
88890 21
88900 19
88910 19
88920 19
88930 25
88940 23
88950 16
88960 24
88970 18
88980 16
88990 20
89000 22
89010 16
89020 13
89030 17
89040 21
89050 19
89060 17
89070 23
89080 21
89090 20
89100 22
89110 23
89120 19
89130 24
89140 23
89150 21
89160 23
89170 25
89180 25
89190 16
89200 19
89210 17
89220 14
89230 24
89240 22
89250 11
89260 18
89270 13
89280 19
89290 13
89300 16
89310 13
89320 18
89330 21
89340 27
89350 20
89360 15
89370 17
89380 14
89390 19
89400 25
89410 19
89420 19
89430 11
89440 16
89450 10
89460 12
89470 17
89480 7
89490 16
89500 19
89510 17
89520 18
89530 17
89540 21
89550 15
89560 13
89570 20
89580 15
89590 21
89600 16
89610 21
89620 20
89630 15
89640 15
89650 15
89660 21
89670 13
89680 20
89690 16
89700 17
89710 19
89720 16
89730 22
89740 17
89750 8
89760 16
89770 16
89780 17
89790 23
89800 19
89810 16
89820 22
89830 19
89840 14
89850 16
89860 24
89870 18
89880 18
89890 15
89900 14
89910 20
89920 18
89930 19
89940 22
89950 17
89960 21
89970 21
89980 14
89990 20
90000 12
90010 23
90020 23
90030 21
90040 22
90050 21
90060 24
90070 20
90080 22
90090 26
90100 19
90110 14
90120 20
90130 12
90140 20
90150 15
90160 23
90170 20
90180 19
90190 19
90200 19
90210 16
90220 20
90230 20
90240 18
90250 19
90260 16
90270 20
90280 17
90290 22
90300 23
90310 21
90320 20
90330 26
90340 23
90350 18
90360 22
90370 18
90380 18
90390 23
90400 22
90410 27
90420 19
90430 20
90440 18
90450 18
90460 15
90470 18
90480 21
90490 21
90500 17
90510 14
90520 20
90530 18
90540 22
90550 14
90560 15
90570 17
90580 17
90590 22
90600 14
90610 17
90620 18
90630 16
90640 24
90650 19
90660 17
90670 14
90680 18
90690 17
90700 20
90710 20
90720 21
90730 16
90740 20
90750 17
90760 21
90770 16
90780 15
90790 14
90800 15
90810 23
90820 16
90830 11
90840 13
90850 21
90860 19
90870 13
90880 19
90890 18
90900 18
90910 19
90920 17
90930 22
90940 19
90950 19
90960 21
90970 18
90980 17
90990 13
91000 19
91010 17
91020 12
91030 17
91040 15
91050 17
91060 25
91070 20
91080 14
91090 20
91100 15
91110 15
91120 16
91130 19
91140 20
91150 16
91160 18
91170 16
91180 16
91190 12
91200 11
91210 19
91220 12
91230 16
91240 14
91250 9
91260 20
91270 24
91280 17
91290 17
91300 14
91310 12
91320 7
91330 19
91340 15
91350 19
91360 15
91370 14
91380 12
91390 25
91400 13
91410 16
91420 15
91430 18
91440 18
91450 14
91460 23
91470 22
91480 16
91490 24
91500 24
91510 17
91520 19
91530 21
91540 19
91550 20
91560 11
91570 17
91580 22
91590 24
91600 20
91610 16
91620 20
91630 12
91640 18
91650 19
91660 14
91670 19
91680 17
91690 12
91700 15
91710 14
91720 18
91730 17
91740 18
91750 17
91760 19
91770 15
91780 14
91790 18
91800 16
91810 20
91820 16
91830 23
91840 15
91850 25
91860 17
91870 14
91880 23
91890 18
91900 18
91910 18
91920 14
91930 21
91940 18
91950 13
91960 20
91970 19
91980 15
91990 22
92000 16
92010 17
92020 18
92030 18
92040 20
92050 22
92060 20
92070 18
92080 20
92090 20
92100 23
92110 10
92120 24
92130 21
92140 13
92150 16
92160 16
92170 18
92180 14
92190 19
92200 15
92210 17
92220 13
92230 21
92240 26
92250 24
92260 14
92270 25
92280 21
92290 22
92300 24
92310 16
92320 20
92330 24
92340 19
92350 19
92360 16
92370 18
92380 21
92390 15
92400 10
92410 12
92420 14
92430 16
92440 15
92450 13
92460 14
92470 14
92480 23
92490 15
92500 18
92510 10
92520 14
92530 17
92540 20
92550 12
92560 13
92570 18
92580 19
92590 23
92600 17
92610 13
92620 20
92630 18
92640 23
92650 17
92660 21
92670 17
92680 22
92690 16
92700 22
92710 9
92720 22
92730 13
92740 26
92750 19
92760 23
92770 26
92780 19
92790 20
92800 16
92810 21
92820 19
92830 16
92840 18
92850 22
92860 20
92870 15
92880 24
92890 16
92900 20
92910 11
92920 18
92930 19
92940 11
92950 19
92960 23
92970 15
92980 18
92990 16
93000 20
93010 12
93020 22
93030 18
93040 17
93050 13
93060 15
93070 8
93080 14
93090 12
93100 17
93110 18
93120 14
93130 12
93140 23
93150 17
93160 15
93170 19
93180 16
93190 22
93200 12
93210 22
93220 19
93230 14
93240 17
93250 9
93260 18
93270 17
93280 19
93290 20
93300 21
93310 17
93320 16
93330 19
93340 20
93350 24
93360 18
93370 17
93380 17
93390 16
93400 25
93410 22
93420 22
93430 20
93440 22
93450 12
93460 20
93470 20
93480 15
93490 20
93500 17
93510 22
93520 15
93530 14
93540 19
93550 20
93560 23
93570 21
93580 16
93590 22
93600 17
93610 23
93620 22
93630 17
93640 15
93650 20
93660 16
93670 21
93680 20
93690 21
93700 22
93710 15
93720 22
93730 19
93740 22
93750 26
93760 26
93770 16
93780 19
93790 20
93800 20
93810 17
93820 19
93830 23
93840 14
93850 23
93860 18
93870 24
93880 20
93890 16
93900 26
93910 10
93920 13
93930 13
93940 18
93950 21
93960 17
93970 15
93980 19
93990 19
94000 17
94010 10
94020 18
94030 23
94040 21
94050 19
94060 22
94070 17
94080 17
94090 25
94100 16
94110 19
94120 20
94130 21
94140 16
94150 17
94160 16
94170 16
94180 13
94190 18
94200 17
94210 12
94220 16
94230 16
94240 19
94250 18
94260 14
94270 12
94280 14
94290 18
94300 18
94310 10
94320 13
94330 20
94340 22
94350 21
94360 20
94370 15
94380 19
94390 20
94400 11
94410 15
94420 19
94430 15
94440 22
94450 19
94460 17
94470 12
94480 12
94490 17
94500 17
94510 13
94520 19
94530 23
94540 20
94550 16
94560 23
94570 18
94580 17
94590 17
94600 18
94610 20
94620 15
94630 17
94640 22
94650 25
94660 12
94670 19
94680 8
94690 20
94700 15
94710 20
94720 13
94730 26
94740 20
94750 21
94760 12
94770 17
94780 26
94790 16
94800 15
94810 17
94820 20
94830 16
94840 18
94850 20
94860 13
94870 18
94880 19
94890 13
94900 19
94910 15
94920 14
94930 14
94940 18
94950 17
94960 12
94970 13
94980 22
94990 20
95000 19
95010 25
95020 12
95030 15
95040 16
95050 14
95060 13
95070 18
95080 12
95090 14
95100 12
95110 24
95120 14
95130 18
95140 16
95150 19
95160 15
95170 17
95180 10
95190 18
95200 17
95210 15
95220 14
95230 17
95240 18
95250 18
95260 11
95270 14
95280 19
95290 22
95300 18
95310 18
95320 22
95330 18
95340 14
95350 16
95360 18
95370 13
95380 16
95390 23
95400 24
95410 22
95420 18
95430 13
95440 16
95450 21
95460 18
95470 25
95480 25
95490 21
95500 18
95510 19
95520 15
95530 16
95540 19
95550 20
95560 16
95570 25
95580 21
95590 16
95600 22
95610 17
95620 15
95630 23
95640 14
95650 17
95660 17
95670 14
95680 18
95690 16
95700 20
95710 15
95720 16
95730 25
95740 19
95750 18
95760 22
95770 13
95780 15
95790 15
95800 15
95810 15
95820 13
95830 16
95840 20
95850 19
95860 15
95870 19
95880 19
95890 22
95900 21
95910 15
95920 16
95930 19
95940 24
95950 17
95960 21
95970 13
95980 18
95990 18
96000 17
96010 18
96020 18
96030 13
96040 15
96050 13
96060 17
96070 25
96080 15
96090 24
96100 19
96110 16
96120 15
96130 17
96140 17
96150 18
96160 20
96170 19
96180 21
96190 21
96200 18
96210 19
96220 20
96230 15
96240 15
96250 20
96260 24
96270 20
96280 22
96290 18
96300 20
96310 20
96320 21
96330 19
96340 17
96350 27
96360 22
96370 19
96380 18
96390 22
96400 20
96410 17
96420 13
96430 18
96440 16
96450 16
96460 23
96470 21
96480 17
96490 12
96500 21
96510 23
96520 16
96530 13
96540 21
96550 17
96560 16
96570 18
96580 22
96590 21
96600 15
96610 22
96620 19
96630 22
96640 18
96650 20
96660 19
96670 24
96680 24
96690 22
96700 24
96710 16
96720 25
96730 27
96740 27
96750 21
96760 18
96770 18
96780 16
96790 23
96800 23
96810 26
96820 25
96830 31
96840 28
96850 15
96860 29
96870 25
96880 24
96890 19
96900 20
96910 21
96920 16
96930 14
96940 25
96950 20
96960 24
96970 15
96980 26
96990 12
97000 23
97010 15
97020 21
97030 24
97040 20
97050 21
97060 14
97070 16
97080 16
97090 20
97100 21
97110 14
97120 17
97130 16
97140 18
97150 18
97160 18
97170 19
97180 19
97190 13
97200 20
97210 21
97220 18
97230 18
97240 17
97250 13
97260 15
97270 15
97280 20
97290 19
97300 16
97310 19
97320 9
97330 21
97340 21
97350 11
97360 16
97370 21
97380 16
97390 17
97400 17
97410 19
97420 18
97430 14
97440 14
97450 12
97460 8
97470 20
97480 18
97490 19
97500 15
97510 17
97520 20
97530 14
97540 14
97550 18
97560 20
97570 20
97580 14
97590 17
97600 19
97610 25
97620 21
97630 15
97640 16
97650 18
97660 25
97670 14
97680 21
97690 13
97700 17
97710 10
97720 12
97730 13
97740 13
97750 18
97760 14
97770 13
97780 21
97790 17
97800 22
97810 23
97820 11
97830 16
97840 18
97850 21
97860 12
97870 8
97880 20
97890 19
97900 17
97910 19
97920 25
97930 17
97940 21
97950 17
97960 17
97970 16
97980 18
97990 23
98000 14
98010 14
98020 16
98030 14
98040 18
98050 13
98060 17
98070 13
98080 17
98090 13
98100 21
98110 21
98120 18
98130 20
98140 24
98150 15
98160 20
98170 13
98180 8
98190 17
98200 22
98210 20
98220 19
98230 16
98240 12
98250 16
98260 19
98270 15
98280 23
98290 12
98300 14
98310 17
98320 20
98330 15
98340 17
98350 18
98360 19
98370 17
98380 14
98390 16
98400 21
98410 16
98420 20
98430 17
98440 15
98450 19
98460 18
98470 18
98480 17
98490 20
98500 23
98510 20
98520 21
98530 23
98540 25
98550 18
98560 14
98570 18
98580 17
98590 14
98600 19
98610 17
98620 22
98630 24
98640 24
98650 14
98660 17
98670 22
98680 19
98690 16
98700 17
98710 19
98720 26
98730 25
98740 21
98750 26
98760 18
98770 21
98780 21
98790 24
98800 26
98810 24
98820 28
98830 15
98840 23
98850 18
98860 28
98870 28
98880 25
98890 15
98900 22
98910 20
98920 14
98930 19
98940 18
98950 16
98960 19
98970 17
98980 19
98990 23
99000 23
99010 19
99020 20
99030 18
99040 15
99050 16
99060 18
99070 16
99080 20
99090 13
99100 15
99110 20
99120 17
99130 14
99140 17
99150 14
99160 26
99170 24
99180 24
99190 16
99200 22
99210 21
99220 17
99230 17
99240 21
99250 17
99260 18
99270 13
99280 20
99290 22
99300 21
99310 20
99320 13
99330 22
99340 20
99350 21
99360 23
99370 22
99380 18
99390 24
99400 22
99410 19
99420 15
99430 14
99440 20
99450 19
99460 18
99470 17
99480 19
99490 15
99500 25
99510 20
99520 22
99530 19
99540 20
99550 26
99560 16
99570 11
99580 24
99590 22
99600 15
99610 15
99620 23
99630 20
99640 21
99650 18
99660 18
99670 15
99680 19
99690 25
99700 18
99710 16
99720 15
99730 13
99740 17
99750 17
99760 20
99770 13
99780 14
99790 18
99800 22
99810 21
99820 22
99830 16
99840 18
99850 12
99860 20
99870 23
99880 19
99890 19
99900 22
99910 16
99920 27
99930 24
99940 16
99950 27
99960 21
99970 22
99980 20
99990 21
