# Frame Contacts
30000 59
30010 55
30020 77
30030 54
30040 49
30050 64
30060 50
30070 49
30080 52
30090 62
30100 49
30110 67
30120 66
30130 41
30140 39
30150 45
30160 58
30170 54
30180 43
30190 78
30200 57
30210 45
30220 49
30230 46
30240 73
30250 52
30260 51
30270 47
30280 62
30290 71
30300 42
30310 61
30320 64
30330 59
30340 61
30350 46
30360 42
30370 41
30380 48
30390 46
30400 48
30410 54
30420 64
30430 56
30440 49
30450 45
30460 54
30470 62
30480 45
30490 64
30500 58
30510 37
30520 81
30530 57
30540 61
30550 59
30560 67
30570 53
30580 48
30590 47
30600 64
30610 37
30620 59
30630 70
30640 46
30650 80
30660 60
30670 60
30680 62
30690 64
30700 85
30710 64
30720 89
30730 69
30740 76
30750 69
30760 59
30770 74
30780 63
30790 62
30800 65
30810 71
30820 46
30830 63
30840 60
30850 63
30860 64
30870 61
30880 70
30890 77
30900 82
30910 76
30920 80
30930 67
30940 76
30950 70
30960 81
30970 81
30980 74
30990 72
31000 57
31010 68
31020 65
31030 70
31040 62
31050 65
31060 78
31070 85
31080 70
31090 74
31100 63
31110 74
31120 62
31130 70
31140 82
31150 56
31160 55
31170 63
31180 60
31190 64
31200 65
31210 61
31220 64
31230 68
31240 67
31250 47
31260 66
31270 62
31280 47
31290 62
31300 63
31310 49
31320 72
31330 66
31340 64
31350 61
31360 59
31370 59
31380 53
31390 30
31400 41
31410 71
31420 58
31430 68
31440 60
31450 61
31460 63
31470 76
31480 73
31490 70
31500 69
31510 71
31520 85
31530 61
31540 70
31550 82
31560 81
31570 69
31580 33
31590 53
31600 50
31610 50
31620 61
31630 64
31640 62
31650 70
31660 48
31670 42
31680 48
31690 70
31700 46
31710 68
31720 59
31730 72
31740 39
31750 43
31760 56
31770 37
31780 50
31790 41
31800 38
31810 55
31820 67
31830 64
31840 60
31850 54
31860 65
31870 61
31880 53
31890 58
31900 57
31910 67
31920 65
31930 62
31940 74
31950 59
31960 56
31970 59
31980 53
31990 84
32000 72
32010 59
32020 68
32030 73
32040 45
32050 59
32060 61
32070 47
32080 53
32090 64
32100 77
32110 64
32120 54
32130 58
32140 59
32150 75
32160 64
32170 59
32180 58
32190 64
32200 55
32210 47
32220 64
32230 58
32240 49
32250 54
32260 46
32270 43
32280 67
32290 54
32300 63
32310 58
32320 49
32330 40
32340 66
32350 58
32360 50
32370 60
32380 40
32390 50
32400 65
32410 63
32420 54
32430 58
32440 43
32450 59
32460 58
32470 56
32480 62
32490 65
32500 49
32510 62
32520 48
32530 66
32540 65
32550 61
32560 47
32570 65
32580 52
32590 49
32600 50
32610 59
32620 62
32630 40
32640 44
32650 57
32660 47
32670 52
32680 45
32690 64
32700 61
32710 56
32720 49
32730 63
32740 55
32750 43
32760 42
32770 54
32780 32
32790 35
32800 53
32810 53
32820 59
32830 50
32840 65
32850 63
32860 74
32870 66
32880 60
32890 58
32900 73
32910 74
32920 74
32930 46
32940 54
32950 64
32960 53
32970 53
32980 47
32990 64
33000 57
33010 46
33020 50
33030 52
33040 38
33050 60
33060 47
33070 36
33080 44
33090 56
33100 68
33110 55
33120 63
33130 48
33140 55
33150 58
33160 55
33170 55
33180 62
33190 69
33200 70
33210 52
33220 63
33230 60
33240 66
33250 50
33260 45
33270 50
33280 49
33290 66
33300 54
33310 57
33320 61
33330 52
33340 53
33350 48
33360 52
33370 63
33380 65
33390 70
33400 59
33410 52
33420 71
33430 42
33440 49
33450 51
33460 43
33470 37
33480 59
33490 56
33500 51
33510 57
33520 60
33530 68
33540 53
33550 43
33560 38
33570 44
33580 42
33590 46
33600 45
33610 53
33620 44
33630 45
33640 66
33650 50
33660 50
33670 35
33680 39
33690 56
33700 49
33710 50
33720 52
33730 70
33740 55
33750 46
33760 43
33770 45
33780 31
33790 29
33800 36
33810 36
33820 24
33830 17
33840 37
33850 45
33860 37
33870 40
33880 36
33890 42
33900 39
33910 42
33920 34
33930 46
33940 49
33950 29
33960 34
33970 65
33980 58
33990 41
34000 57
34010 44
34020 48
34030 45
34040 56
34050 53
34060 58
34070 74
34080 50
34090 50
34100 49
34110 54
34120 33
34130 48
34140 51
34150 57
34160 51
34170 36
34180 46
34190 54
34200 40
34210 36
34220 53
34230 48
34240 56
34250 48
34260 64
34270 57
34280 42
34290 49
34300 42
34310 50
34320 52
34330 63
34340 59
34350 48
34360 51
34370 57
34380 68
34390 64
34400 58
34410 55
34420 52
34430 47
34440 47
34450 46
34460 49
34470 40
34480 45
34490 52
34500 38
34510 57
34520 51
34530 49
34540 66
34550 66
34560 63
34570 47
34580 54
34590 48
34600 57
34610 56
34620 41
34630 60
34640 45
34650 59
34660 49
34670 58
34680 54
34690 58
34700 59
34710 60
34720 58
34730 53
34740 44
34750 61
34760 66
34770 70
34780 45
34790 60
34800 54
34810 50
34820 60
34830 56
34840 61
34850 52
34860 43
34870 62
34880 66
34890 73
34900 53
34910 71
34920 72
34930 33
34940 56
34950 49
34960 40
34970 51
34980 48
34990 62
35000 60
35010 62
35020 56
35030 53
35040 63
35050 70
35060 71
35070 54
35080 66
35090 58
35100 49
35110 60
35120 49
35130 57
35140 42
35150 40
35160 37
35170 22
35180 23
35190 31
35200 36
35210 36
35220 20
35230 25
35240 34
35250 47
35260 35
35270 44
35280 58
35290 39
35300 49
35310 46
35320 52
35330 49
35340 47
35350 47
35360 43
35370 55
35380 56
35390 66
35400 53
35410 50
35420 52
35430 72
35440 76
35450 53
35460 64
35470 50
35480 58
35490 59
35500 53
35510 59
35520 47
35530 64
35540 61
35550 56
35560 40
35570 61
35580 63
35590 43
35600 36
35610 54
35620 53
35630 55
35640 50
35650 56
35660 47
35670 62
35680 70
35690 66
35700 35
35710 58
35720 53
35730 66
35740 48
35750 57
35760 45
35770 58
35780 66
35790 49
35800 58
35810 58
35820 55
35830 70
35840 61
35850 56
35860 56
35870 32
35880 58
35890 58
35900 48
35910 61
35920 74
35930 57
35940 48
35950 88
35960 64
35970 48
35980 45
35990 64
36000 83
36010 68
36020 61
36030 49
36040 52
36050 50
36060 57
36070 62
36080 53
36090 61
36100 45
36110 68
36120 51
36130 69
36140 59
36150 73
36160 75
36170 68
36180 58
36190 45
36200 48
36210 84
36220 80
36230 86
36240 88
36250 66
36260 66
36270 65
36280 68
36290 53
36300 79
36310 62
36320 70
36330 84
36340 75
36350 72
36360 87
36370 56
36380 57
36390 57
36400 64
36410 59
36420 83
36430 61
36440 55
36450 77
36460 73
36470 68
36480 72
36490 63
36500 75
36510 75
36520 68
36530 53
36540 63
36550 53
36560 71
36570 73
36580 59
36590 33
36600 61
36610 45
36620 68
36630 56
36640 64
36650 65
36660 58
36670 56
36680 57
36690 58
36700 63
36710 48
36720 57
36730 61
36740 67
36750 63
36760 52
36770 54
36780 58
36790 57
36800 51
36810 83
36820 61
36830 67
36840 90
36850 79
36860 83
36870 70
36880 67
36890 63
36900 83
36910 75
36920 81
36930 71
36940 57
36950 85
36960 95
36970 77
36980 81
36990 77
37000 73
37010 81
37020 56
37030 81
37040 67
37050 79
37060 70
37070 74
37080 56
37090 80
37100 71
37110 64
37120 42
37130 62
37140 74
37150 64
37160 62
37170 60
37180 56
37190 73
37200 71
37210 42
37220 64
37230 50
37240 80
37250 77
37260 77
37270 85
37280 76
37290 84
37300 83
37310 66
37320 81
37330 88
37340 80
37350 67
37360 71
37370 82
37380 57
37390 64
37400 56
37410 61
37420 81
37430 72
37440 56
37450 58
37460 69
37470 63
37480 61
37490 58
37500 43
37510 62
37520 60
37530 57
37540 64
37550 48
37560 74
37570 62
37580 68
37590 54
37600 57
37610 54
37620 61
37630 50
37640 45
37650 50
37660 66
37670 52
37680 64
37690 44
37700 50
37710 52
37720 62
37730 45
37740 56
37750 45
37760 38
37770 64
37780 50
37790 64
37800 55
37810 63
37820 52
37830 66
37840 56
37850 57
37860 49
37870 64
37880 63
37890 62
37900 55
37910 41
37920 60
37930 57
37940 57
37950 49
37960 59
37970 66
37980 51
37990 73
38000 59
38010 54
38020 59
38030 47
38040 50
38050 67
38060 59
38070 69
38080 55
38090 50
38100 55
38110 50
38120 50
38130 65
38140 52
38150 66
38160 46
38170 50
38180 56
38190 48
38200 62
38210 59
38220 70
38230 70
38240 63
38250 58
38260 69
38270 59
38280 51
38290 50
38300 59
38310 66
38320 47
38330 55
38340 51
38350 62
38360 52
38370 46
38380 57
38390 66
38400 65
38410 64
38420 53
38430 59
38440 54
38450 45
38460 58
38470 75
38480 59
38490 68
38500 48
38510 54
38520 69
38530 60
38540 69
38550 54
38560 66
38570 48
38580 62
38590 51
38600 58
38610 50
38620 60
38630 70
38640 65
38650 63
38660 47
38670 52
38680 60
38690 62
38700 48
38710 80
38720 68
38730 64
38740 45
38750 62
38760 50
38770 50
38780 57
38790 49
38800 45
38810 57
38820 45
38830 54
38840 42
38850 52
38860 54
38870 54
38880 49
38890 58
38900 63
38910 56
38920 49
38930 61
38940 43
38950 69
38960 65
38970 71
38980 47
38990 63
39000 63
39010 62
39020 60
39030 64
39040 47
39050 45
39060 65
39070 61
39080 60
39090 70
39100 49
39110 66
39120 66
39130 59
39140 53
39150 43
39160 44
39170 44
39180 64
39190 60
39200 52
39210 43
39220 59
39230 42
39240 42
39250 55
39260 64
39270 44
39280 35
39290 63
39300 46
39310 41
39320 52
39330 63
39340 66
39350 72
39360 57
39370 68
39380 58
39390 61
39400 62
39410 59
39420 61
39430 50
39440 57
39450 50
39460 54
39470 67
39480 45
39490 57
39500 70
39510 50
39520 65
39530 52
39540 51
39550 84
39560 43
39570 61
39580 62
39590 47
39600 64
39610 50
39620 61
39630 43
39640 45
39650 56
39660 58
39670 49
39680 48
39690 59
39700 56
39710 53
39720 69
39730 73
39740 53
39750 56
39760 39
39770 66
39780 57
39790 57
39800 62
39810 57
39820 69
39830 68
39840 68
39850 71
39860 58
39870 65
39880 66
39890 63
39900 69
39910 76
39920 69
39930 73
39940 56
39950 57
39960 61
39970 71
39980 58
39990 51
40000 44
40010 57
40020 69
40030 61
40040 48
40050 48
40060 53
40070 65
40080 50
40090 68
40100 51
40110 49
40120 60
40130 62
40140 62
40150 56
40160 50
40170 64
40180 59
40190 62
40200 63
40210 52
40220 53
40230 46
40240 52
40250 45
40260 55
40270 59
40280 62
40290 53
40300 50
40310 62
40320 70
40330 49
40340 51
40350 64
40360 51
40370 54
40380 57
40390 60
40400 37
40410 48
40420 51
40430 42
40440 60
40450 60
40460 60
40470 56
40480 56
40490 52
40500 55
40510 55
40520 67
40530 61
40540 46
40550 41
40560 49
40570 57
40580 56
40590 53
40600 54
40610 64
40620 61
40630 56
40640 50
40650 51
40660 39
40670 54
40680 61
40690 60
40700 56
40710 67
40720 41
40730 76
40740 58
40750 53
40760 54
40770 62
40780 56
40790 54
40800 64
40810 49
40820 65
40830 66
40840 48
40850 62
40860 59
40870 47
40880 53
40890 64
40900 63
40910 59
40920 66
40930 44
40940 51
40950 68
40960 48
40970 44
40980 58
40990 45
41000 49
41010 40
41020 56
41030 60
41040 46
41050 60
41060 42
41070 57
41080 52
41090 64
41100 53
41110 69
41120 69
41130 70
41140 61
41150 58
41160 56
41170 61
41180 60
41190 40
41200 39
41210 71
41220 60
41230 45
41240 44
41250 54
41260 47
41270 59
41280 67
41290 61
41300 38
41310 58
41320 51
41330 62
41340 52
41350 52
41360 58
41370 50
41380 52
41390 67
41400 61
41410 56
41420 57
41430 61
41440 56
41450 76
41460 54
41470 69
41480 57
41490 46
41500 51
41510 57
41520 54
41530 69
41540 68
41550 53
41560 61
41570 52
41580 68
41590 58
41600 46
41610 51
41620 53
41630 73
41640 53
41650 56
41660 43
41670 43
41680 68
41690 48
41700 72
41710 54
41720 49
41730 56
41740 52
41750 64
41760 52
41770 70
41780 50
41790 56
41800 49
41810 57
41820 76
41830 57
41840 61
41850 49
41860 63
41870 64
41880 63
41890 49
41900 45
41910 45
41920 68
41930 58
41940 59
41950 58
41960 54
41970 58
41980 56
41990 54
42000 60
42010 56
42020 54
42030 40
42040 56
42050 58
42060 44
42070 42
42080 40
42090 43
42100 47
42110 58
42120 48
42130 53
42140 53
42150 67
42160 55
42170 63
42180 65
42190 54
42200 49
42210 56
42220 51
42230 64
42240 51
42250 71
42260 61
42270 64
42280 58
42290 55
42300 49
42310 55
42320 58
42330 54
42340 57
42350 49
42360 65
42370 49
42380 44
42390 55
42400 51
42410 57
42420 50
42430 60
42440 52
42450 65
42460 46
42470 53
42480 75
42490 46
42500 59
42510 49
42520 53
42530 52
42540 58
42550 47
42560 64
42570 48
42580 50
42590 58
42600 46
42610 62
42620 66
42630 55
42640 51
42650 59
42660 50
42670 48
42680 72
42690 60
42700 69
42710 53
42720 51
42730 58
42740 55
42750 57
42760 62
42770 66
42780 87
42790 65
42800 62
42810 67
42820 58
42830 59
42840 56
42850 49
42860 66
42870 58
42880 82
42890 82
42900 63
42910 54
42920 69
42930 32
42940 86
42950 84
42960 83
42970 55
42980 77
42990 68
43000 63
43010 67
43020 73
43030 52
43040 60
43050 71
43060 63
43070 68
43080 73
43090 52
43100 61
43110 48
43120 59
43130 55
43140 66
43150 77
43160 65
43170 60
43180 77
43190 69
43200 70
43210 77
43220 50
43230 65
43240 52
43250 52
43260 53
43270 78
43280 61
43290 66
43300 45
43310 70
43320 42
43330 56
43340 71
43350 48
43360 46
43370 45
43380 52
43390 58
43400 60
43410 51
43420 46
43430 77
43440 63
43450 70
43460 55
43470 66
43480 64
43490 44
43500 40
43510 55
43520 52
43530 74
43540 56
43550 52
43560 58
43570 41
43580 56
43590 43
43600 57
43610 39
43620 53
43630 43
43640 55
43650 55
43660 61
43670 37
43680 53
43690 57
43700 68
43710 61
43720 44
43730 33
43740 64
43750 63
43760 55
43770 46
43780 65
43790 46
43800 46
43810 65
43820 62
43830 54
43840 58
43850 52
43860 56
43870 52
43880 49
43890 61
43900 50
43910 71
43920 50
43930 43
43940 62
43950 60
43960 60
43970 71
43980 80
43990 83
44000 77
44010 73
44020 88
44030 83
44040 72
44050 77
44060 68
44070 71
44080 65
44090 51
44100 57
44110 58
44120 68
44130 75
44140 61
44150 66
44160 71
44170 74
44180 71
44190 84
44200 65
44210 69
44220 60
44230 62
44240 55
44250 57
44260 60
44270 64
44280 61
44290 56
44300 56
44310 46
44320 65
44330 52
44340 62
44350 53
44360 58
44370 59
44380 36
44390 39
44400 27
44410 40
44420 45
44430 43
44440 54
44450 40
44460 56
44470 67
44480 40
44490 61
44500 54
44510 63
44520 52
44530 56
44540 54
44550 45
44560 32
44570 36
44580 44
44590 52
44600 42
44610 53
44620 47
44630 44
44640 50
44650 67
44660 55
44670 53
44680 48
44690 59
44700 62
44710 64
44720 53
44730 60
44740 60
44750 59
44760 49
44770 48
44780 38
44790 55
44800 53
44810 43
44820 55
44830 55
44840 49
44850 56
44860 64
44870 50
44880 36
44890 61
44900 48
44910 50
44920 58
44930 53
44940 52
44950 46
44960 58
44970 46
44980 46
44990 51
45000 40
45010 59
45020 59
45030 56
45040 59
45050 66
45060 45
45070 59
45080 59
45090 59
45100 81
45110 68
45120 73
45130 75
45140 68
45150 47
45160 63
45170 54
45180 63
45190 68
45200 53
45210 68
45220 62
45230 39
45240 61
45250 58
45260 44
45270 61
45280 65
45290 74
45300 56
45310 60
45320 67
45330 77
45340 55
45350 65
45360 58
45370 65
45380 56
45390 52
45400 55
45410 74
45420 35
45430 53
45440 60
45450 46
45460 61
45470 59
45480 57
45490 46
45500 55
45510 55
45520 62
45530 53
45540 39
45550 61
45560 45
45570 72
45580 68
45590 65
45600 77
45610 61
45620 67
45630 78
45640 70
45650 65
45660 64
45670 53
45680 62
45690 51
45700 60
45710 62
45720 59
45730 59
45740 50
45750 55
45760 54
45770 50
45780 60
45790 57
45800 50
45810 64
45820 69
45830 60
45840 61
45850 51
45860 58
45870 68
45880 57
45890 60
45900 70
45910 65
45920 61
45930 60
45940 67
45950 63
45960 61
45970 47
45980 52
45990 60
46000 64
46010 50
46020 56
46030 59
46040 49
46050 57
46060 51
46070 56
46080 61
46090 68
46100 59
46110 63
46120 65
46130 59
46140 66
46150 59
46160 59
46170 71
46180 54
46190 51
46200 67
46210 49
46220 44
46230 62
46240 58
46250 55
46260 64
46270 66
46280 44
46290 58
46300 55
46310 61
46320 46
46330 61
46340 47
46350 71
46360 45
46370 57
46380 46
46390 55
46400 47
46410 36
46420 63
46430 48
46440 57
46450 61
46460 67
46470 61
46480 78
46490 63
46500 55
46510 68
46520 55
46530 66
46540 58
46550 56
46560 50
46570 54
46580 53
46590 65
46600 60
46610 68
46620 62
46630 47
46640 40
46650 61
46660 57
46670 44
46680 53
46690 57
46700 45
46710 48
46720 60
46730 56
46740 61
46750 59
46760 53
46770 57
46780 64
46790 37
46800 54
46810 56
46820 58
46830 61
46840 71
46850 42
46860 49
46870 44
46880 61
46890 51
46900 43
46910 41
46920 53
46930 39
46940 49
46950 54
46960 70
46970 59
46980 49
46990 31
47000 57
47010 58
47020 45
47030 62
47040 57
47050 55
47060 43
47070 63
47080 39
47090 59
47100 73
47110 70
47120 47
47130 39
47140 53
47150 60
47160 37
47170 64
47180 49
47190 53
47200 63
47210 55
47220 49
47230 73
47240 58
47250 58
47260 61
47270 64
47280 61
47290 68
47300 56
47310 60
47320 58
47330 61
47340 60
47350 51
47360 51
47370 55
47380 63
47390 63
47400 63
47410 60
47420 55
47430 66
47440 67
47450 48
47460 76
47470 58
47480 41
47490 61
47500 78
47510 61
47520 63
47530 52
47540 67
47550 61
47560 66
47570 60
47580 52
47590 55
47600 64
47610 51
47620 49
47630 58
47640 59
47650 48
47660 52
47670 60
47680 47
47690 48
47700 40
47710 51
47720 55
47730 45
47740 37
47750 50
47760 52
47770 54
47780 64
47790 66
47800 55
47810 42
47820 62
47830 54
47840 57
47850 60
47860 58
47870 71
47880 52
47890 76
47900 62
47910 58
47920 39
47930 68
47940 55
47950 47
47960 61
47970 70
47980 45
47990 68
48000 65
48010 40
48020 59
48030 50
48040 62
48050 47
48060 54
48070 66
48080 65
48090 58
48100 62
48110 56
48120 67
48130 65
48140 54
48150 51
48160 66
48170 61
48180 63
48190 64
48200 53
48210 57
48220 57
48230 62
48240 55
48250 57
48260 59
48270 71
48280 60
48290 68
48300 62
48310 61
48320 57
48330 67
48340 65
48350 45
48360 54
48370 67
48380 42
48390 71
48400 60
48410 59
48420 73
48430 59
48440 55
48450 64
48460 58
48470 58
48480 67
48490 58
48500 59
48510 56
48520 64
48530 73
48540 58
48550 52
48560 45
48570 59
48580 55
48590 44
48600 50
48610 59
48620 56
48630 69
48640 65
48650 49
48660 66
48670 42
48680 55
48690 63
48700 61
48710 63
48720 72
48730 49
48740 42
48750 62
48760 58
48770 47
48780 30
48790 33
48800 34
48810 38
48820 48
48830 80
48840 68
48850 62
48860 36
48870 37
48880 48
48890 55
48900 43
48910 50
48920 65
48930 66
48940 45
48950 49
48960 67
48970 62
48980 69
48990 76
49000 53
49010 58
49020 53
49030 66
49040 54
49050 57
49060 59
49070 60
49080 65
49090 54
49100 43
49110 47
49120 58
49130 71
49140 48
49150 56
49160 50
49170 73
49180 52
49190 46
49200 49
49210 44
49220 43
49230 46
49240 42
49250 38
49260 79
49270 47
49280 42
49290 35
49300 53
49310 57
49320 50
49330 49
49340 52
49350 56
49360 65
49370 60
49380 62
49390 48
49400 35
49410 56
49420 60
49430 60
49440 69
49450 61
49460 53
49470 78
49480 52
49490 61
49500 68
49510 62
49520 55
49530 53
49540 57
49550 56
49560 76
49570 75
49580 66
49590 52
49600 70
49610 50
49620 53
49630 61
49640 63
49650 60
49660 62
49670 72
49680 59
49690 67
49700 66
49710 66
49720 64
49730 56
49740 71
49750 58
49760 51
49770 66
49780 64
49790 46
49800 51
49810 43
49820 49
49830 51
49840 38
49850 58
49860 59
49870 29
49880 51
49890 58
49900 65
49910 43
49920 50
49930 59
49940 61
49950 49
49960 33
49970 36
49980 52
49990 46
50000 63
50010 53
50020 49
50030 59
50040 52
50050 52
50060 57
50070 51
50080 73
50090 66
50100 58
50110 65
50120 80
50130 69
50140 42
50150 46
50160 45
50170 47
50180 55
50190 53
50200 57
50210 44
50220 45
50230 62
50240 36
50250 55
50260 39
50270 61
50280 62
50290 64
50300 57
50310 66
50320 68
50330 73
50340 67
50350 64
50360 65
50370 51
50380 52
50390 59
50400 60
50410 50
50420 64
50430 47
50440 45
50450 46
50460 58
50470 44
50480 59
50490 43
50500 53
50510 43
50520 50
50530 60
50540 51
50550 54
50560 62
50570 47
50580 54
50590 52
50600 50
50610 50
50620 55
50630 32
50640 42
50650 51
50660 46
50670 51
50680 32
50690 51
50700 52
50710 61
50720 53
50730 45
50740 56
50750 52
50760 40
50770 42
50780 64
50790 66
50800 60
50810 64
50820 36
50830 59
50840 56
50850 52
50860 44
50870 66
50880 47
50890 56
50900 64
50910 61
50920 58
50930 60
50940 36
50950 50
50960 48
50970 49
50980 69
50990 74
51000 70
51010 48
51020 63
51030 47
51040 82
51050 48
51060 24
51070 24
51080 65
51090 66
51100 37
51110 50
51120 68
51130 65
51140 45
51150 40
51160 44
51170 52
51180 38
51190 48
51200 60
51210 54
51220 44
51230 62
51240 63
51250 65
51260 64
51270 53
51280 57
51290 50
51300 62
51310 67
51320 62
51330 50
51340 54
51350 57
51360 54
51370 58
51380 53
51390 72
51400 57
51410 50
51420 57
51430 71
51440 71
51450 66
51460 70
51470 61
51480 64
51490 66
51500 64
51510 61
51520 69
51530 69
51540 70
51550 66
51560 68
51570 60
51580 55
51590 51
51600 74
51610 57
51620 76
51630 61
51640 58
51650 68
51660 75
51670 62
51680 60
51690 63
51700 44
51710 75
51720 54
51730 54
51740 58
51750 66
51760 62
51770 50
51780 69
51790 58
51800 52
51810 37
51820 53
51830 61
51840 57
51850 57
51860 63
51870 61
51880 55
51890 74
51900 60
51910 63
51920 63
51930 64
51940 67
51950 75
51960 59
51970 70
51980 59
51990 52
52000 50
52010 58
52020 48
52030 39
52040 75
52050 69
52060 54
52070 83
52080 92
52090 72
52100 71
52110 75
52120 56
52130 69
52140 60
52150 47
52160 65
52170 53
52180 55
52190 59
52200 61
52210 83
52220 55
52230 46
52240 65
52250 64
52260 81
52270 53
52280 42
52290 52
52300 53
52310 56
52320 89
52330 68
52340 75
52350 65
52360 50
52370 70
52380 54
52390 59
52400 69
52410 56
52420 75
52430 68
52440 66
52450 69
52460 68
52470 57
52480 71
52490 71
52500 86
52510 63
52520 81
52530 55
52540 65
52550 56
52560 71
52570 66
52580 73
52590 86
52600 68
52610 58
52620 71
52630 86
52640 55
52650 66
52660 73
52670 52
52680 73
52690 59
52700 39
52710 68
52720 71
52730 76
52740 50
52750 84
52760 62
52770 94
52780 86
52790 55
52800 48
52810 56
52820 53
52830 54
52840 57
52850 44
52860 64
52870 60
52880 44
52890 57
52900 50
52910 67
52920 53
52930 60
52940 60
52950 69
52960 59
52970 66
52980 68
52990 70
53000 64
53010 74
53020 63
53030 78
53040 64
53050 52
53060 66
53070 63
53080 61
53090 59
53100 50
53110 75
53120 77
53130 71
53140 66
53150 49
53160 72
53170 68
53180 54
53190 57
53200 77
53210 80
53220 72
53230 68
53240 71
53250 56
53260 81
53270 68
53280 76
53290 77
53300 62
53310 71
53320 76
53330 63
53340 54
53350 81
53360 55
53370 67
53380 69
53390 79
53400 68
53410 57
53420 56
53430 58
53440 71
53450 58
53460 61
53470 91
53480 62
53490 67
53500 79
53510 64
53520 63
53530 63
53540 64
53550 68
53560 50
53570 61
53580 52
53590 48
53600 56
53610 64
53620 61
53630 52
53640 68
53650 45
53660 56
53670 34
53680 68
53690 69
53700 64
53710 61
53720 62
53730 68
53740 72
53750 48
53760 83
53770 81
53780 71
53790 57
53800 71
53810 65
53820 39
53830 51
53840 63
53850 73
53860 59
53870 60
53880 55
53890 44
53900 49
53910 45
53920 51
53930 58
53940 73
53950 69
53960 58
53970 48
53980 50
53990 58
54000 65
54010 67
54020 64
54030 66
54040 50
54050 82
54060 82
54070 63
54080 65
54090 75
54100 65
54110 65
54120 76
54130 73
54140 70
54150 62
54160 71
54170 37
54180 50
54190 64
54200 37
54210 49
54220 60
54230 62
54240 67
54250 63
54260 64
54270 66
54280 74
54290 56
54300 69
54310 68
54320 72
54330 50
54340 49
54350 65
54360 67
54370 63
54380 64
54390 64
54400 75
54410 73
54420 89
54430 72
54440 62
54450 59
54460 66
54470 50
54480 75
54490 63
54500 69
54510 58
54520 63
54530 77
54540 61
54550 74
54560 84
54570 78
54580 79
54590 57
54600 75
54610 68
54620 66
54630 72
54640 76
54650 78
54660 56
54670 79
54680 75
54690 53
54700 72
54710 71
54720 47
54730 51
54740 58
54750 65
54760 53
54770 53
54780 64
54790 53
54800 50
54810 70
54820 56
54830 63
54840 72
54850 48
54860 71
54870 64
54880 62
54890 58
54900 55
54910 59
54920 72
54930 57
54940 57
54950 63
54960 55
54970 61
54980 58
54990 58
55000 60
55010 57
55020 60
55030 64
55040 51
55050 65
55060 51
55070 62
55080 64
55090 49
55100 69
55110 58
55120 58
55130 57
55140 66
55150 62
55160 60
55170 52
55180 66
55190 76
55200 74
55210 71
55220 61
55230 62
55240 60
55250 63
55260 71
55270 55
55280 59
55290 72
55300 76
55310 58
55320 48
55330 65
55340 69
55350 65
55360 63
55370 66
55380 52
55390 62
55400 57
55410 63
55420 65
55430 66
55440 62
55450 65
55460 67
55470 73
55480 55
55490 59
55500 70
55510 68
55520 55
55530 61
55540 54
55550 59
55560 56
55570 58
55580 79
55590 72
55600 67
55610 76
55620 69
55630 65
55640 72
55650 77
55660 80
55670 59
55680 55
55690 60
55700 64
55710 60
55720 43
55730 56
55740 70
55750 53
55760 58
55770 58
55780 61
55790 48
55800 56
55810 60
55820 52
55830 59
55840 64
55850 48
55860 52
55870 51
55880 47
55890 47
55900 52
55910 55
55920 57
55930 50
55940 58
55950 68
55960 65
55970 57
55980 72
55990 62
56000 72
56010 50
56020 60
56030 63
56040 65
56050 71
56060 74
56070 74
56080 62
56090 67
56100 87
56110 74
56120 69
56130 70
56140 52
56150 68
56160 55
56170 52
56180 77
56190 75
56200 56
56210 56
56220 49
56230 57
56240 60
56250 66
56260 57
56270 63
56280 67
56290 68
56300 62
56310 68
56320 60
56330 63
56340 56
56350 66
56360 70
56370 49
56380 55
56390 67
56400 62
56410 58
56420 56
56430 59
56440 70
56450 67
56460 57
56470 49
56480 53
56490 67
56500 60
56510 48
56520 52
56530 60
56540 68
56550 54
56560 58
56570 69
56580 68
56590 56
56600 62
56610 64
56620 68
56630 63
56640 67
56650 63
56660 56
56670 64
56680 51
56690 52
56700 60
56710 59
56720 44
56730 44
56740 44
56750 58
56760 57
56770 57
56780 59
56790 49
56800 77
56810 59
56820 53
56830 69
56840 55
56850 64
56860 46
56870 58
56880 55
56890 44
56900 60
56910 60
56920 53
56930 48
56940 47
56950 60
56960 54
56970 44
56980 45
56990 41
57000 47
57010 53
57020 64
57030 46
57040 60
57050 42
57060 75
57070 54
57080 57
57090 55
57100 52
57110 60
57120 65
57130 55
57140 51
57150 56
57160 60
57170 61
57180 53
57190 58
57200 64
57210 63
57220 54
57230 60
57240 58
57250 42
57260 52
57270 42
57280 46
57290 43
57300 53
57310 55
57320 60
57330 50
57340 58
57350 57
57360 43
57370 55
57380 53
57390 56
57400 70
57410 72
57420 74
57430 58
57440 62
57450 58
57460 60
57470 49
57480 52
57490 50
57500 50
57510 60
57520 38
57530 50
57540 49
57550 52
57560 64
57570 50
57580 58
57590 82
57600 62
57610 64
57620 75
57630 66
57640 75
57650 70
57660 57
57670 56
57680 66
57690 57
57700 64
57710 72
57720 65
57730 61
57740 63
57750 56
57760 58
57770 69
57780 58
57790 61
57800 55
57810 55
57820 70
57830 55
57840 63
57850 58
57860 64
57870 75
57880 40
57890 67
57900 58
57910 36
57920 39
57930 58
57940 47
57950 58
57960 53
57970 51
57980 59
57990 41
58000 52
58010 57
58020 51
58030 43
58040 33
58050 51
58060 44
58070 59
58080 55
58090 41
58100 72
58110 61
58120 74
58130 61
58140 46
58150 59
58160 69
58170 51
58180 57
58190 83
58200 64
58210 69
58220 56
58230 62
58240 62
58250 62
58260 70
58270 66
58280 70
58290 82
58300 65
58310 84
58320 59
58330 59
58340 50
58350 66
58360 45
58370 62
58380 48
58390 49
58400 59
58410 61
58420 54
58430 53
58440 64
58450 59
58460 41
58470 44
58480 53
58490 64
58500 37
58510 56
58520 59
58530 53
58540 44
58550 43
58560 78
58570 33
58580 42
58590 73
58600 62
58610 53
58620 56
58630 55
58640 56
58650 82
58660 59
58670 48
58680 51
58690 65
58700 52
58710 67
58720 48
58730 53
58740 64
58750 60
58760 68
58770 51
58780 61
58790 52
58800 57
58810 44
58820 55
58830 54
58840 49
58850 48
58860 59
58870 57
58880 54
58890 63
58900 54
58910 65
58920 59
58930 63
58940 60
58950 76
58960 54
58970 54
58980 55
58990 61
59000 52
59010 74
59020 68
59030 58
59040 69
59050 65
59060 72
59070 56
59080 60
59090 63
59100 48
59110 42
59120 47
59130 51
59140 54
59150 62
59160 80
59170 62
59180 55
59190 74
59200 67
59210 73
59220 53
59230 63
59240 54
59250 44
59260 53
59270 57
59280 52
59290 51
59300 48
59310 51
59320 38
59330 70
59340 48
59350 76
59360 63
59370 64
59380 54
59390 60
59400 45
59410 47
59420 65
59430 75
59440 68
59450 76
59460 75
59470 74
59480 66
59490 55
59500 63
59510 45
59520 52
59530 52
59540 55
59550 64
59560 57
59570 73
59580 58
59590 32
59600 67
59610 69
59620 64
59630 82
59640 75
59650 64
59660 69
59670 69
59680 62
59690 68
59700 74
59710 63
59720 65
59730 63
59740 60
59750 64
59760 65
59770 52
59780 53
59790 69
59800 75
59810 71
59820 60
59830 59
59840 59
59850 52
59860 34
59870 50
59880 62
59890 69
59900 76
59910 59
59920 52
59930 58
59940 48
59950 49
59960 51
59970 47
59980 58
59990 51
60000 51
60010 56
60020 78
60030 51
60040 58
60050 42
60060 66
60070 45
60080 56
60090 57
60100 61
60110 62
60120 59
60130 41
60140 58
60150 54
60160 51
60170 51
60180 52
60190 49
60200 56
60210 57
60220 54
60230 49
60240 61
60250 42
60260 70
60270 51
60280 50
60290 48
60300 46
60310 50
60320 57
60330 62
60340 54
60350 52
60360 50
60370 51
60380 59
60390 55
60400 47
60410 63
60420 44
60430 60
60440 58
60450 47
60460 59
60470 38
60480 54
60490 56
60500 71
60510 44
60520 40
60530 55
60540 66
60550 49
60560 55
60570 52
60580 69
60590 52
60600 44
60610 46
60620 42
60630 63
60640 49
60650 53
60660 62
60670 62
60680 59
60690 70
60700 57
60710 59
60720 55
60730 59
60740 57
60750 47
60760 58
60770 55
60780 64
60790 61
60800 65
60810 43
60820 60
60830 50
60840 56
60850 53
60860 42
60870 59
60880 66
60890 41
60900 62
60910 72
60920 56
60930 43
60940 53
60950 56
60960 48
60970 60
60980 49
60990 46
61000 66
61010 48
61020 57
61030 52
61040 57
61050 51
61060 56
61070 62
61080 54
61090 53
61100 55
61110 51
61120 61
61130 70
61140 63
61150 65
61160 48
61170 52
61180 77
61190 56
61200 51
61210 71
61220 76
61230 47
61240 64
61250 60
61260 69
61270 53
61280 50
61290 69
61300 50
61310 46
61320 62
61330 52
61340 57
61350 58
61360 50
61370 48
61380 65
61390 56
61400 58
61410 48
61420 75
61430 69
61440 58
61450 60
61460 45
61470 48
61480 48
61490 76
61500 47
61510 40
61520 50
61530 67
61540 72
61550 68
61560 73
61570 61
61580 69
61590 60
61600 57
61610 71
61620 76
61630 78
61640 85
61650 62
61660 54
61670 78
61680 81
61690 68
61700 70
61710 67
61720 60
61730 82
61740 56
61750 57
61760 66
61770 56
61780 78
61790 69
61800 52
61810 60
61820 47
61830 66
61840 70
61850 65
61860 57
61870 63
61880 80
61890 75
61900 72
61910 66
61920 72
61930 51
61940 70
61950 73
61960 88
61970 67
61980 87
61990 77
62000 75
62010 78
62020 84
62030 56
62040 54
62050 68
62060 66
62070 65
62080 57
62090 65
62100 73
62110 71
62120 83
62130 57
62140 59
62150 79
62160 58
62170 92
62180 53
62190 85
62200 48
62210 80
62220 60
62230 87
62240 67
62250 79
62260 71
62270 67
62280 76
62290 53
62300 64
62310 70
62320 71
62330 60
62340 57
62350 56
62360 64
62370 79
62380 59
62390 67
62400 58
62410 58
62420 56
62430 66
62440 50
62450 69
62460 59
62470 55
62480 55
62490 56
62500 49
62510 52
62520 62
62530 58
62540 60
62550 62
62560 89
62570 54
62580 83
62590 70
62600 69
62610 73
62620 82
62630 75
62640 62
62650 52
62660 65
62670 70
62680 61
62690 54
62700 45
62710 55
62720 51
62730 58
62740 80
62750 54
62760 59
62770 48
62780 49
62790 58
62800 58
62810 59
62820 53
62830 56
62840 62
62850 60
62860 73
62870 68
62880 54
62890 55
62900 71
62910 52
62920 73
62930 53
62940 79
62950 56
62960 37
62970 51
62980 63
62990 52
63000 46
63010 71
63020 71
63030 33
63040 58
63050 50
63060 57
63070 73
63080 58
63090 49
63100 48
63110 56
63120 75
63130 56
63140 52
63150 52
63160 60
63170 59
63180 55
63190 52
63200 52
63210 53
63220 52
63230 60
63240 67
63250 65
63260 51
63270 80
63280 63
63290 59
63300 50
63310 71
63320 66
63330 56
63340 64
63350 50
63360 68
63370 42
63380 54
63390 55
63400 61
63410 59
63420 63
63430 54
63440 49
63450 55
63460 78
63470 57
63480 49
63490 63
63500 59
63510 49
63520 64
63530 56
63540 64
63550 51
63560 63
63570 39
63580 52
63590 59
63600 57
63610 59
63620 66
63630 76
63640 67
63650 58
63660 52
63670 61
63680 59
63690 60
63700 56
63710 56
63720 49
63730 56
63740 46
63750 59
63760 56
63770 59
63780 65
63790 75
63800 71
63810 63
63820 53
63830 71
63840 56
63850 57
63860 65
63870 72
63880 40
63890 56
63900 40
63910 65
63920 64
63930 72
63940 69
63950 71
63960 67
63970 71
63980 65
63990 55
64000 51
64010 53
64020 55
64030 54
64040 68
64050 52
64060 45
64070 40
64080 47
64090 61
64100 73
64110 61
64120 54
64130 51
64140 52
64150 59
64160 38
64170 55
64180 56
64190 64
64200 53
64210 59
64220 62
64230 75
64240 67
64250 46
64260 63
64270 61
64280 65
64290 66
64300 64
64310 60
64320 51
64330 49
64340 41
64350 65
64360 55
64370 61
64380 83
64390 48
64400 62
64410 32
64420 35
64430 37
64440 73
64450 62
64460 63
64470 39
64480 68
64490 63
64500 55
64510 49
64520 63
64530 52
64540 61
64550 49
64560 42
64570 53
64580 47
64590 46
64600 64
64610 57
64620 50
64630 58
64640 68
64650 61
64660 55
64670 61
64680 52
64690 61
64700 55
64710 66
64720 60
64730 58
64740 63
64750 47
64760 55
64770 44
64780 60
64790 50
64800 46
64810 66
64820 48
64830 53
64840 66
64850 64
64860 71
64870 64
64880 85
64890 69
64900 54
64910 69
64920 61
64930 55
64940 64
64950 75
64960 79
64970 65
64980 67
64990 57
65000 55
65010 76
65020 74
65030 67
65040 67
65050 51
65060 70
65070 66
65080 62
65090 63
65100 56
65110 62
65120 54
65130 66
65140 62
65150 66
65160 71
65170 59
65180 59
65190 64
65200 54
65210 59
65220 67
65230 73
65240 54
65250 66
65260 48
65270 66
65280 65
65290 54
65300 71
65310 52
65320 46
65330 38
65340 63
65350 71
65360 40
65370 78
65380 51
65390 66
65400 59
65410 55
65420 58
65430 62
65440 55
65450 59
65460 65
65470 65
65480 53
65490 59
65500 62
65510 66
65520 50
65530 69
65540 62
65550 71
65560 71
65570 54
65580 59
65590 45
65600 53
65610 66
65620 55
65630 67
65640 60
65650 56
65660 52
65670 67
65680 44
65690 67
65700 55
65710 48
65720 60
65730 62
65740 66
65750 55
65760 60
65770 59
65780 57
65790 58
65800 72
65810 73
65820 61
65830 61
65840 54
65850 52
65860 43
65870 75
65880 50
65890 71
65900 58
65910 68
65920 60
65930 53
65940 53
65950 52
65960 64
65970 53
65980 56
65990 55
66000 59
66010 51
66020 61
66030 60
66040 46
66050 56
66060 57
66070 59
66080 44
66090 53
66100 59
66110 61
66120 45
66130 66
66140 58
66150 50
66160 76
66170 51
66180 63
66190 50
66200 53
66210 58
66220 51
66230 48
66240 65
66250 53
66260 60
66270 70
66280 61
66290 61
66300 72
66310 51
66320 63
66330 64
66340 57
66350 66
66360 68
66370 57
66380 68
66390 61
66400 55
66410 50
66420 62
66430 52
66440 62
66450 58
66460 54
66470 52
66480 61
66490 64
66500 37
66510 57
66520 58
66530 59
66540 52
66550 53
66560 51
66570 50
66580 68
66590 60
66600 52
66610 56
66620 63
66630 61
66640 59
66650 57
66660 43
66670 46
66680 51
66690 51
66700 57
66710 57
66720 63
66730 54
66740 61
66750 55
66760 58
66770 44
66780 46
66790 61
66800 64
66810 52
66820 50
66830 43
66840 47
66850 46
66860 63
66870 70
66880 56
66890 44
66900 70
66910 66
66920 59
66930 60
66940 52
66950 78
66960 65
66970 58
66980 50
66990 60
67000 74
67010 61
67020 54
67030 47
67040 39
67050 55
67060 72
67070 51
67080 57
67090 57
67100 67
67110 67
67120 74
67130 82
67140 63
67150 44
67160 63
67170 48
67180 57
67190 64
67200 66
67210 54
67220 62
67230 53
67240 68
67250 75
67260 74
67270 66
67280 61
67290 65
67300 69
67310 70
67320 46
67330 71
67340 70
67350 67
67360 65
67370 63
67380 69
67390 68
67400 64
67410 64
67420 64
67430 72
67440 80
67450 63
67460 68
67470 82
67480 77
67490 57
67500 70
67510 79
67520 60
67530 72
67540 80
67550 58
67560 71
67570 73
67580 56
67590 56
67600 83
67610 85
67620 68
67630 69
67640 67
67650 62
67660 90
67670 79
67680 81
67690 74
67700 58
67710 71
67720 65
67730 49
67740 51
67750 80
67760 69
67770 72
67780 73
67790 68
67800 64
67810 69
67820 56
67830 65
67840 71
67850 56
67860 89
67870 42
67880 58
67890 58
67900 53
67910 62
67920 51
67930 51
67940 55
67950 52
67960 49
67970 51
67980 47
67990 58
68000 60
68010 68
68020 82
68030 54
68040 47
68050 59
68060 65
68070 65
68080 73
68090 78
68100 49
68110 62
68120 50
68130 66
68140 81
68150 80
68160 55
68170 65
68180 57
68190 61
68200 65
68210 77
68220 77
68230 74
68240 63
68250 67
68260 70
68270 65
68280 58
68290 56
68300 71
68310 66
68320 58
68330 57
68340 65
68350 43
68360 61
68370 55
68380 78
68390 64
68400 66
68410 60
68420 46
68430 43
68440 59
68450 77
68460 64
68470 59
68480 60
68490 73
68500 69
68510 74
68520 73
68530 49
68540 47
68550 71
68560 59
68570 75
68580 60
68590 49
68600 83
68610 67
68620 63
68630 77
68640 81
68650 77
68660 61
68670 73
68680 77
68690 56
68700 34
68710 58
68720 57
68730 53
68740 55
68750 61
68760 56
68770 62
68780 42
68790 79
68800 67
68810 71
68820 51
68830 72
68840 52
68850 61
68860 58
68870 58
68880 75
68890 70
68900 86
68910 88
68920 54
68930 79
68940 71
68950 73
68960 59
68970 76
68980 69
68990 78
69000 51
69010 72
69020 91
69030 85
69040 83
69050 86
69060 46
69070 57
69080 67
69090 74
69100 70
69110 74
69120 57
69130 60
69140 72
69150 81
69160 78
69170 79
69180 70
69190 68
69200 86
69210 55
69220 55
69230 88
69240 54
69250 55
69260 49
69270 51
69280 61
69290 55
69300 60
69310 60
69320 54
69330 65
69340 49
69350 60
69360 49
69370 61
69380 53
69390 42
69400 53
69410 48
69420 55
69430 59
69440 51
69450 52
69460 45
69470 53
69480 52
69490 41
69500 42
69510 78
69520 60
69530 54
69540 51
69550 64
69560 48
69570 52
69580 45
69590 37
69600 63
69610 56
69620 50
69630 48
69640 72
69650 71
69660 79
69670 51
69680 83
69690 46
69700 40
69710 63
69720 64
69730 82
69740 95
69750 69
69760 59
69770 41
69780 70
69790 62
69800 60
69810 59
69820 62
69830 66
69840 57
69850 56
69860 66
69870 63
69880 55
69890 46
69900 58
69910 51
69920 53
69930 61
69940 52
69950 77
69960 54
69970 55
69980 62
69990 55
70000 68
70010 56
70020 70
70030 48
70040 62
70050 73
70060 60
70070 63
70080 60
70090 63
70100 57
70110 70
70120 68
70130 63
70140 60
70150 54
70160 68
70170 56
70180 65
70190 51
70200 36
70210 50
70220 58
70230 72
70240 58
70250 61
70260 72
70270 53
70280 75
70290 56
70300 76
70310 50
70320 58
70330 70
70340 66
70350 70
70360 52
70370 53
70380 62
70390 66
70400 62
70410 53
70420 78
70430 68
70440 74
70450 66
70460 43
70470 62
70480 47
70490 55
70500 92
70510 78
70520 59
70530 70
70540 65
70550 59
70560 51
70570 66
70580 70
70590 59
70600 61
70610 63
70620 58
70630 68
70640 59
70650 67
70660 66
70670 54
70680 61
70690 61
70700 69
70710 73
70720 49
70730 52
70740 74
70750 56
70760 67
70770 47
70780 48
70790 73
70800 61
70810 53
70820 47
70830 60
70840 57
70850 60
70860 62
70870 45
70880 68
70890 46
70900 63
70910 47
70920 39
70930 51
70940 53
70950 69
70960 64
70970 51
70980 56
70990 51
71000 61
71010 64
71020 76
71030 41
71040 71
71050 54
71060 54
71070 61
71080 69
71090 66
71100 55
71110 64
71120 57
71130 48
71140 56
71150 51
71160 53
71170 61
71180 48
71190 45
71200 64
71210 60
71220 61
71230 58
71240 70
71250 60
71260 48
71270 49
71280 65
71290 61
71300 43
71310 58
71320 83
71330 75
71340 68
71350 55
71360 67
71370 66
71380 46
71390 54
71400 59
71410 37
71420 39
71430 49
71440 50
71450 57
71460 56
71470 59
71480 49
71490 66
71500 60
71510 45
71520 41
71530 44
71540 64
71550 59
71560 48
71570 41
71580 50
71590 58
71600 55
71610 50
71620 36
71630 61
71640 42
71650 55
71660 43
71670 49
71680 46
71690 50
71700 49
71710 57
71720 56
71730 49
71740 57
71750 52
71760 60
71770 44
71780 54
71790 44
71800 50
71810 48
71820 40
71830 52
71840 59
71850 47
71860 42
71870 61
71880 65
71890 61
71900 42
71910 84
71920 48
71930 56
71940 43
71950 40
71960 59
71970 65
71980 56
71990 37
72000 61
72010 51
72020 55
72030 68
72040 64
72050 49
72060 64
72070 61
72080 46
72090 53
72100 55
72110 49
72120 42
72130 53
72140 46
72150 45
72160 50
72170 55
72180 59
72190 48
72200 39
72210 48
72220 45
72230 49
72240 58
72250 58
72260 50
72270 51
72280 46
72290 60
72300 66
72310 63
72320 59
72330 47
72340 63
72350 57
72360 53
72370 71
72380 45
72390 43
72400 58
72410 68
72420 54
72430 43
72440 60
72450 50
72460 57
72470 63
72480 57
72490 63
72500 59
72510 47
72520 62
72530 59
72540 52
72550 62
72560 59
72570 47
72580 48
72590 63
72600 48
72610 52
72620 66
72630 58
72640 65
72650 61
72660 60
72670 60
72680 58
72690 61
72700 68
72710 59
72720 61
72730 55
72740 75
72750 53
72760 70
72770 58
72780 56
72790 55
72800 52
72810 49
72820 61
72830 51
72840 50
72850 68
72860 70
72870 41
72880 39
72890 52
72900 60
72910 69
72920 49
72930 60
72940 68
72950 50
72960 62
72970 47
72980 49
72990 53
73000 48
73010 58
73020 64
73030 46
73040 60
73050 53
73060 66
73070 54
73080 58
73090 65
73100 50
73110 66
73120 58
73130 77
73140 66
73150 68
73160 66
73170 61
73180 51
73190 55
73200 50
73210 59
73220 40
73230 54
73240 65
73250 46
73260 48
73270 55
73280 51
73290 39
73300 70
73310 53
73320 65
73330 55
73340 60
73350 54
73360 79
73370 32
73380 54
73390 66
73400 49
73410 62
73420 70
73430 64
73440 63
73450 73
73460 58
73470 39
73480 40
73490 46
73500 68
73510 59
73520 47
73530 72
73540 48
73550 47
73560 49
73570 48
73580 46
73590 46
73600 51
73610 54
73620 43
73630 69
73640 47
73650 53
73660 55
73670 55
73680 59
73690 59
73700 49
73710 50
73720 49
73730 59
73740 53
73750 63
73760 65
73770 57
73780 55
73790 57
73800 63
73810 57
73820 64
73830 52
73840 58
73850 64
73860 58
73870 78
73880 47
73890 44
73900 60
73910 54
73920 60
73930 39
73940 51
73950 56
73960 46
73970 68
73980 59
73990 74
74000 58
74010 71
74020 65
74030 59
74040 75
74050 61
74060 51
74070 64
74080 81
74090 45
74100 72
74110 59
74120 72
74130 45
74140 43
74150 59
74160 54
74170 58
74180 63
74190 57
74200 47
74210 56
74220 55
74230 64
74240 64
74250 51
74260 65
74270 56
74280 57
74290 59
74300 63
74310 46
74320 67
74330 52
74340 70
74350 56
74360 48
74370 63
74380 70
74390 51
74400 60
74410 55
74420 52
74430 65
74440 58
74450 62
74460 77
74470 62
74480 54
74490 53
74500 45
74510 54
74520 58
74530 55
74540 54
74550 44
74560 59
74570 71
74580 67
74590 54
74600 55
74610 49
74620 59
74630 50
74640 63
74650 45
74660 54
74670 80
74680 47
74690 66
74700 57
74710 77
74720 61
74730 57
74740 48
74750 47
74760 64
74770 52
74780 59
74790 58
74800 72
74810 63
74820 62
74830 62
74840 42
74850 57
74860 69
74870 58
74880 55
74890 55
74900 60
74910 52
74920 53
74930 49
74940 45
74950 57
74960 58
74970 34
74980 50
74990 53
75000 56
75010 57
75020 53
75030 55
75040 56
75050 58
75060 45
75070 49
75080 42
75090 45
75100 63
75110 49
75120 48
75130 42
75140 39
75150 53
75160 51
75170 47
75180 64
75190 55
75200 57
75210 52
75220 62
75230 54
75240 46
75250 64
75260 44
75270 52
75280 56
75290 59
75300 47
75310 37
75320 65
75330 48
75340 60
75350 49
75360 57
75370 53
75380 53
75390 31
75400 55
75410 54
75420 65
75430 60
75440 64
75450 69
75460 62
75470 46
75480 55
75490 50
75500 61
75510 56
75520 65
75530 56
75540 67
75550 53
75560 67
75570 67
75580 51
75590 53
75600 63
75610 65
75620 47
75630 59
75640 62
75650 34
75660 45
75670 61
75680 58
75690 47
75700 38
75710 58
75720 43
75730 55
75740 68
75750 48
75760 56
75770 58
75780 55
75790 63
75800 60
75810 50
75820 53
75830 51
75840 48
75850 53
75860 45
75870 61
75880 62
75890 42
75900 50
75910 51
75920 64
75930 70
75940 55
75950 42
75960 64
75970 40
75980 66
75990 57
76000 65
76010 50
76020 78
76030 60
76040 48
76050 46
76060 57
76070 53
76080 61
76090 52
76100 53
76110 43
76120 58
76130 61
76140 66
76150 57
76160 51
76170 50
76180 46
76190 42
76200 53
76210 57
76220 40
76230 51
76240 66
76250 47
76260 68
76270 51
76280 59
76290 61
76300 47
76310 63
76320 61
76330 51
76340 57
76350 56
76360 55
76370 69
76380 55
76390 63
76400 52
76410 53
76420 51
76430 50
76440 50
76450 52
76460 48
76470 55
76480 47
76490 50
76500 55
76510 47
76520 62
76530 55
76540 66
76550 52
76560 62
76570 48
76580 51
76590 62
76600 46
76610 51
76620 51
76630 42
76640 64
76650 53
76660 72
76670 61
76680 67
76690 65
76700 51
76710 61
76720 76
76730 57
76740 56
76750 59
76760 51
76770 65
76780 85
76790 53
76800 52
76810 67
76820 56
76830 62
76840 59
76850 57
76860 51
76870 68
76880 57
76890 60
76900 45
76910 35
76920 45
76930 39
76940 51
76950 58
76960 37
76970 66
76980 64
76990 50
77000 52
77010 52
77020 73
77030 71
77040 69
77050 76
77060 67
77070 68
77080 46
77090 61
77100 55
77110 62
77120 61
77130 59
77140 68
77150 51
77160 62
77170 59
77180 58
77190 57
77200 62
77210 49
77220 71
77230 70
77240 66
77250 65
77260 63
77270 49
77280 60
77290 51
77300 70
77310 56
77320 62
77330 63
77340 70
77350 67
77360 48
77370 71
77380 61
77390 61
77400 55
77410 58
77420 57
77430 56
77440 71
77450 48
77460 55
77470 51
77480 69
77490 64
77500 42
77510 53
77520 62
77530 54
77540 70
77550 64
77560 52
77570 64
77580 58
77590 66
77600 55
77610 66
77620 58
77630 60
77640 44
77650 58
77660 60
77670 68
77680 54
77690 66
77700 50
77710 58
77720 82
77730 60
77740 69
77750 62
77760 55
77770 54
77780 68
77790 60
77800 76
77810 68
77820 56
77830 50
77840 79
77850 68
77860 54
77870 62
77880 51
77890 54
77900 58
77910 52
77920 56
77930 60
77940 57
77950 54
77960 78
77970 66
77980 49
77990 48
78000 57
78010 65
78020 74
78030 70
78040 59
78050 50
78060 50
78070 56
78080 61
78090 53
78100 40
78110 59
78120 51
78130 55
78140 67
78150 54
78160 65
78170 80
78180 56
78190 59
78200 60
78210 46
78220 76
78230 67
78240 83
78250 66
78260 75
78270 66
78280 72
78290 57
78300 60
78310 75
78320 81
78330 87
78340 84
78350 83
78360 89
78370 87
78380 72
78390 88
78400 83
78410 65
78420 78
78430 77
78440 75
78450 68
78460 73
78470 70
78480 85
78490 69
78500 72
78510 75
78520 62
78530 70
78540 63
78550 77
78560 84
78570 74
78580 66
78590 47
78600 72
78610 81
78620 69
78630 83
78640 55
78650 69
78660 81
78670 78
78680 71
78690 83
78700 60
78710 75
78720 55
78730 68
78740 61
78750 69
78760 86
78770 90
78780 92
78790 76
78800 81
78810 70
78820 58
78830 70
78840 79
78850 66
78860 61
78870 71
78880 84
78890 75
78900 72
78910 72
78920 69
78930 52
78940 63
78950 62
78960 47
78970 50
78980 58
78990 66
79000 55
79010 66
79020 68
79030 58
79040 61
79050 80
79060 66
79070 62
79080 66
79090 59
79100 72
79110 70
79120 50
79130 67
79140 63
79150 63
79160 67
79170 64
79180 63
79190 84
79200 59
79210 59
79220 56
79230 52
79240 51
79250 67
79260 56
79270 53
79280 45
79290 62
79300 53
79310 57
79320 58
79330 54
79340 61
79350 70
79360 69
79370 59
79380 62
79390 64
79400 66
79410 60
79420 72
79430 53
79440 78
79450 58
79460 55
79470 64
79480 50
79490 60
79500 64
79510 50
79520 61
79530 70
79540 58
79550 69
79560 61
79570 54
79580 77
79590 55
79600 69
79610 72
79620 48
79630 58
79640 62
79650 46
79660 60
79670 54
79680 73
79690 54
79700 66
79710 87
79720 57
79730 68
79740 64
79750 65
79760 47
79770 38
79780 73
79790 61
79800 62
79810 62
79820 71
79830 61
79840 64
79850 59
79860 56
79870 75
79880 59
79890 67
79900 43
79910 66
79920 73
79930 60
79940 82
79950 60
79960 50
79970 78
79980 65
79990 72
80000 62
80010 77
80020 63
80030 54
80040 70
80050 65
80060 71
80070 49
80080 57
80090 72
80100 78
80110 40
80120 54
80130 61
80140 51
80150 46
80160 59
80170 69
80180 51
80190 56
80200 59
80210 52
80220 49
80230 61
80240 60
80250 64
80260 71
80270 71
80280 58
80290 53
80300 83
80310 54
80320 56
80330 62
80340 64
80350 52
80360 73
80370 46
80380 59
80390 76
80400 52
80410 51
80420 63
80430 56
80440 59
80450 78
80460 64
80470 62
80480 53
80490 56
80500 64
80510 73
80520 73
80530 51
80540 71
80550 66
80560 55
80570 64
80580 54
80590 67
80600 45
80610 63
80620 53
80630 59
80640 46
80650 50
80660 58
80670 58
80680 47
80690 49
80700 47
80710 49
80720 67
80730 63
80740 48
80750 60
80760 52
80770 67
80780 69
80790 62
80800 72
80810 59
80820 58
80830 55
80840 59
80850 61
80860 63
80870 63
80880 55
80890 77
80900 43
80910 55
80920 47
80930 51
80940 67
80950 77
80960 73
80970 50
80980 58
80990 77
81000 70
81010 67
81020 53
81030 51
81040 62
81050 58
81060 59
81070 61
81080 56
81090 61
81100 66
81110 75
81120 67
81130 75
81140 83
81150 66
81160 53
81170 55
81180 47
81190 61
81200 52
81210 58
81220 59
81230 62
81240 67
81250 60
81260 56
81270 53
81280 59
81290 55
81300 53
81310 51
81320 81
81330 47
81340 44
81350 52
81360 66
81370 70
81380 53
81390 51
81400 57
81410 46
81420 51
81430 59
81440 63
81450 46
81460 43
81470 60
81480 42
81490 41
81500 51
81510 54
81520 44
81530 60
81540 40
81550 43
81560 37
81570 56
81580 65
81590 57
81600 52
81610 65
81620 62
81630 59
81640 61
81650 52
81660 62
81670 74
81680 69
81690 66
81700 65
81710 57
81720 62
81730 65
81740 54
81750 48
81760 59
81770 44
81780 63
81790 49
81800 67
81810 61
81820 49
81830 46
81840 51
81850 66
81860 64
81870 46
81880 62
81890 55
81900 46
81910 60
81920 58
81930 50
81940 34
81950 51
81960 55
81970 59
81980 49
81990 52
82000 54
82010 56
82020 55
82030 62
82040 52
82050 45
82060 68
82070 54
82080 54
82090 43
82100 53
82110 52
82120 66
82130 62
82140 50
82150 47
82160 65
82170 60
82180 51
82190 54
82200 49
82210 51
82220 53
82230 61
82240 46
82250 55
82260 58
82270 48
82280 46
82290 56
82300 57
82310 56
82320 49
82330 59
82340 50
82350 51
82360 45
82370 45
82380 41
82390 51
82400 49
82410 53
82420 49
82430 57
82440 65
82450 57
82460 55
82470 48
82480 65
82490 51
82500 48
82510 51
82520 58
82530 65
82540 51
82550 60
82560 65
82570 49
82580 52
82590 46
82600 57
82610 50
82620 49
82630 44
82640 48
82650 58
82660 70
82670 51
82680 50
82690 50
82700 51
82710 61
82720 51
82730 62
82740 55
82750 41
82760 50
82770 52
82780 47
82790 50
82800 54
82810 44
82820 67
82830 40
82840 72
82850 58
82860 57
82870 65
82880 64
82890 40
82900 61
82910 50
82920 56
82930 50
82940 69
82950 58
82960 43
82970 48
82980 53
82990 42
83000 65
83010 47
83020 43
83030 59
83040 48
83050 51
83060 58
83070 54
83080 51
83090 54
83100 52
83110 51
83120 53
83130 65
83140 51
83150 51
83160 59
83170 54
83180 54
83190 40
83200 48
83210 53
83220 61
83230 51
83240 59
83250 60
83260 54
83270 62
83280 51
83290 57
83300 52
83310 47
83320 62
83330 64
83340 74
83350 51
83360 46
83370 54
83380 46
83390 47
83400 49
83410 45
83420 50
83430 45
83440 57
83450 65
83460 56
83470 65
83480 49
83490 52
83500 53
83510 57
83520 38
83530 36
83540 56
83550 52
83560 44
83570 60
83580 42
83590 61
83600 60
83610 47
83620 50
83630 44
83640 49
83650 60
83660 45
83670 58
83680 52
83690 52
83700 71
83710 59
83720 56
83730 45
83740 52
83750 59
83760 51
83770 50
83780 53
83790 59
83800 62
83810 67
83820 51
83830 68
83840 60
83850 61
83860 49
83870 55
83880 59
83890 53
83900 59
83910 59
83920 55
83930 55
83940 63
83950 49
83960 73
83970 64
83980 64
83990 63
84000 60
84010 66
84020 57
84030 60
84040 70
84050 61
84060 62
84070 73
84080 75
84090 54
84100 56
84110 62
84120 49
84130 44
84140 70
84150 72
84160 62
84170 52
84180 48
84190 53
84200 66
84210 53
84220 53
84230 55
84240 65
84250 55
84260 66
84270 62
84280 58
84290 57
84300 54
84310 61
84320 66
84330 67
84340 54
84350 49
84360 63
84370 50
84380 58
84390 59
84400 49
84410 51
84420 76
84430 49
84440 62
84450 46
84460 64
84470 49
84480 51
84490 60
84500 59
84510 55
84520 70
84530 63
84540 61
84550 60
84560 58
84570 60
84580 57
84590 39
84600 66
84610 51
84620 63
84630 65
84640 55
84650 67
84660 63
84670 55
84680 61
84690 56
84700 60
84710 65
84720 41
84730 64
84740 53
84750 54
84760 53
84770 60
84780 39
84790 66
84800 57
84810 60
84820 56
84830 52
84840 47
84850 46
84860 48
84870 67
84880 62
84890 70
84900 63
84910 68
84920 50
84930 45
84940 60
84950 51
84960 50
84970 57
84980 59
84990 50
85000 61
85010 41
85020 50
85030 55
85040 51
85050 48
85060 53
85070 58
85080 44
85090 51
85100 63
85110 55
85120 46
85130 56
85140 47
85150 53
85160 68
85170 57
85180 58
85190 66
85200 61
85210 60
85220 47
85230 54
85240 48
85250 70
85260 58
85270 60
85280 63
85290 54
85300 57
85310 62
85320 61
85330 52
85340 57
85350 50
85360 54
85370 43
85380 57
85390 60
85400 66
85410 53
85420 52
85430 73
85440 53
85450 61
85460 51
85470 58
85480 63
85490 60
85500 53
85510 57
85520 41
85530 49
85540 73
85550 65
85560 66
85570 49
85580 49
85590 57
85600 57
85610 62
85620 70
85630 57
85640 57
85650 40
85660 52
85670 49
85680 54
85690 57
85700 54
85710 52
85720 53
85730 51
85740 52
85750 52
85760 51
85770 56
85780 59
85790 51
85800 51
85810 68
85820 53
85830 43
85840 47
85850 53
85860 55
85870 56
85880 44
85890 51
85900 50
85910 53
85920 52
85930 48
85940 59
85950 47
85960 64
85970 68
85980 53
85990 53
86000 55
86010 52
86020 50
86030 50
86040 48
86050 57
86060 78
86070 61
86080 39
86090 47
86100 57
86110 41
86120 55
86130 57
86140 48
86150 57
86160 52
86170 50
86180 56
86190 45
86200 44
86210 56
86220 65
86230 58
86240 61
86250 69
86260 40
86270 51
86280 55
86290 48
86300 66
86310 58
86320 56
86330 53
86340 54
86350 61
86360 64
86370 50
86380 65
86390 55
86400 56
86410 51
86420 47
86430 71
86440 54
86450 49
86460 58
86470 56
86480 52
86490 57
86500 57
86510 55
86520 44
86530 50
86540 68
86550 53
86560 60
86570 78
86580 49
86590 52
86600 64
86610 48
86620 47
86630 61
86640 48
86650 50
86660 63
86670 49
86680 54
86690 55
86700 51
86710 47
86720 48
86730 63
86740 51
86750 43
86760 60
86770 37
86780 57
86790 78
86800 50
86810 48
86820 67
86830 64
86840 53
86850 52
86860 60
86870 56
86880 61
86890 48
86900 54
86910 58
86920 54
86930 62
86940 66
86950 51
86960 54
86970 58
86980 62
86990 63
87000 53
87010 53
87020 57
87030 51
87040 58
87050 71
87060 55
87070 51
87080 64
87090 48
87100 68
87110 64
87120 72
87130 61
87140 60
87150 62
87160 66
87170 47
87180 70
87190 63
87200 49
87210 55
87220 47
87230 57
87240 54
87250 55
87260 66
87270 64
87280 50
87290 57
87300 57
87310 60
87320 44
87330 43
87340 44
87350 42
87360 50
87370 51
87380 60
87390 69
87400 49
87410 78
87420 65
87430 81
87440 60
87450 52
87460 63
87470 61
87480 66
87490 42
87500 64
87510 66
87520 51
87530 52
87540 51
87550 69
87560 52
87570 51
87580 55
87590 38
87600 67
87610 60
87620 58
87630 53
87640 55
87650 51
87660 57
87670 59
87680 46
87690 64
87700 59
87710 59
87720 70
87730 62
87740 53
87750 53
87760 46
87770 51
87780 66
87790 67
87800 64
87810 62
87820 52
87830 68
87840 56
87850 56
87860 54
87870 49
87880 52
87890 59
87900 60
87910 63
87920 48
87930 56
87940 50
87950 66
87960 52
87970 61
87980 53
87990 70
88000 53
88010 49
88020 46
88030 53
88040 47
88050 55
88060 51
88070 63
88080 64
88090 51
88100 67
88110 56
88120 54
88130 47
88140 58
88150 50
88160 51
88170 54
88180 50
88190 51
88200 63
88210 52
88220 53
88230 63
88240 43
88250 57
88260 58
88270 53
88280 54
88290 58
88300 55
88310 50
88320 46
88330 60
88340 52
88350 59
88360 36
88370 41
88380 55
88390 52
88400 46
88410 55
88420 44
88430 55
88440 53
88450 58
88460 61
88470 59
88480 46
88490 61
88500 51
88510 51
88520 45
88530 57
88540 62
88550 60
88560 61
88570 61
88580 62
88590 45
88600 51
88610 57
88620 58
88630 53
88640 55
88650 50
88660 48
88670 56
88680 56
88690 50
88700 39
88710 55
88720 46
88730 41
88740 59
88750 49
88760 46
88770 47
88780 43
88790 43
88800 45
88810 43
88820 51
88830 54
88840 52
88850 54
88860 49
88870 52
88880 60
88890 57
88900 57
88910 51
88920 61
88930 50
88940 58
88950 64
88960 60
88970 50
88980 62
88990 41
89000 44
89010 56
89020 58
89030 54
89040 56
89050 55
89060 56
89070 43
89080 50
89090 58
89100 54
89110 66
89120 43
89130 63
89140 44
89150 50
89160 63
89170 54
89180 52
89190 58
89200 40
89210 59
89220 57
89230 52
89240 56
89250 59
89260 45
89270 60
89280 50
89290 65
89300 43
89310 65
89320 66
89330 54
89340 57
89350 81
89360 54
89370 53
89380 58
89390 48
89400 63
89410 51
89420 54
89430 44
89440 41
89450 36
89460 42
89470 52
89480 44
89490 43
89500 51
89510 56
89520 55
89530 53
89540 42
89550 53
89560 56
89570 62
89580 57
89590 70
89600 59
89610 57
89620 48
89630 45
89640 60
89650 55
89660 57
89670 60
89680 52
89690 50
89700 59
89710 48
89720 62
89730 56
89740 56
89750 62
89760 56
89770 56
89780 56
89790 51
89800 62
89810 41
89820 49
89830 37
89840 45
89850 42
89860 48
89870 63
89880 59
89890 60
89900 63
89910 65
89920 71
89930 54
89940 55
89950 49
89960 58
89970 67
89980 54
89990 58
90000 49
90010 74
90020 47
90030 54
90040 69
90050 53
90060 44
90070 57
90080 52
90090 62
90100 52
90110 46
90120 63
90130 44
90140 65
90150 44
90160 64
90170 66
90180 51
90190 65
90200 60
90210 51
90220 55
90230 55
90240 28
90250 63
90260 74
90270 58
90280 59
90290 67
90300 54
90310 69
90320 40
90330 65
90340 76
90350 65
90360 70
90370 63
90380 65
90390 51
90400 64
90410 53
90420 58
90430 48
90440 66
90450 55
90460 54
90470 61
90480 57
90490 44
90500 67
90510 68
90520 59
90530 67
90540 68
90550 69
90560 59
90570 54
90580 59
90590 56
90600 58
90610 60
90620 50
90630 69
90640 59
90650 57
90660 63
90670 55
90680 66
90690 52
90700 62
90710 54
90720 54
90730 74
90740 55
90750 70
90760 66
90770 56
90780 68
90790 48
90800 67
90810 56
90820 40
90830 41
90840 41
90850 50
90860 39
90870 57
90880 46
90890 52
90900 57
90910 44
90920 69
90930 47
90940 56
90950 61
90960 65
90970 56
90980 62
90990 68
91000 43
91010 64
91020 52
91030 53
91040 56
91050 43
91060 40
91070 69
91080 62
91090 59
91100 70
91110 54
91120 69
91130 62
91140 68
91150 57
91160 73
91170 60
91180 61
91190 67
91200 48
91210 43
91220 46
91230 41
91240 50
91250 58
91260 58
91270 43
91280 51
91290 58
91300 57
91310 46
91320 67
91330 51
91340 66
91350 54
91360 47
91370 64
91380 56
91390 58
91400 53
91410 55
91420 68
91430 62
91440 45
91450 49
91460 64
91470 48
91480 48
91490 43
91500 59
91510 60
91520 52
91530 75
91540 54
91550 51
91560 74
91570 64
91580 68
91590 54
91600 63
91610 60
91620 64
91630 71
91640 59
91650 57
91660 76
91670 64
91680 54
91690 65
91700 61
91710 66
91720 63
91730 65
91740 59
91750 60
91760 57
91770 63
91780 47
91790 54
91800 69
91810 51
91820 66
91830 69
91840 56
91850 53
91860 59
91870 51
91880 54
91890 52
91900 47
91910 56
91920 64
91930 61
91940 60
91950 56
91960 44
91970 49
91980 64
91990 50
92000 48
92010 70
92020 49
92030 57
92040 61
92050 66
92060 57
92070 53
92080 60
92090 63
92100 75
92110 49
92120 59
92130 60
92140 56
92150 42
92160 62
92170 40
92180 53
92190 60
92200 71
92210 56
92220 55
92230 61
92240 49
92250 56
92260 68
92270 64
92280 49
92290 55
92300 65
92310 58
92320 44
92330 66
92340 79
92350 65
92360 62
92370 62
92380 59
92390 62
92400 59
92410 71
92420 71
92430 68
92440 57
92450 62
92460 63
92470 49
92480 55
92490 58
92500 60
92510 54
92520 66
92530 63
92540 54
92550 66
92560 53
92570 70
92580 66
92590 77
92600 53
92610 56
92620 56
92630 64
92640 48
92650 46
92660 49
92670 56
92680 58
92690 59
92700 67
92710 53
92720 68
92730 57
92740 68
92750 69
92760 64
92770 59
92780 65
92790 66
92800 62
92810 71
92820 69
92830 70
92840 47
92850 57
92860 54
92870 66
92880 42
92890 45
92900 43
92910 53
92920 53
92930 72
92940 54
92950 66
92960 60
92970 57
92980 60
92990 65
93000 54
93010 58
93020 66
93030 57
93040 55
93050 61
93060 48
93070 55
93080 75
93090 66
93100 63
93110 52
93120 61
93130 61
93140 52
93150 52
93160 62
93170 59
93180 64
93190 64
93200 61
93210 60
93220 70
93230 62
93240 66
93250 58
93260 57
93270 56
93280 68
93290 47
93300 53
93310 65
93320 56
93330 69
93340 41
93350 61
93360 68
93370 53
93380 64
93390 69
93400 66
93410 45
93420 58
93430 60
93440 55
93450 57
93460 62
93470 62
93480 55
93490 54
93500 45
93510 44
93520 55
93530 53
93540 51
93550 62
93560 60
93570 59
93580 54
93590 56
93600 56
93610 74
93620 64
93630 67
93640 64
93650 62
93660 53
93670 49
93680 53
93690 63
93700 50
93710 69
93720 51
93730 56
93740 67
93750 58
93760 71
93770 77
93780 62
93790 61
93800 70
93810 51
93820 63
93830 62
93840 49
93850 55
93860 44
93870 64
93880 62
93890 60
93900 61
93910 42
93920 55
93930 60
93940 66
93950 53
93960 69
93970 63
93980 53
93990 52
94000 46
94010 62
94020 62
94030 49
94040 60
94050 65
94060 64
94070 64
94080 70
94090 71
94100 68
94110 58
94120 72
94130 66
94140 44
94150 59
94160 57
94170 63
94180 50
94190 62
94200 51
94210 66
94220 61
94230 58
94240 63
94250 54
94260 54
94270 54
94280 53
94290 54
94300 58
94310 59
94320 55
94330 49
94340 62
94350 61
94360 65
94370 56
94380 48
94390 61
94400 59
94410 55
94420 55
94430 55
94440 46
94450 60
94460 70
94470 57
94480 62
94490 55
94500 67
94510 61
94520 54
94530 52
94540 49
94550 47
94560 62
94570 56
94580 57
94590 56
94600 45
94610 55
94620 57
94630 45
94640 50
94650 54
94660 68
94670 47
94680 66
94690 59
94700 56
94710 62
94720 63
94730 44
94740 64
94750 75
94760 60
94770 58
94780 65
94790 59
94800 54
94810 65
94820 35
94830 48
94840 65
94850 66
94860 44
94870 50
94880 53
94890 59
94900 56
94910 48
94920 43
94930 40
94940 49
94950 60
94960 62
94970 53
94980 70
94990 52
95000 52
95010 54
95020 52
95030 54
95040 52
95050 49
95060 53
95070 54
95080 39
95090 45
95100 27
95110 40
95120 46
95130 32
95140 39
95150 35
95160 52
95170 63
95180 64
95190 61
95200 69
95210 63
95220 57
95230 59
95240 65
95250 66
95260 61
95270 58
95280 60
95290 45
95300 63
95310 67
95320 68
95330 51
95340 52
95350 63
95360 49
95370 31
95380 39
95390 37
95400 50
95410 19
95420 59
95430 49
95440 68
95450 54
95460 52
95470 48
95480 55
95490 71
95500 46
95510 63
95520 64
95530 63
95540 58
95550 46
95560 55
95570 60
95580 63
95590 55
95600 65
95610 63
95620 55
95630 59
95640 69
95650 55
95660 62
95670 54
95680 52
95690 58
95700 52
95710 40
95720 68
95730 63
95740 60
95750 56
95760 40
95770 70
95780 67
95790 73
95800 58
95810 65
95820 75
95830 63
95840 60
95850 54
95860 38
95870 64
95880 64
95890 64
95900 66
95910 60
95920 72
95930 50
95940 53
95950 67
95960 50
95970 51
95980 62
95990 79
96000 47
96010 55
96020 57
96030 48
96040 69
96050 62
96060 66
96070 57
96080 55
96090 64
96100 66
96110 58
96120 67
96130 43
96140 48
96150 67
96160 60
96170 56
96180 57
96190 66
96200 64
96210 48
96220 53
96230 63
96240 67
96250 53
96260 60
96270 48
96280 54
96290 55
96300 57
96310 49
96320 48
96330 50
96340 68
96350 61
96360 75
96370 52
96380 55
96390 48
96400 69
96410 52
96420 46
96430 51
96440 48
96450 54
96460 50
96470 58
96480 53
96490 51
96500 66
96510 53
96520 60
96530 66
96540 60
96550 64
96560 62
96570 65
96580 53
96590 62
96600 63
96610 58
96620 61
96630 56
96640 68
96650 56
96660 67
96670 41
96680 71
96690 65
96700 75
96710 48
96720 62
96730 48
96740 55
96750 47
96760 46
96770 56
96780 55
96790 55
96800 62
96810 64
96820 56
96830 65
96840 63
96850 56
96860 70
96870 59
96880 49
96890 55
96900 61
96910 60
96920 72
96930 53
96940 39
96950 50
96960 46
96970 57
96980 53
96990 59
97000 62
97010 50
97020 59
97030 58
97040 52
97050 53
97060 41
97070 58
97080 61
97090 58
97100 60
97110 57
97120 54
97130 46
97140 55
97150 63
97160 58
97170 63
97180 62
97190 79
97200 60
97210 67
97220 57
97230 58
97240 63
97250 53
97260 57
97270 57
97280 57
97290 65
97300 58
97310 60
97320 36
97330 53
97340 56
97350 47
97360 43
97370 51
97380 46
97390 58
97400 53
97410 51
97420 54
97430 67
97440 31
97450 63
97460 63
97470 54
97480 60
97490 42
97500 60
97510 60
97520 47
97530 58
97540 56
97550 58
97560 52
97570 64
97580 41
97590 69
97600 61
97610 65
97620 43
97630 51
97640 66
97650 48
97660 51
97670 63
97680 62
97690 47
97700 48
97710 64
97720 49
97730 55
97740 52
97750 48
97760 62
97770 47
97780 63
97790 56
97800 54
97810 57
97820 60
97830 55
97840 58
97850 69
97860 52
97870 58
97880 59
97890 39
97900 44
97910 65
97920 60
97930 89
97940 72
97950 76
97960 65
97970 73
97980 65
97990 52
98000 59
98010 61
98020 74
98030 71
98040 56
98050 52
98060 41
98070 62
98080 54
98090 58
98100 45
98110 58
98120 69
98130 56
98140 59
98150 56
98160 62
98170 69
98180 72
98190 71
98200 61
98210 57
98220 68
98230 62
98240 71
98250 66
98260 63
98270 75
98280 62
98290 46
98300 62
98310 52
98320 58
98330 45
98340 67
98350 65
98360 53
98370 67
98380 91
98390 60
98400 79
98410 53
98420 55
98430 66
98440 62
98450 65
98460 75
98470 71
98480 67
98490 72
98500 79
98510 47
98520 63
98530 64
98540 68
98550 60
98560 65
98570 61
98580 58
98590 55
98600 65
98610 53
98620 67
98630 71
98640 60
98650 56
98660 65
98670 52
98680 52
98690 72
98700 46
98710 56
98720 67
98730 48
98740 57
98750 54
98760 49
98770 41
98780 48
98790 50
98800 46
98810 64
98820 67
98830 66
98840 61
98850 69
98860 55
98870 56
98880 45
98890 59
98900 65
98910 70
98920 69
98930 54
98940 50
98950 52
98960 54
98970 51
98980 61
98990 64
99000 54
99010 77
99020 68
99030 60
99040 54
99050 61
99060 52
99070 55
99080 55
99090 60
99100 52
99110 77
99120 48
99130 58
99140 54
99150 65
99160 79
99170 56
99180 35
99190 52
99200 56
99210 61
99220 60
99230 48
99240 67
99250 68
99260 67
99270 61
99280 65
99290 72
99300 67
99310 71
99320 40
99330 74
99340 51
99350 72
99360 60
99370 37
99380 51
99390 48
99400 77
99410 66
99420 72
99430 55
99440 47
99450 42
99460 50
99470 68
99480 93
99490 81
99500 67
99510 73
99520 65
99530 78
99540 88
99550 71
99560 48
99570 45
99580 48
99590 71
99600 53
99610 81
99620 65
99630 64
99640 46
99650 58
99660 54
99670 55
99680 50
99690 72
99700 70
99710 54
99720 63
99730 67
99740 60
99750 52
99760 53
99770 48
99780 62
99790 61
99800 51
99810 60
99820 79
99830 66
99840 85
99850 67
99860 86
99870 53
99880 66
99890 63
99900 65
99910 51
99920 71
99930 71
99940 58
99950 63
99960 61
99970 70
99980 67
99990 58
