# Frame Contacts
30000 15
30010 6
30020 9
30030 6
30040 3
30050 12
30060 14
30070 3
30080 12
30090 9
30100 6
30110 14
30120 15
30130 14
30140 19
30150 17
30160 10
30170 11
30180 8
30190 4
30200 20
30210 14
30220 18
30230 3
30240 8
30250 9
30260 15
30270 18
30280 16
30290 16
30300 15
30310 12
30320 17
30330 9
30340 9
30350 16
30360 17
30370 9
30380 15
30390 13
30400 10
30410 9
30420 8
30430 6
30440 8
30450 6
30460 15
30470 9
30480 12
30490 9
30500 20
30510 6
30520 3
30530 14
30540 7
30550 8
30560 5
30570 12
30580 11
30590 16
30600 14
30610 11
30620 5
30630 7
30640 25
30650 9
30660 14
30670 13
30680 3
30690 8
30700 11
30710 10
30720 18
30730 15
30740 13
30750 4
30760 5
30770 12
30780 12
30790 13
30800 9
30810 11
30820 11
30830 10
30840 10
30850 14
30860 8
30870 10
30880 6
30890 7
30900 10
30910 7
30920 9
30930 12
30940 5
30950 9
30960 4
30970 16
30980 15
30990 23
31000 17
31010 15
31020 16
31030 24
31040 16
31050 15
31060 10
31070 9
31080 10
31090 1
31100 2
31110 5
31120 3
31130 10
31140 9
31150 7
31160 16
31170 15
31180 9
31190 14
31200 16
31210 7
31220 8
31230 12
31240 24
31250 10
31260 20
31270 8
31280 2
31290 8
31300 4
31310 6
31320 0
31330 8
31340 3
31350 23
31360 12
31370 4
31380 9
31390 16
31400 13
31410 10
31420 12
31430 15
31440 6
31450 8
31460 1
31470 8
31480 7
31490 4
31500 7
31510 13
31520 11
31530 6
31540 6
31550 3
31560 4
31570 5
31580 13
31590 4
31600 4
31610 4
31620 4
31630 1
31640 5
31650 11
31660 12
31670 25
31680 8
31690 10
31700 5
31710 10
31720 7
31730 8
31740 23
31750 12
31760 12
31770 12
31780 11
31790 13
31800 12
31810 14
31820 9
31830 13
31840 7
31850 7
31860 7
31870 13
31880 8
31890 8
31900 6
31910 14
31920 10
31930 20
31940 14
31950 17
31960 11
31970 7
31980 8
31990 7
32000 9
32010 7
32020 15
32030 2
32040 17
32050 14
32060 11
32070 11
32080 12
32090 17
32100 15
32110 6
32120 12
32130 6
32140 5
32150 4
32160 15
32170 0
32180 4
32190 5
32200 3
32210 8
32220 4
32230 2
32240 4
32250 4
32260 4
32270 1
32280 4
32290 2
32300 9
32310 5
32320 5
32330 0
32340 7
32350 0
32360 3
32370 2
32380 5
32390 4
32400 6
32410 3
32420 3
32430 6
32440 2
32450 3
32460 5
32470 16
32480 3
32490 4
32500 9
32510 6
32520 8
32530 6
32540 5
32550 4
32560 4
32570 3
32580 4
32590 1
32600 5
32610 3
32620 5
32630 7
32640 9
32650 7
32660 13
32670 6
32680 14
32690 10
32700 16
32710 14
32720 10
32730 8
32740 10
32750 11
32760 10
32770 7
32780 9
32790 9
32800 9
32810 11
32820 4
32830 8
32840 19
32850 14
32860 9
32870 8
32880 11
32890 11
32900 10
32910 9
32920 5
32930 14
32940 13
32950 7
32960 17
32970 6
32980 4
32990 7
33000 12
33010 11
33020 8
33030 18
33040 13
33050 8
33060 7
33070 13
33080 19
33090 8
33100 9
33110 7
33120 3
33130 7
33140 7
33150 12
33160 17
33170 11
33180 18
33190 16
33200 15
33210 11
33220 9
33230 4
33240 10
33250 8
33260 9
33270 6
33280 8
33290 3
33300 8
33310 9
33320 4
33330 7
33340 3
33350 4
33360 2
33370 0
33380 5
33390 3
33400 4
33410 2
33420 2
33430 5
33440 3
33450 4
33460 4
33470 6
33480 3
33490 0
33500 2
33510 4
33520 5
33530 9
33540 8
33550 5
33560 10
33570 7
33580 4
33590 4
33600 16
33610 11
33620 8
33630 5
33640 16
33650 8
33660 12
33670 6
33680 5
33690 6
33700 1
33710 3
33720 6
33730 8
33740 6
33750 5
33760 8
33770 6
33780 4
33790 6
33800 7
33810 6
33820 4
33830 6
33840 4
33850 2
33860 4
33870 8
33880 6
33890 5
33900 3
33910 3
33920 2
33930 9
33940 8
33950 9
33960 17
33970 12
33980 11
33990 8
34000 5
34010 5
34020 6
34030 6
34040 2
34050 6
34060 10
34070 15
34080 6
34090 6
34100 9
34110 9
34120 4
34130 4
34140 4
34150 4
34160 6
34170 8
34180 6
34190 1
34200 5
34210 3
34220 15
34230 13
34240 9
34250 8
34260 7
34270 4
34280 18
34290 10
34300 8
34310 17
34320 7
34330 5
34340 11
34350 13
34360 5
34370 10
34380 13
34390 5
34400 15
34410 4
34420 7
34430 6
34440 10
34450 15
34460 9
34470 7
34480 7
34490 13
34500 3
34510 3
34520 8
34530 5
34540 6
34550 8
34560 3
34570 8
34580 8
34590 6
34600 3
34610 4
34620 8
34630 8
34640 5
34650 6
34660 4
34670 5
34680 4
34690 7
34700 3
34710 4
34720 9
34730 12
34740 6
34750 5
34760 9
34770 13
34780 14
34790 8
34800 8
34810 4
34820 3
34830 5
34840 15
34850 9
34860 14
34870 2
34880 2
34890 2
34900 6
34910 3
34920 18
34930 5
34940 2
34950 5
34960 3
34970 9
34980 5
34990 5
35000 9
35010 15
35020 12
35030 15
35040 4
35050 10
35060 15
35070 13
35080 10
35090 14
35100 5
35110 13
35120 11
35130 19
35140 9
35150 4
35160 7
35170 14
35180 5
35190 9
35200 10
35210 8
35220 10
35230 10
35240 14
35250 21
35260 7
35270 12
35280 9
35290 11
35300 9
35310 5
35320 8
35330 10
35340 9
35350 7
35360 5
35370 17
35380 22
35390 7
35400 17
35410 5
35420 17
35430 5
35440 11
35450 14
35460 14
35470 12
35480 12
35490 6
35500 18
35510 12
35520 20
35530 15
35540 19
35550 7
35560 13
35570 19
35580 16
35590 10
35600 14
35610 22
35620 16
35630 19
35640 12
35650 13
35660 14
35670 11
35680 18
35690 24
35700 13
35710 20
35720 5
35730 13
35740 14
35750 19
35760 14
35770 26
35780 14
35790 26
35800 28
35810 19
35820 28
35830 24
35840 23
35850 14
35860 11
35870 19
35880 18
35890 12
35900 13
35910 9
35920 6
35930 14
35940 11
35950 5
35960 14
35970 4
35980 3
35990 3
36000 4
36010 7
36020 4
36030 4
36040 8
36050 5
36060 9
36070 10
36080 3
36090 7
36100 3
36110 1
36120 2
36130 7
36140 7
36150 21
36160 3
36170 17
36180 9
36190 16
36200 20
36210 10
36220 7
36230 11
36240 10
36250 17
36260 14
36270 6
36280 7
36290 13
36300 12
36310 18
36320 4
36330 1
36340 10
36350 10
36360 18
36370 7
36380 10
36390 14
36400 11
36410 14
36420 19
36430 12
36440 18
36450 20
36460 10
36470 9
36480 5
36490 8
36500 3
36510 9
36520 11
36530 20
36540 8
36550 6
36560 4
36570 3
36580 4
36590 7
36600 9
36610 13
36620 13
36630 13
36640 14
36650 4
36660 14
36670 3
36680 3
36690 5
36700 5
36710 15
36720 8
36730 15
36740 7
36750 6
36760 10
36770 4
36780 12
36790 23
36800 16
36810 8
36820 7
36830 9
36840 6
36850 12
36860 7
36870 5
36880 11
36890 7
36900 15
36910 5
36920 6
36930 8
36940 3
36950 2
36960 9
36970 8
36980 12
36990 19
37000 6
37010 12
37020 13
37030 10
37040 3
37050 14
37060 14
37070 12
37080 5
37090 4
37100 13
37110 8
37120 6
37130 10
37140 12
37150 18
37160 5
37170 7
37180 9
37190 7
37200 14
37210 13
37220 12
37230 17
37240 16
37250 8
37260 14
37270 3
37280 4
37290 7
37300 6
37310 5
37320 2
37330 10
37340 21
37350 10
37360 3
37370 1
37380 5
37390 14
37400 19
37410 24
37420 8
37430 7
37440 2
37450 2
37460 1
37470 6
37480 2
37490 5
37500 7
37510 4
37520 5
37530 9
37540 8
37550 3
37560 3
37570 3
37580 2
37590 8
37600 5
37610 2
37620 15
37630 16
37640 18
37650 18
37660 1
37670 4
37680 7
37690 5
37700 6
37710 5
37720 2
37730 6
37740 6
37750 6
37760 11
37770 14
37780 17
37790 19
37800 9
37810 17
37820 19
37830 19
37840 15
37850 17
37860 20
37870 11
37880 11
37890 7
37900 3
37910 1
37920 2
37930 2
37940 4
37950 6
37960 4
37970 9
37980 16
37990 15
38000 9
38010 3
38020 8
38030 8
38040 9
38050 11
38060 16
38070 14
38080 14
38090 16
38100 13
38110 7
38120 11
38130 18
38140 16
38150 11
38160 6
38170 8
38180 1
38190 13
38200 8
38210 7
38220 14
38230 1
38240 7
38250 14
38260 13
38270 11
38280 15
38290 23
38300 18
38310 13
38320 20
38330 18
38340 8
38350 19
38360 22
38370 18
38380 19
38390 6
38400 11
38410 13
38420 24
38430 14
38440 14
38450 16
38460 10
38470 14
38480 27
38490 2
38500 13
38510 14
38520 6
38530 11
38540 18
38550 9
38560 7
38570 7
38580 18
38590 3
38600 6
38610 7
38620 7
38630 5
38640 6
38650 5
38660 11
38670 7
38680 8
38690 5
38700 5
38710 13
38720 9
38730 7
38740 11
38750 5
38760 15
38770 20
38780 16
38790 11
38800 14
38810 16
38820 13
38830 15
38840 21
38850 18
38860 15
38870 12
38880 10
38890 18
38900 19
38910 14
38920 15
38930 15
38940 22
38950 11
38960 18
38970 15
38980 13
38990 11
39000 16
39010 13
39020 16
39030 6
39040 11
39050 9
39060 14
39070 8
39080 12
39090 14
39100 9
39110 15
39120 12
39130 13
39140 6
39150 17
39160 6
39170 6
39180 5
39190 15
39200 18
39210 6
39220 13
39230 8
39240 12
39250 5
39260 20
39270 4
39280 9
39290 8
39300 7
39310 16
39320 9
39330 12
39340 14
39350 3
39360 7
39370 11
39380 12
39390 6
39400 10
39410 13
39420 5
39430 4
39440 20
39450 7
39460 8
39470 22
39480 10
39490 0
39500 13
39510 7
39520 6
39530 14
39540 9
39550 4
39560 14
39570 11
39580 9
39590 11
39600 15
39610 7
39620 4
39630 4
39640 6
39650 8
39660 4
39670 5
39680 4
39690 5
39700 11
39710 7
39720 4
39730 2
39740 4
39750 5
39760 2
39770 10
39780 9
39790 4
39800 6
39810 7
39820 5
39830 9
39840 7
39850 2
39860 10
39870 7
39880 5
39890 10
39900 12
39910 6
39920 0
39930 17
39940 10
39950 14
39960 8
39970 9
39980 2
39990 1
40000 7
40010 5
40020 0
40030 4
40040 4
40050 0
40060 8
40070 2
40080 2
40090 2
40100 6
40110 12
40120 6
40130 5
40140 4
40150 3
40160 9
40170 6
40180 12
40190 8
40200 15
40210 11
40220 10
40230 6
40240 11
40250 7
40260 10
40270 12
40280 11
40290 7
40300 4
40310 4
40320 13
40330 10
40340 5
40350 8
40360 8
40370 9
40380 13
40390 7
40400 5
40410 6
40420 12
40430 7
40440 5
40450 6
40460 5
40470 15
40480 13
40490 11
40500 11
40510 3
40520 4
40530 11
40540 7
40550 9
40560 5
40570 13
40580 26
40590 21
40600 21
40610 5
40620 20
40630 23
40640 15
40650 11
40660 29
40670 23
40680 20
40690 9
40700 18
40710 23
40720 20
40730 25
40740 16
40750 20
40760 20
40770 15
40780 18
40790 16
40800 9
40810 24
40820 19
40830 15
40840 15
40850 9
40860 3
40870 6
40880 12
40890 21
40900 11
40910 13
40920 14
40930 18
40940 17
40950 14
40960 19
40970 14
40980 8
40990 18
41000 15
41010 27
41020 3
41030 8
41040 8
41050 9
41060 6
41070 9
41080 5
41090 7
41100 5
41110 5
41120 7
41130 9
41140 5
41150 10
41160 3
41170 4
41180 6
41190 6
41200 8
41210 25
41220 12
41230 14
41240 15
41250 11
41260 16
41270 11
41280 7
41290 13
41300 16
41310 15
41320 11
41330 11
41340 16
41350 17
41360 17
41370 14
41380 17
41390 13
41400 15
41410 19
41420 15
41430 13
41440 14
41450 16
41460 10
41470 19
41480 16
41490 13
41500 20
41510 13
41520 20
41530 11
41540 12
41550 27
41560 23
41570 18
41580 14
41590 22
41600 18
41610 23
41620 25
41630 7
41640 2
41650 1
41660 17
41670 5
41680 14
41690 11
41700 7
41710 8
41720 8
41730 16
41740 17
41750 12
41760 13
41770 10
41780 4
41790 19
41800 23
41810 18
41820 16
41830 14
41840 21
41850 12
41860 5
41870 12
41880 13
41890 16
41900 10
41910 1
41920 13
41930 16
41940 11
41950 17
41960 22
41970 15
41980 16
41990 16
42000 10
42010 18
42020 24
42030 15
42040 18
42050 12
42060 14
42070 19
42080 15
42090 15
42100 21
42110 8
42120 1
42130 12
42140 9
42150 8
42160 17
42170 13
42180 7
42190 8
42200 6
42210 12
42220 10
42230 10
42240 12
42250 10
42260 9
42270 9
42280 9
42290 17
42300 14
42310 6
42320 7
42330 10
42340 14
42350 12
42360 17
42370 17
42380 7
42390 8
42400 6
42410 9
42420 13
42430 11
42440 9
42450 13
42460 17
42470 9
42480 18
42490 10
42500 17
42510 7
42520 10
42530 10
42540 9
42550 11
42560 6
42570 4
42580 19
42590 8
42600 17
42610 10
42620 3
42630 7
42640 18
42650 7
42660 20
42670 17
42680 18
42690 15
42700 3
42710 13
42720 19
42730 11
42740 8
42750 13
42760 5
42770 18
42780 13
42790 17
42800 12
42810 11
42820 13
42830 9
42840 10
42850 9
42860 11
42870 9
42880 11
42890 12
42900 11
42910 19
42920 18
42930 16
42940 7
42950 22
42960 13
42970 18
42980 14
42990 8
43000 15
43010 15
43020 14
43030 9
43040 27
43050 11
43060 12
43070 22
43080 20
43090 28
43100 8
43110 5
43120 6
43130 10
43140 19
43150 8
43160 7
43170 11
43180 7
43190 13
43200 12
43210 11
43220 7
43230 10
43240 15
43250 8
43260 14
43270 10
43280 7
43290 9
43300 6
43310 9
43320 8
43330 8
43340 6
43350 15
43360 8
43370 8
43380 11
43390 7
43400 4
43410 5
43420 20
43430 27
43440 24
43450 14
43460 8
43470 11
43480 29
43490 12
43500 11
43510 16
43520 12
43530 23
43540 13
43550 13
43560 21
43570 11
43580 21
43590 10
43600 8
43610 19
43620 24
43630 26
43640 23
43650 22
43660 24
43670 16
43680 16
43690 18
43700 14
43710 15
43720 12
43730 22
43740 14
43750 14
43760 15
43770 34
43780 11
43790 7
43800 31
43810 28
43820 24
43830 30
43840 16
43850 4
43860 22
43870 22
43880 5
43890 3
43900 4
43910 3
43920 14
43930 12
43940 11
43950 4
43960 9
43970 18
43980 9
43990 15
44000 11
44010 19
44020 12
44030 12
44040 17
44050 11
44060 16
44070 14
44080 17
44090 13
44100 12
44110 11
44120 19
44130 18
44140 11
44150 18
44160 14
44170 10
44180 13
44190 15
44200 15
44210 7
44220 13
44230 14
44240 18
44250 15
44260 17
44270 12
44280 17
44290 14
44300 18
44310 13
44320 20
44330 16
44340 15
44350 17
44360 19
44370 19
44380 17
44390 10
44400 10
44410 18
44420 16
44430 10
44440 19
44450 8
44460 9
44470 17
44480 13
44490 32
44500 33
44510 9
44520 15
44530 23
44540 24
44550 29
44560 19
44570 18
44580 18
44590 11
44600 23
44610 20
44620 18
44630 28
44640 10
44650 12
44660 15
44670 1
44680 13
44690 19
44700 11
44710 9
44720 5
44730 6
44740 6
44750 5
44760 7
44770 2
44780 5
44790 8
44800 3
44810 8
44820 4
44830 8
44840 2
44850 1
44860 7
44870 10
44880 3
44890 8
44900 7
44910 11
44920 7
44930 8
44940 8
44950 10
44960 21
44970 18
44980 30
44990 12
45000 8
45010 8
45020 9
45030 6
45040 12
45050 7
45060 6
45070 6
45080 11
45090 13
45100 10
45110 4
45120 27
45130 4
45140 17
45150 9
45160 8
45170 10
45180 3
45190 9
45200 11
45210 9
45220 16
45230 9
45240 7
45250 6
45260 5
45270 2
45280 14
45290 15
45300 6
45310 3
45320 12
45330 20
45340 10
45350 13
45360 23
45370 16
45380 15
45390 10
45400 16
45410 16
45420 18
45430 20
45440 15
45450 8
45460 18
45470 17
45480 15
45490 30
45500 26
45510 27
45520 30
45530 13
45540 27
45550 26
45560 24
45570 39
45580 29
45590 11
45600 24
45610 20
45620 22
45630 20
45640 19
45650 6
45660 7
45670 19
45680 19
45690 17
45700 18
45710 17
45720 20
45730 21
45740 7
45750 9
45760 23
45770 22
45780 15
45790 19
45800 15
45810 21
45820 16
45830 6
45840 10
45850 13
45860 13
45870 24
45880 19
45890 10
45900 14
45910 11
45920 9
45930 10
45940 17
45950 9
45960 7
45970 21
45980 11
45990 16
46000 25
46010 14
46020 12
46030 6
46040 13
46050 26
46060 20
46070 4
46080 10
46090 4
46100 3
46110 10
46120 5
46130 6
46140 2
46150 11
46160 6
46170 19
46180 18
46190 17
46200 8
46210 21
46220 17
46230 19
46240 12
46250 7
46260 10
46270 14
46280 16
46290 17
46300 14
46310 5
46320 2
46330 11
46340 7
46350 10
46360 5
46370 5
46380 8
46390 2
46400 4
46410 17
46420 7
46430 9
46440 17
46450 16
46460 11
46470 10
46480 10
46490 4
46500 6
46510 8
46520 12
46530 14
46540 4
46550 5
46560 6
46570 9
46580 2
46590 9
46600 17
46610 11
46620 12
46630 14
46640 16
46650 10
46660 2
46670 7
46680 0
46690 7
46700 5
46710 11
46720 2
46730 6
46740 6
46750 5
46760 11
46770 13
46780 19
46790 2
46800 15
46810 7
46820 8
46830 14
46840 9
46850 14
46860 11
46870 16
46880 6
46890 3
46900 12
46910 9
46920 6
46930 3
46940 6
46950 2
46960 4
46970 6
46980 15
46990 3
47000 11
47010 5
47020 19
47030 16
47040 15
47050 20
47060 16
47070 15
47080 13
47090 6
47100 14
47110 12
47120 6
47130 6
47140 0
47150 18
47160 14
47170 15
47180 14
47190 13
47200 1
47210 4
47220 11
47230 14
47240 6
47250 5
47260 7
47270 1
47280 4
47290 10
47300 8
47310 5
47320 6
47330 6
47340 8
47350 8
47360 7
47370 22
47380 3
47390 7
47400 4
47410 6
47420 4
47430 3
47440 8
47450 6
47460 11
47470 14
47480 5
47490 11
47500 15
47510 5
47520 3
47530 3
47540 7
47550 5
47560 7
47570 2
47580 7
47590 2
47600 6
47610 11
47620 11
47630 4
47640 6
47650 5
47660 9
47670 4
47680 10
47690 23
47700 6
47710 9
47720 8
47730 21
47740 20
47750 28
47760 24
47770 7
47780 16
47790 13
47800 7
47810 18
47820 11
47830 13
47840 14
47850 11
47860 22
47870 14
47880 10
47890 10
47900 4
47910 7
47920 12
47930 10
47940 15
47950 19
47960 17
47970 10
47980 19
47990 14
48000 3
48010 14
48020 11
48030 13
48040 11
48050 20
48060 15
48070 10
48080 15
48090 6
48100 9
48110 18
48120 18
48130 4
48140 15
48150 5
48160 1
48170 10
48180 23
48190 15
48200 5
48210 13
48220 12
48230 22
48240 14
48250 4
48260 11
48270 8
48280 7
48290 3
48300 12
48310 12
48320 17
48330 47
48340 18
48350 24
48360 5
48370 24
48380 27
48390 6
48400 13
48410 16
48420 17
48430 21
48440 18
48450 8
48460 15
48470 11
48480 13
48490 17
48500 20
48510 22
48520 10
48530 18
48540 9
48550 20
48560 14
48570 12
48580 12
48590 22
48600 15
48610 21
48620 21
48630 17
48640 20
48650 14
48660 25
48670 4
48680 17
48690 22
48700 9
48710 4
48720 23
48730 19
48740 18
48750 14
48760 17
48770 27
48780 29
48790 5
48800 2
48810 19
48820 26
48830 17
48840 26
48850 22
48860 24
48870 10
48880 14
48890 18
48900 23
48910 6
48920 34
48930 26
48940 25
48950 25
48960 20
48970 12
48980 15
48990 13
49000 26
49010 10
49020 30
49030 24
49040 10
49050 12
49060 31
49070 27
49080 22
49090 32
49100 20
49110 13
49120 10
49130 16
49140 13
49150 27
49160 14
49170 22
49180 19
49190 28
49200 30
49210 21
49220 22
49230 10
49240 25
49250 16
49260 32
49270 16
49280 16
49290 21
49300 24
49310 17
49320 16
49330 16
49340 13
49350 23
49360 26
49370 13
49380 4
49390 19
49400 16
49410 7
49420 14
49430 16
49440 17
49450 10
49460 18
49470 20
49480 22
49490 22
49500 14
49510 20
49520 16
49530 15
49540 19
49550 21
49560 31
49570 16
49580 14
49590 20
49600 17
49610 23
49620 19
49630 10
49640 16
49650 22
49660 17
49670 23
49680 16
49690 19
49700 31
49710 24
49720 32
49730 38
49740 19
49750 18
49760 10
49770 15
49780 15
49790 25
49800 32
49810 23
49820 28
49830 29
49840 22
49850 24
49860 20
49870 13
49880 13
49890 22
49900 25
49910 17
49920 26
49930 29
49940 22
49950 27
49960 19
49970 17
49980 10
49990 15
50000 28
50010 36
50020 23
50030 23
50040 9
50050 14
50060 22
50070 18
50080 31
50090 15
50100 22
50110 12
50120 22
50130 9
50140 25
50150 4
50160 21
50170 23
50180 11
50190 24
50200 24
50210 26
50220 11
50230 20
50240 22
50250 16
50260 17
50270 13
50280 10
50290 12
50300 11
50310 18
50320 23
50330 13
50340 23
50350 23
50360 23
50370 31
50380 31
50390 22
50400 29
50410 11
50420 19
50430 18
50440 33
50450 19
50460 23
50470 23
50480 14
50490 29
50500 13
50510 17
50520 19
50530 17
50540 15
50550 17
50560 20
50570 23
50580 16
50590 19
50600 22
50610 32
50620 13
50630 4
50640 4
50650 2
50660 15
50670 3
50680 17
50690 9
50700 14
50710 20
50720 5
50730 19
50740 16
50750 13
50760 11
50770 19
50780 2
50790 19
50800 6
50810 1
50820 23
50830 6
50840 4
50850 18
50860 18
50870 6
50880 28
50890 8
50900 9
50910 18
50920 22
50930 1
50940 0
50950 26
50960 16
50970 9
50980 18
50990 15
51000 7
51010 5
51020 1
51030 12
51040 14
51050 11
51060 13
51070 7
51080 15
51090 14
51100 17
51110 6
51120 1
51130 10
51140 12
51150 12
51160 20
51170 15
51180 14
51190 19
51200 29
51210 37
51220 29
51230 20
51240 24
51250 17
51260 7
51270 13
51280 11
51290 22
51300 15
51310 12
51320 23
51330 1
51340 19
51350 14
51360 9
51370 23
51380 24
51390 4
51400 7
51410 28
51420 2
51430 14
51440 6
51450 3
51460 5
51470 18
51480 13
51490 13
51500 11
51510 18
51520 10
51530 20
51540 24
51550 11
51560 21
51570 19
51580 33
51590 24
51600 28
51610 21
51620 18
51630 19
51640 28
51650 23
51660 31
51670 15
51680 22
51690 26
51700 16
51710 25
51720 10
51730 20
51740 21
51750 2
51760 14
51770 19
51780 20
51790 14
51800 22
51810 16
51820 18
51830 6
51840 10
51850 11
51860 19
51870 14
51880 18
51890 21
51900 23
51910 6
51920 8
51930 6
51940 18
51950 19
51960 20
51970 11
51980 20
51990 12
52000 18
52010 10
52020 20
52030 2
52040 12
52050 29
52060 20
52070 14
52080 16
52090 3
52100 1
52110 18
52120 17
52130 10
52140 10
52150 10
52160 12
52170 8
52180 3
52190 12
52200 3
52210 23
52220 5
52230 8
52240 6
52250 19
52260 20
52270 7
52280 14
52290 7
52300 6
52310 3
52320 1
52330 19
52340 16
52350 17
52360 8
52370 4
52380 8
52390 13
52400 9
52410 7
52420 7
52430 17
52440 8
52450 22
52460 25
52470 14
52480 7
52490 3
52500 1
52510 3
52520 12
52530 5
52540 11
52550 21
52560 16
52570 8
52580 13
52590 9
52600 13
52610 14
52620 10
52630 13
52640 7
52650 9
52660 11
52670 24
52680 21
52690 19
52700 22
52710 11
52720 16
52730 15
52740 13
52750 9
52760 23
52770 28
52780 13
52790 14
52800 27
52810 37
52820 19
52830 32
52840 28
52850 19
52860 19
52870 26
52880 18
52890 5
52900 15
52910 13
52920 20
52930 33
52940 31
52950 12
52960 32
52970 25
52980 26
52990 27
53000 35
53010 17
53020 37
53030 16
53040 21
53050 14
53060 25
53070 22
53080 20
53090 23
53100 19
53110 16
53120 22
53130 21
53140 29
53150 28
53160 25
53170 36
53180 28
53190 31
53200 34
53210 29
53220 25
53230 32
53240 26
53250 25
53260 21
53270 35
53280 20
53290 19
53300 22
53310 25
53320 26
53330 18
53340 14
53350 21
53360 28
53370 31
53380 27
53390 28
53400 29
53410 17
53420 13
53430 20
53440 15
53450 19
53460 26
53470 26
53480 20
53490 26
53500 21
53510 26
53520 24
53530 38
53540 33
53550 21
53560 19
53570 20
53580 15
53590 25
53600 27
53610 23
53620 14
53630 34
53640 17
53650 27
53660 25
53670 18
53680 11
53690 29
53700 18
53710 10
53720 15
53730 20
53740 24
53750 19
53760 12
53770 27
53780 25
53790 19
53800 13
53810 15
53820 16
53830 16
53840 6
53850 27
53860 15
53870 25
53880 12
53890 9
53900 28
53910 19
53920 19
53930 11
53940 20
53950 17
53960 22
53970 17
53980 30
53990 31
54000 35
54010 25
54020 6
54030 14
54040 16
54050 27
54060 25
54070 25
54080 20
54090 23
54100 27
54110 8
54120 15
54130 12
54140 15
54150 34
54160 13
54170 17
54180 18
54190 34
54200 28
54210 19
54220 18
54230 26
54240 29
54250 28
54260 18
54270 14
54280 11
54290 31
54300 35
54310 21
54320 23
54330 30
54340 17
54350 19
54360 21
54370 20
54380 11
54390 22
54400 25
54410 18
54420 22
54430 27
54440 22
54450 31
54460 10
54470 26
54480 26
54490 21
54500 12
54510 18
54520 2
54530 9
54540 10
54550 13
54560 15
54570 18
54580 12
54590 10
54600 28
54610 35
54620 23
54630 11
54640 21
54650 21
54660 16
54670 23
54680 26
54690 15
54700 17
54710 29
54720 16
54730 32
54740 26
54750 13
54760 17
54770 24
54780 15
54790 15
54800 17
54810 23
54820 22
54830 30
54840 23
54850 26
54860 20
54870 24
54880 18
54890 19
54900 21
54910 28
54920 20
54930 34
54940 20
54950 18
54960 18
54970 13
54980 16
54990 24
55000 20
55010 13
55020 29
55030 34
55040 22
55050 20
55060 25
55070 22
55080 20
55090 31
55100 16
55110 16
55120 31
55130 22
55140 22
55150 32
55160 27
55170 13
55180 22
55190 30
55200 28
55210 19
55220 22
55230 23
55240 21
55250 15
55260 22
55270 15
55280 21
55290 23
55300 27
55310 28
55320 21
55330 20
55340 32
55350 20
55360 5
55370 30
55380 16
55390 6
55400 7
55410 15
55420 23
55430 12
55440 6
55450 10
55460 13
55470 7
55480 16
55490 6
55500 18
55510 8
55520 6
55530 2
55540 9
55550 11
55560 18
55570 9
55580 12
55590 27
55600 13
55610 9
55620 12
55630 24
55640 21
55650 3
55660 7
55670 5
55680 17
55690 2
55700 10
55710 6
55720 14
55730 9
55740 9
55750 11
55760 8
55770 6
55780 2
55790 11
55800 3
55810 8
55820 8
55830 7
55840 4
55850 8
55860 15
55870 19
55880 14
55890 7
55900 13
55910 5
55920 16
55930 13
55940 13
55950 8
55960 15
55970 12
55980 9
55990 16
56000 25
56010 30
56020 21
56030 9
56040 15
56050 16
56060 11
56070 12
56080 22
56090 13
56100 24
56110 19
56120 17
56130 6
56140 11
56150 13
56160 11
56170 21
56180 21
56190 28
56200 34
56210 10
56220 17
56230 23
56240 26
56250 3
56260 12
56270 21
56280 22
56290 30
56300 17
56310 27
56320 23
56330 19
56340 13
56350 14
56360 23
56370 13
56380 16
56390 27
56400 22
56410 23
56420 23
56430 15
56440 23
56450 31
56460 38
56470 16
56480 35
56490 19
56500 32
56510 13
56520 12
56530 25
56540 17
56550 26
56560 16
56570 24
56580 32
56590 20
56600 29
56610 28
56620 24
56630 27
56640 34
56650 9
56660 12
56670 15
56680 11
56690 15
56700 15
56710 7
56720 21
56730 15
56740 9
56750 29
56760 12
56770 14
56780 17
56790 31
56800 26
56810 18
56820 13
56830 2
56840 8
56850 10
56860 20
56870 22
56880 16
56890 8
56900 18
56910 17
56920 14
56930 21
56940 17
56950 16
56960 21
56970 10
56980 15
56990 15
57000 21
57010 13
57020 21
57030 11
57040 12
57050 18
57060 36
57070 7
57080 24
57090 26
57100 32
57110 11
57120 14
57130 17
57140 19
57150 22
57160 27
57170 18
57180 29
57190 14
57200 6
57210 19
57220 30
57230 20
57240 28
57250 19
57260 6
57270 3
57280 19
57290 27
57300 14
57310 12
57320 19
57330 23
57340 24
57350 27
57360 9
57370 18
57380 24
57390 16
57400 20
57410 16
57420 20
57430 23
57440 37
57450 18
57460 18
57470 30
57480 14
57490 12
57500 30
57510 4
57520 11
57530 22
57540 11
57550 20
57560 18
57570 12
57580 5
57590 12
57600 28
57610 30
57620 21
57630 18
57640 18
57650 18
57660 15
57670 15
57680 14
57690 20
57700 21
57710 26
57720 19
57730 17
57740 19
57750 29
57760 23
57770 17
57780 39
57790 18
57800 4
57810 15
57820 29
57830 25
57840 9
57850 13
57860 12
57870 31
57880 23
57890 30
57900 32
57910 18
57920 16
57930 13
57940 26
57950 31
57960 21
57970 31
57980 24
57990 22
58000 18
58010 21
58020 19
58030 32
58040 23
58050 29
58060 17
58070 20
58080 36
58090 30
58100 26
58110 18
58120 25
58130 16
58140 31
58150 19
58160 16
58170 22
58180 14
58190 12
58200 20
58210 21
58220 16
58230 18
58240 20
58250 21
58260 21
58270 24
58280 18
58290 28
58300 18
58310 11
58320 22
58330 22
58340 20
58350 18
58360 25
58370 17
58380 13
58390 18
58400 19
58410 22
58420 20
58430 15
58440 21
58450 12
58460 17
58470 6
58480 13
58490 23
58500 8
58510 10
58520 14
58530 7
58540 3
58550 8
58560 16
58570 11
58580 8
58590 8
58600 13
58610 11
58620 27
58630 16
58640 10
58650 22
58660 16
58670 7
58680 20
58690 10
58700 32
58710 28
58720 16
58730 36
58740 36
58750 37
58760 30
58770 30
58780 31
58790 24
58800 22
58810 34
58820 33
58830 33
58840 25
58850 29
58860 35
58870 17
58880 32
58890 19
58900 24
58910 22
58920 31
58930 15
58940 17
58950 10
58960 15
58970 17
58980 16
58990 14
59000 20
59010 19
59020 22
59030 23
59040 36
59050 41
59060 32
59070 29
59080 20
59090 32
59100 20
59110 24
59120 23
59130 20
59140 24
59150 28
59160 19
59170 18
59180 27
59190 26
59200 28
59210 19
59220 28
59230 17
59240 27
59250 31
59260 37
59270 18
59280 15
59290 12
59300 16
59310 34
59320 31
59330 19
59340 16
59350 18
59360 19
59370 24
59380 35
59390 33
59400 27
59410 26
59420 26
59430 19
59440 18
59450 31
59460 29
59470 28
59480 6
59490 30
59500 30
59510 19
59520 19
59530 14
59540 19
59550 4
59560 6
59570 10
59580 13
59590 11
59600 12
59610 5
59620 14
59630 9
59640 17
59650 10
59660 6
59670 15
59680 13
59690 21
59700 19
59710 14
59720 12
59730 18
59740 13
59750 17
59760 17
59770 7
59780 14
59790 25
59800 13
59810 18
59820 20
59830 18
59840 22
59850 13
59860 20
59870 3
59880 12
59890 7
59900 5
59910 9
59920 10
59930 15
59940 8
59950 9
59960 11
59970 10
59980 10
59990 9
60000 9
60010 17
60020 13
60030 10
60040 17
60050 5
60060 7
60070 1
60080 9
60090 15
60100 13
60110 10
60120 5
60130 16
60140 3
60150 11
60160 12
60170 13
60180 8
60190 1
60200 13
60210 21
60220 14
60230 19
60240 21
60250 14
60260 15
60270 34
60280 38
60290 32
60300 41
60310 29
60320 30
60330 31
60340 28
60350 37
60360 29
60370 6
60380 17
60390 31
60400 28
60410 17
60420 10
60430 14
60440 26
60450 30
60460 33
60470 31
60480 26
60490 7
60500 33
60510 11
60520 21
60530 19
60540 9
60550 22
60560 17
60570 30
60580 22
60590 24
60600 26
60610 34
60620 33
60630 16
60640 9
60650 35
60660 32
60670 34
60680 24
60690 32
60700 25
60710 27
60720 42
60730 36
60740 30
60750 36
60760 26
60770 22
60780 23
60790 30
60800 31
60810 27
60820 27
60830 22
60840 22
60850 36
60860 39
60870 22
60880 31
60890 40
60900 31
60910 30
60920 27
60930 27
60940 26
60950 22
60960 25
60970 31
60980 47
60990 23
61000 10
61010 30
61020 29
61030 23
61040 24
61050 26
61060 19
61070 21
61080 19
61090 22
61100 26
61110 21
61120 30
61130 21
61140 35
61150 15
61160 34
61170 19
61180 14
61190 18
61200 23
61210 23
61220 28
61230 21
61240 9
61250 14
61260 32
61270 22
61280 20
61290 19
61300 33
61310 28
61320 25
61330 21
61340 20
61350 30
61360 35
61370 25
61380 37
61390 12
61400 24
61410 21
61420 14
61430 25
61440 19
61450 22
61460 22
61470 23
61480 24
61490 18
61500 26
61510 23
61520 15
61530 11
61540 17
61550 25
61560 5
61570 10
61580 26
61590 9
61600 18
61610 20
61620 13
61630 23
61640 7
61650 11
61660 14
61670 24
61680 15
61690 8
61700 19
61710 35
61720 24
61730 9
61740 10
61750 18
61760 9
61770 21
61780 20
61790 10
61800 19
61810 10
61820 11
61830 13
61840 6
61850 14
61860 13
61870 24
61880 15
61890 17
61900 19
61910 14
61920 9
61930 20
61940 29
61950 26
61960 30
61970 27
61980 21
61990 22
62000 8
62010 32
62020 24
62030 22
62040 23
62050 33
62060 10
62070 29
62080 10
62090 16
62100 17
62110 20
62120 23
62130 22
62140 22
62150 24
62160 20
62170 14
62180 10
62190 15
62200 15
62210 9
62220 31
62230 30
62240 28
62250 15
62260 11
62270 7
62280 30
62290 27
62300 13
62310 27
62320 22
62330 19
62340 25
62350 40
62360 26
62370 15
62380 19
62390 26
62400 32
62410 7
62420 15
62430 22
62440 9
62450 14
62460 19
62470 18
62480 13
62490 19
62500 14
62510 25
62520 20
62530 24
62540 17
62550 22
62560 15
62570 20
62580 9
62590 21
62600 9
62610 1
62620 1
62630 0
62640 2
62650 0
62660 0
62670 3
62680 4
62690 4
62700 0
62710 1
62720 14
62730 8
62740 4
62750 5
62760 16
62770 17
62780 12
62790 17
62800 13
62810 20
62820 17
62830 18
62840 31
62850 19
62860 22
62870 27
62880 19
62890 20
62900 18
62910 27
62920 16
62930 14
62940 16
62950 21
62960 9
62970 15
62980 15
62990 21
63000 31
63010 28
63020 27
63030 20
63040 24
63050 26
63060 17
63070 13
63080 24
63090 25
63100 25
63110 22
63120 23
63130 29
63140 15
63150 21
63160 23
63170 33
63180 27
63190 38
63200 29
63210 45
63220 40
63230 41
63240 30
63250 21
63260 33
63270 16
63280 30
63290 38
63300 22
63310 41
63320 36
63330 43
63340 33
63350 16
63360 21
63370 31
63380 33
63390 34
63400 34
63410 14
63420 31
63430 29
63440 35
63450 22
63460 20
63470 21
63480 13
63490 13
63500 30
63510 41
63520 45
63530 33
63540 25
63550 27
63560 18
63570 18
63580 23
63590 23
63600 14
63610 32
63620 23
63630 26
63640 26
63650 41
63660 30
63670 37
63680 32
63690 26
63700 26
63710 33
63720 14
63730 38
63740 26
63750 13
63760 16
63770 20
63780 27
63790 20
63800 23
63810 24
63820 24
63830 32
63840 21
63850 16
63860 17
63870 24
63880 27
63890 23
63900 32
63910 28
63920 26
63930 37
63940 22
63950 18
63960 20
63970 23
63980 18
63990 10
64000 19
64010 21
64020 6
64030 8
64040 10
64050 12
64060 12
64070 16
64080 11
64090 5
64100 10
64110 23
64120 23
64130 20
64140 8
64150 12
64160 14
64170 2
64180 10
64190 15
64200 18
64210 20
64220 11
64230 29
64240 21
64250 18
64260 12
64270 9
64280 17
64290 12
64300 14
64310 13
64320 15
64330 26
64340 25
64350 15
64360 26
64370 27
64380 31
64390 39
64400 23
64410 23
64420 11
64430 22
64440 10
64450 24
64460 21
64470 23
64480 9
64490 21
64500 5
64510 16
64520 16
64530 18
64540 16
64550 21
64560 26
64570 23
64580 22
64590 15
64600 19
64610 18
64620 23
64630 32
64640 24
64650 22
64660 27
64670 27
64680 24
64690 18
64700 10
64710 12
64720 6
64730 21
64740 14
64750 9
64760 11
64770 4
64780 11
64790 9
64800 10
64810 11
64820 14
64830 13
64840 10
64850 14
64860 11
64870 21
64880 20
64890 13
64900 8
64910 6
64920 20
64930 27
64940 19
64950 20
64960 11
64970 16
64980 10
64990 5
65000 14
65010 34
65020 35
65030 31
65040 31
65050 30
65060 21
65070 32
65080 27
65090 34
65100 20
65110 39
65120 31
65130 32
65140 28
65150 19
65160 26
65170 24
65180 29
65190 20
65200 22
65210 24
65220 9
65230 26
65240 14
65250 29
65260 29
65270 26
65280 13
65290 14
65300 23
65310 21
65320 4
65330 7
65340 13
65350 4
65360 8
65370 16
65380 20
65390 5
65400 4
65410 8
65420 6
65430 4
65440 10
65450 3
65460 24
65470 24
65480 38
65490 28
65500 21
65510 18
65520 17
65530 32
65540 34
65550 33
65560 27
65570 18
65580 23
65590 20
65600 34
65610 29
65620 30
65630 21
65640 31
65650 25
65660 19
65670 14
65680 29
65690 10
65700 28
65710 9
65720 12
65730 15
65740 8
65750 11
65760 6
65770 7
65780 13
65790 7
65800 9
65810 13
65820 19
65830 8
65840 8
65850 14
65860 29
65870 25
65880 20
65890 30
65900 19
65910 28
65920 23
65930 35
65940 3
65950 10
65960 16
65970 39
65980 18
65990 28
66000 16
66010 21
66020 23
66030 16
66040 11
66050 9
66060 9
66070 36
66080 6
66090 16
66100 22
66110 13
66120 36
66130 33
66140 22
66150 40
66160 35
66170 23
66180 14
66190 21
66200 11
66210 15
66220 11
66230 19
66240 17
66250 22
66260 31
66270 18
66280 15
66290 10
66300 15
66310 29
66320 20
66330 23
66340 42
66350 21
66360 22
66370 18
66380 20
66390 23
66400 34
66410 21
66420 9
66430 11
66440 10
66450 11
66460 21
66470 29
66480 19
66490 29
66500 14
66510 14
66520 11
66530 28
66540 32
66550 21
66560 22
66570 25
66580 39
66590 33
66600 22
66610 21
66620 35
66630 24
66640 23
66650 23
66660 22
66670 30
66680 26
66690 37
66700 26
66710 13
66720 10
66730 38
66740 25
66750 37
66760 24
66770 27
66780 29
66790 19
66800 28
66810 18
66820 22
66830 19
66840 18
66850 19
66860 27
66870 21
66880 29
66890 28
66900 20
66910 22
66920 23
66930 13
66940 27
66950 27
66960 22
66970 31
66980 11
66990 21
67000 29
67010 26
67020 31
67030 22
67040 31
67050 26
67060 33
67070 40
67080 30
67090 28
67100 14
67110 17
67120 15
67130 18
67140 31
67150 27
67160 17
67170 23
67180 19
67190 29
67200 25
67210 24
67220 29
67230 20
67240 31
67250 17
67260 18
67270 15
67280 15
67290 14
67300 11
67310 14
67320 18
67330 25
67340 29
67350 29
67360 31
67370 31
67380 15
67390 18
67400 21
67410 32
67420 30
67430 28
67440 27
67450 16
67460 31
67470 15
67480 16
67490 16
67500 30
67510 17
67520 16
67530 6
67540 9
67550 8
67560 7
67570 10
67580 21
67590 7
67600 11
67610 21
67620 3
67630 11
67640 15
67650 33
67660 36
67670 24
67680 25
67690 27
67700 32
67710 28
67720 30
67730 29
67740 26
67750 20
67760 10
67770 26
67780 9
67790 24
67800 27
67810 23
67820 43
67830 34
67840 24
67850 17
67860 41
67870 33
67880 27
67890 13
67900 26
67910 26
67920 18
67930 13
67940 10
67950 31
67960 17
67970 16
67980 15
67990 14
68000 14
68010 29
68020 17
68030 4
68040 26
68050 19
68060 17
68070 10
68080 24
68090 15
68100 11
68110 30
68120 23
68130 22
68140 20
68150 24
68160 24
68170 17
68180 23
68190 14
68200 17
68210 20
68220 20
68230 29
68240 33
68250 29
68260 33
68270 15
68280 13
68290 22
68300 27
68310 32
68320 29
68330 30
68340 39
68350 34
68360 32
68370 26
68380 36
68390 12
68400 26
68410 27
68420 35
68430 20
68440 19
68450 28
68460 31
68470 27
68480 14
68490 32
68500 41
68510 36
68520 32
68530 50
68540 15
68550 30
68560 26
68570 27
68580 23
68590 15
68600 39
68610 26
68620 25
68630 11
68640 23
68650 22
68660 12
68670 28
68680 12
68690 13
68700 14
68710 16
68720 20
68730 15
68740 25
68750 18
68760 13
68770 13
68780 11
68790 23
68800 21
68810 30
68820 19
68830 29
68840 23
68850 29
68860 21
68870 18
68880 19
68890 19
68900 20
68910 9
68920 21
68930 11
68940 27
68950 16
68960 13
68970 19
68980 18
68990 17
69000 32
69010 29
69020 18
69030 24
69040 29
69050 25
69060 13
69070 13
69080 11
69090 42
69100 22
69110 21
69120 26
69130 13
69140 29
69150 19
69160 9
69170 35
69180 8
69190 5
69200 30
69210 20
69220 8
69230 27
69240 14
69250 23
69260 19
69270 18
69280 22
69290 25
69300 10
69310 19
69320 16
69330 19
69340 21
69350 9
69360 23
69370 21
69380 23
69390 22
69400 28
69410 21
69420 16
69430 25
69440 25
69450 39
69460 27
69470 33
69480 29
69490 26
69500 30
69510 24
69520 25
69530 33
69540 38
69550 37
69560 13
69570 26
69580 21
69590 29
69600 25
69610 14
69620 21
69630 16
69640 15
69650 4
69660 8
69670 22
69680 23
69690 16
69700 15
69710 16
69720 19
69730 9
69740 20
69750 35
69760 21
69770 18
69780 27
69790 17
69800 12
69810 23
69820 21
69830 20
69840 22
69850 20
69860 21
69870 28
69880 17
69890 18
69900 13
69910 29
69920 22
69930 13
69940 33
69950 32
69960 15
69970 8
69980 7
69990 14
70000 16
70010 12
70020 19
70030 31
70040 29
70050 30
70060 22
70070 22
70080 23
70090 20
70100 16
70110 25
70120 15
70130 20
70140 25
70150 23
70160 9
70170 13
70180 25
70190 27
70200 17
70210 22
70220 21
70230 20
70240 22
70250 29
70260 8
70270 25
70280 23
70290 12
70300 22
70310 25
70320 22
70330 25
70340 33
70350 32
70360 17
70370 26
70380 24
70390 19
70400 19
70410 26
70420 14
70430 23
70440 22
70450 12
70460 8
70470 10
70480 22
70490 22
70500 26
70510 18
70520 18
70530 15
70540 17
70550 17
70560 8
70570 23
70580 35
70590 29
70600 25
70610 24
70620 12
70630 31
70640 9
70650 15
70660 20
70670 22
70680 21
70690 22
70700 24
70710 26
70720 29
70730 20
70740 26
70750 17
70760 21
70770 24
70780 23
70790 20
70800 20
70810 28
70820 19
70830 21
70840 20
70850 10
70860 20
70870 14
70880 20
70890 21
70900 21
70910 13
70920 26
70930 18
70940 16
70950 23
70960 20
70970 16
70980 32
70990 37
71000 14
71010 28
71020 5
71030 14
71040 27
71050 18
71060 16
71070 14
71080 15
71090 14
71100 14
71110 12
71120 32
71130 24
71140 30
71150 24
71160 17
71170 23
71180 11
71190 11
71200 9
71210 12
71220 15
71230 11
71240 10
71250 18
71260 13
71270 28
71280 25
71290 22
71300 22
71310 22
71320 15
71330 21
71340 12
71350 13
71360 9
71370 26
71380 26
71390 11
71400 16
71410 12
71420 15
71430 13
71440 25
71450 9
71460 17
71470 10
71480 19
71490 16
71500 29
71510 22
71520 12
71530 26
71540 25
71550 23
71560 17
71570 7
71580 7
71590 17
71600 14
71610 16
71620 15
71630 11
71640 22
71650 22
71660 15
71670 19
71680 14
71690 15
71700 14
71710 12
71720 17
71730 19
71740 15
71750 13
71760 11
71770 11
71780 29
71790 27
71800 27
71810 32
71820 21
71830 18
71840 21
71850 26
71860 23
71870 29
71880 19
71890 22
71900 9
71910 21
71920 17
71930 12
71940 14
71950 28
71960 28
71970 25
71980 22
71990 21
72000 25
72010 23
72020 12
72030 11
72040 18
72050 16
72060 25
72070 31
72080 27
72090 18
72100 19
72110 7
72120 17
72130 13
72140 19
72150 15
72160 30
72170 17
72180 25
72190 20
72200 23
72210 23
72220 20
72230 20
72240 18
72250 25
72260 19
72270 21
72280 20
72290 18
72300 17
72310 17
72320 14
72330 20
72340 17
72350 25
72360 20
72370 23
72380 34
72390 29
72400 21
72410 37
72420 29
72430 24
72440 31
72450 28
72460 30
72470 15
72480 17
72490 11
72500 14
72510 14
72520 14
72530 18
72540 24
72550 22
72560 10
72570 16
72580 15
72590 9
72600 18
72610 17
72620 32
72630 34
72640 20
72650 16
72660 28
72670 20
72680 14
72690 19
72700 22
72710 12
72720 12
72730 13
72740 14
72750 16
72760 3
72770 10
72780 15
72790 10
72800 32
72810 12
72820 7
72830 10
72840 7
72850 8
72860 18
72870 17
72880 12
72890 34
72900 45
72910 29
72920 20
72930 22
72940 33
72950 30
72960 31
72970 20
72980 23
72990 30
73000 28
73010 26
73020 16
73030 23
73040 20
73050 22
73060 20
73070 27
73080 26
73090 28
73100 36
73110 20
73120 19
73130 19
73140 28
73150 15
73160 19
73170 15
73180 19
73190 18
73200 18
73210 7
73220 14
73230 19
73240 21
73250 10
73260 19
73270 39
73280 22
73290 34
73300 21
73310 21
73320 23
73330 21
73340 28
73350 17
73360 26
73370 18
73380 29
73390 23
73400 7
73410 24
73420 14
73430 27
73440 11
73450 12
73460 9
73470 28
73480 17
73490 15
73500 15
73510 10
73520 11
73530 15
73540 20
73550 19
73560 16
73570 22
73580 14
73590 12
73600 15
73610 30
73620 21
73630 14
73640 37
73650 23
73660 13
73670 19
73680 32
73690 23
73700 33
73710 24
73720 15
73730 14
73740 26
73750 32
73760 17
73770 29
73780 28
73790 14
73800 11
73810 17
73820 19
73830 30
73840 17
73850 15
73860 21
73870 35
73880 27
73890 17
73900 3
73910 19
73920 36
73930 32
73940 19
73950 19
73960 17
73970 30
73980 11
73990 15
74000 31
74010 9
74020 18
74030 12
74040 16
74050 19
74060 13
74070 11
74080 12
74090 5
74100 16
74110 9
74120 8
74130 20
74140 22
74150 9
74160 7
74170 1
74180 5
74190 12
74200 1
74210 11
74220 13
74230 22
74240 16
74250 11
74260 17
74270 12
74280 10
74290 17
74300 19
74310 14
74320 20
74330 26
74340 14
74350 20
74360 22
74370 13
74380 32
74390 13
74400 10
74410 10
74420 13
74430 18
74440 27
74450 17
74460 16
74470 24
74480 22
74490 19
74500 31
74510 24
74520 6
74530 15
74540 1
74550 20
74560 25
74570 12
74580 19
74590 9
74600 23
74610 10
74620 17
74630 9
74640 10
74650 12
74660 13
74670 11
74680 11
74690 13
74700 14
74710 21
74720 15
74730 10
74740 14
74750 12
74760 13
74770 13
74780 13
74790 40
74800 22
74810 8
74820 13
74830 2
74840 15
74850 4
74860 10
74870 2
74880 9
74890 20
74900 11
74910 11
74920 20
74930 19
74940 8
74950 23
74960 19
74970 5
74980 12
74990 19
75000 8
75010 8
75020 8
75030 11
75040 7
75050 17
75060 11
75070 14
75080 13
75090 12
75100 4
75110 9
75120 12
75130 14
75140 11
75150 12
75160 12
75170 8
75180 12
75190 21
75200 15
75210 11
75220 21
75230 19
75240 20
75250 10
75260 5
75270 17
75280 19
75290 6
75300 10
75310 4
75320 11
75330 15
75340 11
75350 12
75360 12
75370 22
75380 14
75390 20
75400 18
75410 15
75420 20
75430 26
75440 15
75450 32
75460 10
75470 29
75480 33
75490 24
75500 14
75510 19
75520 11
75530 22
75540 26
75550 22
75560 13
75570 15
75580 22
75590 25
75600 16
75610 26
75620 24
75630 16
75640 36
75650 28
75660 11
75670 29
75680 28
75690 16
75700 29
75710 27
75720 26
75730 24
75740 30
75750 21
75760 9
75770 11
75780 11
75790 27
75800 18
75810 14
75820 17
75830 12
75840 14
75850 33
75860 16
75870 26
75880 16
75890 27
75900 13
75910 37
75920 22
75930 8
75940 12
75950 17
75960 16
75970 16
75980 12
75990 19
76000 21
76010 14
76020 13
76030 14
76040 3
76050 37
76060 20
76070 34
76080 36
76090 12
76100 24
76110 27
76120 25
76130 30
76140 8
76150 11
76160 32
76170 34
76180 0
76190 11
76200 12
76210 9
76220 32
76230 27
76240 14
76250 23
76260 10
76270 30
76280 23
76290 29
76300 15
76310 8
76320 6
76330 7
76340 8
76350 7
76360 19
76370 8
76380 14
76390 17
76400 18
76410 28
76420 29
76430 22
76440 36
76450 29
76460 21
76470 25
76480 32
76490 6
76500 33
76510 26
76520 25
76530 32
76540 10
76550 12
76560 19
76570 27
76580 11
76590 15
76600 16
76610 19
76620 17
76630 21
76640 24
76650 12
76660 7
76670 11
76680 31
76690 25
76700 27
76710 23
76720 20
76730 18
76740 12
76750 26
76760 22
76770 15
76780 27
76790 26
76800 31
76810 28
76820 28
76830 32
76840 24
76850 17
76860 28
76870 18
76880 16
76890 32
76900 22
76910 35
76920 25
76930 36
76940 25
76950 35
76960 18
76970 10
76980 15
76990 19
77000 26
77010 16
77020 16
77030 8
77040 18
77050 35
77060 26
77070 18
77080 21
77090 40
77100 31
77110 22
77120 24
77130 29
77140 30
77150 26
77160 19
77170 14
77180 28
77190 11
77200 22
77210 21
77220 21
77230 32
77240 19
77250 13
77260 24
77270 8
77280 21
77290 31
77300 18
77310 25
77320 18
77330 14
77340 19
77350 19
77360 18
77370 21
77380 19
77390 26
77400 20
77410 14
77420 21
77430 11
77440 27
77450 26
77460 14
77470 8
77480 23
77490 21
77500 11
77510 28
77520 22
77530 10
77540 16
77550 14
77560 12
77570 18
77580 26
77590 24
77600 27
77610 37
77620 28
77630 16
77640 22
77650 17
77660 21
77670 28
77680 14
77690 18
77700 20
77710 19
77720 17
77730 7
77740 19
77750 31
77760 29
77770 28
77780 23
77790 12
77800 23
77810 27
77820 21
77830 19
77840 14
77850 13
77860 20
77870 15
77880 5
77890 7
77900 21
77910 22
77920 15
77930 18
77940 24
77950 33
77960 32
77970 27
77980 15
77990 21
78000 28
78010 3
78020 4
78030 2
78040 4
78050 14
78060 10
78070 17
78080 19
78090 7
78100 6
78110 32
78120 23
78130 14
78140 27
78150 32
78160 33
78170 32
78180 22
78190 19
78200 22
78210 27
78220 30
78230 26
78240 25
78250 21
78260 9
78270 2
78280 12
78290 27
78300 26
78310 23
78320 16
78330 24
78340 31
78350 30
78360 37
78370 33
78380 23
78390 32
78400 21
78410 24
78420 37
78430 22
78440 27
78450 22
78460 24
78470 30
78480 25
78490 24
78500 24
78510 18
78520 18
78530 23
78540 32
78550 27
78560 27
78570 37
78580 29
78590 28
78600 23
78610 16
78620 24
78630 23
78640 18
78650 12
78660 40
78670 31
78680 22
78690 29
78700 24
78710 27
78720 18
78730 27
78740 23
78750 21
78760 24
78770 7
78780 5
78790 11
78800 26
78810 19
78820 22
78830 31
78840 27
78850 33
78860 26
78870 14
78880 24
78890 36
78900 20
78910 6
78920 25
78930 23
78940 21
78950 26
78960 18
78970 43
78980 16
78990 26
79000 22
79010 21
79020 28
79030 27
79040 26
79050 26
79060 29
79070 17
79080 21
79090 29
79100 17
79110 16
79120 29
79130 16
79140 17
79150 21
79160 14
79170 25
79180 13
79190 21
79200 7
79210 30
79220 9
79230 11
79240 19
79250 15
79260 24
79270 22
79280 26
79290 32
79300 25
79310 29
79320 24
79330 20
79340 14
79350 25
79360 18
79370 32
79380 28
79390 18
79400 32
79410 23
79420 15
79430 24
79440 24
79450 15
79460 17
79470 13
79480 14
79490 17
79500 15
79510 13
79520 14
79530 20
79540 15
79550 20
79560 5
79570 15
79580 24
79590 19
79600 23
79610 31
79620 23
79630 23
79640 21
79650 27
79660 35
79670 26
79680 25
79690 15
79700 17
79710 33
79720 16
79730 39
79740 18
79750 32
79760 27
79770 24
79780 22
79790 25
79800 26
79810 23
79820 23
79830 32
79840 15
79850 30
79860 33
79870 24
79880 28
79890 28
79900 18
79910 33
79920 27
79930 29
79940 37
79950 27
79960 29
79970 34
79980 27
79990 26
80000 23
80010 21
80020 24
80030 27
80040 30
80050 13
80060 21
80070 33
80080 26
80090 40
80100 30
80110 33
80120 28
80130 8
80140 21
80150 19
80160 30
80170 32
80180 31
80190 14
80200 25
80210 21
80220 35
80230 14
80240 32
80250 17
80260 27
80270 28
80280 10
80290 23
80300 15
80310 19
80320 9
80330 16
80340 33
80350 27
80360 20
80370 35
80380 29
80390 30
80400 25
80410 26
80420 23
80430 19
80440 12
80450 23
80460 28
80470 22
80480 24
80490 21
80500 19
80510 35
80520 24
80530 20
80540 29
80550 8
80560 21
80570 12
80580 14
80590 17
80600 5
80610 20
80620 20
80630 20
80640 25
80650 8
80660 14
80670 12
80680 11
80690 14
80700 4
80710 15
80720 11
80730 17
80740 1
80750 11
80760 17
80770 6
80780 16
80790 13
80800 11
80810 12
80820 17
80830 16
80840 9
80850 17
80860 19
80870 5
80880 17
80890 19
80900 17
80910 8
80920 14
80930 12
80940 8
80950 12
80960 6
80970 10
80980 13
80990 9
81000 15
81010 14
81020 9
81030 4
81040 15
81050 12
81060 19
81070 30
81080 16
81090 17
81100 17
81110 29
81120 25
81130 11
81140 15
81150 26
81160 15
81170 20
81180 22
81190 14
81200 20
81210 12
81220 25
81230 21
81240 26
81250 28
81260 11
81270 28
81280 30
81290 15
81300 19
81310 11
81320 10
81330 19
81340 8
81350 11
81360 9
81370 13
81380 3
81390 20
81400 7
81410 11
81420 14
81430 2
81440 13
81450 8
81460 25
81470 19
81480 7
81490 12
81500 15
81510 21
81520 16
81530 16
81540 18
81550 10
81560 9
81570 23
81580 25
81590 22
81600 35
81610 27
81620 23
81630 15
81640 30
81650 32
81660 29
81670 31
81680 19
81690 28
81700 15
81710 25
81720 23
81730 30
81740 25
81750 24
81760 31
81770 17
81780 8
81790 13
81800 13
81810 20
81820 7
81830 18
81840 14
81850 7
81860 14
81870 9
81880 7
81890 13
81900 6
81910 26
81920 6
81930 18
81940 17
81950 16
81960 4
81970 15
81980 12
81990 13
82000 17
82010 18
82020 17
82030 16
82040 26
82050 10
82060 19
82070 4
82080 16
82090 34
82100 31
82110 21
82120 27
82130 31
82140 18
82150 19
82160 16
82170 17
82180 27
82190 22
82200 20
82210 11
82220 21
82230 6
82240 23
82250 29
82260 34
82270 26
82280 24
82290 14
82300 22
82310 26
82320 18
82330 16
82340 30
82350 13
82360 18
82370 19
82380 21
82390 23
82400 22
82410 21
82420 13
82430 19
82440 28
82450 27
82460 29
82470 36
82480 18
82490 26
82500 18
82510 27
82520 22
82530 17
82540 27
82550 9
82560 28
82570 19
82580 32
82590 18
82600 29
82610 26
82620 34
82630 25
82640 15
82650 23
82660 27
82670 37
82680 21
82690 17
82700 33
82710 27
82720 19
82730 23
82740 25
82750 10
82760 14
82770 33
82780 22
82790 20
82800 13
82810 18
82820 25
82830 31
82840 28
82850 25
82860 21
82870 28
82880 32
82890 8
82900 21
82910 19
82920 12
82930 24
82940 15
82950 6
82960 10
82970 6
82980 3
82990 9
83000 6
83010 9
83020 22
83030 18
83040 10
83050 17
83060 12
83070 6
83080 11
83090 12
83100 11
83110 18
83120 23
83130 14
83140 13
83150 15
83160 19
83170 15
83180 20
83190 16
83200 1
83210 13
83220 24
83230 18
83240 18
83250 14
83260 14
83270 15
83280 16
83290 7
83300 9
83310 6
83320 12
83330 24
83340 8
83350 18
83360 20
83370 18
83380 13
83390 16
83400 25
83410 15
83420 11
83430 23
83440 17
83450 14
83460 25
83470 23
83480 23
83490 35
83500 30
83510 24
83520 26
83530 10
83540 28
83550 28
83560 26
83570 7
83580 15
83590 11
83600 12
83610 14
83620 27
83630 24
83640 20
83650 10
83660 13
83670 11
83680 25
83690 27
83700 19
83710 19
83720 30
83730 12
83740 21
83750 23
83760 32
83770 11
83780 18
83790 29
83800 33
83810 32
83820 31
83830 24
83840 30
83850 28
83860 14
83870 15
83880 29
83890 23
83900 15
83910 34
83920 15
83930 33
83940 31
83950 30
83960 34
83970 32
83980 31
83990 27
84000 26
84010 34
84020 28
84030 28
84040 25
84050 25
84060 25
84070 25
84080 19
84090 24
84100 14
84110 28
84120 17
84130 26
84140 30
84150 31
84160 22
84170 25
84180 24
84190 31
84200 21
84210 26
84220 23
84230 13
84240 24
84250 22
84260 37
84270 22
84280 23
84290 29
84300 16
84310 31
84320 18
84330 22
84340 31
84350 24
84360 17
84370 24
84380 21
84390 17
84400 19
84410 11
84420 22
84430 20
84440 7
84450 10
84460 31
84470 10
84480 13
84490 29
84500 15
84510 15
84520 15
84530 8
84540 17
84550 16
84560 13
84570 21
84580 28
84590 23
84600 23
84610 27
84620 26
84630 27
84640 22
84650 33
84660 16
84670 8
84680 28
84690 11
84700 14
84710 27
84720 32
84730 13
84740 24
84750 26
84760 12
84770 11
84780 18
84790 6
84800 4
84810 11
84820 10
84830 5
84840 16
84850 21
84860 7
84870 12
84880 8
84890 8
84900 13
84910 13
84920 20
84930 15
84940 12
84950 16
84960 18
84970 18
84980 8
84990 11
85000 22
85010 16
85020 25
85030 16
85040 15
85050 30
85060 32
85070 22
85080 23
85090 16
85100 23
85110 26
85120 12
85130 30
85140 26
85150 7
85160 14
85170 26
85180 28
85190 5
85200 9
85210 13
85220 12
85230 25
85240 18
85250 24
85260 25
85270 30
85280 37
85290 9
85300 26
85310 8
85320 14
85330 8
85340 6
85350 6
85360 3
85370 11
85380 14
85390 17
85400 10
85410 19
85420 17
85430 14
85440 21
85450 17
85460 35
85470 31
85480 35
85490 19
85500 25
85510 25
85520 35
85530 30
85540 19
85550 28
85560 25
85570 16
85580 9
85590 12
85600 25
85610 20
85620 16
85630 14
85640 15
85650 10
85660 18
85670 13
85680 19
85690 17
85700 19
85710 14
85720 18
85730 12
85740 7
85750 21
85760 25
85770 38
85780 15
85790 19
85800 18
85810 27
85820 27
85830 26
85840 21
85850 21
85860 28
85870 21
85880 21
85890 15
85900 21
85910 20
85920 34
85930 22
85940 21
85950 40
85960 27
85970 21
85980 17
85990 19
86000 20
86010 10
86020 22
86030 29
86040 18
86050 19
86060 13
86070 22
86080 15
86090 26
86100 14
86110 35
86120 20
86130 13
86140 17
86150 11
86160 30
86170 17
86180 15
86190 12
86200 15
86210 30
86220 21
86230 28
86240 12
86250 28
86260 12
86270 21
86280 15
86290 23
86300 32
86310 25
86320 28
86330 19
86340 14
86350 25
86360 21
86370 21
86380 20
86390 13
86400 27
86410 19
86420 26
86430 30
86440 20
86450 27
86460 24
86470 17
86480 16
86490 17
86500 17
86510 23
86520 23
86530 28
86540 24
86550 29
86560 20
86570 8
86580 18
86590 20
86600 20
86610 20
86620 24
86630 17
86640 18
86650 6
86660 9
86670 21
86680 10
86690 14
86700 19
86710 8
86720 24
86730 23
86740 4
86750 24
86760 23
86770 20
86780 22
86790 32
86800 15
86810 13
86820 23
86830 28
86840 25
86850 14
86860 22
86870 21
86880 12
86890 8
86900 6
86910 17
86920 27
86930 13
86940 3
86950 19
86960 8
86970 10
86980 19
86990 11
87000 6
87010 9
87020 11
87030 10
87040 4
87050 10
87060 10
87070 25
87080 24
87090 26
87100 25
87110 22
87120 18
87130 10
87140 21
87150 34
87160 7
87170 27
87180 34
87190 22
87200 32
87210 19
87220 29
87230 26
87240 21
87250 28
87260 29
87270 26
87280 34
87290 24
87300 29
87310 30
87320 24
87330 11
87340 24
87350 33
87360 29
87370 10
87380 21
87390 31
87400 20
87410 27
87420 29
87430 17
87440 28
87450 29
87460 23
87470 24
87480 19
87490 25
87500 27
87510 10
87520 22
87530 24
87540 14
87550 10
87560 26
87570 9
87580 8
87590 12
87600 20
87610 18
87620 22
87630 6
87640 17
87650 5
87660 22
87670 14
87680 29
87690 13
87700 20
87710 21
87720 28
87730 16
87740 9
87750 27
87760 33
87770 16
87780 28
87790 26
87800 23
87810 19
87820 26
87830 22
87840 11
87850 30
87860 22
87870 21
87880 11
87890 23
87900 27
87910 31
87920 32
87930 11
87940 26
87950 24
87960 21
87970 19
87980 21
87990 19
88000 14
88010 15
88020 19
88030 21
88040 21
88050 13
88060 17
88070 8
88080 16
88090 20
88100 13
88110 21
88120 10
88130 13
88140 11
88150 17
88160 11
88170 23
88180 15
88190 11
88200 13
88210 4
88220 8
88230 16
88240 12
88250 4
88260 19
88270 12
88280 17
88290 11
88300 17
88310 17
88320 18
88330 20
88340 17
88350 18
88360 11
88370 22
88380 20
88390 19
88400 18
88410 23
88420 21
88430 27
88440 6
88450 24
88460 16
88470 22
88480 21
88490 20
88500 24
88510 15
88520 7
88530 19
88540 23
88550 16
88560 18
88570 24
88580 7
88590 30
88600 28
88610 19
88620 19
88630 33
88640 30
88650 14
88660 17
88670 27
88680 39
88690 22
88700 25
88710 24
88720 18
88730 26
88740 29
88750 24
88760 27
88770 14
88780 19
88790 12
88800 14
88810 7
88820 37
88830 19
88840 28
88850 18
88860 21
88870 12
88880 13
88890 22
88900 18
88910 26
88920 25
88930 20
88940 22
88950 10
88960 25
88970 30
88980 16
88990 31
89000 23
89010 22
89020 30
89030 26
89040 23
89050 21
89060 21
89070 22
89080 20
89090 35
89100 18
89110 18
89120 22
89130 11
89140 36
89150 35
89160 16
89170 20
89180 19
89190 16
89200 30
89210 17
89220 15
89230 22
89240 36
89250 32
89260 19
89270 15
89280 31
89290 27
89300 35
89310 29
89320 26
89330 13
89340 18
89350 27
89360 26
89370 16
89380 18
89390 18
89400 18
89410 33
89420 16
89430 10
89440 19
89450 22
89460 6
89470 19
89480 20
89490 14
89500 33
89510 22
89520 26
89530 34
89540 21
89550 19
89560 25
89570 25
89580 25
89590 32
89600 33
89610 25
89620 25
89630 37
89640 25
89650 25
89660 28
89670 26
89680 28
89690 34
89700 27
89710 23
89720 20
89730 22
89740 20
89750 20
89760 16
89770 14
89780 22
89790 23
89800 25
89810 30
89820 33
89830 23
89840 25
89850 42
89860 26
89870 25
89880 6
89890 6
89900 18
89910 19
89920 22
89930 16
89940 19
89950 16
89960 19
89970 23
89980 16
89990 29
90000 17
90010 10
90020 4
90030 15
90040 22
90050 13
90060 20
90070 11
90080 16
90090 18
90100 19
90110 16
90120 16
90130 22
90140 10
90150 11
90160 8
90170 6
90180 10
90190 10
90200 10
90210 11
90220 12
90230 5
90240 9
90250 8
90260 20
90270 15
90280 12
90290 16
90300 13
90310 16
90320 30
90330 23
90340 19
90350 27
90360 21
90370 21
90380 23
90390 33
90400 27
90410 20
90420 18
90430 6
90440 14
90450 12
90460 26
90470 16
90480 18
90490 10
90500 11
90510 17
90520 14
90530 2
90540 12
90550 18
90560 27
90570 10
90580 11
90590 7
90600 15
90610 12
90620 7
90630 17
90640 9
90650 7
90660 6
90670 14
90680 12
90690 11
90700 19
90710 17
90720 12
90730 1
90740 8
90750 8
90760 3
90770 14
90780 7
90790 4
90800 17
90810 17
90820 19
90830 8
90840 5
90850 10
90860 6
90870 5
90880 6
90890 9
90900 6
90910 4
90920 11
90930 6
90940 13
90950 9
90960 11
90970 17
90980 14
90990 15
91000 12
91010 7
91020 12
91030 15
91040 14
91050 7
91060 15
91070 9
91080 2
91090 13
91100 4
91110 3
91120 8
91130 14
91140 10
91150 17
91160 13
91170 18
91180 12
91190 16
91200 11
91210 7
91220 8
91230 10
91240 3
91250 5
91260 8
91270 16
91280 10
91290 12
91300 12
91310 16
91320 16
91330 4
91340 13
91350 9
91360 9
91370 6
91380 5
91390 13
91400 13
91410 13
91420 1
91430 10
91440 13
91450 12
91460 11
91470 13
91480 5
91490 15
91500 6
91510 18
91520 14
91530 9
91540 6
91550 15
91560 19
91570 16
91580 15
91590 10
91600 19
91610 12
91620 16
91630 21
91640 17
91650 11
91660 10
91670 6
91680 8
91690 20
91700 16
91710 18
91720 13
91730 4
91740 13
91750 11
91760 12
91770 8
91780 15
91790 8
91800 8
91810 16
91820 11
91830 12
91840 16
91850 16
91860 9
91870 6
91880 3
91890 5
91900 13
91910 17
91920 9
91930 4
91940 12
91950 13
91960 12
91970 10
91980 6
91990 19
92000 8
92010 13
92020 9
92030 7
92040 22
92050 25
92060 9
92070 20
92080 21
92090 4
92100 16
92110 14
92120 21
92130 19
92140 32
92150 31
92160 15
92170 25
92180 15
92190 29
92200 13
92210 19
92220 17
92230 20
92240 17
92250 32
92260 28
92270 28
92280 18
92290 14
92300 17
92310 24
92320 32
92330 23
92340 6
92350 21
92360 20
92370 23
92380 25
92390 8
92400 23
92410 28
92420 18
92430 20
92440 10
92450 17
92460 29
92470 27
92480 11
92490 27
92500 16
92510 19
92520 22
92530 13
92540 22
92550 12
92560 10
92570 17
92580 26
92590 22
92600 18
92610 26
92620 36
92630 12
92640 13
92650 13
92660 14
92670 18
92680 23
92690 19
92700 14
92710 19
92720 25
92730 25
92740 17
92750 13
92760 22
92770 14
92780 25
92790 10
92800 19
92810 18
92820 14
92830 11
92840 21
92850 31
92860 18
92870 31
92880 23
92890 24
92900 18
92910 21
92920 15
92930 18
92940 24
92950 19
92960 16
92970 37
92980 26
92990 17
93000 20
93010 17
93020 16
93030 11
93040 14
93050 7
93060 3
93070 12
93080 16
93090 1
93100 14
93110 19
93120 22
93130 18
93140 17
93150 13
93160 4
93170 16
93180 1
93190 20
93200 6
93210 11
93220 15
93230 3
93240 16
93250 15
93260 5
93270 7
93280 8
93290 12
93300 15
93310 3
93320 5
93330 11
93340 3
93350 8
93360 3
93370 10
93380 11
93390 13
93400 19
93410 7
93420 13
93430 9
93440 9
93450 9
93460 12
93470 11
93480 11
93490 5
93500 15
93510 8
93520 13
93530 4
93540 14
93550 15
93560 7
93570 12
93580 3
93590 35
93600 3
93610 30
93620 2
93630 7
93640 13
93650 2
93660 9
93670 12
93680 11
93690 9
93700 17
93710 14
93720 1
93730 15
93740 7
93750 12
93760 29
93770 22
93780 23
93790 15
93800 18
93810 12
93820 9
93830 13
93840 9
93850 9
93860 13
93870 12
93880 10
93890 9
93900 15
93910 16
93920 20
93930 7
93940 8
93950 9
93960 14
93970 15
93980 9
93990 3
94000 9
94010 14
94020 11
94030 14
94040 6
94050 14
94060 13
94070 19
94080 18
94090 19
94100 19
94110 20
94120 16
94130 12
94140 25
94150 24
94160 10
94170 18
94180 15
94190 20
94200 16
94210 10
94220 14
94230 13
94240 25
94250 11
94260 17
94270 12
94280 24
94290 7
94300 25
94310 27
94320 30
94330 20
94340 22
94350 22
94360 21
94370 20
94380 18
94390 14
94400 27
94410 31
94420 12
94430 18
94440 20
94450 14
94460 22
94470 12
94480 22
94490 22
94500 17
94510 5
94520 21
94530 19
94540 15
94550 23
94560 24
94570 14
94580 21
94590 25
94600 12
94610 9
94620 12
94630 19
94640 21
94650 20
94660 28
94670 30
94680 25
94690 26
94700 18
94710 16
94720 14
94730 21
94740 9
94750 18
94760 17
94770 18
94780 16
94790 16
94800 3
94810 19
94820 20
94830 17
94840 15
94850 16
94860 26
94870 21
94880 22
94890 24
94900 23
94910 31
94920 29
94930 23
94940 23
94950 23
94960 22
94970 20
94980 23
94990 28
95000 32
95010 20
95020 28
95030 16
95040 29
95050 16
95060 23
95070 36
95080 21
95090 31
95100 26
95110 30
95120 27
95130 18
95140 37
95150 32
95160 30
95170 16
95180 27
95190 24
95200 17
95210 16
95220 23
95230 19
95240 35
95250 19
95260 23
95270 18
95280 18
95290 33
95300 32
95310 29
95320 32
95330 32
95340 19
95350 25
95360 25
95370 32
95380 20
95390 31
95400 21
95410 25
95420 20
95430 21
95440 27
95450 30
95460 22
95470 24
95480 30
95490 38
95500 28
95510 38
95520 17
95530 11
95540 23
95550 13
95560 1
95570 27
95580 19
95590 33
95600 23
95610 23
95620 20
95630 20
95640 28
95650 27
95660 19
95670 22
95680 22
95690 19
95700 19
95710 21
95720 17
95730 9
95740 15
95750 8
95760 9
95770 12
95780 22
95790 31
95800 10
95810 28
95820 24
95830 5
95840 24
95850 10
95860 18
95870 20
95880 14
95890 13
95900 3
95910 12
95920 3
95930 22
95940 37
95950 25
95960 23
95970 26
95980 27
95990 35
96000 23
96010 24
96020 25
96030 26
96040 34
96050 28
96060 30
96070 30
96080 34
96090 20
96100 23
96110 28
96120 11
96130 16
96140 31
96150 26
96160 18
96170 13
96180 19
96190 26
96200 23
96210 13
96220 18
96230 27
96240 23
96250 23
96260 20
96270 15
96280 14
96290 15
96300 27
96310 14
96320 17
96330 12
96340 19
96350 18
96360 20
96370 22
96380 31
96390 32
96400 25
96410 12
96420 34
96430 29
96440 41
96450 34
96460 25
96470 32
96480 35
96490 28
96500 41
96510 28
96520 36
96530 40
96540 35
96550 34
96560 21
96570 28
96580 33
96590 21
96600 30
96610 22
96620 31
96630 17
96640 20
96650 25
96660 25
96670 32
96680 8
96690 22
96700 14
96710 28
96720 31
96730 29
96740 22
96750 30
96760 22
96770 13
96780 11
96790 35
96800 34
96810 24
96820 21
96830 13
96840 31
96850 32
96860 33
96870 20
96880 41
96890 26
96900 42
96910 13
96920 20
96930 13
96940 30
96950 13
96960 23
96970 15
96980 22
96990 22
97000 23
97010 24
97020 25
97030 7
97040 20
97050 23
97060 17
97070 19
97080 24
97090 30
97100 16
97110 7
97120 8
97130 12
97140 26
97150 12
97160 22
97170 7
97180 14
97190 12
97200 13
97210 16
97220 17
97230 16
97240 16
97250 8
97260 6
97270 4
97280 9
97290 12
97300 8
97310 6
97320 6
97330 4
97340 12
97350 14
97360 8
97370 17
97380 22
97390 11
97400 12
97410 22
97420 7
97430 12
97440 13
97450 18
97460 19
97470 19
97480 7
97490 11
97500 12
97510 19
97520 11
97530 11
97540 11
97550 8
97560 15
97570 12
97580 9
97590 13
97600 5
97610 17
97620 20
97630 21
97640 17
97650 4
97660 21
97670 7
97680 17
97690 13
97700 11
97710 12
97720 5
97730 11
97740 7
97750 16
97760 12
97770 6
97780 17
97790 18
97800 16
97810 15
97820 19
97830 17
97840 9
97850 10
97860 10
97870 12
97880 17
97890 5
97900 15
97910 6
97920 4
97930 7
97940 8
97950 6
97960 1
97970 7
97980 7
97990 10
98000 9
98010 10
98020 15
98030 15
98040 14
98050 17
98060 5
98070 7
98080 16
98090 11
98100 13
98110 3
98120 3
98130 7
98140 3
98150 9
98160 11
98170 3
98180 7
98190 14
98200 12
98210 13
98220 11
98230 20
98240 12
98250 12
98260 20
98270 15
98280 19
98290 7
98300 12
98310 7
98320 10
98330 5
98340 8
98350 1
98360 3
98370 2
98380 3
98390 0
98400 2
98410 1
98420 3
98430 4
98440 10
98450 0
98460 11
98470 3
98480 1
98490 7
98500 9
98510 16
98520 23
98530 13
98540 7
98550 12
98560 20
98570 23
98580 14
98590 22
98600 23
98610 25
98620 18
98630 18
98640 18
98650 16
98660 20
98670 12
98680 9
98690 12
98700 24
98710 7
98720 10
98730 16
98740 11
98750 17
98760 18
98770 14
98780 10
98790 6
98800 3
98810 11
98820 8
98830 21
98840 5
98850 26
98860 10
98870 21
98880 23
98890 22
98900 25
98910 12
98920 27
98930 29
98940 25
98950 28
98960 16
98970 26
98980 27
98990 37
99000 33
99010 13
99020 27
99030 28
99040 23
99050 20
99060 21
99070 29
99080 28
99090 23
99100 26
99110 14
99120 18
99130 12
99140 22
99150 16
99160 18
99170 26
99180 22
99190 13
99200 5
99210 8
99220 4
99230 16
99240 9
99250 12
99260 14
99270 30
99280 26
99290 21
99300 13
99310 19
99320 32
99330 16
99340 34
99350 17
99360 26
99370 44
99380 22
99390 25
99400 25
99410 19
99420 17
99430 19
99440 18
99450 15
99460 10
99470 18
99480 27
99490 27
99500 26
99510 20
99520 19
99530 19
99540 24
99550 29
99560 17
99570 24
99580 13
99590 15
99600 13
99610 15
99620 9
99630 10
99640 10
99650 12
99660 10
99670 17
99680 8
99690 24
99700 16
99710 17
99720 32
99730 6
99740 10
99750 24
99760 16
99770 15
99780 13
99790 8
99800 5
99810 20
99820 15
99830 23
99840 15
99850 15
99860 16
99870 23
99880 21
99890 29
99900 19
99910 24
99920 29
99930 16
99940 17
99950 37
99960 16
99970 16
99980 20
99990 19
