# Frame Contacts
30000 37
30010 16
30020 22
30030 35
30040 22
30050 34
30060 16
30070 39
30080 39
30090 40
30100 38
30110 31
30120 29
30130 40
30140 41
30150 38
30160 32
30170 16
30180 24
30190 26
30200 22
30210 38
30220 37
30230 38
30240 32
30250 38
30260 37
30270 28
30280 38
30290 36
30300 31
30310 34
30320 36
30330 31
30340 34
30350 36
30360 40
30370 32
30380 40
30390 27
30400 37
30410 49
30420 43
30430 37
30440 36
30450 32
30460 38
30470 38
30480 39
30490 43
30500 42
30510 38
30520 37
30530 40
30540 42
30550 45
30560 37
30570 37
30580 37
30590 31
30600 28
30610 36
30620 41
30630 40
30640 28
30650 38
30660 35
30670 35
30680 28
30690 37
30700 34
30710 30
30720 42
30730 35
30740 43
30750 33
30760 40
30770 39
30780 35
30790 36
30800 38
30810 37
30820 37
30830 35
30840 37
30850 37
30860 22
30870 37
30880 35
30890 33
30900 14
30910 39
30920 37
30930 27
30940 38
30950 38
30960 32
30970 30
30980 31
30990 36
31000 27
31010 34
31020 29
31030 35
31040 35
31050 35
31060 37
31070 34
31080 36
31090 31
31100 33
31110 33
31120 32
31130 32
31140 35
31150 33
31160 39
31170 39
31180 33
31190 33
31200 34
31210 33
31220 42
31230 31
31240 39
31250 25
31260 29
31270 20
31280 36
31290 35
31300 28
31310 28
31320 39
31330 28
31340 27
31350 14
31360 33
31370 29
31380 33
31390 35
31400 28
31410 20
31420 24
31430 26
31440 28
31450 41
31460 30
31470 31
31480 36
31490 34
31500 28
31510 29
31520 33
31530 25
31540 35
31550 39
31560 21
31570 24
31580 32
31590 32
31600 21
31610 43
31620 32
31630 36
31640 37
31650 32
31660 40
31670 29
31680 39
31690 37
31700 25
31710 28
31720 41
31730 31
31740 35
31750 29
31760 26
31770 41
31780 32
31790 42
31800 32
31810 36
31820 31
31830 33
31840 29
31850 36
31860 37
31870 39
31880 28
31890 38
31900 37
31910 41
31920 39
31930 34
31940 37
31950 38
31960 32
31970 37
31980 36
31990 43
32000 37
32010 35
32020 40
32030 30
32040 37
32050 38
32060 29
32070 32
32080 23
32090 31
32100 34
32110 27
32120 40
32130 26
32140 28
32150 29
32160 35
32170 30
32180 35
32190 32
32200 30
32210 41
32220 30
32230 41
32240 24
32250 26
32260 34
32270 32
32280 18
32290 34
32300 24
32310 31
32320 23
32330 31
32340 26
32350 26
32360 32
32370 34
32380 28
32390 26
32400 36
32410 26
32420 37
32430 29
32440 38
32450 31
32460 24
32470 41
32480 36
32490 31
32500 29
32510 36
32520 37
32530 38
32540 27
32550 32
32560 29
32570 35
32580 35
32590 40
32600 40
32610 32
32620 38
32630 38
32640 42
32650 37
32660 44
32670 36
32680 35
32690 39
32700 32
32710 29
32720 40
32730 28
32740 39
32750 43
32760 35
32770 34
32780 43
32790 35
32800 32
32810 38
32820 33
32830 41
32840 43
32850 46
32860 29
32870 34
32880 37
32890 40
32900 31
32910 33
32920 37
32930 44
32940 43
32950 31
32960 37
32970 40
32980 36
32990 42
33000 40
33010 25
33020 32
33030 19
33040 15
33050 31
33060 34
33070 30
33080 28
33090 27
33100 32
33110 28
33120 30
33130 30
33140 26
33150 27
33160 29
33170 18
33180 21
33190 16
33200 10
33210 9
33220 13
33230 20
33240 12
33250 7
33260 10
33270 7
33280 8
33290 5
33300 12
33310 15
33320 6
33330 9
33340 34
33350 17
33360 26
33370 13
33380 9
33390 9
33400 10
33410 4
33420 10
33430 16
33440 5
33450 12
33460 10
33470 13
33480 11
33490 21
33500 12
33510 13
33520 18
33530 14
33540 11
33550 12
33560 10
33570 9
33580 11
33590 10
33600 21
33610 14
33620 9
33630 13
33640 31
33650 16
33660 14
33670 16
33680 16
33690 13
33700 33
33710 33
33720 33
33730 33
33740 30
33750 32
33760 40
33770 33
33780 38
33790 35
33800 34
33810 26
33820 31
33830 34
33840 22
33850 40
33860 35
33870 33
33880 28
33890 30
33900 30
33910 33
33920 34
33930 40
33940 36
33950 28
33960 34
33970 35
33980 39
33990 30
34000 35
34010 34
34020 23
34030 11
34040 23
34050 17
34060 22
34070 37
34080 27
34090 30
34100 27
34110 28
34120 39
34130 18
34140 38
34150 33
34160 33
34170 30
34180 36
34190 29
34200 26
34210 36
34220 35
34230 34
34240 34
34250 38
34260 36
34270 39
34280 31
34290 33
34300 29
34310 30
34320 45
34330 32
34340 29
34350 22
34360 25
34370 22
34380 35
34390 15
34400 39
34410 31
34420 34
34430 24
34440 26
34450 33
34460 34
34470 25
34480 25
34490 26
34500 17
34510 39
34520 38
34530 31
34540 30
34550 30
34560 34
34570 45
34580 40
34590 31
34600 31
34610 31
34620 38
34630 44
34640 44
34650 22
34660 32
34670 31
34680 37
34690 30
34700 28
34710 29
34720 39
34730 38
34740 31
34750 25
34760 38
34770 29
34780 20
34790 23
34800 31
34810 37
34820 32
34830 23
34840 32
34850 33
34860 39
34870 37
34880 33
34890 40
34900 30
34910 29
34920 40
34930 37
34940 18
34950 38
34960 39
34970 36
34980 40
34990 43
35000 30
35010 39
35020 39
35030 34
35040 20
35050 25
35060 29
35070 36
35080 12
35090 26
35100 33
35110 35
35120 15
35130 44
35140 38
35150 38
35160 30
35170 42
35180 31
35190 34
35200 36
35210 26
35220 26
35230 28
35240 22
35250 31
35260 12
35270 26
35280 27
35290 24
35300 14
35310 31
35320 25
35330 28
35340 21
35350 25
35360 24
35370 24
35380 16
35390 11
35400 15
35410 18
35420 13
35430 7
35440 5
35450 4
35460 9
35470 7
35480 0
35490 19
35500 24
35510 7
35520 17
35530 4
35540 12
35550 8
35560 4
35570 3
35580 4
35590 7
35600 8
35610 3
35620 12
35630 14
35640 3
35650 8
35660 5
35670 7
35680 3
35690 9
35700 10
35710 10
35720 14
35730 10
35740 11
35750 12
35760 14
35770 10
35780 9
35790 10
35800 1
35810 17
35820 8
35830 9
35840 17
35850 6
35860 3
35870 20
35880 7
35890 11
35900 4
35910 20
35920 16
35930 17
35940 11
35950 8
35960 10
35970 16
35980 1
35990 7
36000 11
36010 7
36020 8
36030 16
36040 10
36050 13
36060 1
36070 2
36080 10
36090 10
36100 7
36110 18
36120 17
36130 13
36140 9
36150 8
36160 4
36170 1
36180 3
36190 10
36200 14
36210 8
36220 13
36230 2
36240 11
36250 8
36260 13
36270 11
36280 5
36290 17
36300 23
36310 5
36320 8
36330 9
36340 9
36350 9
36360 14
36370 20
36380 22
36390 20
36400 24
36410 17
36420 18
36430 14
36440 6
36450 20
36460 4
36470 8
36480 3
36490 9
36500 14
36510 19
36520 14
36530 17
36540 4
36550 9
36560 13
36570 15
36580 20
36590 14
36600 9
36610 12
36620 22
36630 35
36640 34
36650 31
36660 23
36670 26
36680 10
36690 5
36700 23
36710 27
36720 29
36730 23
36740 21
36750 8
36760 19
36770 22
36780 17
36790 28
36800 14
36810 19
36820 6
36830 14
36840 9
36850 15
36860 12
36870 13
36880 11
36890 19
36900 16
36910 13
36920 26
36930 19
36940 22
36950 19
36960 14
36970 20
36980 16
36990 30
37000 40
37010 22
37020 17
37030 30
37040 32
37050 20
37060 37
37070 13
37080 27
37090 25
37100 32
37110 26
37120 31
37130 25
37140 31
37150 34
37160 34
37170 35
37180 37
37190 29
37200 33
37210 22
37220 24
37230 22
37240 20
37250 28
37260 5
37270 21
37280 4
37290 15
37300 18
37310 19
37320 13
37330 34
37340 29
37350 23
37360 30
37370 27
37380 30
37390 29
37400 32
37410 17
37420 22
37430 21
37440 28
37450 30
37460 26
37470 24
37480 17
37490 29
37500 33
37510 37
37520 21
37530 25
37540 29
37550 33
37560 33
37570 18
37580 23
37590 27
37600 27
37610 41
37620 32
37630 23
37640 22
37650 33
37660 27
37670 28
37680 15
37690 15
37700 13
37710 26
37720 22
37730 10
37740 20
37750 13
37760 3
37770 28
37780 30
37790 34
37800 26
37810 32
37820 7
37830 14
37840 5
37850 6
37860 5
37870 19
37880 19
37890 15
37900 10
37910 14
37920 14
37930 10
37940 25
37950 21
37960 21
37970 23
37980 22
37990 18
38000 20
38010 19
38020 21
38030 29
38040 31
38050 22
38060 21
38070 20
38080 20
38090 15
38100 19
38110 19
38120 21
38130 28
38140 17
38150 32
38160 26
38170 31
38180 13
38190 12
38200 14
38210 16
38220 18
38230 17
38240 5
38250 8
38260 8
38270 6
38280 6
38290 12
38300 6
38310 10
38320 14
38330 4
38340 6
38350 1
38360 6
38370 15
38380 27
38390 7
38400 24
38410 17
38420 17
38430 32
38440 6
38450 22
38460 20
38470 26
38480 34
38490 20
38500 19
38510 39
38520 31
38530 33
38540 31
38550 26
38560 40
38570 33
38580 30
38590 17
38600 22
38610 23
38620 40
38630 32
38640 35
38650 29
38660 37
38670 32
38680 32
38690 25
38700 29
38710 34
38720 37
38730 24
38740 25
38750 30
38760 19
38770 32
38780 9
38790 20
38800 18
38810 7
38820 1
38830 3
38840 1
38850 17
38860 25
38870 17
38880 26
38890 39
38900 26
38910 36
38920 29
38930 26
38940 38
38950 38
38960 37
38970 31
38980 29
38990 28
39000 28
39010 19
39020 37
39030 21
39040 18
39050 23
39060 16
39070 39
39080 25
39090 29
39100 36
39110 37
39120 42
39130 30
39140 39
39150 30
39160 36
39170 40
39180 23
39190 32
39200 31
39210 34
39220 21
39230 20
39240 15
39250 28
39260 23
39270 35
39280 39
39290 27
39300 34
39310 37
39320 28
39330 20
39340 30
39350 25
39360 21
39370 34
39380 26
39390 29
39400 33
39410 31
39420 44
39430 27
39440 21
39450 43
39460 30
39470 36
39480 27
39490 33
39500 26
39510 24
39520 9
39530 32
39540 32
39550 19
39560 38
39570 17
39580 37
39590 28
39600 14
39610 2
39620 13
39630 17
39640 30
39650 20
39660 12
39670 36
39680 30
39690 27
39700 27
39710 22
39720 22
39730 36
39740 25
39750 36
39760 38
39770 34
39780 31
39790 32
39800 39
39810 25
39820 30
39830 35
39840 33
39850 29
39860 22
39870 31
39880 26
39890 30
39900 34
39910 37
39920 34
39930 24
39940 35
39950 39
39960 41
39970 37
39980 33
39990 34
40000 31
40010 17
40020 20
40030 13
40040 15
40050 35
40060 38
40070 35
40080 36
40090 33
40100 31
40110 28
40120 24
40130 35
40140 33
40150 22
40160 16
40170 38
40180 30
40190 25
40200 40
40210 36
40220 38
40230 33
40240 41
40250 39
40260 32
40270 34
40280 30
40290 30
40300 43
40310 41
40320 24
40330 42
40340 33
40350 31
40360 44
40370 33
40380 27
40390 34
40400 30
40410 36
40420 13
40430 13
40440 32
40450 27
40460 17
40470 18
40480 20
40490 13
40500 21
40510 17
40520 13
40530 8
40540 10
40550 12
40560 20
40570 16
40580 23
40590 14
40600 10
40610 32
40620 41
40630 32
40640 38
40650 36
40660 16
40670 34
40680 33
40690 34
40700 22
40710 23
40720 13
40730 0
40740 11
40750 5
40760 10
40770 1
40780 8
40790 3
40800 10
40810 15
40820 22
40830 17
40840 1
40850 2
40860 3
40870 9
40880 13
40890 9
40900 8
40910 1
40920 11
40930 5
40940 14
40950 11
40960 15
40970 5
40980 12
40990 26
41000 11
41010 7
41020 21
41030 17
41040 17
41050 8
41060 13
41070 15
41080 8
41090 9
41100 1
41110 6
41120 6
41130 21
41140 23
41150 18
41160 19
41170 17
41180 5
41190 12
41200 31
41210 18
41220 12
41230 32
41240 26
41250 33
41260 34
41270 30
41280 30
41290 38
41300 34
41310 31
41320 31
41330 32
41340 24
41350 16
41360 27
41370 33
41380 29
41390 31
41400 32
41410 32
41420 30
41430 31
41440 32
41450 30
41460 32
41470 34
41480 16
41490 36
41500 38
41510 18
41520 40
41530 18
41540 12
41550 29
41560 16
41570 22
41580 17
41590 13
41600 11
41610 16
41620 39
41630 35
41640 43
41650 38
41660 42
41670 27
41680 37
41690 30
41700 38
41710 32
41720 23
41730 18
41740 24
41750 40
41760 37
41770 33
41780 38
41790 36
41800 7
41810 21
41820 20
41830 15
41840 18
41850 18
41860 26
41870 11
41880 42
41890 42
41900 40
41910 38
41920 34
41930 26
41940 26
41950 40
41960 38
41970 39
41980 24
41990 30
42000 27
42010 35
42020 32
42030 24
42040 41
42050 30
42060 34
42070 28
42080 25
42090 31
42100 35
42110 21
42120 34
42130 36
42140 36
42150 36
42160 34
42170 31
42180 38
42190 36
42200 28
42210 33
42220 22
42230 43
42240 31
42250 26
42260 41
42270 19
42280 16
42290 18
42300 41
42310 34
42320 36
42330 38
42340 32
42350 31
42360 39
42370 35
42380 27
42390 31
42400 33
42410 42
42420 40
42430 33
42440 37
42450 39
42460 34
42470 26
42480 34
42490 37
42500 38
42510 38
42520 25
42530 32
42540 38
42550 36
42560 29
42570 29
42580 34
42590 39
42600 22
42610 25
42620 43
42630 21
42640 39
42650 36
42660 40
42670 40
42680 16
42690 20
42700 29
42710 33
42720 34
42730 42
42740 19
42750 28
42760 37
42770 8
42780 16
42790 10
42800 20
42810 9
42820 22
42830 19
42840 24
42850 32
42860 41
42870 19
42880 24
42890 13
42900 19
42910 30
42920 29
42930 17
42940 13
42950 9
42960 4
42970 11
42980 24
42990 25
43000 10
43010 11
43020 32
43030 3
43040 13
43050 7
43060 12
43070 36
43080 30
43090 14
43100 30
43110 27
43120 27
43130 33
43140 34
43150 28
43160 26
43170 29
43180 25
43190 14
43200 8
43210 15
43220 13
43230 17
43240 32
43250 8
43260 8
43270 13
43280 5
43290 0
43300 3
43310 6
43320 3
43330 14
43340 9
43350 12
43360 10
43370 12
43380 9
43390 5
43400 11
43410 12
43420 31
43430 17
43440 25
43450 18
43460 7
43470 7
43480 9
43490 6
43500 10
43510 7
43520 8
43530 15
43540 9
43550 7
43560 4
43570 2
43580 8
43590 5
43600 1
43610 2
43620 1
43630 6
43640 2
43650 17
43660 7
43670 8
43680 20
43690 14
43700 12
43710 10
43720 2
43730 10
43740 7
43750 2
43760 5
43770 10
43780 9
43790 10
43800 4
43810 10
43820 1
43830 12
43840 12
43850 10
43860 6
43870 3
43880 3
43890 5
43900 5
43910 18
43920 9
43930 3
43940 5
43950 20
43960 15
43970 11
43980 15
43990 15
44000 7
44010 16
44020 9
44030 15
44040 16
44050 22
44060 11
44070 16
44080 8
44090 11
44100 17
44110 14
44120 23
44130 5
44140 19
44150 10
44160 6
44170 6
44180 7
44190 10
44200 12
44210 19
44220 15
44230 13
44240 13
44250 13
44260 27
44270 21
44280 24
44290 36
44300 37
44310 12
44320 33
44330 10
44340 7
44350 8
44360 11
44370 13
44380 16
44390 29
44400 19
44410 10
44420 13
44430 17
44440 15
44450 11
44460 1
44470 13
44480 20
44490 13
44500 11
44510 10
44520 10
44530 34
44540 34
44550 39
44560 32
44570 19
44580 28
44590 5
44600 18
44610 5
44620 6
44630 3
44640 11
44650 5
44660 8
44670 7
44680 12
44690 9
44700 9
44710 8
44720 7
44730 11
44740 8
44750 4
44760 10
44770 4
44780 4
44790 4
44800 3
44810 18
44820 11
44830 5
44840 11
44850 3
44860 12
44870 13
44880 15
44890 13
44900 9
44910 14
44920 14
44930 9
44940 10
44950 10
44960 7
44970 10
44980 4
44990 6
45000 11
45010 15
45020 14
45030 19
45040 10
45050 12
45060 18
45070 3
45080 15
45090 24
45100 19
45110 26
45120 37
45130 39
45140 27
45150 17
45160 19
45170 32
45180 28
45190 17
45200 24
45210 20
45220 22
45230 29
45240 23
45250 29
45260 17
45270 26
45280 10
45290 22
45300 23
45310 18
45320 20
45330 18
45340 20
45350 3
45360 14
45370 9
45380 18
45390 7
45400 11
45410 19
45420 7
45430 20
45440 36
45450 14
45460 26
45470 19
45480 9
45490 19
45500 7
45510 13
45520 6
45530 8
45540 3
45550 2
45560 8
45570 12
45580 8
45590 7
45600 9
45610 15
45620 19
45630 9
45640 12
45650 13
45660 26
45670 8
45680 20
45690 8
45700 6
45710 12
45720 3
45730 2
45740 1
45750 13
45760 1
45770 16
45780 12
45790 7
45800 8
45810 14
45820 21
45830 17
45840 16
45850 11
45860 20
45870 20
45880 5
45890 11
45900 8
45910 9
45920 9
45930 9
45940 0
45950 3
45960 9
45970 9
45980 1
45990 17
46000 1
46010 5
46020 7
46030 3
46040 2
46050 19
46060 7
46070 3
46080 2
46090 7
46100 6
46110 7
46120 3
46130 1
46140 4
46150 14
46160 12
46170 15
46180 7
46190 9
46200 6
46210 18
46220 9
46230 13
46240 7
46250 5
46260 5
46270 6
46280 6
46290 6
46300 7
46310 14
46320 11
46330 5
46340 3
46350 21
46360 5
46370 7
46380 2
46390 14
46400 13
46410 10
46420 18
46430 9
46440 14
46450 11
46460 5
46470 10
46480 12
46490 11
46500 9
46510 8
46520 9
46530 9
46540 12
46550 10
46560 13
46570 9
46580 18
46590 12
46600 12
46610 15
46620 15
46630 13
46640 9
46650 10
46660 14
46670 7
46680 12
46690 10
46700 15
46710 12
46720 19
46730 22
46740 16
46750 11
46760 10
46770 9
46780 12
46790 19
46800 15
46810 19
46820 16
46830 16
46840 13
46850 13
46860 12
46870 7
46880 15
46890 21
46900 17
46910 20
46920 25
46930 19
46940 10
46950 16
46960 30
46970 15
46980 14
46990 24
47000 17
47010 31
47020 15
47030 17
47040 17
47050 17
47060 12
47070 32
47080 10
47090 16
47100 12
47110 21
47120 14
47130 11
47140 10
47150 10
47160 13
47170 16
47180 6
47190 12
47200 12
47210 12
47220 6
47230 7
47240 13
47250 17
47260 14
47270 16
47280 8
47290 5
47300 16
47310 19
47320 15
47330 18
47340 13
47350 14
47360 19
47370 7
47380 12
47390 15
47400 17
47410 29
47420 24
47430 27
47440 23
47450 11
47460 4
47470 20
47480 20
47490 14
47500 16
47510 14
47520 17
47530 18
47540 15
47550 10
47560 14
47570 13
47580 3
47590 9
47600 13
47610 21
47620 17
47630 12
47640 9
47650 7
47660 14
47670 15
47680 11
47690 8
47700 6
47710 17
47720 8
47730 17
47740 12
47750 13
47760 17
47770 9
47780 10
47790 10
47800 15
47810 6
47820 6
47830 19
47840 16
47850 9
47860 13
47870 18
47880 14
47890 12
47900 14
47910 9
47920 12
47930 13
47940 14
47950 6
47960 20
47970 5
47980 3
47990 0
48000 1
48010 4
48020 10
48030 1
48040 11
48050 3
48060 8
48070 6
48080 10
48090 6
48100 5
48110 4
48120 1
48130 8
48140 14
48150 2
48160 17
48170 13
48180 14
48190 9
48200 13
48210 14
48220 13
48230 1
48240 6
48250 12
48260 26
48270 15
48280 23
48290 22
48300 10
48310 14
48320 10
48330 11
48340 9
48350 9
48360 7
48370 12
48380 9
48390 12
48400 7
48410 11
48420 9
48430 19
48440 17
48450 15
48460 11
48470 20
48480 7
48490 13
48500 12
48510 8
48520 2
48530 3
48540 13
48550 15
48560 14
48570 12
48580 12
48590 9
48600 13
48610 10
48620 11
48630 11
48640 10
48650 12
48660 13
48670 12
48680 8
48690 13
48700 13
48710 2
48720 14
48730 5
48740 4
48750 18
48760 21
48770 22
48780 18
48790 2
48800 14
48810 9
48820 13
48830 10
48840 16
48850 28
48860 29
48870 30
48880 19
48890 29
48900 26
48910 16
48920 24
48930 23
48940 10
48950 26
48960 12
48970 29
48980 21
48990 26
49000 24
49010 11
49020 21
49030 23
49040 8
49050 11
49060 13
49070 7
49080 11
49090 17
49100 4
49110 6
49120 4
49130 5
49140 14
49150 11
49160 13
49170 13
49180 16
49190 15
49200 9
49210 14
49220 7
49230 8
49240 18
49250 12
49260 8
49270 11
49280 8
49290 5
49300 15
49310 9
49320 13
49330 14
49340 11
49350 13
49360 15
49370 9
49380 12
49390 7
49400 9
49410 12
49420 6
49430 7
49440 14
49450 6
49460 13
49470 9
49480 6
49490 12
49500 7
49510 13
49520 15
49530 10
49540 10
49550 15
49560 7
49570 10
49580 10
49590 11
49600 14
49610 8
49620 11
49630 15
49640 11
49650 9
49660 9
49670 15
49680 8
49690 10
49700 7
49710 8
49720 12
49730 18
49740 9
49750 11
49760 6
49770 9
49780 9
49790 16
49800 9
49810 9
49820 13
49830 8
49840 14
49850 8
49860 7
49870 13
49880 11
49890 12
49900 14
49910 22
49920 22
49930 20
49940 16
49950 17
49960 15
49970 20
49980 19
49990 21
50000 21
50010 29
50020 14
50030 24
50040 22
50050 20
50060 20
50070 26
50080 11
50090 23
50100 24
50110 23
50120 15
50130 19
50140 11
50150 22
50160 19
50170 19
50180 24
50190 20
50200 21
50210 20
50220 22
50230 22
50240 19
50250 21
50260 20
50270 20
50280 22
50290 24
50300 23
50310 15
50320 18
50330 22
50340 21
50350 24
50360 30
50370 23
50380 24
50390 22
50400 24
50410 17
50420 22
50430 22
50440 25
50450 15
50460 19
50470 19
50480 21
50490 20
50500 16
50510 23
50520 18
50530 22
50540 24
50550 13
50560 23
50570 20
50580 20
50590 17
50600 21
50610 18
50620 7
50630 20
50640 12
50650 18
50660 8
50670 5
50680 9
50690 6
50700 13
50710 12
50720 10
50730 7
50740 14
50750 7
50760 9
50770 14
50780 17
50790 18
50800 8
50810 11
50820 9
50830 12
50840 9
50850 8
50860 4
50870 20
50880 10
50890 11
50900 18
50910 13
50920 16
50930 18
50940 14
50950 8
50960 21
50970 11
50980 23
50990 17
51000 19
51010 10
51020 16
51030 15
51040 12
51050 10
51060 18
51070 15
51080 16
51090 21
51100 19
51110 15
51120 11
51130 11
51140 22
51150 12
51160 9
51170 17
51180 20
51190 3
51200 14
51210 12
51220 5
51230 15
51240 18
51250 22
51260 17
51270 15
51280 15
51290 16
51300 9
51310 20
51320 10
51330 6
51340 6
51350 12
51360 19
51370 12
51380 8
51390 15
51400 10
51410 18
51420 19
51430 18
51440 13
51450 10
51460 17
51470 15
51480 17
51490 10
51500 9
51510 5
51520 14
51530 7
51540 15
51550 9
51560 13
51570 14
51580 9
51590 20
51600 14
51610 13
51620 8
51630 13
51640 15
51650 25
51660 18
51670 9
51680 21
51690 21
51700 26
51710 14
51720 25
51730 22
51740 19
51750 12
51760 7
51770 16
51780 16
51790 12
51800 18
51810 17
51820 14
51830 12
51840 14
51850 10
51860 16
51870 13
51880 20
51890 27
51900 21
51910 14
51920 11
51930 13
51940 12
51950 5
51960 7
51970 10
51980 9
51990 9
52000 5
52010 7
52020 11
52030 8
52040 7
52050 6
52060 8
52070 7
52080 18
52090 14
52100 6
52110 18
52120 15
52130 14
52140 14
52150 13
52160 15
52170 22
52180 16
52190 22
52200 12
52210 20
52220 17
52230 22
52240 17
52250 17
52260 12
52270 11
52280 9
52290 13
52300 12
52310 13
52320 7
52330 6
52340 11
52350 7
52360 6
52370 11
52380 10
52390 12
52400 10
52410 8
52420 14
52430 11
52440 5
52450 12
52460 10
52470 8
52480 5
52490 4
52500 6
52510 17
52520 12
52530 14
52540 11
52550 1
52560 0
52570 0
52580 0
52590 0
52600 0
52610 0
52620 1
52630 1
52640 9
52650 4
52660 4
52670 12
52680 7
52690 13
52700 5
52710 4
52720 12
52730 20
52740 16
52750 0
52760 0
52770 3
52780 2
52790 2
52800 5
52810 11
52820 4
52830 2
52840 9
52850 4
52860 10
52870 0
52880 1
52890 4
52900 7
52910 8
52920 9
52930 8
52940 5
52950 1
52960 12
52970 11
52980 10
52990 11
53000 11
53010 15
53020 6
53030 14
53040 16
53050 22
53060 14
53070 14
53080 14
53090 8
53100 14
53110 11
53120 12
53130 12
53140 11
53150 12
53160 10
53170 6
53180 4
53190 11
53200 11
53210 14
53220 10
53230 17
53240 10
53250 14
53260 9
53270 14
53280 11
53290 15
53300 6
53310 14
53320 10
53330 12
53340 7
53350 10
53360 10
53370 15
53380 16
53390 2
53400 20
53410 25
53420 11
53430 10
53440 12
53450 10
53460 9
53470 8
53480 12
53490 22
53500 4
53510 15
53520 13
53530 9
53540 16
53550 14
53560 12
53570 6
53580 7
53590 12
53600 12
53610 13
53620 9
53630 13
53640 9
53650 1
53660 3
53670 8
53680 5
53690 5
53700 10
53710 12
53720 9
53730 13
53740 15
53750 13
53760 13
53770 9
53780 12
53790 5
53800 3
53810 10
53820 10
53830 5
53840 11
53850 13
53860 7
53870 12
53880 4
53890 2
53900 0
53910 0
53920 1
53930 3
53940 0
53950 1
53960 1
53970 2
53980 3
53990 3
54000 8
54010 0
54020 2
54030 2
54040 1
54050 7
54060 2
54070 4
54080 2
54090 3
54100 3
54110 0
54120 0
54130 2
54140 1
54150 10
54160 3
54170 17
54180 2
54190 0
54200 4
54210 2
54220 2
54230 4
54240 0
54250 4
54260 0
54270 0
54280 4
54290 5
54300 9
54310 16
54320 8
54330 17
54340 15
54350 17
54360 13
54370 20
54380 20
54390 13
54400 24
54410 10
54420 13
54430 16
54440 17
54450 14
54460 19
54470 17
54480 15
54490 15
54500 17
54510 12
54520 11
54530 7
54540 7
54550 12
54560 1
54570 14
54580 8
54590 15
54600 16
54610 19
54620 10
54630 14
54640 18
54650 17
54660 14
54670 14
54680 20
54690 22
54700 14
54710 24
54720 23
54730 19
54740 9
54750 25
54760 21
54770 20
54780 14
54790 13
54800 19
54810 23
54820 21
54830 10
54840 17
54850 24
54860 18
54870 15
54880 18
54890 17
54900 26
54910 19
54920 29
54930 14
54940 19
54950 22
54960 17
54970 14
54980 15
54990 14
55000 17
55010 17
55020 18
55030 17
55040 14
55050 13
55060 26
55070 14
55080 22
55090 12
55100 17
55110 21
55120 19
55130 18
55140 18
55150 19
55160 8
55170 20
55180 6
55190 8
55200 5
55210 1
55220 1
55230 2
55240 0
55250 3
55260 2
55270 2
55280 7
55290 2
55300 14
55310 5
55320 3
55330 20
55340 7
55350 16
55360 13
55370 10
55380 17
55390 17
55400 8
55410 10
55420 10
55430 3
55440 3
55450 5
55460 2
55470 2
55480 9
55490 7
55500 8
55510 17
55520 17
55530 7
55540 0
55550 13
55560 11
55570 10
55580 18
55590 14
55600 7
55610 23
55620 16
55630 11
55640 12
55650 9
55660 19
55670 7
55680 18
55690 11
55700 24
55710 12
55720 14
55730 11
55740 4
55750 12
55760 9
55770 15
55780 4
55790 11
55800 10
55810 24
55820 13
55830 8
55840 3
55850 9
55860 8
55870 19
55880 18
55890 2
55900 9
55910 11
55920 5
55930 20
55940 7
55950 9
55960 8
55970 5
55980 16
55990 8
56000 3
56010 10
56020 7
56030 13
56040 3
56050 12
56060 12
56070 6
56080 6
56090 17
56100 18
56110 3
56120 8
56130 7
56140 2
56150 9
56160 10
56170 10
56180 17
56190 7
56200 7
56210 12
56220 4
56230 3
56240 6
56250 4
56260 7
56270 7
56280 6
56290 11
56300 4
56310 10
56320 10
56330 7
56340 7
56350 5
56360 15
56370 10
56380 2
56390 8
56400 5
56410 4
56420 5
56430 6
56440 2
56450 6
56460 2
56470 4
56480 5
56490 8
56500 1
56510 6
56520 15
56530 4
56540 12
56550 9
56560 4
56570 3
56580 2
56590 8
56600 16
56610 10
56620 4
56630 4
56640 6
56650 22
56660 15
56670 11
56680 8
56690 19
56700 17
56710 21
56720 16
56730 7
56740 12
56750 9
56760 11
56770 0
56780 4
56790 9
56800 1
56810 3
56820 7
56830 9
56840 9
56850 5
56860 7
56870 7
56880 19
56890 7
56900 16
56910 11
56920 16
56930 17
56940 7
56950 6
56960 12
56970 11
56980 14
56990 10
57000 15
57010 7
57020 4
57030 9
57040 13
57050 20
57060 16
57070 18
57080 14
57090 14
57100 19
57110 8
57120 9
57130 17
57140 1
57150 5
57160 14
57170 15
57180 13
57190 17
57200 9
57210 8
57220 11
57230 9
57240 3
57250 11
57260 16
57270 14
57280 12
57290 10
57300 11
57310 11
57320 5
57330 6
57340 12
57350 10
57360 6
57370 7
57380 4
57390 5
57400 5
57410 9
57420 14
57430 14
57440 20
57450 16
57460 9
57470 9
57480 14
57490 9
57500 6
57510 11
57520 7
57530 9
57540 12
57550 7
57560 7
57570 7
57580 8
57590 11
57600 12
57610 11
57620 5
57630 5
57640 4
57650 14
57660 11
57670 20
57680 6
57690 9
57700 10
57710 4
57720 10
57730 13
57740 5
57750 9
57760 16
57770 12
57780 10
57790 3
57800 14
57810 15
57820 4
57830 20
57840 7
57850 8
57860 14
57870 10
57880 16
57890 9
57900 18
57910 10
57920 16
57930 11
57940 10
57950 17
57960 12
57970 5
57980 9
57990 5
58000 8
58010 10
58020 5
58030 8
58040 2
58050 4
58060 1
58070 6
58080 7
58090 4
58100 3
58110 9
58120 6
58130 11
58140 4
58150 6
58160 11
58170 8
58180 11
58190 8
58200 11
58210 7
58220 6
58230 8
58240 2
58250 2
58260 6
58270 7
58280 2
58290 5
58300 9
58310 13
58320 7
58330 5
58340 12
58350 7
58360 3
58370 4
58380 7
58390 13
58400 13
58410 9
58420 12
58430 7
58440 9
58450 9
58460 9
58470 11
58480 6
58490 8
58500 12
58510 15
58520 16
58530 20
58540 11
58550 15
58560 18
58570 14
58580 9
58590 21
58600 17
58610 20
58620 30
58630 24
58640 18
58650 26
58660 15
58670 11
58680 22
58690 14
58700 13
58710 17
58720 5
58730 11
58740 15
58750 24
58760 10
58770 9
58780 19
58790 5
58800 18
58810 25
58820 23
58830 19
58840 23
58850 21
58860 15
58870 16
58880 19
58890 14
58900 14
58910 17
58920 21
58930 21
58940 16
58950 17
58960 17
58970 24
58980 27
58990 24
59000 25
59010 25
59020 28
59030 28
59040 17
59050 19
59060 12
59070 17
59080 18
59090 21
59100 29
59110 26
59120 37
59130 21
59140 24
59150 22
59160 40
59170 22
59180 21
59190 22
59200 26
59210 31
59220 25
59230 32
59240 32
59250 30
59260 27
59270 28
59280 31
59290 27
59300 28
59310 19
59320 33
59330 13
59340 22
59350 25
59360 16
59370 21
59380 29
59390 25
59400 25
59410 22
59420 25
59430 30
59440 22
59450 13
59460 22
59470 28
59480 24
59490 28
59500 30
59510 26
59520 23
59530 29
59540 26
59550 22
59560 24
59570 25
59580 29
59590 21
59600 16
59610 24
59620 20
59630 21
59640 25
59650 20
59660 20
59670 24
59680 25
59690 30
59700 15
59710 22
59720 27
59730 19
59740 24
59750 19
59760 28
59770 31
59780 22
59790 29
59800 34
59810 28
59820 25
59830 28
59840 32
59850 24
59860 18
59870 19
59880 20
59890 18
59900 24
59910 24
59920 23
59930 26
59940 28
59950 29
59960 26
59970 20
59980 20
59990 19
60000 13
60010 30
60020 20
60030 10
60040 20
60050 26
60060 23
60070 17
60080 14
60090 11
60100 20
60110 21
60120 28
60130 21
60140 25
60150 27
60160 19
60170 24
60180 28
60190 26
60200 19
60210 16
60220 20
60230 26
60240 22
60250 23
60260 27
60270 26
60280 25
60290 27
60300 21
60310 25
60320 23
60330 23
60340 21
60350 29
60360 28
60370 27
60380 25
60390 24
60400 29
60410 28
60420 22
60430 22
60440 27
60450 18
60460 19
60470 21
60480 23
60490 24
60500 21
60510 14
60520 25
60530 17
60540 22
60550 21
60560 16
60570 24
60580 26
60590 18
60600 24
60610 16
60620 16
60630 22
60640 22
60650 23
60660 23
60670 20
60680 25
60690 22
60700 19
60710 23
60720 19
60730 19
60740 20
60750 22
60760 20
60770 19
60780 25
60790 19
60800 22
60810 13
60820 21
60830 20
60840 24
60850 28
60860 28
60870 30
60880 28
60890 26
60900 22
60910 27
60920 19
60930 18
60940 22
60950 21
60960 26
60970 16
60980 14
60990 27
61000 24
61010 17
61020 27
61030 15
61040 20
61050 28
61060 22
61070 25
61080 27
61090 24
61100 24
61110 25
61120 26
61130 29
61140 26
61150 25
61160 30
61170 25
61180 27
61190 22
61200 21
61210 21
61220 24
61230 15
61240 11
61250 31
61260 18
61270 21
61280 26
61290 27
61300 23
61310 21
61320 27
61330 23
61340 23
61350 32
61360 35
61370 29
61380 20
61390 18
61400 17
61410 20
61420 19
61430 14
61440 10
61450 18
61460 16
61470 23
61480 26
61490 18
61500 21
61510 20
61520 23
61530 17
61540 27
61550 20
61560 13
61570 20
61580 18
61590 13
61600 25
61610 23
61620 29
61630 20
61640 30
61650 24
61660 28
61670 24
61680 28
61690 26
61700 29
61710 16
61720 23
61730 20
61740 24
61750 22
61760 22
61770 31
61780 25
61790 29
61800 19
61810 26
61820 28
61830 22
61840 23
61850 19
61860 28
61870 29
61880 27
61890 26
61900 28
61910 28
61920 29
61930 32
61940 29
61950 23
61960 30
61970 24
61980 20
61990 18
62000 23
62010 24
62020 23
62030 30
62040 25
62050 25
62060 30
62070 28
62080 30
62090 26
62100 31
62110 28
62120 24
62130 23
62140 28
62150 20
62160 25
62170 29
62180 23
62190 27
62200 18
62210 24
62220 21
62230 25
62240 28
62250 20
62260 23
62270 21
62280 22
62290 21
62300 18
62310 21
62320 19
62330 8
62340 11
62350 26
62360 25
62370 27
62380 25
62390 18
62400 21
62410 21
62420 21
62430 27
62440 21
62450 23
62460 23
62470 21
62480 22
62490 18
62500 29
62510 20
62520 27
62530 14
62540 28
62550 25
62560 18
62570 29
62580 21
62590 26
62600 26
62610 25
62620 20
62630 21
62640 27
62650 22
62660 21
62670 24
62680 25
62690 24
62700 18
62710 21
62720 23
62730 25
62740 29
62750 28
62760 37
62770 23
62780 20
62790 23
62800 18
62810 20
62820 18
62830 29
62840 18
62850 17
62860 24
62870 15
62880 22
62890 18
62900 25
62910 19
62920 17
62930 20
62940 21
62950 22
62960 26
62970 22
62980 25
62990 24
63000 22
63010 27
63020 27
63030 20
63040 30
63050 22
63060 28
63070 18
63080 20
63090 23
63100 27
63110 22
63120 21
63130 8
63140 8
63150 18
63160 28
63170 13
63180 14
63190 15
63200 23
63210 24
63220 20
63230 22
63240 23
63250 31
63260 22
63270 25
63280 18
63290 13
63300 21
63310 30
63320 25
63330 15
63340 19
63350 24
63360 19
63370 29
63380 18
63390 23
63400 25
63410 24
63420 34
63430 27
63440 23
63450 22
63460 18
63470 11
63480 11
63490 14
63500 13
63510 15
63520 8
63530 14
63540 20
63550 15
63560 18
63570 25
63580 15
63590 12
63600 15
63610 14
63620 14
63630 15
63640 17
63650 15
63660 23
63670 9
63680 14
63690 14
63700 18
63710 14
63720 14
63730 13
63740 18
63750 13
63760 10
63770 15
63780 14
63790 21
63800 27
63810 22
63820 12
63830 9
63840 13
63850 16
63860 26
63870 8
63880 16
63890 12
63900 11
63910 17
63920 15
63930 6
63940 17
63950 12
63960 9
63970 13
63980 12
63990 8
64000 10
64010 10
64020 13
64030 11
64040 11
64050 9
64060 16
64070 12
64080 6
64090 19
64100 13
64110 13
64120 9
64130 17
64140 18
64150 5
64160 17
64170 4
64180 8
64190 17
64200 13
64210 7
64220 8
64230 7
64240 12
64250 20
64260 20
64270 19
64280 20
64290 23
64300 23
64310 22
64320 20
64330 19
64340 16
64350 8
64360 12
64370 8
64380 13
64390 18
64400 12
64410 15
64420 23
64430 18
64440 18
64450 26
64460 7
64470 8
64480 17
64490 30
64500 23
64510 8
64520 24
64530 24
64540 18
64550 25
64560 18
64570 21
64580 19
64590 17
64600 15
64610 22
64620 20
64630 16
64640 20
64650 25
64660 26
64670 29
64680 19
64690 27
64700 22
64710 24
64720 14
64730 29
64740 31
64750 14
64760 19
64770 18
64780 18
64790 28
64800 18
64810 16
64820 15
64830 26
64840 28
64850 23
64860 17
64870 23
64880 23
64890 18
64900 13
64910 26
64920 28
64930 24
64940 23
64950 23
64960 29
64970 29
64980 25
64990 25
65000 26
65010 21
65020 25
65030 18
65040 12
65050 26
65060 30
65070 29
65080 25
65090 26
65100 21
65110 26
65120 23
65130 30
65140 25
65150 23
65160 29
65170 32
65180 26
65190 25
65200 26
65210 25
65220 28
65230 23
65240 18
65250 28
65260 24
65270 35
65280 28
65290 20
65300 18
65310 30
65320 24
65330 24
65340 23
65350 25
65360 16
65370 18
65380 29
65390 22
65400 26
65410 22
65420 23
65430 28
65440 29
65450 27
65460 30
65470 21
65480 24
65490 27
65500 22
65510 26
65520 34
65530 24
65540 22
65550 27
65560 28
65570 21
65580 28
65590 28
65600 30
65610 19
65620 23
65630 25
65640 26
65650 25
65660 25
65670 25
65680 21
65690 26
65700 29
65710 25
65720 19
65730 28
65740 23
65750 20
65760 22
65770 16
65780 19
65790 30
65800 26
65810 24
65820 28
65830 31
65840 16
65850 30
65860 18
65870 18
65880 15
65890 18
65900 25
65910 29
65920 21
65930 20
65940 22
65950 24
65960 27
65970 24
65980 24
65990 21
66000 19
66010 28
66020 22
66030 24
66040 28
66050 25
66060 26
66070 23
66080 27
66090 27
66100 22
66110 27
66120 20
66130 26
66140 21
66150 19
66160 20
66170 20
66180 22
66190 11
66200 23
66210 22
66220 21
66230 28
66240 22
66250 21
66260 19
66270 21
66280 22
66290 27
66300 26
66310 21
66320 15
66330 14
66340 27
66350 19
66360 23
66370 28
66380 26
66390 22
66400 18
66410 26
66420 27
66430 24
66440 28
66450 28
66460 26
66470 27
66480 24
66490 21
66500 33
66510 24
66520 25
66530 24
66540 19
66550 19
66560 21
66570 23
66580 25
66590 21
66600 16
66610 25
66620 16
66630 20
66640 25
66650 26
66660 20
66670 23
66680 22
66690 27
66700 26
66710 25
66720 27
66730 28
66740 20
66750 32
66760 14
66770 26
66780 23
66790 23
66800 23
66810 25
66820 22
66830 23
66840 18
66850 24
66860 24
66870 23
66880 29
66890 29
66900 23
66910 27
66920 27
66930 23
66940 20
66950 20
66960 25
66970 21
66980 28
66990 24
67000 26
67010 13
67020 26
67030 26
67040 26
67050 27
67060 32
67070 24
67080 24
67090 25
67100 25
67110 28
67120 26
67130 19
67140 31
67150 27
67160 21
67170 25
67180 26
67190 18
67200 24
67210 19
67220 31
67230 24
67240 26
67250 27
67260 23
67270 28
67280 27
67290 27
67300 24
67310 31
67320 31
67330 30
67340 30
67350 36
67360 32
67370 26
67380 24
67390 23
67400 22
67410 26
67420 29
67430 28
67440 27
67450 29
67460 34
67470 25
67480 20
67490 24
67500 27
67510 25
67520 29
67530 19
67540 27
67550 17
67560 28
67570 22
67580 27
67590 25
67600 27
67610 26
67620 23
67630 15
67640 27
67650 25
67660 27
67670 19
67680 23
67690 31
67700 18
67710 28
67720 23
67730 32
67740 25
67750 27
67760 32
67770 25
67780 28
67790 21
67800 25
67810 25
67820 25
67830 30
67840 27
67850 29
67860 34
67870 26
67880 24
67890 26
67900 26
67910 23
67920 30
67930 23
67940 29
67950 30
67960 26
67970 26
67980 29
67990 31
68000 35
68010 28
68020 24
68030 23
68040 28
68050 26
68060 33
68070 24
68080 28
68090 24
68100 24
68110 29
68120 22
68130 29
68140 26
68150 25
68160 26
68170 25
68180 31
68190 23
68200 27
68210 26
68220 30
68230 25
68240 25
68250 27
68260 31
68270 31
68280 24
68290 26
68300 29
68310 27
68320 29
68330 34
68340 15
68350 23
68360 24
68370 30
68380 21
68390 24
68400 32
68410 22
68420 23
68430 23
68440 25
68450 27
68460 20
68470 18
68480 21
68490 24
68500 26
68510 27
68520 18
68530 24
68540 26
68550 25
68560 24
68570 30
68580 29
68590 22
68600 20
68610 21
68620 24
68630 29
68640 22
68650 27
68660 28
68670 28
68680 25
68690 21
68700 25
68710 21
68720 25
68730 21
68740 22
68750 25
68760 21
68770 24
68780 33
68790 18
68800 14
68810 28
68820 29
68830 22
68840 15
68850 26
68860 20
68870 33
68880 18
68890 22
68900 21
68910 33
68920 22
68930 26
68940 28
68950 26
68960 21
68970 24
68980 15
68990 25
69000 25
69010 19
69020 22
69030 23
69040 19
69050 26
69060 22
69070 27
69080 20
69090 25
69100 22
69110 25
69120 20
69130 24
69140 34
69150 32
69160 25
69170 35
69180 25
69190 22
69200 24
69210 25
69220 29
69230 29
69240 26
69250 21
69260 20
69270 29
69280 24
69290 28
69300 32
69310 30
69320 22
69330 33
69340 28
69350 25
69360 25
69370 28
69380 30
69390 27
69400 29
69410 25
69420 25
69430 28
69440 28
69450 30
69460 26
69470 35
69480 28
69490 31
69500 22
69510 28
69520 33
69530 30
69540 26
69550 30
69560 20
69570 33
69580 28
69590 25
69600 32
69610 27
69620 28
69630 21
69640 34
69650 28
69660 32
69670 33
69680 27
69690 29
69700 27
69710 32
69720 27
69730 26
69740 27
69750 29
69760 27
69770 35
69780 19
69790 32
69800 30
69810 33
69820 29
69830 27
69840 35
69850 32
69860 31
69870 31
69880 33
69890 25
69900 27
69910 24
69920 24
69930 24
69940 33
69950 28
69960 30
69970 29
69980 26
69990 33
70000 31
70010 32
70020 26
70030 26
70040 29
70050 26
70060 29
70070 30
70080 34
70090 25
70100 25
70110 31
70120 25
70130 29
70140 26
70150 17
70160 25
70170 23
70180 32
70190 31
70200 16
70210 21
70220 24
70230 24
70240 16
70250 14
70260 24
70270 24
70280 22
70290 30
70300 25
70310 31
70320 27
70330 25
70340 26
70350 29
70360 25
70370 30
70380 31
70390 30
70400 31
70410 25
70420 28
70430 27
70440 21
70450 25
70460 27
70470 24
70480 29
70490 22
70500 21
70510 18
70520 22
70530 23
70540 21
70550 21
70560 26
70570 20
70580 22
70590 24
70600 21
70610 21
70620 25
70630 25
70640 17
70650 25
70660 31
70670 25
70680 30
70690 23
70700 24
70710 22
70720 25
70730 20
70740 32
70750 26
70760 27
70770 26
70780 25
70790 34
70800 22
70810 25
70820 32
70830 30
70840 26
70850 23
70860 26
70870 19
70880 25
70890 21
70900 27
70910 27
70920 14
70930 19
70940 24
70950 21
70960 12
70970 17
70980 20
70990 28
71000 25
71010 31
71020 22
71030 28
71040 22
71050 27
71060 26
71070 24
71080 17
71090 20
71100 22
71110 21
71120 22
71130 22
71140 17
71150 18
71160 23
71170 21
71180 15
71190 13
71200 25
71210 22
71220 26
71230 26
71240 25
71250 23
71260 20
71270 22
71280 29
71290 22
71300 22
71310 26
71320 33
71330 18
71340 20
71350 23
71360 26
71370 20
71380 29
71390 18
71400 23
71410 23
71420 25
71430 28
71440 24
71450 22
71460 22
71470 25
71480 22
71490 21
71500 22
71510 26
71520 24
71530 26
71540 19
71550 21
71560 24
71570 19
71580 22
71590 25
71600 20
71610 22
71620 17
71630 25
71640 25
71650 32
71660 24
71670 25
71680 29
71690 31
71700 27
71710 25
71720 34
71730 22
71740 31
71750 23
71760 30
71770 28
71780 20
71790 24
71800 17
71810 18
71820 18
71830 22
71840 21
71850 24
71860 26
71870 22
71880 9
71890 18
71900 17
71910 18
71920 17
71930 25
71940 25
71950 30
71960 25
71970 28
71980 21
71990 22
72000 18
72010 22
72020 19
72030 26
72040 26
72050 21
72060 20
72070 25
72080 28
72090 26
72100 27
72110 28
72120 26
72130 26
72140 28
72150 24
72160 33
72170 21
72180 26
72190 22
72200 26
72210 25
72220 22
72230 26
72240 26
72250 19
72260 25
72270 29
72280 16
72290 22
72300 31
72310 22
72320 28
72330 27
72340 28
72350 29
72360 20
72370 21
72380 22
72390 28
72400 27
72410 24
72420 29
72430 20
72440 32
72450 22
72460 18
72470 21
72480 20
72490 21
72500 20
72510 13
72520 17
72530 23
72540 28
72550 30
72560 25
72570 28
72580 29
72590 20
72600 25
72610 20
72620 23
72630 31
72640 25
72650 19
72660 26
72670 21
72680 20
72690 18
72700 22
72710 28
72720 20
72730 23
72740 13
72750 19
72760 28
72770 24
72780 27
72790 15
72800 12
72810 21
72820 22
72830 20
72840 12
72850 28
72860 24
72870 28
72880 25
72890 31
72900 23
72910 26
72920 22
72930 20
72940 22
72950 28
72960 24
72970 27
72980 25
72990 27
73000 25
73010 27
73020 27
73030 25
73040 27
73050 27
73060 17
73070 22
73080 25
73090 23
73100 24
73110 24
73120 24
73130 23
73140 32
73150 22
73160 24
73170 23
73180 23
73190 19
73200 21
73210 28
73220 26
73230 20
73240 17
73250 23
73260 23
73270 16
73280 12
73290 16
73300 27
73310 24
73320 15
73330 7
73340 18
73350 17
73360 14
73370 17
73380 20
73390 24
73400 19
73410 25
73420 19
73430 16
73440 14
73450 14
73460 15
73470 20
73480 15
73490 9
73500 14
73510 25
73520 22
73530 20
73540 17
73550 26
73560 31
73570 21
73580 21
73590 27
73600 21
73610 17
73620 14
73630 13
73640 16
73650 21
73660 12
73670 17
73680 17
73690 12
73700 25
73710 24
73720 18
73730 17
73740 24
73750 11
73760 20
73770 13
73780 16
73790 19
73800 26
73810 11
73820 10
73830 14
73840 13
73850 12
73860 14
73870 17
73880 25
73890 22
73900 10
73910 7
73920 14
73930 21
73940 7
73950 31
73960 24
73970 16
73980 25
73990 26
74000 34
74010 23
74020 19
74030 14
74040 12
74050 14
74060 18
74070 16
74080 11
74090 16
74100 24
74110 17
74120 20
74130 19
74140 22
74150 12
74160 11
74170 14
74180 21
74190 23
74200 9
74210 20
74220 11
74230 20
74240 10
74250 8
74260 8
74270 17
74280 14
74290 23
74300 24
74310 20
74320 13
74330 18
74340 15
74350 14
74360 10
74370 9
74380 6
74390 4
74400 18
74410 15
74420 20
74430 20
74440 11
74450 23
74460 23
74470 22
74480 20
74490 15
74500 23
74510 15
74520 11
74530 13
74540 19
74550 7
74560 9
74570 14
74580 19
74590 10
74600 26
74610 25
74620 24
74630 16
74640 19
74650 10
74660 17
74670 14
74680 17
74690 19
74700 25
74710 21
74720 23
74730 16
74740 17
74750 27
74760 19
74770 22
74780 20
74790 27
74800 14
74810 15
74820 12
74830 16
74840 15
74850 22
74860 29
74870 26
74880 22
74890 13
74900 16
74910 16
74920 19
74930 13
74940 20
74950 7
74960 14
74970 20
74980 13
74990 20
75000 24
75010 15
75020 13
75030 12
75040 8
75050 14
75060 15
75070 19
75080 13
75090 15
75100 18
75110 33
75120 20
75130 15
75140 26
75150 22
75160 27
75170 20
75180 17
75190 27
75200 27
75210 20
75220 25
75230 31
75240 20
75250 18
75260 18
75270 25
75280 24
75290 22
75300 15
75310 24
75320 23
75330 24
75340 26
75350 28
75360 14
75370 25
75380 18
75390 15
75400 18
75410 23
75420 20
75430 15
75440 18
75450 27
75460 18
75470 12
75480 28
75490 11
75500 8
75510 10
75520 13
75530 11
75540 19
75550 23
75560 15
75570 26
75580 21
75590 24
75600 23
75610 26
75620 27
75630 23
75640 25
75650 31
75660 22
75670 22
75680 34
75690 28
75700 22
75710 28
75720 25
75730 26
75740 30
75750 27
75760 23
75770 26
75780 26
75790 22
75800 30
75810 24
75820 21
75830 29
75840 23
75850 22
75860 17
75870 21
75880 27
75890 23
75900 35
75910 32
75920 25
75930 29
75940 29
75950 20
75960 33
75970 17
75980 27
75990 24
76000 26
76010 32
76020 20
76030 23
76040 21
76050 21
76060 21
76070 17
76080 13
76090 32
76100 23
76110 30
76120 24
76130 14
76140 31
76150 27
76160 30
76170 24
76180 15
76190 22
76200 16
76210 23
76220 14
76230 12
76240 11
76250 20
76260 14
76270 9
76280 21
76290 24
76300 27
76310 21
76320 20
76330 26
76340 20
76350 18
76360 16
76370 32
76380 10
76390 15
76400 26
76410 26
76420 21
76430 21
76440 20
76450 23
76460 19
76470 15
76480 18
76490 29
76500 32
76510 24
76520 23
76530 27
76540 30
76550 22
76560 23
76570 23
76580 32
76590 20
76600 28
76610 28
76620 35
76630 23
76640 27
76650 30
76660 25
76670 26
76680 22
76690 24
76700 33
76710 25
76720 30
76730 25
76740 26
76750 43
76760 21
76770 25
76780 16
76790 26
76800 21
76810 27
76820 19
76830 27
76840 24
76850 32
76860 24
76870 25
76880 17
76890 26
76900 23
76910 24
76920 24
76930 27
76940 24
76950 26
76960 30
76970 21
76980 29
76990 34
77000 37
77010 20
77020 28
77030 37
77040 26
77050 20
77060 23
77070 25
77080 22
77090 22
77100 30
77110 25
77120 19
77130 28
77140 27
77150 27
77160 32
77170 30
77180 27
77190 28
77200 31
77210 26
77220 17
77230 28
77240 29
77250 38
77260 12
77270 32
77280 30
77290 23
77300 23
77310 32
77320 33
77330 31
77340 23
77350 36
77360 27
77370 28
77380 30
77390 33
77400 29
77410 24
77420 30
77430 20
77440 27
77450 30
77460 28
77470 27
77480 27
77490 26
77500 26
77510 29
77520 24
77530 30
77540 28
77550 32
77560 24
77570 27
77580 32
77590 30
77600 26
77610 28
77620 29
77630 27
77640 26
77650 30
77660 30
77670 23
77680 30
77690 34
77700 25
77710 27
77720 24
77730 28
77740 33
77750 29
77760 15
77770 29
77780 24
77790 27
77800 32
77810 35
77820 30
77830 27
77840 31
77850 29
77860 17
77870 25
77880 27
77890 23
77900 27
77910 19
77920 29
77930 29
77940 27
77950 32
77960 20
77970 28
77980 25
77990 24
78000 20
78010 26
78020 28
78030 29
78040 22
78050 20
78060 24
78070 29
78080 23
78090 33
78100 32
78110 23
78120 20
78130 27
78140 19
78150 27
78160 30
78170 24
78180 31
78190 35
78200 33
78210 25
78220 25
78230 10
78240 21
78250 29
78260 20
78270 23
78280 27
78290 26
78300 31
78310 29
78320 29
78330 27
78340 25
78350 23
78360 26
78370 33
78380 26
78390 32
78400 29
78410 21
78420 29
78430 39
78440 32
78450 28
78460 18
78470 20
78480 16
78490 21
78500 32
78510 24
78520 27
78530 24
78540 23
78550 24
78560 21
78570 24
78580 27
78590 19
78600 28
78610 24
78620 33
78630 22
78640 29
78650 25
78660 35
78670 28
78680 31
78690 23
78700 28
78710 28
78720 28
78730 32
78740 25
78750 17
78760 24
78770 26
78780 29
78790 32
78800 33
78810 23
78820 27
78830 27
78840 30
78850 30
78860 28
78870 32
78880 35
78890 15
78900 21
78910 23
78920 28
78930 24
78940 24
78950 28
78960 34
78970 21
78980 26
78990 19
79000 22
79010 31
79020 30
79030 27
79040 36
79050 21
79060 27
79070 24
79080 21
79090 27
79100 29
79110 23
79120 25
79130 25
79140 31
79150 26
79160 30
79170 28
79180 32
79190 35
79200 25
79210 35
79220 27
79230 18
79240 29
79250 41
79260 18
79270 29
79280 34
79290 28
79300 19
79310 39
79320 30
79330 32
79340 29
79350 25
79360 27
79370 30
79380 28
79390 35
79400 31
79410 30
79420 22
79430 25
79440 28
79450 24
79460 32
79470 23
79480 28
79490 28
79500 25
79510 30
79520 29
79530 32
79540 22
79550 28
79560 26
79570 38
79580 25
79590 34
79600 28
79610 21
79620 17
79630 30
79640 32
79650 24
79660 24
79670 18
79680 19
79690 26
79700 20
79710 21
79720 25
79730 24
79740 25
79750 18
79760 22
79770 24
79780 31
79790 27
79800 20
79810 24
79820 17
79830 20
79840 22
79850 21
79860 20
79870 20
79880 20
79890 30
79900 27
79910 25
79920 26
79930 33
79940 32
79950 27
79960 26
79970 30
79980 30
79990 21
80000 20
80010 23
80020 35
80030 23
80040 25
80050 22
80060 28
80070 25
80080 21
80090 21
80100 20
80110 24
80120 26
80130 24
80140 28
80150 27
80160 15
80170 21
80180 24
80190 27
80200 24
80210 24
80220 18
80230 17
80240 27
80250 26
80260 23
80270 18
80280 29
80290 22
80300 17
80310 20
80320 23
80330 21
80340 23
80350 20
80360 23
80370 24
80380 25
80390 21
80400 12
80410 19
80420 20
80430 23
80440 30
80450 24
80460 15
80470 17
80480 19
80490 9
80500 10
80510 12
80520 17
80530 17
80540 13
80550 11
80560 10
80570 9
80580 8
80590 8
80600 14
80610 14
80620 16
80630 8
80640 1
80650 0
80660 2
80670 15
80680 6
80690 13
80700 18
80710 9
80720 19
80730 15
80740 11
80750 22
80760 16
80770 17
80780 12
80790 14
80800 14
80810 14
80820 8
80830 4
80840 9
80850 10
80860 11
80870 13
80880 13
80890 17
80900 8
80910 11
80920 6
80930 12
80940 18
80950 22
80960 24
80970 21
80980 14
80990 8
81000 9
81010 20
81020 21
81030 18
81040 9
81050 18
81060 13
81070 20
81080 18
81090 21
81100 22
81110 22
81120 14
81130 19
81140 19
81150 19
81160 17
81170 18
81180 16
81190 6
81200 23
81210 17
81220 18
81230 24
81240 24
81250 20
81260 19
81270 27
81280 15
81290 26
81300 27
81310 34
81320 20
81330 23
81340 14
81350 15
81360 21
81370 7
81380 11
81390 31
81400 14
81410 26
81420 12
81430 27
81440 16
81450 15
81460 21
81470 20
81480 24
81490 19
81500 13
81510 18
81520 10
81530 19
81540 11
81550 10
81560 12
81570 10
81580 9
81590 14
81600 18
81610 15
81620 27
81630 16
81640 25
81650 15
81660 22
81670 8
81680 24
81690 13
81700 11
81710 23
81720 33
81730 37
81740 22
81750 10
81760 19
81770 28
81780 25
81790 15
81800 23
81810 27
81820 21
81830 4
81840 4
81850 9
81860 5
81870 4
81880 3
81890 23
81900 14
81910 17
81920 30
81930 14
81940 18
81950 34
81960 23
81970 26
81980 34
81990 34
82000 20
82010 23
82020 36
82030 30
82040 27
82050 26
82060 25
82070 30
82080 26
82090 22
82100 23
82110 16
82120 23
82130 18
82140 8
82150 29
82160 19
82170 34
82180 29
82190 30
82200 24
82210 20
82220 13
82230 17
82240 19
82250 14
82260 27
82270 31
82280 24
82290 20
82300 10
82310 16
82320 16
82330 26
82340 19
82350 11
82360 17
82370 16
82380 7
82390 13
82400 21
82410 15
82420 21
82430 24
82440 12
82450 16
82460 12
82470 23
82480 25
82490 22
82500 28
82510 13
82520 18
82530 11
82540 3
82550 13
82560 18
82570 18
82580 21
82590 25
82600 15
82610 17
82620 12
82630 7
82640 16
82650 22
82660 16
82670 17
82680 29
82690 33
82700 29
82710 19
82720 17
82730 26
82740 42
82750 33
82760 21
82770 20
82780 16
82790 30
82800 8
82810 14
82820 19
82830 16
82840 22
82850 12
82860 19
82870 24
82880 21
82890 19
82900 9
82910 18
82920 10
82930 6
82940 9
82950 10
82960 4
82970 9
82980 14
82990 15
83000 18
83010 15
83020 16
83030 21
83040 28
83050 14
83060 25
83070 23
83080 15
83090 18
83100 11
83110 22
83120 7
83130 4
83140 2
83150 15
83160 13
83170 13
83180 17
83190 10
83200 9
83210 3
83220 14
83230 14
83240 6
83250 16
83260 13
83270 14
83280 11
83290 13
83300 17
83310 17
83320 18
83330 13
83340 19
83350 12
83360 16
83370 8
83380 4
83390 17
83400 18
83410 9
83420 10
83430 13
83440 21
83450 10
83460 13
83470 3
83480 0
83490 8
83500 11
83510 10
83520 5
83530 10
83540 6
83550 8
83560 12
83570 5
83580 10
83590 14
83600 14
83610 15
83620 7
83630 8
83640 10
83650 13
83660 2
83670 8
83680 17
83690 13
83700 7
83710 6
83720 7
83730 13
83740 10
83750 11
83760 16
83770 6
83780 22
83790 18
83800 4
83810 14
83820 18
83830 14
83840 18
83850 13
83860 18
83870 10
83880 15
83890 15
83900 16
83910 10
83920 12
83930 14
83940 24
83950 27
83960 26
83970 18
83980 17
83990 29
84000 19
84010 22
84020 14
84030 6
84040 12
84050 17
84060 7
84070 4
84080 4
84090 7
84100 7
84110 13
84120 6
84130 11
84140 13
84150 12
84160 7
84170 14
84180 8
84190 16
84200 19
84210 10
84220 12
84230 12
84240 16
84250 13
84260 11
84270 11
84280 12
84290 15
84300 14
84310 10
84320 13
84330 16
84340 13
84350 11
84360 11
84370 5
84380 13
84390 13
84400 7
84410 16
84420 13
84430 12
84440 10
84450 11
84460 12
84470 9
84480 12
84490 11
84500 6
84510 11
84520 10
84530 14
84540 13
84550 16
84560 14
84570 12
84580 12
84590 9
84600 14
84610 11
84620 5
84630 11
84640 16
84650 14
84660 15
84670 3
84680 13
84690 12
84700 4
84710 12
84720 13
84730 10
84740 16
84750 8
84760 10
84770 9
84780 11
84790 13
84800 15
84810 17
84820 13
84830 13
84840 26
84850 12
84860 12
84870 10
84880 12
84890 12
84900 13
84910 13
84920 17
84930 7
84940 15
84950 16
84960 16
84970 11
84980 12
84990 12
85000 13
85010 4
85020 11
85030 9
85040 7
85050 12
85060 15
85070 9
85080 3
85090 12
85100 13
85110 17
85120 13
85130 18
85140 2
85150 4
85160 15
85170 12
85180 14
85190 12
85200 7
85210 14
85220 16
85230 15
85240 15
85250 9
85260 7
85270 12
85280 16
85290 6
85300 10
85310 7
85320 8
85330 18
85340 15
85350 2
85360 4
85370 2
85380 2
85390 4
85400 2
85410 6
85420 1
85430 2
85440 4
85450 5
85460 5
85470 5
85480 0
85490 1
85500 1
85510 4
85520 2
85530 3
85540 0
85550 7
85560 2
85570 5
85580 2
85590 0
85600 3
85610 2
85620 1
85630 5
85640 6
85650 2
85660 12
85670 3
85680 7
85690 7
85700 3
85710 10
85720 5
85730 17
85740 13
85750 9
85760 13
85770 13
85780 11
85790 5
85800 7
85810 6
85820 8
85830 6
85840 6
85850 7
85860 8
85870 3
85880 8
85890 7
85900 6
85910 17
85920 12
85930 14
85940 10
85950 11
85960 16
85970 13
85980 12
85990 12
86000 4
86010 18
86020 23
86030 12
86040 9
86050 11
86060 14
86070 11
86080 17
86090 12
86100 15
86110 25
86120 17
86130 17
86140 20
86150 14
86160 16
86170 9
86180 5
86190 3
86200 5
86210 4
86220 15
86230 6
86240 8
86250 7
86260 10
86270 8
86280 13
86290 3
86300 3
86310 7
86320 3
86330 6
86340 5
86350 15
86360 7
86370 2
86380 13
86390 3
86400 1
86410 3
86420 5
86430 7
86440 9
86450 11
86460 9
86470 10
86480 9
86490 9
86500 5
86510 6
86520 10
86530 4
86540 9
86550 15
86560 13
86570 10
86580 16
86590 4
86600 8
86610 11
86620 9
86630 5
86640 8
86650 8
86660 8
86670 6
86680 12
86690 20
86700 15
86710 22
86720 26
86730 15
86740 17
86750 7
86760 8
86770 5
86780 15
86790 22
86800 21
86810 23
86820 18
86830 19
86840 19
86850 17
86860 21
86870 10
86880 12
86890 12
86900 6
86910 9
86920 13
86930 7
86940 10
86950 21
86960 8
86970 23
86980 10
86990 13
87000 14
87010 16
87020 12
87030 21
87040 19
87050 16
87060 15
87070 18
87080 22
87090 15
87100 13
87110 18
87120 14
87130 12
87140 11
87150 7
87160 13
87170 13
87180 13
87190 11
87200 14
87210 10
87220 14
87230 12
87240 13
87250 18
87260 17
87270 15
87280 14
87290 14
87300 20
87310 28
87320 28
87330 35
87340 27
87350 34
87360 11
87370 5
87380 11
87390 11
87400 9
87410 0
87420 4
87430 8
87440 11
87450 12
87460 2
87470 10
87480 24
87490 24
87500 13
87510 14
87520 15
87530 14
87540 19
87550 12
87560 17
87570 14
87580 13
87590 21
87600 17
87610 20
87620 12
87630 14
87640 13
87650 12
87660 17
87670 21
87680 14
87690 25
87700 12
87710 18
87720 8
87730 17
87740 22
87750 14
87760 15
87770 10
87780 13
87790 9
87800 12
87810 13
87820 14
87830 14
87840 12
87850 18
87860 21
87870 10
87880 11
87890 13
87900 15
87910 13
87920 15
87930 10
87940 20
87950 7
87960 4
87970 9
87980 13
87990 6
88000 12
88010 21
88020 12
88030 23
88040 18
88050 16
88060 13
88070 8
88080 13
88090 9
88100 9
88110 15
88120 15
88130 17
88140 12
88150 14
88160 9
88170 17
88180 13
88190 18
88200 20
88210 17
88220 15
88230 22
88240 15
88250 19
88260 11
88270 15
88280 16
88290 21
88300 11
88310 15
88320 18
88330 19
88340 18
88350 12
88360 22
88370 17
88380 18
88390 16
88400 15
88410 18
88420 19
88430 13
88440 14
88450 13
88460 13
88470 15
88480 17
88490 11
88500 15
88510 13
88520 6
88530 24
88540 20
88550 9
88560 20
88570 6
88580 8
88590 9
88600 6
88610 9
88620 4
88630 5
88640 10
88650 10
88660 9
88670 14
88680 19
88690 16
88700 9
88710 19
88720 17
88730 8
88740 10
88750 6
88760 5
88770 9
88780 5
88790 11
88800 24
88810 23
88820 20
88830 17
88840 25
88850 16
88860 15
88870 16
88880 7
88890 6
88900 10
88910 7
88920 13
88930 15
88940 8
88950 19
88960 6
88970 12
88980 17
88990 5
89000 8
89010 15
89020 15
89030 17
89040 15
89050 13
89060 6
89070 24
89080 18
89090 22
89100 19
89110 14
89120 10
89130 10
89140 10
89150 25
89160 15
89170 14
89180 19
89190 17
89200 18
89210 20
89220 14
89230 19
89240 10
89250 14
89260 6
89270 8
89280 10
89290 11
89300 8
89310 3
89320 22
89330 21
89340 15
89350 11
89360 11
89370 12
89380 6
89390 12
89400 8
89410 7
89420 5
89430 13
89440 21
89450 21
89460 19
89470 18
89480 18
89490 21
89500 11
89510 16
89520 23
89530 10
89540 18
89550 15
89560 12
89570 11
89580 15
89590 10
89600 5
89610 8
89620 5
89630 11
89640 17
89650 15
89660 8
89670 2
89680 1
89690 15
89700 11
89710 9
89720 14
89730 8
89740 14
89750 3
89760 17
89770 18
89780 7
89790 5
89800 9
89810 4
89820 6
89830 8
89840 6
89850 8
89860 8
89870 8
89880 12
89890 11
89900 17
89910 13
89920 6
89930 3
89940 1
89950 0
89960 4
89970 2
89980 3
89990 0
90000 9
90010 1
90020 3
90030 0
90040 0
90050 4
90060 16
90070 19
90080 27
90090 11
90100 13
90110 17
90120 9
90130 7
90140 9
90150 6
90160 4
90170 9
90180 10
90190 12
90200 2
90210 6
90220 11
90230 10
90240 14
90250 9
90260 7
90270 14
90280 13
90290 11
90300 16
90310 19
90320 10
90330 15
90340 10
90350 21
90360 11
90370 18
90380 17
90390 10
90400 13
90410 5
90420 16
90430 11
90440 28
90450 16
90460 17
90470 11
90480 15
90490 15
90500 17
90510 10
90520 4
90530 8
90540 14
90550 10
90560 7
90570 13
90580 7
90590 15
90600 3
90610 12
90620 12
90630 13
90640 15
90650 17
90660 11
90670 13
90680 10
90690 18
90700 6
90710 24
90720 8
90730 10
90740 5
90750 10
90760 15
90770 5
90780 14
90790 16
90800 11
90810 12
90820 9
90830 5
90840 13
90850 13
90860 18
90870 11
90880 14
90890 11
90900 13
90910 16
90920 12
90930 5
90940 17
90950 16
90960 14
90970 10
90980 15
90990 13
91000 16
91010 14
91020 17
91030 17
91040 10
91050 16
91060 6
91070 6
91080 8
91090 9
91100 9
91110 11
91120 18
91130 18
91140 16
91150 18
91160 15
91170 14
91180 12
91190 17
91200 11
91210 30
91220 23
91230 23
91240 20
91250 13
91260 8
91270 9
91280 7
91290 12
91300 23
91310 17
91320 11
91330 24
91340 13
91350 5
91360 18
91370 21
91380 16
91390 15
91400 21
91410 25
91420 18
91430 13
91440 10
91450 13
91460 22
91470 16
91480 14
91490 14
91500 18
91510 17
91520 14
91530 28
91540 15
91550 9
91560 7
91570 7
91580 14
91590 23
91600 19
91610 22
91620 20
91630 18
91640 14
91650 7
91660 13
91670 15
91680 11
91690 13
91700 15
91710 15
91720 8
91730 16
91740 13
91750 15
91760 20
91770 15
91780 7
91790 15
91800 13
91810 27
91820 11
91830 17
91840 21
91850 18
91860 24
91870 21
91880 17
91890 19
91900 9
91910 13
91920 13
91930 12
91940 19
91950 14
91960 14
91970 15
91980 14
91990 15
92000 16
92010 11
92020 10
92030 12
92040 25
92050 33
92060 7
92070 8
92080 16
92090 24
92100 22
92110 15
92120 7
92130 12
92140 18
92150 6
92160 6
92170 6
92180 20
92190 17
92200 19
92210 17
92220 19
92230 22
92240 21
92250 19
92260 16
92270 14
92280 19
92290 12
92300 22
92310 14
92320 23
92330 18
92340 15
92350 21
92360 16
92370 16
92380 8
92390 11
92400 16
92410 18
92420 9
92430 9
92440 8
92450 15
92460 10
92470 5
92480 7
92490 11
92500 17
92510 8
92520 9
92530 12
92540 5
92550 8
92560 5
92570 9
92580 9
92590 4
92600 9
92610 27
92620 18
92630 13
92640 12
92650 11
92660 16
92670 20
92680 3
92690 10
92700 12
92710 6
92720 4
92730 7
92740 10
92750 5
92760 17
92770 22
92780 18
92790 31
92800 22
92810 26
92820 17
92830 23
92840 14
92850 13
92860 27
92870 24
92880 26
92890 17
92900 19
92910 10
92920 10
92930 18
92940 11
92950 16
92960 24
92970 17
92980 9
92990 20
93000 15
93010 18
93020 16
93030 11
93040 15
93050 7
93060 8
93070 10
93080 27
93090 17
93100 13
93110 16
93120 20
93130 15
93140 17
93150 7
93160 10
93170 13
93180 20
93190 13
93200 12
93210 9
93220 10
93230 19
93240 13
93250 8
93260 15
93270 16
93280 25
93290 25
93300 10
93310 8
93320 16
93330 17
93340 24
93350 17
93360 21
93370 19
93380 18
93390 17
93400 19
93410 13
93420 12
93430 13
93440 16
93450 12
93460 22
93470 18
93480 28
93490 14
93500 23
93510 18
93520 18
93530 14
93540 12
93550 12
93560 5
93570 15
93580 15
93590 8
93600 16
93610 22
93620 9
93630 20
93640 7
93650 19
93660 20
93670 19
93680 10
93690 9
93700 13
93710 22
93720 7
93730 7
93740 10
93750 13
93760 7
93770 12
93780 4
93790 17
93800 1
93810 1
93820 4
93830 6
93840 6
93850 5
93860 7
93870 9
93880 11
93890 10
93900 10
93910 6
93920 7
93930 7
93940 7
93950 9
93960 9
93970 18
93980 7
93990 8
94000 10
94010 6
94020 4
94030 13
94040 6
94050 10
94060 15
94070 0
94080 7
94090 10
94100 4
94110 14
94120 5
94130 13
94140 17
94150 7
94160 10
94170 18
94180 19
94190 11
94200 12
94210 10
94220 15
94230 10
94240 21
94250 9
94260 4
94270 6
94280 8
94290 9
94300 11
94310 6
94320 10
94330 17
94340 14
94350 15
94360 7
94370 14
94380 18
94390 17
94400 10
94410 16
94420 14
94430 5
94440 11
94450 9
94460 18
94470 19
94480 23
94490 7
94500 6
94510 11
94520 20
94530 21
94540 9
94550 11
94560 5
94570 14
94580 10
94590 14
94600 9
94610 5
94620 20
94630 17
94640 13
94650 8
94660 10
94670 9
94680 8
94690 19
94700 8
94710 20
94720 11
94730 10
94740 13
94750 10
94760 13
94770 9
94780 7
94790 10
94800 2
94810 12
94820 7
94830 18
94840 15
94850 10
94860 9
94870 13
94880 15
94890 17
94900 19
94910 13
94920 21
94930 19
94940 22
94950 14
94960 25
94970 10
94980 14
94990 11
95000 13
95010 11
95020 3
95030 7
95040 2
95050 8
95060 2
95070 2
95080 1
95090 3
95100 5
95110 1
95120 2
95130 3
95140 0
95150 1
95160 3
95170 5
95180 5
95190 8
95200 10
95210 13
95220 14
95230 13
95240 8
95250 3
95260 8
95270 12
95280 6
95290 8
95300 11
95310 6
95320 1
95330 3
95340 8
95350 11
95360 5
95370 16
95380 17
95390 17
95400 8
95410 14
95420 10
95430 10
95440 18
95450 8
95460 20
95470 15
95480 16
95490 15
95500 7
95510 6
95520 6
95530 7
95540 14
95550 17
95560 31
95570 23
95580 12
95590 7
95600 9
95610 19
95620 7
95630 32
95640 28
95650 18
95660 0
95670 0
95680 1
95690 0
95700 6
95710 4
95720 1
95730 2
95740 4
95750 5
95760 1
95770 4
95780 2
95790 2
95800 5
95810 3
95820 5
95830 0
95840 6
95850 7
95860 4
95870 3
95880 7
95890 9
95900 2
95910 1
95920 2
95930 4
95940 5
95950 1
95960 5
95970 2
95980 7
95990 0
96000 9
96010 4
96020 2
96030 8
96040 8
96050 2
96060 5
96070 6
96080 6
96090 9
96100 7
96110 4
96120 6
96130 3
96140 5
96150 10
96160 9
96170 18
96180 17
96190 2
96200 3
96210 5
96220 8
96230 0
96240 6
96250 3
96260 0
96270 5
96280 4
96290 13
96300 9
96310 0
96320 8
96330 6
96340 7
96350 7
96360 4
96370 6
96380 6
96390 7
96400 3
96410 4
96420 2
96430 2
96440 4
96450 5
96460 5
96470 3
96480 6
96490 8
96500 0
96510 6
96520 1
96530 5
96540 0
96550 0
96560 0
96570 0
96580 2
96590 7
96600 11
96610 11
96620 11
96630 6
96640 0
96650 1
96660 0
96670 1
96680 0
96690 4
96700 3
96710 5
96720 1
96730 1
96740 4
96750 1
96760 4
96770 0
96780 5
96790 3
96800 0
96810 0
96820 1
96830 2
96840 0
96850 4
96860 3
96870 1
96880 0
96890 0
96900 6
96910 0
96920 0
96930 4
96940 0
96950 1
96960 0
96970 0
96980 2
96990 1
97000 5
97010 1
97020 1
97030 6
97040 0
97050 4
97060 0
97070 0
97080 0
97090 0
97100 5
97110 1
97120 0
97130 1
97140 6
97150 2
97160 12
97170 5
97180 2
97190 2
97200 4
97210 0
97220 7
97230 4
97240 5
97250 8
97260 6
97270 9
97280 2
97290 2
97300 2
97310 7
97320 5
97330 6
97340 3
97350 6
97360 8
97370 4
97380 4
97390 4
97400 5
97410 0
97420 9
97430 5
97440 1
97450 4
97460 10
97470 12
97480 4
97490 4
97500 5
97510 3
97520 4
97530 9
97540 5
97550 5
97560 2
97570 4
97580 0
97590 4
97600 4
97610 10
97620 3
97630 4
97640 3
97650 14
97660 10
97670 5
97680 11
97690 0
97700 8
97710 11
97720 11
97730 5
97740 4
97750 9
97760 2
97770 10
97780 6
97790 5
97800 11
97810 13
97820 4
97830 4
97840 3
97850 4
97860 4
97870 15
97880 12
97890 20
97900 4
97910 9
97920 2
97930 0
97940 1
97950 2
97960 5
97970 1
97980 6
97990 5
98000 5
98010 3
98020 6
98030 5
98040 6
98050 2
98060 0
98070 3
98080 4
98090 1
98100 1
98110 5
98120 2
98130 1
98140 2
98150 5
98160 2
98170 1
98180 3
98190 2
98200 6
98210 2
98220 2
98230 0
98240 0
98250 5
98260 7
98270 2
98280 4
98290 0
98300 2
98310 1
98320 4
98330 4
98340 4
98350 4
98360 7
98370 4
98380 4
98390 0
98400 5
98410 3
98420 4
98430 9
98440 5
98450 7
98460 11
98470 17
98480 11
98490 16
98500 7
98510 10
98520 23
98530 18
98540 27
98550 17
98560 20
98570 14
98580 15
98590 13
98600 14
98610 20
98620 19
98630 16
98640 5
98650 17
98660 13
98670 10
98680 18
98690 20
98700 18
98710 18
98720 11
98730 8
98740 11
98750 10
98760 9
98770 18
98780 17
98790 12
98800 15
98810 22
98820 10
98830 21
98840 27
98850 9
98860 16
98870 11
98880 5
98890 13
98900 1
98910 6
98920 8
98930 7
98940 6
98950 16
98960 7
98970 15
98980 22
98990 18
99000 17
99010 8
99020 1
99030 4
99040 5
99050 7
99060 9
99070 6
99080 4
99090 6
99100 5
99110 4
99120 2
99130 3
99140 2
99150 5
99160 4
99170 4
99180 8
99190 1
99200 4
99210 4
99220 4
99230 4
99240 3
99250 4
99260 1
99270 3
99280 7
99290 13
99300 8
99310 25
99320 22
99330 26
99340 22
99350 22
99360 23
99370 30
99380 23
99390 24
99400 20
99410 25
99420 31
99430 27
99440 21
99450 20
99460 24
99470 20
99480 27
99490 30
99500 27
99510 34
99520 25
99530 26
99540 23
99550 20
99560 19
99570 25
99580 21
99590 27
99600 23
99610 13
99620 24
99630 27
99640 25
99650 25
99660 24
99670 25
99680 23
99690 27
99700 24
99710 24
99720 24
99730 25
99740 22
99750 14
99760 6
99770 5
99780 10
99790 13
99800 12
99810 7
99820 3
99830 1
99840 2
99850 6
99860 4
99870 5
99880 5
99890 5
99900 5
99910 0
99920 3
99930 6
99940 9
99950 5
99960 5
99970 5
99980 4
99990 6
