# Frame Contacts
30000 16
30010 20
30020 21
30030 26
30040 18
30050 24
30060 21
30070 23
30080 17
30090 20
30100 19
30110 19
30120 17
30130 24
30140 16
30150 22
30160 19
30170 13
30180 15
30190 14
30200 22
30210 15
30220 18
30230 24
30240 16
30250 18
30260 13
30270 24
30280 15
30290 14
30300 23
30310 17
30320 19
30330 14
30340 20
30350 13
30360 22
30370 21
30380 20
30390 15
30400 18
30410 19
30420 17
30430 12
30440 19
30450 12
30460 13
30470 12
30480 21
30490 18
30500 15
30510 14
30520 26
30530 17
30540 16
30550 20
30560 19
30570 20
30580 19
30590 23
30600 17
30610 18
30620 17
30630 18
30640 16
30650 21
30660 10
30670 21
30680 16
30690 15
30700 17
30710 18
30720 19
30730 16
30740 15
30750 24
30760 18
30770 26
30780 16
30790 17
30800 17
30810 18
30820 17
30830 21
30840 22
30850 15
30860 20
30870 13
30880 24
30890 30
30900 15
30910 26
30920 17
30930 18
30940 20
30950 24
30960 23
30970 15
30980 18
30990 30
31000 20
31010 20
31020 18
31030 15
31040 13
31050 21
31060 18
31070 17
31080 21
31090 9
31100 22
31110 16
31120 26
31130 14
31140 18
31150 24
31160 20
31170 23
31180 20
31190 22
31200 20
31210 16
31220 21
31230 21
31240 15
31250 23
31260 19
31270 21
31280 23
31290 13
31300 15
31310 17
31320 19
31330 20
31340 10
31350 20
31360 21
31370 17
31380 21
31390 15
31400 17
31410 17
31420 11
31430 16
31440 17
31450 14
31460 20
31470 21
31480 14
31490 16
31500 25
31510 25
31520 21
31530 26
31540 13
31550 18
31560 24
31570 16
31580 26
31590 19
31600 22
31610 11
31620 21
31630 15
31640 22
31650 17
31660 9
31670 12
31680 11
31690 12
31700 17
31710 9
31720 22
31730 22
31740 16
31750 20
31760 13
31770 18
31780 21
31790 22
31800 22
31810 12
31820 11
31830 23
31840 21
31850 16
31860 18
31870 10
31880 17
31890 18
31900 21
31910 7
31920 18
31930 19
31940 24
31950 20
31960 14
31970 20
31980 16
31990 15
32000 21
32010 20
32020 19
32030 18
32040 19
32050 7
32060 14
32070 25
32080 23
32090 16
32100 24
32110 14
32120 22
32130 21
32140 15
32150 21
32160 20
32170 19
32180 20
32190 17
32200 20
32210 22
32220 13
32230 22
32240 15
32250 11
32260 24
32270 13
32280 24
32290 20
32300 18
32310 19
32320 14
32330 21
32340 17
32350 18
32360 15
32370 19
32380 16
32390 12
32400 15
32410 22
32420 20
32430 19
32440 21
32450 20
32460 16
32470 22
32480 26
32490 22
32500 23
32510 24
32520 24
32530 20
32540 19
32550 23
32560 26
32570 23
32580 22
32590 15
32600 20
32610 19
32620 21
32630 19
32640 20
32650 21
32660 25
32670 20
32680 27
32690 21
32700 19
32710 26
32720 17
32730 21
32740 14
32750 28
32760 19
32770 21
32780 11
32790 13
32800 22
32810 17
32820 17
32830 16
32840 16
32850 21
32860 21
32870 11
32880 25
32890 18
32900 16
32910 23
32920 7
32930 17
32940 18
32950 20
32960 24
32970 22
32980 20
32990 19
33000 18
33010 22
33020 19
33030 19
33040 19
33050 18
33060 27
33070 19
33080 20
33090 14
33100 16
33110 19
33120 18
33130 19
33140 17
33150 19
33160 17
33170 25
33180 26
33190 19
33200 22
33210 22
33220 22
33230 20
33240 20
33250 18
33260 25
33270 9
33280 19
33290 14
33300 13
33310 24
33320 16
33330 20
33340 18
33350 26
33360 17
33370 18
33380 25
33390 24
33400 16
33410 24
33420 17
33430 26
33440 19
33450 19
33460 21
33470 20
33480 15
33490 21
33500 20
33510 20
33520 19
33530 21
33540 26
33550 20
33560 20
33570 22
33580 27
33590 25
33600 23
33610 14
33620 18
33630 23
33640 23
33650 17
33660 22
33670 11
33680 24
33690 21
33700 23
33710 21
33720 18
33730 16
33740 24
33750 18
33760 21
33770 18
33780 14
33790 18
33800 19
33810 16
33820 23
33830 26
33840 23
33850 17
33860 18
33870 20
33880 15
33890 22
33900 22
33910 21
33920 19
33930 15
33940 17
33950 11
33960 18
33970 11
33980 14
33990 21
34000 14
34010 14
34020 20
34030 25
34040 21
34050 20
34060 19
34070 21
34080 17
34090 12
34100 19
34110 23
34120 21
34130 15
34140 19
34150 17
34160 17
34170 18
34180 20
34190 21
34200 14
34210 13
34220 14
34230 11
34240 19
34250 19
34260 11
34270 12
34280 13
34290 18
34300 20
34310 20
34320 22
34330 23
34340 19
34350 22
34360 27
34370 10
34380 21
34390 14
34400 24
34410 22
34420 13
34430 23
34440 16
34450 12
34460 16
34470 23
34480 22
34490 16
34500 17
34510 17
34520 16
34530 11
34540 19
34550 23
34560 22
34570 21
34580 12
34590 17
34600 11
34610 13
34620 21
34630 14
34640 12
34650 12
34660 11
34670 10
34680 22
34690 14
34700 9
34710 17
34720 16
34730 16
34740 16
34750 14
34760 10
34770 17
34780 15
34790 26
34800 11
34810 12
34820 11
34830 17
34840 21
34850 13
34860 13
34870 23
34880 18
34890 20
34900 12
34910 11
34920 23
34930 18
34940 11
34950 18
34960 18
34970 18
34980 17
34990 21
35000 16
35010 11
35020 14
35030 20
35040 18
35050 21
35060 14
35070 13
35080 23
35090 20
35100 20
35110 27
35120 10
35130 23
35140 17
35150 12
35160 22
35170 19
35180 21
35190 18
35200 13
35210 17
35220 21
35230 27
35240 12
35250 17
35260 16
35270 22
35280 19
35290 17
35300 14
35310 23
35320 15
35330 14
35340 17
35350 15
35360 6
35370 13
35380 19
35390 9
35400 21
35410 17
35420 11
35430 17
35440 25
35450 17
35460 11
35470 21
35480 11
35490 16
35500 15
35510 13
35520 11
35530 16
35540 17
35550 18
35560 14
35570 20
35580 16
35590 17
35600 14
35610 21
35620 8
35630 19
35640 22
35650 18
35660 16
35670 19
35680 18
35690 24
35700 11
35710 13
35720 12
35730 15
35740 15
35750 22
35760 24
35770 20
35780 20
35790 21
35800 16
35810 16
35820 15
35830 20
35840 10
35850 21
35860 11
35870 17
35880 22
35890 15
35900 20
35910 15
35920 11
35930 22
35940 22
35950 21
35960 17
35970 14
35980 21
35990 25
36000 16
36010 7
36020 21
36030 16
36040 15
36050 11
36060 12
36070 16
36080 13
36090 16
36100 13
36110 13
36120 24
36130 6
36140 20
36150 17
36160 9
36170 8
36180 20
36190 13
36200 23
36210 14
36220 20
36230 18
36240 20
36250 16
36260 19
36270 8
36280 17
36290 14
36300 16
36310 11
36320 0
36330 15
36340 13
36350 18
36360 9
36370 9
36380 10
36390 8
36400 15
36410 19
36420 13
36430 14
36440 13
36450 11
36460 18
36470 20
36480 22
36490 24
36500 16
36510 13
36520 13
36530 11
36540 17
36550 11
36560 17
36570 12
36580 16
36590 13
36600 17
36610 10
36620 13
36630 20
36640 13
36650 18
36660 13
36670 17
36680 18
36690 14
36700 8
36710 19
36720 14
36730 13
36740 19
36750 8
36760 12
36770 9
36780 10
36790 11
36800 19
36810 21
36820 10
36830 14
36840 11
36850 13
36860 13
36870 21
36880 18
36890 15
36900 15
36910 19
36920 18
36930 20
36940 17
36950 13
36960 25
36970 15
36980 9
36990 18
37000 10
37010 19
37020 19
37030 15
37040 19
37050 18
37060 18
37070 6
37080 16
37090 20
37100 17
37110 11
37120 15
37130 17
37140 10
37150 13
37160 13
37170 14
37180 14
37190 11
37200 19
37210 23
37220 10
37230 9
37240 10
37250 13
37260 17
37270 15
37280 17
37290 19
37300 12
37310 17
37320 21
37330 8
37340 12
37350 17
37360 18
37370 15
37380 17
37390 21
37400 21
37410 15
37420 22
37430 18
37440 19
37450 19
37460 22
37470 22
37480 14
37490 10
37500 15
37510 13
37520 13
37530 12
37540 6
37550 15
37560 17
37570 5
37580 12
37590 7
37600 13
37610 4
37620 13
37630 5
37640 13
37650 11
37660 13
37670 7
37680 17
37690 15
37700 11
37710 17
37720 5
37730 14
37740 10
37750 12
37760 13
37770 9
37780 14
37790 20
37800 20
37810 15
37820 7
37830 8
37840 16
37850 11
37860 7
37870 12
37880 13
37890 13
37900 8
37910 5
37920 13
37930 12
37940 7
37950 14
37960 7
37970 11
37980 11
37990 17
38000 17
38010 7
38020 7
38030 10
38040 9
38050 9
38060 14
38070 7
38080 16
38090 16
38100 15
38110 10
38120 14
38130 10
38140 11
38150 11
38160 20
38170 13
38180 7
38190 8
38200 10
38210 5
38220 9
38230 18
38240 15
38250 9
38260 11
38270 9
38280 8
38290 21
38300 13
38310 20
38320 19
38330 15
38340 12
38350 11
38360 11
38370 16
38380 19
38390 21
38400 19
38410 10
38420 8
38430 10
38440 13
38450 14
38460 19
38470 12
38480 9
38490 10
38500 17
38510 16
38520 13
38530 18
38540 16
38550 19
38560 19
38570 14
38580 20
38590 21
38600 11
38610 12
38620 8
38630 6
38640 14
38650 17
38660 16
38670 25
38680 23
38690 14
38700 20
38710 11
38720 23
38730 13
38740 17
38750 23
38760 12
38770 19
38780 18
38790 16
38800 21
38810 15
38820 19
38830 20
38840 20
38850 13
38860 12
38870 19
38880 22
38890 25
38900 24
38910 19
38920 25
38930 20
38940 16
38950 14
38960 14
38970 11
38980 15
38990 14
39000 11
39010 21
39020 15
39030 23
39040 18
39050 12
39060 20
39070 6
39080 12
39090 13
39100 17
39110 15
39120 15
39130 11
39140 14
39150 23
39160 15
39170 19
39180 14
39190 12
39200 22
39210 12
39220 20
39230 15
39240 22
39250 11
39260 18
39270 19
39280 22
39290 13
39300 13
39310 17
39320 19
39330 18
39340 13
39350 16
39360 23
39370 16
39380 16
39390 12
39400 15
39410 11
39420 15
39430 24
39440 19
39450 25
39460 9
39470 23
39480 22
39490 13
39500 12
39510 16
39520 16
39530 16
39540 19
39550 13
39560 18
39570 14
39580 16
39590 16
39600 13
39610 14
39620 17
39630 19
39640 17
39650 17
39660 16
39670 12
39680 19
39690 18
39700 22
39710 23
39720 17
39730 17
39740 13
39750 18
39760 9
39770 11
39780 17
39790 11
39800 14
39810 12
39820 19
39830 13
39840 15
39850 9
39860 15
39870 18
39880 19
39890 20
39900 13
39910 23
39920 25
39930 17
39940 11
39950 16
39960 22
39970 17
39980 20
39990 10
40000 12
40010 14
40020 21
40030 11
40040 12
40050 16
40060 15
40070 16
40080 14
40090 17
40100 18
40110 22
40120 22
40130 25
40140 11
40150 19
40160 14
40170 12
40180 24
40190 10
40200 16
40210 10
40220 11
40230 12
40240 20
40250 25
40260 15
40270 16
40280 11
40290 15
40300 12
40310 15
40320 21
40330 14
40340 6
40350 20
40360 21
40370 12
40380 19
40390 16
40400 16
40410 9
40420 13
40430 16
40440 13
40450 18
40460 13
40470 18
40480 14
40490 9
40500 9
40510 12
40520 16
40530 24
40540 19
40550 17
40560 14
40570 24
40580 19
40590 20
40600 24
40610 7
40620 20
40630 20
40640 12
40650 19
40660 21
40670 18
40680 18
40690 20
40700 18
40710 14
40720 18
40730 23
40740 16
40750 21
40760 23
40770 13
40780 20
40790 24
40800 25
40810 17
40820 20
40830 14
40840 9
40850 18
40860 16
40870 6
40880 18
40890 9
40900 17
40910 18
40920 16
40930 12
40940 15
40950 3
40960 17
40970 10
40980 8
40990 13
41000 6
41010 17
41020 19
41030 15
41040 11
41050 16
41060 13
41070 19
41080 17
41090 14
41100 7
41110 9
41120 8
41130 14
41140 13
41150 11
41160 16
41170 4
41180 13
41190 16
41200 13
41210 4
41220 15
41230 13
41240 19
41250 12
41260 9
41270 3
41280 4
41290 4
41300 4
41310 1
41320 2
41330 7
41340 3
41350 3
41360 4
41370 1
41380 4
41390 4
41400 3
41410 5
41420 3
41430 0
41440 1
41450 1
41460 1
41470 3
41480 5
41490 4
41500 4
41510 2
41520 1
41530 2
41540 7
41550 9
41560 5
41570 6
41580 3
41590 3
41600 4
41610 4
41620 3
41630 6
41640 3
41650 4
41660 5
41670 7
41680 4
41690 7
41700 8
41710 4
41720 4
41730 4
41740 5
41750 2
41760 2
41770 5
41780 4
41790 4
41800 4
41810 3
41820 5
41830 6
41840 1
41850 5
41860 4
41870 4
41880 6
41890 4
41900 1
41910 3
41920 3
41930 3
41940 3
41950 6
41960 4
41970 4
41980 4
41990 6
42000 6
42010 6
42020 4
42030 4
42040 4
42050 2
42060 2
42070 2
42080 1
42090 5
42100 5
42110 4
42120 5
42130 4
42140 6
42150 6
42160 4
42170 4
42180 2
42190 5
42200 4
42210 5
42220 8
42230 5
42240 3
42250 5
42260 2
42270 3
42280 5
42290 4
42300 4
42310 3
42320 4
42330 4
42340 3
42350 4
42360 6
42370 5
42380 6
42390 8
42400 3
42410 3
42420 6
42430 2
42440 4
42450 3
42460 3
42470 5
42480 6
42490 4
42500 6
42510 2
42520 6
42530 3
42540 6
42550 4
42560 4
42570 4
42580 6
42590 4
42600 7
42610 4
42620 6
42630 4
42640 3
42650 6
42660 6
42670 8
42680 5
42690 4
42700 3
42710 3
42720 2
42730 5
42740 5
42750 4
42760 4
42770 6
42780 3
42790 8
42800 6
42810 4
42820 4
42830 8
42840 10
42850 7
42860 7
42870 3
42880 4
42890 4
42900 3
42910 4
42920 3
42930 4
42940 4
42950 3
42960 1
42970 5
42980 2
42990 2
43000 0
43010 4
43020 3
43030 3
43040 1
43050 5
43060 0
43070 0
43080 0
43090 0
43100 0
43110 0
43120 0
43130 0
43140 0
43150 3
43160 1
43170 2
43180 6
43190 3
43200 7
43210 4
43220 2
43230 4
43240 6
43250 5
43260 4
43270 5
43280 8
43290 8
43300 4
43310 4
43320 5
43330 6
43340 2
43350 3
43360 5
43370 5
43380 5
43390 1
43400 4
43410 6
43420 19
43430 2
43440 8
43450 6
43460 4
43470 8
43480 5
43490 7
43500 4
43510 6
43520 4
43530 4
43540 3
43550 4
43560 1
43570 3
43580 4
43590 1
43600 5
43610 4
43620 3
43630 4
43640 2
43650 5
43660 6
43670 4
43680 5
43690 6
43700 4
43710 8
43720 5
43730 7
43740 5
43750 5
43760 5
43770 4
43780 6
43790 5
43800 4
43810 4
43820 8
43830 6
43840 7
43850 5
43860 5
43870 4
43880 3
43890 7
43900 0
43910 1
43920 0
43930 0
43940 0
43950 0
43960 0
43970 0
43980 0
43990 0
44000 0
44010 0
44020 0
44030 0
44040 0
44050 0
44060 0
44070 0
44080 0
44090 0
44100 0
44110 3
44120 1
44130 2
44140 3
44150 2
44160 3
44170 0
44180 3
44190 4
44200 5
44210 2
44220 4
44230 1
44240 1
44250 4
44260 1
44270 2
44280 3
44290 3
44300 4
44310 4
44320 4
44330 3
44340 6
44350 8
44360 2
44370 3
44380 4
44390 10
44400 6
44410 6
44420 3
44430 3
44440 6
44450 3
44460 3
44470 4
44480 3
44490 2
44500 3
44510 8
44520 3
44530 5
44540 3
44550 4
44560 0
44570 2
44580 3
44590 1
44600 1
44610 1
44620 4
44630 3
44640 8
44650 5
44660 6
44670 11
44680 5
44690 5
44700 5
44710 5
44720 2
44730 0
44740 4
44750 3
44760 4
44770 0
44780 6
44790 4
44800 2
44810 4
44820 5
44830 5
44840 0
44850 5
44860 1
44870 7
44880 0
44890 3
44900 2
44910 0
44920 0
44930 0
44940 0
44950 0
44960 0
44970 0
44980 0
44990 0
45000 0
45010 0
45020 0
45030 0
45040 0
45050 3
45060 4
45070 0
45080 3
45090 2
45100 1
45110 1
45120 2
45130 3
45140 1
45150 1
45160 0
45170 0
45180 0
45190 0
45200 0
45210 2
45220 0
45230 6
45240 2
45250 1
45260 0
45270 1
45280 1
45290 1
45300 2
45310 1
45320 2
45330 3
45340 0
45350 0
45360 0
45370 0
45380 0
45390 0
45400 0
45410 2
45420 2
45430 4
45440 1
45450 1
45460 1
45470 0
45480 2
45490 0
45500 1
45510 1
45520 2
45530 1
45540 5
45550 2
45560 2
45570 3
45580 0
45590 1
45600 4
45610 1
45620 3
45630 1
45640 4
45650 2
45660 1
45670 1
45680 0
45690 2
45700 3
45710 3
45720 4
45730 5
45740 6
45750 6
45760 6
45770 5
45780 1
45790 4
45800 2
45810 2
45820 4
45830 1
45840 2
45850 1
45860 2
45870 2
45880 2
45890 2
45900 6
45910 6
45920 0
45930 3
45940 5
45950 2
45960 2
45970 2
45980 3
45990 2
46000 3
46010 3
46020 2
46030 1
46040 2
46050 3
46060 3
46070 1
46080 1
46090 6
46100 5
46110 4
46120 4
46130 2
46140 1
46150 6
46160 3
46170 4
46180 1
46190 2
46200 2
46210 1
46220 3
46230 4
46240 4
46250 5
46260 6
46270 4
46280 4
46290 0
46300 5
46310 1
46320 4
46330 7
46340 4
46350 4
46360 5
46370 4
46380 6
46390 1
46400 3
46410 4
46420 2
46430 4
46440 4
46450 2
46460 5
46470 4
46480 2
46490 3
46500 2
46510 1
46520 6
46530 6
46540 4
46550 3
46560 1
46570 6
46580 6
46590 3
46600 5
46610 6
46620 2
46630 4
46640 5
46650 2
46660 3
46670 3
46680 3
46690 4
46700 4
46710 5
46720 4
46730 4
46740 6
46750 3
46760 6
46770 5
46780 5
46790 4
46800 4
46810 4
46820 6
46830 2
46840 6
46850 4
46860 3
46870 2
46880 3
46890 2
46900 2
46910 5
46920 3
46930 4
46940 6
46950 3
46960 2
46970 6
46980 2
46990 2
47000 2
47010 4
47020 3
47030 4
47040 3
47050 3
47060 6
47070 4
47080 7
47090 4
47100 3
47110 6
47120 8
47130 6
47140 6
47150 1
47160 4
47170 4
47180 3
47190 5
47200 3
47210 4
47220 6
47230 3
47240 4
47250 2
47260 6
47270 8
47280 9
47290 8
47300 7
47310 12
47320 15
47330 12
47340 8
47350 6
47360 10
47370 16
47380 10
47390 16
47400 10
47410 14
47420 13
47430 13
47440 15
47450 10
47460 14
47470 15
47480 14
47490 16
47500 10
47510 13
47520 11
47530 14
47540 5
47550 3
47560 6
47570 5
47580 8
47590 2
47600 3
47610 0
47620 6
47630 6
47640 9
47650 10
47660 6
47670 8
47680 6
47690 3
47700 7
47710 5
47720 3
47730 4
47740 4
47750 3
47760 1
47770 7
47780 3
47790 3
47800 5
47810 6
47820 8
47830 12
47840 3
47850 7
47860 3
47870 1
47880 5
47890 0
47900 5
47910 5
47920 8
47930 0
47940 8
47950 9
47960 3
47970 1
47980 3
47990 2
48000 6
48010 5
48020 0
48030 1
48040 0
48050 2
48060 6
48070 2
48080 7
48090 2
48100 6
48110 6
48120 6
48130 0
48140 0
48150 2
48160 0
48170 0
48180 0
48190 0
48200 0
48210 0
48220 0
48230 0
48240 0
48250 0
48260 0
48270 0
48280 0
48290 0
48300 0
48310 0
48320 0
48330 0
48340 0
48350 0
48360 0
48370 0
48380 0
48390 0
48400 2
48410 0
48420 0
48430 0
48440 0
48450 0
48460 0
48470 0
48480 0
48490 0
48500 0
48510 0
48520 0
48530 0
48540 0
48550 0
48560 0
48570 0
48580 0
48590 0
48600 1
48610 0
48620 0
48630 0
48640 0
48650 0
48660 0
48670 0
48680 0
48690 0
48700 0
48710 0
48720 0
48730 0
48740 0
48750 0
48760 0
48770 0
48780 0
48790 0
48800 0
48810 0
48820 0
48830 0
48840 0
48850 0
48860 2
48870 0
48880 0
48890 0
48900 0
48910 0
48920 6
48930 7
48940 2
48950 2
48960 1
48970 5
48980 2
48990 2
49000 0
49010 9
49020 10
49030 1
49040 8
49050 1
49060 7
49070 0
49080 4
49090 5
49100 0
49110 7
49120 3
49130 4
49140 5
49150 5
49160 4
49170 6
49180 0
49190 8
49200 6
49210 6
49220 7
49230 8
49240 8
49250 8
49260 6
49270 6
49280 8
49290 8
49300 4
49310 3
49320 3
49330 0
49340 6
49350 4
49360 7
49370 0
49380 3
49390 11
49400 0
49410 10
49420 0
49430 7
49440 12
49450 8
49460 8
49470 8
49480 4
49490 9
49500 11
49510 5
49520 2
49530 12
49540 6
49550 4
49560 10
49570 8
49580 5
49590 9
49600 6
49610 4
49620 1
49630 8
49640 0
49650 4
49660 10
49670 9
49680 4
49690 1
49700 1
49710 10
49720 6
49730 3
49740 3
49750 7
49760 0
49770 10
49780 11
49790 1
49800 8
49810 5
49820 0
49830 1
49840 1
49850 0
49860 1
49870 0
49880 0
49890 0
49900 3
49910 0
49920 0
49930 0
49940 0
49950 0
49960 0
49970 6
49980 8
49990 7
50000 4
50010 7
50020 13
50030 0
50040 0
50050 7
50060 5
50070 12
50080 11
50090 10
50100 3
50110 7
50120 4
50130 3
50140 0
50150 0
50160 0
50170 1
50180 0
50190 0
50200 9
50210 8
50220 0
50230 0
50240 0
50250 0
50260 0
50270 1
50280 0
50290 0
50300 0
50310 0
50320 0
50330 0
50340 0
50350 0
50360 0
50370 0
50380 0
50390 0
50400 0
50410 0
50420 0
50430 0
50440 0
50450 0
50460 0
50470 0
50480 0
50490 0
50500 0
50510 0
50520 0
50530 0
50540 0
50550 0
50560 0
50570 0
50580 0
50590 0
50600 0
50610 0
50620 0
50630 0
50640 0
50650 0
50660 0
50670 0
50680 0
50690 0
50700 0
50710 0
50720 0
50730 0
50740 0
50750 0
50760 0
50770 0
50780 0
50790 0
50800 0
50810 0
50820 0
50830 0
50840 0
50850 0
50860 1
50870 0
50880 0
50890 0
50900 0
50910 0
50920 1
50930 0
50940 0
50950 0
50960 0
50970 0
50980 0
50990 0
51000 0
51010 0
51020 0
51030 1
51040 0
51050 0
51060 0
51070 0
51080 0
51090 0
51100 0
51110 0
51120 0
51130 0
51140 0
51150 0
51160 0
51170 0
51180 0
51190 0
51200 0
51210 0
51220 0
51230 0
51240 0
51250 0
51260 0
51270 0
51280 0
51290 0
51300 0
51310 1
51320 0
51330 0
51340 0
51350 0
51360 0
51370 4
51380 5
51390 3
51400 4
51410 5
51420 5
51430 4
51440 1
51450 3
51460 0
51470 1
51480 1
51490 1
51500 0
51510 1
51520 3
51530 0
51540 0
51550 0
51560 0
51570 0
51580 0
51590 0
51600 0
51610 0
51620 0
51630 0
51640 0
51650 0
51660 0
51670 0
51680 0
51690 0
51700 0
51710 0
51720 0
51730 0
51740 0
51750 0
51760 0
51770 0
51780 0
51790 0
51800 0
51810 0
51820 0
51830 0
51840 0
51850 1
51860 0
51870 0
51880 0
51890 0
51900 0
51910 0
51920 0
51930 0
51940 0
51950 0
51960 0
51970 0
51980 0
51990 0
52000 0
52010 0
52020 0
52030 0
52040 0
52050 0
52060 0
52070 0
52080 0
52090 0
52100 0
52110 0
52120 0
52130 0
52140 0
52150 0
52160 0
52170 0
52180 0
52190 0
52200 0
52210 0
52220 2
52230 0
52240 2
52250 0
52260 0
52270 0
52280 0
52290 0
52300 0
52310 0
52320 0
52330 0
52340 0
52350 0
52360 0
52370 0
52380 0
52390 1
52400 0
52410 0
52420 0
52430 0
52440 1
52450 0
52460 0
52470 0
52480 0
52490 0
52500 0
52510 0
52520 0
52530 0
52540 0
52550 0
52560 0
52570 0
52580 1
52590 1
52600 0
52610 0
52620 0
52630 0
52640 0
52650 0
52660 0
52670 0
52680 0
52690 0
52700 0
52710 0
52720 0
52730 0
52740 0
52750 0
52760 0
52770 0
52780 0
52790 0
52800 0
52810 0
52820 0
52830 0
52840 0
52850 0
52860 0
52870 5
52880 0
52890 4
52900 4
52910 1
52920 0
52930 0
52940 0
52950 0
52960 0
52970 0
52980 0
52990 0
53000 0
53010 0
53020 0
53030 0
53040 0
53050 0
53060 0
53070 0
53080 0
53090 0
53100 0
53110 0
53120 0
53130 0
53140 0
53150 0
53160 0
53170 0
53180 0
53190 0
53200 1
53210 0
53220 5
53230 8
53240 5
53250 8
53260 12
53270 1
53280 0
53290 4
53300 5
53310 1
53320 8
53330 1
53340 4
53350 2
53360 5
53370 0
53380 0
53390 0
53400 0
53410 0
53420 0
53430 0
53440 0
53450 0
53460 0
53470 0
53480 0
53490 0
53500 0
53510 0
53520 0
53530 0
53540 0
53550 0
53560 0
53570 1
53580 0
53590 0
53600 0
53610 0
53620 0
53630 0
53640 0
53650 0
53660 0
53670 0
53680 0
53690 0
53700 0
53710 0
53720 0
53730 0
53740 0
53750 0
53760 0
53770 0
53780 0
53790 0
53800 0
53810 0
53820 0
53830 6
53840 9
53850 0
53860 0
53870 0
53880 0
53890 0
53900 0
53910 0
53920 0
53930 0
53940 0
53950 0
53960 0
53970 0
53980 0
53990 0
54000 0
54010 0
54020 0
54030 0
54040 0
54050 0
54060 0
54070 0
54080 0
54090 0
54100 0
54110 0
54120 0
54130 0
54140 0
54150 0
54160 0
54170 0
54180 0
54190 0
54200 0
54210 0
54220 0
54230 0
54240 0
54250 0
54260 0
54270 0
54280 0
54290 0
54300 0
54310 0
54320 0
54330 0
54340 0
54350 0
54360 0
54370 0
54380 0
54390 0
54400 0
54410 0
54420 4
54430 0
54440 0
54450 0
54460 0
54470 0
54480 0
54490 1
54500 5
54510 4
54520 0
54530 1
54540 0
54550 1
54560 1
54570 0
54580 0
54590 7
54600 5
54610 0
54620 1
54630 5
54640 4
54650 1
54660 0
54670 0
54680 0
54690 4
54700 5
54710 5
54720 1
54730 4
54740 4
54750 6
54760 1
54770 4
54780 2
54790 5
54800 4
54810 1
54820 0
54830 1
54840 2
54850 4
54860 3
54870 9
54880 5
54890 0
54900 0
54910 0
54920 0
54930 0
54940 0
54950 0
54960 0
54970 0
54980 0
54990 0
55000 0
55010 0
55020 0
55030 1
55040 1
55050 0
55060 0
55070 0
55080 0
55090 0
55100 0
55110 0
55120 0
55130 0
55140 0
55150 0
55160 0
55170 0
55180 0
55190 0
55200 0
55210 0
55220 0
55230 0
55240 0
55250 0
55260 0
55270 0
55280 0
55290 0
55300 0
55310 0
55320 0
55330 0
55340 0
55350 0
55360 0
55370 0
55380 0
55390 0
55400 0
55410 0
55420 0
55430 0
55440 0
55450 0
55460 0
55470 0
55480 0
55490 0
55500 0
55510 0
55520 0
55530 0
55540 0
55550 0
55560 0
55570 0
55580 0
55590 0
55600 0
55610 0
55620 0
55630 0
55640 0
55650 0
55660 0
55670 0
55680 0
55690 0
55700 0
55710 3
55720 9
55730 12
55740 5
55750 10
55760 0
55770 0
55780 0
55790 0
55800 0
55810 0
55820 0
55830 4
55840 0
55850 1
55860 10
55870 3
55880 9
55890 3
55900 0
55910 4
55920 7
55930 7
55940 8
55950 0
55960 0
55970 7
55980 9
55990 6
56000 3
56010 0
56020 0
56030 0
56040 6
56050 4
56060 13
56070 11
56080 0
56090 0
56100 2
56110 1
56120 8
56130 0
56140 4
56150 3
56160 2
56170 2
56180 2
56190 1
56200 0
56210 3
56220 2
56230 1
56240 4
56250 1
56260 5
56270 1
56280 3
56290 2
56300 3
56310 2
56320 5
56330 4
56340 3
56350 4
56360 4
56370 3
56380 5
56390 5
56400 4
56410 2
56420 0
56430 5
56440 0
56450 5
56460 2
56470 2
56480 2
56490 2
56500 0
56510 0
56520 0
56530 0
56540 0
56550 0
56560 3
56570 0
56580 1
56590 3
56600 0
56610 2
56620 1
56630 0
56640 1
56650 0
56660 0
56670 1
56680 0
56690 0
56700 3
56710 1
56720 0
56730 0
56740 0
56750 0
56760 3
56770 0
56780 2
56790 0
56800 1
56810 1
56820 1
56830 1
56840 0
56850 0
56860 5
56870 1
56880 1
56890 5
56900 0
56910 0
56920 0
56930 0
56940 2
56950 1
56960 1
56970 0
56980 1
56990 1
57000 1
57010 4
57020 1
57030 2
57040 1
57050 8
57060 1
57070 1
57080 0
57090 4
57100 4
57110 3
57120 5
57130 2
57140 2
57150 2
57160 3
57170 5
57180 0
57190 4
57200 10
57210 2
57220 1
57230 3
57240 4
57250 2
57260 3
57270 1
57280 3
57290 1
57300 3
57310 1
57320 2
57330 0
57340 1
57350 5
57360 0
57370 12
57380 6
57390 7
57400 5
57410 1
57420 3
57430 7
57440 3
57450 0
57460 3
57470 0
57480 1
57490 2
57500 1
57510 1
57520 1
57530 2
57540 3
57550 6
57560 11
57570 1
57580 3
57590 4
57600 4
57610 5
57620 6
57630 3
57640 1
57650 3
57660 4
57670 2
57680 4
57690 5
57700 2
57710 0
57720 2
57730 3
57740 3
57750 2
57760 1
57770 3
57780 3
57790 5
57800 3
57810 4
57820 1
57830 1
57840 3
57850 0
57860 0
57870 0
57880 0
57890 0
57900 0
57910 0
57920 0
57930 2
57940 2
57950 2
57960 3
57970 0
57980 0
57990 0
58000 0
58010 3
58020 0
58030 0
58040 0
58050 0
58060 2
58070 4
58080 0
58090 0
58100 2
58110 1
58120 1
58130 2
58140 0
58150 0
58160 0
58170 0
58180 0
58190 0
58200 0
58210 0
58220 0
58230 0
58240 0
58250 0
58260 0
58270 0
58280 0
58290 0
58300 0
58310 0
58320 0
58330 0
58340 0
58350 0
58360 0
58370 0
58380 0
58390 0
58400 0
58410 0
58420 0
58430 0
58440 0
58450 0
58460 0
58470 0
58480 0
58490 0
58500 0
58510 0
58520 0
58530 2
58540 0
58550 0
58560 0
58570 2
58580 0
58590 0
58600 1
58610 2
58620 1
58630 0
58640 2
58650 3
58660 0
58670 2
58680 0
58690 6
58700 2
58710 5
58720 3
58730 5
58740 0
58750 3
58760 0
58770 0
58780 0
58790 0
58800 0
58810 0
58820 3
58830 0
58840 5
58850 6
58860 6
58870 5
58880 3
58890 6
58900 3
58910 2
58920 0
58930 3
58940 5
58950 5
58960 3
58970 3
58980 3
58990 4
59000 4
59010 0
59020 0
59030 0
59040 0
59050 0
59060 0
59070 0
59080 0
59090 0
59100 0
59110 0
59120 0
59130 0
59140 0
59150 0
59160 0
59170 0
59180 0
59190 0
59200 0
59210 0
59220 3
59230 3
59240 4
59250 1
59260 0
59270 0
59280 0
59290 0
59300 0
59310 0
59320 0
59330 3
59340 1
59350 0
59360 0
59370 0
59380 0
59390 3
59400 5
59410 2
59420 0
59430 0
59440 0
59450 0
59460 0
59470 2
59480 4
59490 2
59500 4
59510 3
59520 0
59530 2
59540 3
59550 3
59560 1
59570 2
59580 2
59590 2
59600 0
59610 1
59620 0
59630 0
59640 0
59650 2
59660 2
59670 3
59680 5
59690 2
59700 4
59710 1
59720 0
59730 2
59740 4
59750 2
59760 3
59770 2
59780 0
59790 0
59800 1
59810 0
59820 2
59830 4
59840 7
59850 2
59860 7
59870 4
59880 1
59890 2
59900 0
59910 3
59920 8
59930 5
59940 3
59950 0
59960 0
59970 0
59980 0
59990 0
60000 0
60010 0
60020 0
60030 0
60040 0
60050 0
60060 0
60070 0
60080 0
60090 0
60100 0
60110 0
60120 0
60130 5
60140 3
60150 0
60160 3
60170 2
60180 2
60190 0
60200 2
60210 0
60220 0
60230 0
60240 0
60250 0
60260 0
60270 0
60280 0
60290 0
60300 0
60310 0
60320 0
60330 0
60340 0
60350 0
60360 0
60370 0
60380 0
60390 0
60400 0
60410 0
60420 0
60430 0
60440 0
60450 0
60460 0
60470 0
60480 0
60490 0
60500 0
60510 0
60520 0
60530 0
60540 0
60550 0
60560 0
60570 0
60580 0
60590 0
60600 0
60610 0
60620 1
60630 3
60640 5
60650 0
60660 0
60670 0
60680 0
60690 0
60700 0
60710 3
60720 9
60730 7
60740 7
60750 7
60760 11
60770 0
60780 0
60790 0
60800 0
60810 0
60820 0
60830 1
60840 0
60850 0
60860 1
60870 0
60880 5
60890 4
60900 13
60910 6
60920 4
60930 5
60940 7
60950 8
60960 5
60970 4
60980 9
60990 7
61000 6
61010 7
61020 0
61030 4
61040 11
61050 15
61060 9
61070 11
61080 8
61090 12
61100 10
61110 8
61120 0
61130 0
61140 0
61150 0
61160 0
61170 0
61180 0
61190 0
61200 0
61210 0
61220 0
61230 0
61240 9
61250 12
61260 7
61270 6
61280 11
61290 9
61300 8
61310 8
61320 11
61330 3
61340 7
61350 5
61360 5
61370 8
61380 8
61390 6
61400 11
61410 8
61420 12
61430 11
61440 11
61450 6
61460 12
61470 9
61480 7
61490 17
61500 10
61510 9
61520 11
61530 7
61540 9
61550 9
61560 7
61570 9
61580 7
61590 8
61600 9
61610 8
61620 0
61630 0
61640 0
61650 0
61660 0
61670 0
61680 0
61690 0
61700 0
61710 0
61720 0
61730 0
61740 0
61750 0
61760 0
61770 0
61780 0
61790 0
61800 0
61810 0
61820 0
61830 8
61840 7
61850 8
61860 6
61870 1
61880 12
61890 11
61900 12
61910 11
61920 12
61930 25
61940 19
61950 15
61960 15
61970 17
61980 19
61990 10
62000 9
62010 16
62020 10
62030 8
62040 13
62050 8
62060 6
62070 6
62080 7
62090 8
62100 10
62110 6
62120 7
62130 7
62140 12
62150 4
62160 7
62170 8
62180 9
62190 8
62200 7
62210 4
62220 13
62230 5
62240 10
62250 9
62260 9
62270 7
62280 7
62290 7
62300 8
62310 5
62320 9
62330 3
62340 7
62350 6
62360 13
62370 10
62380 9
62390 8
62400 7
62410 7
62420 7
62430 5
62440 4
62450 6
62460 8
62470 6
62480 8
62490 6
62500 6
62510 7
62520 6
62530 8
62540 5
62550 7
62560 6
62570 7
62580 6
62590 17
62600 9
62610 7
62620 8
62630 8
62640 12
62650 8
62660 8
62670 10
62680 6
62690 8
62700 6
62710 13
62720 7
62730 4
62740 9
62750 9
62760 9
62770 9
62780 5
62790 13
62800 8
62810 16
62820 16
62830 11
62840 22
62850 17
62860 15
62870 17
62880 15
62890 15
62900 4
62910 11
62920 8
62930 5
62940 0
62950 0
62960 0
62970 0
62980 0
62990 0
63000 0
63010 0
63020 0
63030 0
63040 0
63050 0
63060 0
63070 0
63080 1
63090 0
63100 1
63110 5
63120 0
63130 0
63140 1
63150 0
63160 0
63170 0
63180 0
63190 0
63200 0
63210 0
63220 0
63230 0
63240 6
63250 0
63260 0
63270 0
63280 0
63290 0
63300 0
63310 0
63320 0
63330 0
63340 0
63350 0
63360 0
63370 0
63380 0
63390 0
63400 0
63410 0
63420 0
63430 0
63440 0
63450 0
63460 0
63470 0
63480 0
63490 0
63500 0
63510 0
63520 0
63530 0
63540 0
63550 0
63560 0
63570 0
63580 0
63590 0
63600 0
63610 0
63620 0
63630 0
63640 0
63650 0
63660 0
63670 0
63680 0
63690 0
63700 0
63710 0
63720 0
63730 0
63740 0
63750 0
63760 0
63770 0
63780 0
63790 0
63800 0
63810 0
63820 0
63830 0
63840 0
63850 0
63860 0
63870 0
63880 0
63890 0
63900 0
63910 0
63920 0
63930 0
63940 0
63950 0
63960 0
63970 0
63980 0
63990 1
64000 0
64010 2
64020 0
64030 0
64040 0
64050 0
64060 6
64070 0
64080 0
64090 0
64100 1
64110 0
64120 4
64130 1
64140 1
64150 6
64160 4
64170 4
64180 3
64190 0
64200 0
64210 4
64220 0
64230 0
64240 0
64250 0
64260 0
64270 0
64280 0
64290 0
64300 0
64310 0
64320 0
64330 0
64340 0
64350 0
64360 2
64370 0
64380 3
64390 4
64400 0
64410 1
64420 2
64430 1
64440 1
64450 2
64460 0
64470 0
64480 2
64490 3
64500 2
64510 0
64520 0
64530 2
64540 0
64550 1
64560 0
64570 0
64580 0
64590 0
64600 0
64610 0
64620 0
64630 0
64640 0
64650 0
64660 0
64670 0
64680 0
64690 0
64700 0
64710 0
64720 0
64730 0
64740 0
64750 0
64760 0
64770 0
64780 0
64790 0
64800 0
64810 0
64820 0
64830 0
64840 0
64850 0
64860 0
64870 0
64880 0
64890 0
64900 0
64910 0
64920 0
64930 0
64940 0
64950 0
64960 0
64970 0
64980 0
64990 0
65000 0
65010 0
65020 0
65030 0
65040 0
65050 0
65060 0
65070 0
65080 0
65090 0
65100 0
65110 0
65120 0
65130 0
65140 0
65150 0
65160 0
65170 0
65180 0
65190 0
65200 0
65210 0
65220 0
65230 0
65240 0
65250 0
65260 0
65270 0
65280 0
65290 0
65300 0
65310 0
65320 0
65330 0
65340 1
65350 0
65360 0
65370 0
65380 0
65390 0
65400 0
65410 0
65420 0
65430 0
65440 0
65450 0
65460 0
65470 0
65480 0
65490 0
65500 0
65510 0
65520 0
65530 0
65540 0
65550 0
65560 0
65570 0
65580 0
65590 0
65600 0
65610 0
65620 0
65630 0
65640 0
65650 0
65660 0
65670 0
65680 0
65690 0
65700 0
65710 0
65720 0
65730 0
65740 0
65750 0
65760 0
65770 0
65780 0
65790 0
65800 0
65810 0
65820 0
65830 0
65840 0
65850 0
65860 0
65870 0
65880 0
65890 0
65900 0
65910 0
65920 0
65930 0
65940 0
65950 0
65960 0
65970 0
65980 0
65990 0
66000 0
66010 0
66020 0
66030 0
66040 0
66050 0
66060 0
66070 0
66080 0
66090 0
66100 0
66110 0
66120 0
66130 0
66140 0
66150 0
66160 0
66170 0
66180 0
66190 0
66200 0
66210 0
66220 0
66230 0
66240 0
66250 0
66260 0
66270 0
66280 0
66290 0
66300 0
66310 0
66320 3
66330 2
66340 5
66350 0
66360 0
66370 0
66380 0
66390 0
66400 0
66410 0
66420 0
66430 0
66440 0
66450 0
66460 0
66470 0
66480 0
66490 0
66500 0
66510 0
66520 0
66530 0
66540 0
66550 0
66560 0
66570 0
66580 0
66590 0
66600 0
66610 0
66620 0
66630 0
66640 0
66650 0
66660 0
66670 0
66680 0
66690 0
66700 0
66710 0
66720 0
66730 0
66740 0
66750 0
66760 0
66770 0
66780 0
66790 0
66800 0
66810 0
66820 1
66830 2
66840 0
66850 0
66860 0
66870 0
66880 0
66890 0
66900 0
66910 0
66920 0
66930 0
66940 0
66950 0
66960 0
66970 0
66980 0
66990 0
67000 0
67010 0
67020 0
67030 0
67040 0
67050 0
67060 0
67070 0
67080 0
67090 0
67100 0
67110 0
67120 0
67130 0
67140 0
67150 0
67160 0
67170 0
67180 0
67190 0
67200 0
67210 0
67220 0
67230 0
67240 0
67250 0
67260 0
67270 0
67280 0
67290 0
67300 0
67310 0
67320 0
67330 0
67340 0
67350 0
67360 0
67370 0
67380 0
67390 0
67400 0
67410 0
67420 0
67430 0
67440 0
67450 0
67460 0
67470 0
67480 0
67490 0
67500 0
67510 0
67520 0
67530 0
67540 0
67550 0
67560 0
67570 0
67580 0
67590 0
67600 0
67610 0
67620 0
67630 0
67640 0
67650 0
67660 0
67670 0
67680 0
67690 0
67700 0
67710 0
67720 0
67730 0
67740 0
67750 0
67760 0
67770 0
67780 0
67790 0
67800 0
67810 0
67820 0
67830 0
67840 0
67850 0
67860 0
67870 0
67880 0
67890 0
67900 0
67910 0
67920 0
67930 0
67940 0
67950 0
67960 0
67970 0
67980 0
67990 0
68000 1
68010 0
68020 0
68030 0
68040 0
68050 0
68060 0
68070 0
68080 0
68090 0
68100 0
68110 0
68120 0
68130 0
68140 0
68150 0
68160 0
68170 0
68180 0
68190 0
68200 0
68210 0
68220 0
68230 0
68240 0
68250 0
68260 0
68270 0
68280 0
68290 0
68300 0
68310 0
68320 0
68330 0
68340 0
68350 0
68360 0
68370 0
68380 0
68390 0
68400 0
68410 0
68420 0
68430 0
68440 0
68450 0
68460 0
68470 0
68480 0
68490 0
68500 0
68510 0
68520 0
68530 0
68540 0
68550 0
68560 0
68570 0
68580 0
68590 0
68600 0
68610 0
68620 0
68630 0
68640 0
68650 0
68660 0
68670 0
68680 0
68690 0
68700 0
68710 0
68720 0
68730 0
68740 0
68750 0
68760 0
68770 0
68780 0
68790 0
68800 0
68810 0
68820 0
68830 0
68840 0
68850 0
68860 0
68870 0
68880 0
68890 0
68900 0
68910 0
68920 0
68930 0
68940 0
68950 0
68960 0
68970 0
68980 0
68990 0
69000 0
69010 0
69020 0
69030 0
69040 0
69050 0
69060 0
69070 1
69080 0
69090 0
69100 0
69110 0
69120 0
69130 0
69140 0
69150 0
69160 0
69170 0
69180 0
69190 0
69200 0
69210 0
69220 0
69230 0
69240 0
69250 0
69260 0
69270 0
69280 0
69290 0
69300 0
69310 0
69320 0
69330 0
69340 0
69350 0
69360 0
69370 0
69380 0
69390 0
69400 0
69410 0
69420 0
69430 0
69440 0
69450 0
69460 0
69470 0
69480 0
69490 0
69500 0
69510 0
69520 0
69530 0
69540 0
69550 0
69560 0
69570 0
69580 0
69590 0
69600 0
69610 0
69620 0
69630 0
69640 0
69650 0
69660 0
69670 0
69680 0
69690 0
69700 0
69710 0
69720 0
69730 0
69740 0
69750 0
69760 0
69770 0
69780 0
69790 0
69800 0
69810 0
69820 0
69830 0
69840 0
69850 0
69860 0
69870 0
69880 0
69890 0
69900 0
69910 0
69920 0
69930 0
69940 0
69950 0
69960 0
69970 0
69980 0
69990 0
70000 0
70010 0
70020 0
70030 0
70040 0
70050 0
70060 0
70070 0
70080 0
70090 0
70100 0
70110 5
70120 4
70130 5
70140 5
70150 5
70160 4
70170 4
70180 5
70190 8
70200 8
70210 5
70220 5
70230 0
70240 5
70250 5
70260 5
70270 5
70280 0
70290 5
70300 5
70310 5
70320 5
70330 5
70340 1
70350 4
70360 0
70370 0
70380 0
70390 5
70400 1
70410 0
70420 0
70430 1
70440 0
70450 1
70460 0
70470 0
70480 0
70490 4
70500 4
70510 0
70520 1
70530 5
70540 6
70550 0
70560 5
70570 5
70580 5
70590 6
70600 5
70610 1
70620 0
70630 5
70640 1
70650 5
70660 5
70670 7
70680 5
70690 5
70700 0
70710 1
70720 5
70730 5
70740 1
70750 0
70760 0
70770 3
70780 0
70790 0
70800 1
70810 0
70820 1
70830 1
70840 1
70850 0
70860 1
70870 0
70880 1
70890 3
70900 0
70910 0
70920 5
70930 1
70940 0
70950 0
70960 1
70970 1
70980 3
70990 4
71000 1
71010 5
71020 1
71030 5
71040 5
71050 8
71060 1
71070 4
71080 2
71090 5
71100 4
71110 0
71120 1
71130 1
71140 0
71150 0
71160 0
71170 0
71180 0
71190 0
71200 0
71210 0
71220 0
71230 0
71240 0
71250 0
71260 0
71270 0
71280 3
71290 4
71300 0
71310 0
71320 0
71330 0
71340 4
71350 0
71360 0
71370 0
71380 0
71390 0
71400 0
71410 0
71420 0
71430 0
71440 0
71450 0
71460 0
71470 0
71480 0
71490 0
71500 0
71510 0
71520 0
71530 0
71540 0
71550 0
71560 0
71570 0
71580 0
71590 0
71600 0
71610 0
71620 0
71630 0
71640 0
71650 0
71660 0
71670 0
71680 0
71690 0
71700 0
71710 0
71720 0
71730 2
71740 1
71750 0
71760 0
71770 0
71780 0
71790 1
71800 7
71810 0
71820 0
71830 0
71840 0
71850 3
71860 0
71870 1
71880 0
71890 0
71900 0
71910 0
71920 0
71930 0
71940 0
71950 0
71960 0
71970 0
71980 0
71990 0
72000 0
72010 0
72020 0
72030 0
72040 0
72050 0
72060 0
72070 0
72080 0
72090 0
72100 0
72110 0
72120 0
72130 0
72140 0
72150 0
72160 1
72170 0
72180 0
72190 0
72200 0
72210 0
72220 0
72230 0
72240 0
72250 0
72260 0
72270 0
72280 0
72290 0
72300 0
72310 0
72320 0
72330 0
72340 0
72350 0
72360 0
72370 0
72380 0
72390 0
72400 0
72410 0
72420 0
72430 0
72440 0
72450 0
72460 0
72470 0
72480 0
72490 0
72500 0
72510 0
72520 0
72530 0
72540 0
72550 0
72560 0
72570 0
72580 0
72590 0
72600 0
72610 0
72620 0
72630 0
72640 0
72650 0
72660 0
72670 0
72680 0
72690 0
72700 0
72710 0
72720 0
72730 0
72740 0
72750 0
72760 0
72770 0
72780 0
72790 0
72800 0
72810 0
72820 0
72830 0
72840 0
72850 0
72860 0
72870 0
72880 0
72890 0
72900 0
72910 0
72920 0
72930 0
72940 0
72950 0
72960 0
72970 0
72980 0
72990 0
73000 0
73010 0
73020 0
73030 0
73040 0
73050 0
73060 0
73070 0
73080 0
73090 0
73100 0
73110 0
73120 0
73130 0
73140 0
73150 0
73160 0
73170 0
73180 0
73190 0
73200 0
73210 0
73220 0
73230 0
73240 0
73250 0
73260 0
73270 0
73280 0
73290 0
73300 0
73310 0
73320 0
73330 0
73340 0
73350 0
73360 0
73370 0
73380 0
73390 0
73400 0
73410 0
73420 0
73430 0
73440 0
73450 0
73460 0
73470 0
73480 0
73490 0
73500 0
73510 0
73520 0
73530 0
73540 0
73550 0
73560 0
73570 0
73580 0
73590 0
73600 0
73610 0
73620 0
73630 0
73640 0
73650 0
73660 0
73670 0
73680 0
73690 0
73700 0
73710 0
73720 0
73730 0
73740 0
73750 0
73760 0
73770 0
73780 0
73790 0
73800 0
73810 0
73820 0
73830 0
73840 0
73850 0
73860 0
73870 0
73880 0
73890 0
73900 0
73910 0
73920 0
73930 0
73940 0
73950 0
73960 0
73970 0
73980 0
73990 0
74000 0
74010 0
74020 0
74030 0
74040 0
74050 0
74060 0
74070 0
74080 0
74090 0
74100 1
74110 0
74120 0
74130 5
74140 5
74150 0
74160 0
74170 0
74180 0
74190 1
74200 0
74210 0
74220 0
74230 0
74240 0
74250 0
74260 0
74270 0
74280 0
74290 0
74300 0
74310 0
74320 0
74330 0
74340 0
74350 0
74360 0
74370 0
74380 0
74390 0
74400 0
74410 1
74420 0
74430 0
74440 0
74450 0
74460 0
74470 0
74480 0
74490 0
74500 0
74510 0
74520 0
74530 0
74540 0
74550 1
74560 0
74570 1
74580 0
74590 0
74600 0
74610 0
74620 0
74630 0
74640 0
74650 0
74660 0
74670 0
74680 0
74690 0
74700 0
74710 0
74720 0
74730 0
74740 0
74750 0
74760 0
74770 0
74780 0
74790 0
74800 0
74810 0
74820 0
74830 0
74840 0
74850 0
74860 0
74870 0
74880 0
74890 0
74900 0
74910 0
74920 0
74930 0
74940 0
74950 0
74960 0
74970 0
74980 0
74990 0
75000 0
75010 0
75020 0
75030 0
75040 0
75050 0
75060 0
75070 0
75080 0
75090 0
75100 0
75110 0
75120 0
75130 0
75140 0
75150 0
75160 0
75170 0
75180 0
75190 0
75200 0
75210 0
75220 0
75230 0
75240 0
75250 0
75260 0
75270 0
75280 0
75290 0
75300 0
75310 0
75320 0
75330 0
75340 0
75350 0
75360 0
75370 0
75380 0
75390 0
75400 0
75410 0
75420 0
75430 0
75440 0
75450 0
75460 0
75470 0
75480 0
75490 0
75500 1
75510 0
75520 0
75530 0
75540 0
75550 0
75560 0
75570 0
75580 0
75590 0
75600 0
75610 0
75620 0
75630 0
75640 0
75650 0
75660 0
75670 0
75680 0
75690 0
75700 0
75710 0
75720 1
75730 0
75740 0
75750 0
75760 0
75770 0
75780 0
75790 0
75800 0
75810 0
75820 0
75830 0
75840 0
75850 0
75860 0
75870 0
75880 0
75890 0
75900 0
75910 0
75920 0
75930 0
75940 0
75950 0
75960 0
75970 0
75980 0
75990 0
76000 0
76010 0
76020 0
76030 0
76040 0
76050 0
76060 0
76070 0
76080 0
76090 0
76100 0
76110 0
76120 0
76130 0
76140 0
76150 0
76160 0
76170 0
76180 0
76190 0
76200 0
76210 0
76220 0
76230 0
76240 0
76250 0
76260 0
76270 0
76280 0
76290 0
76300 0
76310 0
76320 0
76330 0
76340 0
76350 0
76360 0
76370 2
76380 0
76390 0
76400 0
76410 0
76420 0
76430 0
76440 0
76450 0
76460 0
76470 0
76480 0
76490 0
76500 0
76510 0
76520 0
76530 0
76540 0
76550 0
76560 0
76570 0
76580 0
76590 0
76600 0
76610 0
76620 0
76630 0
76640 0
76650 0
76660 0
76670 0
76680 0
76690 0
76700 0
76710 0
76720 0
76730 0
76740 0
76750 0
76760 0
76770 0
76780 0
76790 0
76800 0
76810 0
76820 0
76830 0
76840 0
76850 0
76860 0
76870 0
76880 0
76890 0
76900 0
76910 0
76920 0
76930 0
76940 0
76950 0
76960 0
76970 0
76980 0
76990 0
77000 0
77010 0
77020 0
77030 0
77040 0
77050 0
77060 0
77070 0
77080 0
77090 0
77100 0
77110 0
77120 0
77130 0
77140 0
77150 0
77160 0
77170 0
77180 0
77190 0
77200 0
77210 0
77220 0
77230 0
77240 0
77250 0
77260 0
77270 0
77280 0
77290 0
77300 0
77310 0
77320 0
77330 0
77340 0
77350 0
77360 0
77370 0
77380 0
77390 0
77400 0
77410 0
77420 0
77430 0
77440 0
77450 0
77460 0
77470 5
77480 7
77490 0
77500 0
77510 0
77520 0
77530 0
77540 0
77550 0
77560 0
77570 0
77580 0
77590 0
77600 0
77610 0
77620 0
77630 0
77640 0
77650 0
77660 1
77670 0
77680 0
77690 0
77700 0
77710 0
77720 0
77730 0
77740 0
77750 0
77760 0
77770 0
77780 0
77790 0
77800 0
77810 0
77820 0
77830 0
77840 0
77850 0
77860 0
77870 0
77880 0
77890 0
77900 0
77910 0
77920 0
77930 0
77940 0
77950 0
77960 0
77970 0
77980 0
77990 0
78000 0
78010 0
78020 0
78030 0
78040 0
78050 0
78060 0
78070 0
78080 0
78090 0
78100 0
78110 0
78120 0
78130 0
78140 0
78150 0
78160 0
78170 0
78180 0
78190 0
78200 0
78210 0
78220 0
78230 0
78240 0
78250 0
78260 0
78270 0
78280 0
78290 0
78300 0
78310 0
78320 0
78330 0
78340 0
78350 0
78360 0
78370 0
78380 1
78390 4
78400 0
78410 0
78420 0
78430 0
78440 1
78450 0
78460 1
78470 0
78480 0
78490 0
78500 0
78510 0
78520 1
78530 0
78540 0
78550 0
78560 0
78570 1
78580 0
78590 1
78600 0
78610 0
78620 0
78630 0
78640 0
78650 0
78660 0
78670 0
78680 0
78690 1
78700 0
78710 0
78720 0
78730 0
78740 4
78750 1
78760 4
78770 5
78780 1
78790 5
78800 0
78810 0
78820 1
78830 0
78840 1
78850 5
78860 3
78870 5
78880 2
78890 5
78900 4
78910 5
78920 5
78930 6
78940 4
78950 4
78960 4
78970 5
78980 5
78990 4
79000 5
79010 4
79020 5
79030 5
79040 5
79050 5
79060 5
79070 4
79080 5
79090 4
79100 6
79110 4
79120 3
79130 5
79140 8
79150 7
79160 3
79170 5
79180 4
79190 4
79200 4
79210 5
79220 6
79230 7
79240 5
79250 5
79260 5
79270 4
79280 4
79290 3
79300 1
79310 2
79320 3
79330 1
79340 0
79350 0
79360 4
79370 1
79380 5
79390 3
79400 1
79410 1
79420 0
79430 0
79440 4
79450 5
79460 8
79470 4
79480 7
79490 0
79500 0
79510 0
79520 0
79530 0
79540 0
79550 0
79560 0
79570 0
79580 0
79590 0
79600 0
79610 1
79620 0
79630 0
79640 0
79650 0
79660 0
79670 0
79680 0
79690 0
79700 0
79710 0
79720 0
79730 0
79740 0
79750 0
79760 0
79770 0
79780 0
79790 0
79800 0
79810 0
79820 0
79830 0
79840 0
79850 0
79860 0
79870 0
79880 0
79890 0
79900 0
79910 0
79920 0
79930 0
79940 0
79950 0
79960 1
79970 0
79980 0
79990 0
80000 0
80010 0
80020 0
80030 0
80040 0
80050 0
80060 0
80070 0
80080 0
80090 0
80100 1
80110 0
80120 0
80130 0
80140 5
80150 4
80160 6
80170 5
80180 5
80190 5
80200 5
80210 5
80220 4
80230 3
80240 3
80250 4
80260 5
80270 0
80280 0
80290 0
80300 0
80310 0
80320 0
80330 0
80340 0
80350 0
80360 0
80370 0
80380 0
80390 0
80400 0
80410 0
80420 0
80430 0
80440 0
80450 0
80460 0
80470 0
80480 0
80490 0
80500 0
80510 0
80520 0
80530 0
80540 0
80550 0
80560 0
80570 0
80580 0
80590 0
80600 0
80610 0
80620 0
80630 0
80640 0
80650 0
80660 0
80670 0
80680 0
80690 0
80700 0
80710 0
80720 0
80730 0
80740 0
80750 0
80760 0
80770 0
80780 0
80790 0
80800 0
80810 0
80820 0
80830 0
80840 0
80850 0
80860 0
80870 0
80880 0
80890 0
80900 0
80910 0
80920 0
80930 0
80940 0
80950 0
80960 0
80970 0
80980 0
80990 0
81000 0
81010 0
81020 0
81030 0
81040 0
81050 0
81060 0
81070 0
81080 0
81090 0
81100 0
81110 0
81120 0
81130 0
81140 0
81150 0
81160 0
81170 0
81180 0
81190 0
81200 0
81210 0
81220 0
81230 0
81240 0
81250 0
81260 0
81270 0
81280 0
81290 0
81300 0
81310 0
81320 0
81330 0
81340 0
81350 0
81360 0
81370 0
81380 0
81390 0
81400 0
81410 0
81420 0
81430 0
81440 0
81450 0
81460 0
81470 0
81480 0
81490 0
81500 0
81510 0
81520 0
81530 0
81540 0
81550 0
81560 0
81570 0
81580 0
81590 0
81600 0
81610 0
81620 0
81630 0
81640 0
81650 0
81660 0
81670 0
81680 0
81690 0
81700 0
81710 0
81720 0
81730 0
81740 0
81750 0
81760 0
81770 0
81780 0
81790 0
81800 0
81810 0
81820 0
81830 0
81840 0
81850 0
81860 0
81870 0
81880 0
81890 0
81900 0
81910 0
81920 0
81930 0
81940 0
81950 0
81960 0
81970 0
81980 0
81990 0
82000 0
82010 0
82020 0
82030 0
82040 0
82050 0
82060 0
82070 0
82080 0
82090 0
82100 0
82110 0
82120 0
82130 0
82140 0
82150 0
82160 0
82170 0
82180 0
82190 0
82200 0
82210 1
82220 0
82230 0
82240 0
82250 0
82260 0
82270 0
82280 0
82290 0
82300 0
82310 0
82320 0
82330 0
82340 0
82350 0
82360 0
82370 0
82380 0
82390 0
82400 0
82410 0
82420 0
82430 0
82440 0
82450 0
82460 0
82470 0
82480 0
82490 0
82500 0
82510 0
82520 0
82530 0
82540 0
82550 0
82560 0
82570 0
82580 0
82590 0
82600 0
82610 0
82620 0
82630 0
82640 0
82650 0
82660 0
82670 0
82680 0
82690 0
82700 0
82710 0
82720 0
82730 0
82740 0
82750 0
82760 0
82770 0
82780 0
82790 0
82800 0
82810 0
82820 0
82830 0
82840 0
82850 0
82860 0
82870 0
82880 0
82890 0
82900 0
82910 0
82920 0
82930 0
82940 0
82950 0
82960 0
82970 0
82980 0
82990 0
83000 0
83010 0
83020 0
83030 0
83040 0
83050 0
83060 0
83070 0
83080 0
83090 0
83100 0
83110 0
83120 0
83130 0
83140 0
83150 0
83160 0
83170 0
83180 0
83190 0
83200 0
83210 0
83220 0
83230 0
83240 0
83250 0
83260 0
83270 0
83280 0
83290 0
83300 0
83310 1
83320 0
83330 0
83340 0
83350 0
83360 0
83370 0
83380 0
83390 0
83400 0
83410 0
83420 0
83430 0
83440 0
83450 0
83460 0
83470 0
83480 0
83490 0
83500 0
83510 0
83520 0
83530 0
83540 0
83550 0
83560 0
83570 0
83580 0
83590 0
83600 0
83610 0
83620 0
83630 0
83640 0
83650 1
83660 0
83670 0
83680 0
83690 0
83700 0
83710 0
83720 1
83730 0
83740 0
83750 0
83760 0
83770 1
83780 0
83790 0
83800 0
83810 0
83820 0
83830 0
83840 0
83850 0
83860 0
83870 0
83880 0
83890 0
83900 0
83910 0
83920 0
83930 0
83940 0
83950 0
83960 0
83970 0
83980 1
83990 0
84000 0
84010 0
84020 0
84030 0
84040 0
84050 0
84060 0
84070 0
84080 0
84090 0
84100 0
84110 0
84120 0
84130 0
84140 0
84150 0
84160 0
84170 0
84180 0
84190 0
84200 0
84210 0
84220 0
84230 0
84240 0
84250 0
84260 0
84270 0
84280 0
84290 0
84300 0
84310 0
84320 0
84330 0
84340 0
84350 0
84360 0
84370 1
84380 0
84390 0
84400 0
84410 0
84420 0
84430 0
84440 0
84450 0
84460 0
84470 1
84480 0
84490 1
84500 1
84510 0
84520 0
84530 1
84540 0
84550 0
84560 0
84570 0
84580 0
84590 0
84600 0
84610 0
84620 1
84630 0
84640 0
84650 0
84660 0
84670 0
84680 0
84690 0
84700 0
84710 0
84720 0
84730 0
84740 0
84750 0
84760 1
84770 1
84780 0
84790 0
84800 0
84810 0
84820 0
84830 0
84840 0
84850 0
84860 0
84870 0
84880 0
84890 0
84900 0
84910 0
84920 0
84930 0
84940 0
84950 0
84960 0
84970 0
84980 0
84990 0
85000 0
85010 0
85020 0
85030 0
85040 0
85050 0
85060 0
85070 0
85080 0
85090 0
85100 0
85110 0
85120 0
85130 0
85140 0
85150 0
85160 0
85170 0
85180 0
85190 0
85200 0
85210 0
85220 0
85230 0
85240 0
85250 0
85260 0
85270 0
85280 0
85290 0
85300 0
85310 0
85320 0
85330 0
85340 0
85350 0
85360 0
85370 0
85380 0
85390 0
85400 0
85410 0
85420 0
85430 0
85440 0
85450 0
85460 0
85470 0
85480 0
85490 0
85500 0
85510 0
85520 0
85530 0
85540 0
85550 0
85560 0
85570 0
85580 0
85590 0
85600 0
85610 0
85620 0
85630 0
85640 0
85650 0
85660 0
85670 0
85680 0
85690 0
85700 0
85710 0
85720 0
85730 0
85740 0
85750 0
85760 0
85770 0
85780 0
85790 0
85800 0
85810 0
85820 0
85830 0
85840 0
85850 0
85860 0
85870 0
85880 0
85890 0
85900 0
85910 0
85920 0
85930 0
85940 0
85950 0
85960 0
85970 0
85980 0
85990 0
86000 0
86010 0
86020 0
86030 0
86040 0
86050 0
86060 0
86070 0
86080 0
86090 0
86100 0
86110 0
86120 0
86130 0
86140 0
86150 0
86160 0
86170 0
86180 0
86190 0
86200 0
86210 0
86220 0
86230 0
86240 0
86250 0
86260 0
86270 0
86280 0
86290 0
86300 0
86310 0
86320 0
86330 0
86340 0
86350 0
86360 0
86370 0
86380 0
86390 0
86400 0
86410 0
86420 0
86430 0
86440 0
86450 0
86460 0
86470 0
86480 0
86490 0
86500 0
86510 0
86520 0
86530 0
86540 0
86550 0
86560 0
86570 0
86580 0
86590 0
86600 0
86610 0
86620 0
86630 0
86640 0
86650 0
86660 0
86670 0
86680 0
86690 0
86700 0
86710 0
86720 0
86730 0
86740 0
86750 0
86760 0
86770 0
86780 0
86790 0
86800 0
86810 0
86820 0
86830 0
86840 0
86850 0
86860 0
86870 0
86880 0
86890 0
86900 0
86910 0
86920 0
86930 0
86940 0
86950 0
86960 0
86970 0
86980 0
86990 0
87000 0
87010 0
87020 0
87030 0
87040 0
87050 0
87060 0
87070 0
87080 0
87090 0
87100 0
87110 0
87120 0
87130 0
87140 0
87150 0
87160 0
87170 0
87180 0
87190 0
87200 0
87210 0
87220 0
87230 0
87240 0
87250 0
87260 0
87270 0
87280 0
87290 0
87300 0
87310 0
87320 0
87330 0
87340 0
87350 0
87360 0
87370 0
87380 0
87390 0
87400 0
87410 0
87420 0
87430 0
87440 0
87450 0
87460 0
87470 0
87480 0
87490 0
87500 0
87510 0
87520 0
87530 0
87540 0
87550 0
87560 0
87570 0
87580 0
87590 0
87600 0
87610 0
87620 0
87630 0
87640 0
87650 0
87660 0
87670 0
87680 0
87690 0
87700 0
87710 0
87720 0
87730 0
87740 0
87750 0
87760 0
87770 0
87780 0
87790 0
87800 0
87810 0
87820 0
87830 0
87840 0
87850 0
87860 0
87870 0
87880 0
87890 0
87900 0
87910 0
87920 0
87930 0
87940 0
87950 0
87960 0
87970 0
87980 0
87990 0
88000 0
88010 0
88020 0
88030 0
88040 0
88050 0
88060 0
88070 0
88080 0
88090 0
88100 0
88110 0
88120 0
88130 0
88140 0
88150 0
88160 0
88170 0
88180 0
88190 0
88200 0
88210 0
88220 0
88230 0
88240 0
88250 0
88260 0
88270 0
88280 0
88290 0
88300 0
88310 0
88320 0
88330 0
88340 0
88350 0
88360 0
88370 0
88380 0
88390 0
88400 0
88410 0
88420 0
88430 0
88440 0
88450 0
88460 0
88470 0
88480 0
88490 0
88500 0
88510 0
88520 0
88530 0
88540 0
88550 0
88560 0
88570 0
88580 0
88590 0
88600 0
88610 0
88620 0
88630 0
88640 0
88650 0
88660 0
88670 0
88680 0
88690 0
88700 0
88710 0
88720 0
88730 0
88740 0
88750 0
88760 0
88770 0
88780 0
88790 0
88800 0
88810 0
88820 0
88830 0
88840 0
88850 0
88860 0
88870 0
88880 0
88890 0
88900 0
88910 0
88920 0
88930 0
88940 0
88950 0
88960 0
88970 0
88980 0
88990 0
89000 0
89010 0
89020 0
89030 0
89040 0
89050 0
89060 0
89070 0
89080 0
89090 0
89100 0
89110 0
89120 0
89130 0
89140 0
89150 0
89160 0
89170 0
89180 0
89190 0
89200 0
89210 0
89220 0
89230 0
89240 0
89250 0
89260 0
89270 0
89280 0
89290 0
89300 0
89310 0
89320 0
89330 0
89340 0
89350 0
89360 0
89370 0
89380 0
89390 0
89400 0
89410 0
89420 0
89430 0
89440 0
89450 0
89460 0
89470 0
89480 0
89490 0
89500 0
89510 0
89520 0
89530 0
89540 0
89550 0
89560 0
89570 0
89580 0
89590 0
89600 0
89610 0
89620 0
89630 0
89640 0
89650 0
89660 0
89670 0
89680 0
89690 0
89700 0
89710 0
89720 0
89730 0
89740 0
89750 0
89760 0
89770 0
89780 0
89790 0
89800 0
89810 0
89820 0
89830 0
89840 0
89850 0
89860 0
89870 0
89880 0
89890 0
89900 0
89910 0
89920 0
89930 0
89940 0
89950 0
89960 0
89970 0
89980 0
89990 0
90000 0
90010 0
90020 0
90030 0
90040 0
90050 0
90060 0
90070 0
90080 0
90090 0
90100 0
90110 0
90120 0
90130 0
90140 0
90150 0
90160 0
90170 0
90180 0
90190 0
90200 0
90210 0
90220 0
90230 0
90240 0
90250 0
90260 0
90270 0
90280 0
90290 0
90300 0
90310 0
90320 0
90330 0
90340 0
90350 0
90360 0
90370 0
90380 0
90390 0
90400 0
90410 0
90420 0
90430 0
90440 0
90450 0
90460 0
90470 0
90480 0
90490 0
90500 0
90510 0
90520 0
90530 0
90540 0
90550 0
90560 0
90570 0
90580 0
90590 0
90600 0
90610 0
90620 0
90630 0
90640 0
90650 0
90660 0
90670 0
90680 0
90690 0
90700 0
90710 0
90720 0
90730 0
90740 0
90750 0
90760 0
90770 0
90780 0
90790 0
90800 0
90810 0
90820 0
90830 0
90840 0
90850 0
90860 0
90870 0
90880 0
90890 0
90900 0
90910 0
90920 0
90930 0
90940 0
90950 0
90960 1
90970 0
90980 0
90990 0
91000 0
91010 1
91020 0
91030 0
91040 0
91050 0
91060 0
91070 0
91080 0
91090 0
91100 0
91110 0
91120 0
91130 0
91140 0
91150 0
91160 0
91170 0
91180 0
91190 0
91200 0
91210 0
91220 0
91230 0
91240 0
91250 0
91260 0
91270 0
91280 0
91290 0
91300 0
91310 0
91320 0
91330 0
91340 0
91350 0
91360 0
91370 0
91380 0
91390 0
91400 0
91410 0
91420 0
91430 0
91440 0
91450 0
91460 0
91470 0
91480 0
91490 0
91500 0
91510 0
91520 0
91530 0
91540 0
91550 0
91560 0
91570 0
91580 0
91590 0
91600 0
91610 0
91620 0
91630 0
91640 0
91650 0
91660 0
91670 0
91680 0
91690 0
91700 0
91710 0
91720 0
91730 0
91740 0
91750 0
91760 0
91770 0
91780 0
91790 0
91800 0
91810 0
91820 0
91830 0
91840 0
91850 0
91860 0
91870 0
91880 0
91890 0
91900 0
91910 0
91920 0
91930 0
91940 0
91950 0
91960 0
91970 0
91980 0
91990 0
92000 0
92010 0
92020 0
92030 0
92040 0
92050 0
92060 0
92070 0
92080 0
92090 0
92100 0
92110 0
92120 0
92130 0
92140 0
92150 0
92160 0
92170 0
92180 0
92190 0
92200 0
92210 0
92220 0
92230 0
92240 0
92250 0
92260 0
92270 0
92280 0
92290 0
92300 0
92310 0
92320 0
92330 0
92340 0
92350 0
92360 0
92370 0
92380 0
92390 0
92400 0
92410 0
92420 0
92430 0
92440 0
92450 0
92460 0
92470 0
92480 0
92490 0
92500 0
92510 0
92520 0
92530 0
92540 0
92550 0
92560 0
92570 0
92580 0
92590 0
92600 0
92610 0
92620 0
92630 0
92640 0
92650 0
92660 0
92670 0
92680 0
92690 0
92700 0
92710 0
92720 0
92730 0
92740 0
92750 0
92760 0
92770 0
92780 0
92790 0
92800 0
92810 0
92820 0
92830 0
92840 0
92850 0
92860 0
92870 0
92880 0
92890 0
92900 0
92910 0
92920 0
92930 0
92940 0
92950 0
92960 0
92970 0
92980 0
92990 0
93000 0
93010 0
93020 0
93030 0
93040 0
93050 0
93060 0
93070 0
93080 0
93090 0
93100 0
93110 0
93120 0
93130 0
93140 0
93150 0
93160 0
93170 0
93180 0
93190 0
93200 0
93210 0
93220 0
93230 0
93240 0
93250 0
93260 0
93270 0
93280 0
93290 0
93300 0
93310 0
93320 0
93330 0
93340 0
93350 0
93360 0
93370 0
93380 0
93390 0
93400 0
93410 0
93420 0
93430 0
93440 0
93450 0
93460 0
93470 0
93480 0
93490 0
93500 0
93510 0
93520 0
93530 0
93540 0
93550 0
93560 0
93570 0
93580 0
93590 0
93600 0
93610 0
93620 0
93630 0
93640 0
93650 0
93660 0
93670 0
93680 0
93690 0
93700 0
93710 0
93720 0
93730 0
93740 0
93750 0
93760 0
93770 0
93780 0
93790 0
93800 0
93810 0
93820 0
93830 0
93840 0
93850 0
93860 0
93870 0
93880 0
93890 0
93900 0
93910 0
93920 0
93930 0
93940 0
93950 0
93960 0
93970 0
93980 0
93990 0
94000 0
94010 0
94020 0
94030 0
94040 0
94050 0
94060 0
94070 0
94080 0
94090 0
94100 0
94110 0
94120 0
94130 0
94140 0
94150 0
94160 0
94170 0
94180 0
94190 0
94200 0
94210 0
94220 0
94230 0
94240 0
94250 0
94260 0
94270 0
94280 0
94290 0
94300 0
94310 0
94320 0
94330 0
94340 0
94350 0
94360 0
94370 0
94380 0
94390 0
94400 0
94410 0
94420 0
94430 0
94440 0
94450 0
94460 0
94470 0
94480 0
94490 0
94500 0
94510 0
94520 0
94530 0
94540 0
94550 0
94560 0
94570 0
94580 0
94590 0
94600 0
94610 0
94620 0
94630 0
94640 0
94650 0
94660 0
94670 0
94680 0
94690 0
94700 0
94710 0
94720 0
94730 0
94740 0
94750 0
94760 0
94770 0
94780 0
94790 0
94800 0
94810 0
94820 0
94830 0
94840 0
94850 0
94860 0
94870 0
94880 0
94890 0
94900 0
94910 0
94920 0
94930 0
94940 0
94950 0
94960 0
94970 0
94980 0
94990 0
95000 0
95010 0
95020 0
95030 0
95040 0
95050 0
95060 0
95070 0
95080 0
95090 0
95100 0
95110 0
95120 0
95130 0
95140 0
95150 0
95160 0
95170 0
95180 0
95190 0
95200 0
95210 0
95220 0
95230 0
95240 0
95250 0
95260 0
95270 0
95280 0
95290 0
95300 0
95310 0
95320 0
95330 0
95340 0
95350 0
95360 0
95370 0
95380 0
95390 0
95400 0
95410 0
95420 0
95430 0
95440 0
95450 0
95460 0
95470 0
95480 0
95490 0
95500 0
95510 0
95520 0
95530 0
95540 0
95550 0
95560 0
95570 0
95580 0
95590 0
95600 0
95610 0
95620 0
95630 0
95640 0
95650 0
95660 0
95670 0
95680 0
95690 0
95700 0
95710 0
95720 0
95730 0
95740 0
95750 0
95760 0
95770 0
95780 0
95790 0
95800 0
95810 0
95820 0
95830 0
95840 0
95850 0
95860 0
95870 0
95880 0
95890 0
95900 0
95910 0
95920 0
95930 0
95940 0
95950 0
95960 0
95970 0
95980 0
95990 0
96000 0
96010 0
96020 0
96030 0
96040 0
96050 0
96060 0
96070 0
96080 0
96090 0
96100 0
96110 0
96120 0
96130 0
96140 0
96150 0
96160 0
96170 0
96180 0
96190 0
96200 0
96210 0
96220 0
96230 0
96240 0
96250 0
96260 0
96270 0
96280 0
96290 0
96300 0
96310 0
96320 0
96330 0
96340 0
96350 0
96360 0
96370 0
96380 0
96390 0
96400 0
96410 0
96420 0
96430 0
96440 0
96450 0
96460 0
96470 0
96480 0
96490 0
96500 0
96510 0
96520 0
96530 0
96540 0
96550 0
96560 0
96570 0
96580 0
96590 0
96600 0
96610 0
96620 0
96630 0
96640 0
96650 0
96660 0
96670 0
96680 0
96690 0
96700 0
96710 0
96720 0
96730 0
96740 0
96750 0
96760 0
96770 0
96780 0
96790 0
96800 0
96810 0
96820 0
96830 0
96840 0
96850 0
96860 0
96870 0
96880 0
96890 0
96900 0
96910 0
96920 0
96930 0
96940 0
96950 0
96960 0
96970 0
96980 0
96990 0
97000 0
97010 0
97020 0
97030 0
97040 0
97050 0
97060 0
97070 0
97080 0
97090 0
97100 0
97110 0
97120 0
97130 0
97140 0
97150 0
97160 0
97170 0
97180 0
97190 0
97200 0
97210 0
97220 0
97230 0
97240 0
97250 0
97260 0
97270 0
97280 0
97290 0
97300 0
97310 0
97320 0
97330 0
97340 0
97350 0
97360 0
97370 0
97380 0
97390 0
97400 0
97410 0
97420 0
97430 0
97440 0
97450 0
97460 1
97470 0
97480 0
97490 0
97500 0
97510 0
97520 0
97530 0
97540 0
97550 0
97560 0
97570 0
97580 0
97590 0
97600 0
97610 0
97620 0
97630 0
97640 0
97650 0
97660 3
97670 4
97680 6
97690 4
97700 10
97710 7
97720 9
97730 8
97740 2
97750 4
97760 2
97770 6
97780 0
97790 0
97800 1
97810 0
97820 0
97830 0
97840 0
97850 0
97860 0
97870 0
97880 0
97890 0
97900 0
97910 0
97920 0
97930 0
97940 0
97950 0
97960 0
97970 0
97980 0
97990 0
98000 0
98010 0
98020 0
98030 0
98040 0
98050 0
98060 0
98070 0
98080 0
98090 0
98100 0
98110 0
98120 0
98130 0
98140 0
98150 0
98160 0
98170 0
98180 0
98190 7
98200 5
98210 8
98220 7
98230 0
98240 0
98250 6
98260 6
98270 2
98280 8
98290 9
98300 6
98310 8
98320 5
98330 6
98340 0
98350 0
98360 0
98370 0
98380 0
98390 0
98400 0
98410 0
98420 0
98430 0
98440 0
98450 0
98460 0
98470 0
98480 0
98490 0
98500 0
98510 0
98520 0
98530 9
98540 7
98550 9
98560 9
98570 8
98580 0
98590 0
98600 0
98610 0
98620 0
98630 0
98640 0
98650 0
98660 0
98670 0
98680 0
98690 0
98700 0
98710 0
98720 0
98730 0
98740 0
98750 0
98760 0
98770 1
98780 1
98790 0
98800 0
98810 0
98820 0
98830 0
98840 0
98850 0
98860 0
98870 0
98880 0
98890 0
98900 0
98910 0
98920 0
98930 0
98940 0
98950 0
98960 0
98970 0
98980 0
98990 0
99000 0
99010 0
99020 0
99030 0
99040 0
99050 0
99060 0
99070 0
99080 0
99090 0
99100 0
99110 0
99120 0
99130 0
99140 0
99150 0
99160 0
99170 0
99180 0
99190 0
99200 0
99210 0
99220 0
99230 0
99240 0
99250 0
99260 1
99270 0
99280 0
99290 0
99300 0
99310 0
99320 0
99330 0
99340 0
99350 0
99360 0
99370 0
99380 0
99390 0
99400 0
99410 0
99420 0
99430 0
99440 0
99450 0
99460 0
99470 0
99480 0
99490 0
99500 0
99510 0
99520 0
99530 0
99540 0
99550 0
99560 0
99570 0
99580 0
99590 0
99600 0
99610 0
99620 0
99630 0
99640 0
99650 0
99660 0
99670 0
99680 0
99690 0
99700 0
99710 0
99720 0
99730 0
99740 0
99750 0
99760 0
99770 0
99780 0
99790 0
99800 0
99810 0
99820 0
99830 0
99840 0
99850 0
99860 0
99870 0
99880 0
99890 0
99900 0
99910 0
99920 0
99930 0
99940 0
99950 0
99960 0
99970 0
99980 0
99990 0
