# Frame Contacts
30000 7
30010 12
30020 8
30030 9
30040 5
30050 4
30060 12
30070 5
30080 5
30090 7
30100 3
30110 8
30120 5
30130 3
30140 3
30150 4
30160 1
30170 1
30180 6
30190 5
30200 4
30210 6
30220 7
30230 2
30240 6
30250 6
30260 4
30270 6
30280 3
30290 6
30300 2
30310 5
30320 6
30330 4
30340 15
30350 5
30360 5
30370 5
30380 7
30390 11
30400 3
30410 7
30420 6
30430 3
30440 6
30450 5
30460 6
30470 7
30480 12
30490 5
30500 6
30510 6
30520 8
30530 5
30540 12
30550 4
30560 3
30570 7
30580 4
30590 12
30600 5
30610 4
30620 5
30630 7
30640 5
30650 10
30660 3
30670 7
30680 8
30690 11
30700 2
30710 4
30720 5
30730 5
30740 8
30750 9
30760 3
30770 9
30780 10
30790 8
30800 8
30810 13
30820 12
30830 6
30840 8
30850 11
30860 7
30870 6
30880 9
30890 9
30900 8
30910 9
30920 10
30930 9
30940 7
30950 6
30960 2
30970 6
30980 5
30990 9
31000 10
31010 5
31020 7
31030 6
31040 4
31050 7
31060 10
31070 6
31080 5
31090 3
31100 9
31110 6
31120 3
31130 2
31140 3
31150 3
31160 9
31170 2
31180 8
31190 8
31200 10
31210 4
31220 12
31230 3
31240 11
31250 10
31260 8
31270 8
31280 14
31290 16
31300 12
31310 14
31320 16
31330 13
31340 15
31350 15
31360 11
31370 16
31380 9
31390 15
31400 10
31410 5
31420 8
31430 5
31440 17
31450 10
31460 12
31470 11
31480 6
31490 9
31500 8
31510 5
31520 8
31530 7
31540 3
31550 0
31560 0
31570 1
31580 4
31590 0
31600 5
31610 4
31620 13
31630 8
31640 8
31650 7
31660 8
31670 2
31680 3
31690 4
31700 2
31710 5
31720 4
31730 3
31740 3
31750 4
31760 2
31770 3
31780 1
31790 5
31800 0
31810 1
31820 3
31830 3
31840 4
31850 4
31860 7
31870 9
31880 7
31890 10
31900 10
31910 9
31920 6
31930 7
31940 6
31950 0
31960 3
31970 5
31980 1
31990 6
32000 3
32010 6
32020 2
32030 8
32040 8
32050 4
32060 8
32070 6
32080 8
32090 6
32100 4
32110 12
32120 5
32130 3
32140 2
32150 0
32160 4
32170 5
32180 0
32190 0
32200 4
32210 5
32220 6
32230 8
32240 10
32250 0
32260 6
32270 6
32280 7
32290 4
32300 7
32310 8
32320 5
32330 8
32340 11
32350 8
32360 4
32370 6
32380 4
32390 6
32400 5
32410 6
32420 11
32430 8
32440 8
32450 7
32460 6
32470 0
32480 1
32490 6
32500 3
32510 3
32520 6
32530 5
32540 2
32550 5
32560 9
32570 8
32580 5
32590 12
32600 8
32610 10
32620 8
32630 12
32640 13
32650 13
32660 10
32670 9
32680 11
32690 8
32700 11
32710 8
32720 7
32730 3
32740 4
32750 9
32760 10
32770 4
32780 11
32790 8
32800 4
32810 10
32820 7
32830 5
32840 8
32850 7
32860 5
32870 7
32880 12
32890 7
32900 10
32910 15
32920 8
32930 9
32940 3
32950 7
32960 3
32970 0
32980 1
32990 8
33000 4
33010 5
33020 0
33030 2
33040 6
33050 3
33060 6
33070 5
33080 4
33090 5
33100 6
33110 4
33120 4
33130 3
33140 6
33150 7
33160 11
33170 6
33180 3
33190 0
33200 1
33210 8
33220 3
33230 4
33240 6
33250 2
33260 4
33270 5
33280 0
33290 5
33300 2
33310 2
33320 5
33330 5
33340 4
33350 2
33360 4
33370 5
33380 0
33390 3
33400 3
33410 5
33420 6
33430 5
33440 3
33450 3
33460 2
33470 2
33480 0
33490 3
33500 7
33510 7
33520 4
33530 9
33540 5
33550 5
33560 5
33570 5
33580 2
33590 7
33600 3
33610 3
33620 4
33630 2
33640 4
33650 6
33660 3
33670 3
33680 3
33690 11
33700 5
33710 5
33720 3
33730 1
33740 2
33750 4
33760 4
33770 4
33780 5
33790 8
33800 4
33810 5
33820 6
33830 4
33840 5
33850 3
33860 2
33870 4
33880 3
33890 4
33900 4
33910 4
33920 8
33930 5
33940 7
33950 1
33960 5
33970 1
33980 0
33990 0
34000 0
34010 3
34020 4
34030 1
34040 5
34050 1
34060 2
34070 5
34080 4
34090 4
34100 3
34110 7
34120 1
34130 4
34140 7
34150 5
34160 3
34170 4
34180 10
34190 3
34200 5
34210 5
34220 6
34230 4
34240 7
34250 8
34260 6
34270 5
34280 3
34290 7
34300 8
34310 0
34320 9
34330 8
34340 6
34350 8
34360 9
34370 14
34380 8
34390 10
34400 9
34410 10
34420 9
34430 11
34440 13
34450 11
34460 12
34470 12
34480 10
34490 9
34500 17
34510 10
34520 11
34530 13
34540 17
34550 18
34560 18
34570 16
34580 10
34590 12
34600 16
34610 15
34620 11
34630 17
34640 22
34650 14
34660 16
34670 19
34680 15
34690 13
34700 11
34710 7
34720 10
34730 15
34740 12
34750 15
34760 18
34770 9
34780 7
34790 10
34800 11
34810 13
34820 13
34830 8
34840 12
34850 14
34860 15
34870 17
34880 15
34890 11
34900 7
34910 12
34920 15
34930 13
34940 9
34950 9
34960 9
34970 8
34980 9
34990 10
35000 11
35010 13
35020 12
35030 13
35040 11
35050 9
35060 14
35070 5
35080 8
35090 14
35100 8
35110 15
35120 13
35130 17
35140 14
35150 12
35160 17
35170 15
35180 12
35190 7
35200 11
35210 14
35220 8
35230 6
35240 5
35250 6
35260 11
35270 18
35280 14
35290 16
35300 12
35310 9
35320 11
35330 11
35340 15
35350 14
35360 17
35370 19
35380 18
35390 3
35400 11
35410 7
35420 8
35430 11
35440 12
35450 13
35460 15
35470 11
35480 10
35490 10
35500 13
35510 14
35520 6
35530 8
35540 8
35550 7
35560 7
35570 6
35580 10
35590 11
35600 7
35610 9
35620 8
35630 6
35640 2
35650 12
35660 8
35670 13
35680 7
35690 5
35700 8
35710 10
35720 13
35730 10
35740 14
35750 10
35760 7
35770 17
35780 16
35790 12
35800 13
35810 15
35820 11
35830 14
35840 8
35850 6
35860 7
35870 11
35880 8
35890 13
35900 5
35910 9
35920 13
35930 10
35940 12
35950 7
35960 16
35970 12
35980 12
35990 12
36000 5
36010 11
36020 5
36030 9
36040 14
36050 8
36060 7
36070 9
36080 12
36090 11
36100 2
36110 5
36120 9
36130 4
36140 10
36150 10
36160 14
36170 6
36180 3
36190 8
36200 13
36210 11
36220 13
36230 7
36240 8
36250 7
36260 15
36270 7
36280 11
36290 9
36300 10
36310 8
36320 7
36330 3
36340 7
36350 1
36360 8
36370 5
36380 7
36390 9
36400 9
36410 5
36420 5
36430 10
36440 7
36450 13
36460 14
36470 14
36480 7
36490 7
36500 9
36510 8
36520 11
36530 9
36540 11
36550 4
36560 4
36570 2
36580 10
36590 5
36600 8
36610 5
36620 2
36630 6
36640 10
36650 14
36660 6
36670 12
36680 8
36690 11
36700 13
36710 14
36720 12
36730 14
36740 8
36750 10
36760 16
36770 11
36780 11
36790 12
36800 7
36810 13
36820 14
36830 9
36840 10
36850 8
36860 7
36870 5
36880 4
36890 10
36900 8
36910 9
36920 7
36930 5
36940 4
36950 5
36960 9
36970 13
36980 7
36990 13
37000 15
37010 7
37020 11
37030 8
37040 7
37050 7
37060 7
37070 8
37080 5
37090 7
37100 7
37110 11
37120 18
37130 9
37140 13
37150 13
37160 16
37170 11
37180 19
37190 13
37200 18
37210 16
37220 15
37230 16
37240 17
37250 17
37260 11
37270 10
37280 11
37290 16
37300 13
37310 15
37320 11
37330 10
37340 10
37350 7
37360 3
37370 8
37380 8
37390 3
37400 4
37410 3
37420 2
37430 3
37440 4
37450 4
37460 11
37470 3
37480 5
37490 12
37500 11
37510 10
37520 12
37530 9
37540 4
37550 4
37560 6
37570 9
37580 3
37590 3
37600 7
37610 7
37620 7
37630 6
37640 9
37650 9
37660 9
37670 11
37680 12
37690 7
37700 9
37710 13
37720 8
37730 12
37740 13
37750 11
37760 12
37770 15
37780 9
37790 8
37800 12
37810 9
37820 12
37830 9
37840 12
37850 9
37860 12
37870 8
37880 6
37890 6
37900 10
37910 11
37920 10
37930 8
37940 8
37950 10
37960 10
37970 9
37980 10
37990 11
38000 6
38010 7
38020 13
38030 14
38040 13
38050 11
38060 9
38070 8
38080 15
38090 8
38100 21
38110 12
38120 7
38130 8
38140 9
38150 12
38160 8
38170 15
38180 7
38190 12
38200 16
38210 14
38220 10
38230 4
38240 10
38250 8
38260 9
38270 7
38280 7
38290 9
38300 6
38310 6
38320 3
38330 10
38340 15
38350 10
38360 10
38370 7
38380 15
38390 11
38400 10
38410 6
38420 7
38430 12
38440 16
38450 13
38460 12
38470 10
38480 11
38490 16
38500 6
38510 0
38520 3
38530 6
38540 6
38550 5
38560 4
38570 1
38580 4
38590 7
38600 4
38610 5
38620 7
38630 9
38640 8
38650 6
38660 7
38670 8
38680 6
38690 4
38700 5
38710 6
38720 2
38730 4
38740 4
38750 4
38760 3
38770 5
38780 5
38790 2
38800 9
38810 15
38820 12
38830 14
38840 12
38850 14
38860 12
38870 18
38880 13
38890 13
38900 10
38910 12
38920 12
38930 4
38940 10
38950 5
38960 10
38970 15
38980 10
38990 6
39000 10
39010 11
39020 10
39030 14
39040 11
39050 21
39060 13
39070 13
39080 15
39090 12
39100 13
39110 7
39120 11
39130 11
39140 12
39150 11
39160 17
39170 20
39180 15
39190 13
39200 13
39210 11
39220 16
39230 13
39240 14
39250 11
39260 11
39270 8
39280 10
39290 5
39300 2
39310 4
39320 5
39330 6
39340 5
39350 9
39360 12
39370 10
39380 16
39390 13
39400 10
39410 14
39420 4
39430 3
39440 7
39450 8
39460 5
39470 9
39480 3
39490 9
39500 2
39510 9
39520 7
39530 8
39540 11
39550 6
39560 7
39570 7
39580 9
39590 11
39600 6
39610 6
39620 5
39630 5
39640 3
39650 4
39660 7
39670 5
39680 4
39690 6
39700 12
39710 8
39720 11
39730 5
39740 4
39750 10
39760 7
39770 12
39780 15
39790 10
39800 2
39810 9
39820 5
39830 3
39840 2
39850 10
39860 10
39870 13
39880 16
39890 14
39900 13
39910 8
39920 13
39930 20
39940 19
39950 16
39960 18
39970 12
39980 10
39990 8
40000 15
40010 9
40020 6
40030 10
40040 5
40050 7
40060 10
40070 9
40080 8
40090 6
40100 12
40110 13
40120 7
40130 7
40140 12
40150 10
40160 9
40170 10
40180 15
40190 15
40200 18
40210 14
40220 20
40230 7
40240 9
40250 10
40260 8
40270 11
40280 10
40290 9
40300 12
40310 11
40320 11
40330 18
40340 12
40350 15
40360 17
40370 9
40380 16
40390 12
40400 17
40410 13
40420 14
40430 10
40440 8
40450 9
40460 14
40470 0
40480 0
40490 4
40500 4
40510 5
40520 0
40530 2
40540 0
40550 6
40560 3
40570 0
40580 1
40590 2
40600 2
40610 5
40620 6
40630 1
40640 10
40650 11
40660 12
40670 7
40680 5
40690 5
40700 0
40710 9
40720 4
40730 10
40740 2
40750 1
40760 2
40770 3
40780 1
40790 2
40800 5
40810 7
40820 6
40830 4
40840 12
40850 24
40860 12
40870 10
40880 10
40890 13
40900 8
40910 9
40920 9
40930 8
40940 5
40950 12
40960 6
40970 8
40980 7
40990 10
41000 12
41010 9
41020 7
41030 2
41040 3
41050 8
41060 3
41070 2
41080 0
41090 8
41100 6
41110 8
41120 6
41130 9
41140 9
41150 6
41160 8
41170 9
41180 7
41190 8
41200 11
41210 8
41220 4
41230 8
41240 6
41250 3
41260 2
41270 1
41280 0
41290 0
41300 0
41310 0
41320 0
41330 0
41340 2
41350 5
41360 0
41370 0
41380 1
41390 1
41400 1
41410 1
41420 0
41430 0
41440 0
41450 0
41460 0
41470 0
41480 1
41490 3
41500 3
41510 0
41520 0
41530 0
41540 0
41550 1
41560 0
41570 6
41580 7
41590 0
41600 3
41610 8
41620 1
41630 3
41640 0
41650 4
41660 0
41670 3
41680 4
41690 1
41700 7
41710 4
41720 4
41730 3
41740 4
41750 5
41760 6
41770 4
41780 2
41790 5
41800 1
41810 4
41820 8
41830 8
41840 6
41850 8
41860 8
41870 4
41880 6
41890 6
41900 4
41910 0
41920 8
41930 7
41940 7
41950 5
41960 9
41970 10
41980 3
41990 0
42000 8
42010 5
42020 10
42030 5
42040 11
42050 0
42060 0
42070 6
42080 2
42090 0
42100 0
42110 0
42120 1
42130 0
42140 3
42150 1
42160 0
42170 0
42180 0
42190 0
42200 0
42210 0
42220 0
42230 0
42240 0
42250 0
42260 0
42270 0
42280 0
42290 0
42300 0
42310 0
42320 0
42330 0
42340 1
42350 1
42360 0
42370 1
42380 0
42390 1
42400 3
42410 0
42420 5
42430 11
42440 3
42450 1
42460 5
42470 8
42480 0
42490 7
42500 0
42510 8
42520 1
42530 7
42540 2
42550 4
42560 6
42570 3
42580 4
42590 9
42600 9
42610 10
42620 9
42630 7
42640 13
42650 10
42660 9
42670 5
42680 4
42690 0
42700 5
42710 3
42720 3
42730 0
42740 3
42750 5
42760 3
42770 3
42780 5
42790 2
42800 2
42810 3
42820 1
42830 1
42840 7
42850 3
42860 2
42870 7
42880 7
42890 9
42900 4
42910 7
42920 4
42930 5
42940 5
42950 4
42960 1
42970 0
42980 2
42990 1
43000 2
43010 6
43020 4
43030 10
43040 12
43050 5
43060 8
43070 2
43080 2
43090 1
43100 4
43110 6
43120 12
43130 4
43140 9
43150 7
43160 6
43170 8
43180 4
43190 3
43200 7
43210 1
43220 0
43230 0
43240 0
43250 0
43260 0
43270 0
43280 0
43290 0
43300 0
43310 6
43320 6
43330 0
43340 0
43350 3
43360 0
43370 0
43380 8
43390 5
43400 2
43410 2
43420 3
43430 4
43440 4
43450 1
43460 9
43470 5
43480 8
43490 2
43500 6
43510 5
43520 0
43530 0
43540 0
43550 0
43560 0
43570 0
43580 0
43590 1
43600 1
43610 1
43620 1
43630 0
43640 0
43650 0
43660 0
43670 0
43680 0
43690 1
43700 1
43710 4
43720 3
43730 7
43740 5
43750 9
43760 8
43770 7
43780 6
43790 8
43800 7
43810 5
43820 7
43830 8
43840 6
43850 0
43860 0
43870 0
43880 0
43890 0
43900 0
43910 0
43920 0
43930 0
43940 0
43950 0
43960 0
43970 0
43980 0
43990 0
44000 0
44010 6
44020 1
44030 4
44040 5
44050 10
44060 8
44070 7
44080 6
44090 0
44100 6
44110 7
44120 3
44130 2
44140 6
44150 1
44160 7
44170 4
44180 12
44190 11
44200 11
44210 8
44220 11
44230 8
44240 7
44250 0
44260 0
44270 5
44280 4
44290 8
44300 9
44310 4
44320 6
44330 0
44340 0
44350 0
44360 0
44370 0
44380 0
44390 0
44400 0
44410 0
44420 0
44430 0
44440 0
44450 0
44460 0
44470 0
44480 0
44490 0
44500 0
44510 0
44520 0
44530 0
44540 0
44550 0
44560 0
44570 0
44580 0
44590 0
44600 0
44610 0
44620 0
44630 0
44640 0
44650 0
44660 0
44670 0
44680 0
44690 0
44700 0
44710 0
44720 0
44730 7
44740 0
44750 0
44760 0
44770 0
44780 0
44790 0
44800 0
44810 0
44820 0
44830 0
44840 0
44850 0
44860 0
44870 0
44880 0
44890 0
44900 0
44910 0
44920 0
44930 0
44940 0
44950 0
44960 0
44970 0
44980 0
44990 0
45000 0
45010 8
45020 0
45030 0
45040 0
45050 0
45060 0
45070 0
45080 0
45090 0
45100 0
45110 0
45120 0
45130 0
45140 0
45150 0
45160 0
45170 0
45180 0
45190 0
45200 0
45210 0
45220 0
45230 0
45240 0
45250 0
45260 0
45270 0
45280 0
45290 0
45300 0
45310 0
45320 0
45330 0
45340 0
45350 0
45360 0
45370 0
45380 0
45390 0
45400 0
45410 0
45420 0
45430 0
45440 0
45450 0
45460 0
45470 0
45480 0
45490 0
45500 0
45510 11
45520 6
45530 7
45540 6
45550 9
45560 0
45570 0
45580 0
45590 0
45600 0
45610 0
45620 0
45630 7
45640 6
45650 7
45660 2
45670 5
45680 7
45690 1
45700 5
45710 6
45720 10
45730 1
45740 0
45750 2
45760 2
45770 7
45780 9
45790 5
45800 5
45810 7
45820 0
45830 7
45840 4
45850 0
45860 0
45870 0
45880 3
45890 0
45900 0
45910 2
45920 0
45930 0
45940 1
45950 5
45960 5
45970 5
45980 0
45990 2
46000 0
46010 5
46020 3
46030 5
46040 3
46050 4
46060 4
46070 0
46080 1
46090 0
46100 1
46110 0
46120 2
46130 9
46140 11
46150 10
46160 5
46170 9
46180 12
46190 9
46200 9
46210 11
46220 0
46230 0
46240 0
46250 0
46260 0
46270 0
46280 0
46290 0
46300 0
46310 0
46320 0
46330 1
46340 7
46350 7
46360 5
46370 2
46380 9
46390 2
46400 4
46410 0
46420 0
46430 0
46440 6
46450 5
46460 0
46470 2
46480 3
46490 6
46500 5
46510 7
46520 6
46530 3
46540 4
46550 4
46560 6
46570 15
46580 11
46590 8
46600 13
46610 6
46620 8
46630 9
46640 1
46650 3
46660 0
46670 6
46680 8
46690 3
46700 8
46710 3
46720 7
46730 3
46740 7
46750 1
46760 0
46770 7
46780 1
46790 0
46800 2
46810 4
46820 10
46830 15
46840 2
46850 4
46860 5
46870 4
46880 2
46890 5
46900 5
46910 0
46920 8
46930 0
46940 2
46950 11
46960 9
46970 1
46980 2
46990 3
47000 7
47010 7
47020 6
47030 1
47040 6
47050 3
47060 3
47070 3
47080 7
47090 2
47100 9
47110 3
47120 4
47130 0
47140 3
47150 4
47160 8
47170 3
47180 2
47190 6
47200 5
47210 7
47220 10
47230 1
47240 0
47250 4
47260 0
47270 2
47280 0
47290 2
47300 4
47310 2
47320 1
47330 1
47340 2
47350 5
47360 0
47370 2
47380 3
47390 1
47400 0
47410 3
47420 0
47430 2
47440 0
47450 0
47460 0
47470 0
47480 0
47490 0
47500 0
47510 0
47520 0
47530 0
47540 0
47550 0
47560 0
47570 0
47580 0
47590 0
47600 0
47610 0
47620 0
47630 0
47640 0
47650 0
47660 0
47670 0
47680 0
47690 0
47700 0
47710 0
47720 0
47730 0
47740 0
47750 0
47760 0
47770 0
47780 0
47790 0
47800 0
47810 0
47820 0
47830 0
47840 0
47850 0
47860 0
47870 0
47880 0
47890 0
47900 0
47910 0
47920 0
47930 0
47940 0
47950 0
47960 0
47970 0
47980 0
47990 0
48000 0
48010 0
48020 0
48030 0
48040 0
48050 0
48060 0
48070 0
48080 0
48090 0
48100 0
48110 0
48120 0
48130 0
48140 0
48150 0
48160 0
48170 0
48180 0
48190 0
48200 0
48210 0
48220 0
48230 0
48240 0
48250 0
48260 0
48270 0
48280 0
48290 0
48300 0
48310 0
48320 0
48330 0
48340 0
48350 0
48360 0
48370 0
48380 0
48390 0
48400 0
48410 0
48420 0
48430 0
48440 0
48450 0
48460 0
48470 0
48480 0
48490 0
48500 0
48510 0
48520 0
48530 0
48540 0
48550 0
48560 0
48570 0
48580 0
48590 0
48600 0
48610 0
48620 0
48630 0
48640 0
48650 0
48660 0
48670 0
48680 0
48690 0
48700 0
48710 0
48720 0
48730 0
48740 0
48750 0
48760 0
48770 0
48780 0
48790 0
48800 0
48810 0
48820 0
48830 0
48840 0
48850 0
48860 0
48870 0
48880 0
48890 0
48900 0
48910 0
48920 0
48930 0
48940 0
48950 0
48960 0
48970 0
48980 0
48990 0
49000 0
49010 0
49020 0
49030 0
49040 0
49050 0
49060 0
49070 0
49080 0
49090 0
49100 0
49110 0
49120 0
49130 0
49140 0
49150 0
49160 0
49170 0
49180 0
49190 0
49200 0
49210 0
49220 0
49230 0
49240 0
49250 0
49260 0
49270 0
49280 0
49290 0
49300 0
49310 0
49320 0
49330 0
49340 0
49350 0
49360 0
49370 0
49380 0
49390 0
49400 0
49410 0
49420 0
49430 0
49440 0
49450 0
49460 0
49470 0
49480 0
49490 0
49500 0
49510 0
49520 0
49530 0
49540 0
49550 0
49560 0
49570 0
49580 0
49590 0
49600 0
49610 0
49620 0
49630 0
49640 0
49650 0
49660 0
49670 0
49680 0
49690 0
49700 0
49710 0
49720 0
49730 0
49740 0
49750 0
49760 0
49770 0
49780 0
49790 0
49800 0
49810 0
49820 0
49830 0
49840 0
49850 0
49860 0
49870 0
49880 0
49890 0
49900 0
49910 0
49920 0
49930 0
49940 0
49950 0
49960 0
49970 0
49980 0
49990 0
50000 0
50010 0
50020 0
50030 0
50040 0
50050 0
50060 0
50070 0
50080 0
50090 0
50100 0
50110 0
50120 0
50130 0
50140 0
50150 0
50160 0
50170 0
50180 0
50190 0
50200 0
50210 0
50220 0
50230 0
50240 0
50250 0
50260 0
50270 0
50280 0
50290 0
50300 0
50310 0
50320 0
50330 0
50340 0
50350 0
50360 0
50370 0
50380 0
50390 0
50400 0
50410 0
50420 0
50430 0
50440 0
50450 0
50460 0
50470 0
50480 0
50490 0
50500 1
50510 0
50520 0
50530 0
50540 0
50550 0
50560 0
50570 0
50580 1
50590 0
50600 0
50610 0
50620 0
50630 0
50640 0
50650 0
50660 4
50670 0
50680 0
50690 0
50700 3
50710 2
50720 0
50730 1
50740 1
50750 4
50760 1
50770 0
50780 0
50790 0
50800 0
50810 0
50820 1
50830 1
50840 0
50850 0
50860 1
50870 0
50880 0
50890 2
50900 1
50910 3
50920 0
50930 1
50940 3
50950 3
50960 5
50970 4
50980 4
50990 4
51000 6
51010 6
51020 4
51030 4
51040 7
51050 0
51060 6
51070 6
51080 4
51090 4
51100 1
51110 4
51120 6
51130 6
51140 0
51150 0
51160 0
51170 0
51180 0
51190 1
51200 0
51210 0
51220 0
51230 0
51240 0
51250 0
51260 0
51270 0
51280 4
51290 2
51300 0
51310 0
51320 0
51330 0
51340 0
51350 0
51360 0
51370 0
51380 0
51390 0
51400 0
51410 0
51420 0
51430 0
51440 0
51450 0
51460 0
51470 0
51480 0
51490 1
51500 8
51510 1
51520 3
51530 0
51540 0
51550 0
51560 0
51570 0
51580 0
51590 0
51600 0
51610 0
51620 0
51630 10
51640 1
51650 0
51660 0
51670 2
51680 0
51690 1
51700 6
51710 2
51720 3
51730 10
51740 12
51750 11
51760 13
51770 4
51780 9
51790 8
51800 0
51810 0
51820 0
51830 0
51840 0
51850 0
51860 0
51870 0
51880 0
51890 0
51900 0
51910 0
51920 0
51930 0
51940 0
51950 0
51960 5
51970 0
51980 0
51990 0
52000 0
52010 0
52020 0
52030 0
52040 0
52050 0
52060 0
52070 0
52080 0
52090 0
52100 0
52110 0
52120 0
52130 0
52140 0
52150 0
52160 0
52170 0
52180 0
52190 0
52200 0
52210 0
52220 0
52230 0
52240 0
52250 0
52260 0
52270 0
52280 0
52290 0
52300 0
52310 0
52320 0
52330 0
52340 0
52350 0
52360 0
52370 0
52380 0
52390 0
52400 0
52410 0
52420 0
52430 0
52440 0
52450 0
52460 0
52470 0
52480 0
52490 0
52500 0
52510 0
52520 0
52530 0
52540 0
52550 0
52560 0
52570 0
52580 0
52590 0
52600 0
52610 0
52620 0
52630 0
52640 0
52650 0
52660 0
52670 0
52680 0
52690 0
52700 0
52710 0
52720 0
52730 0
52740 0
52750 0
52760 0
52770 0
52780 0
52790 0
52800 0
52810 0
52820 0
52830 0
52840 0
52850 0
52860 0
52870 0
52880 0
52890 0
52900 0
52910 0
52920 0
52930 0
52940 0
52950 0
52960 0
52970 0
52980 0
52990 0
53000 0
53010 0
53020 0
53030 0
53040 0
53050 0
53060 0
53070 0
53080 0
53090 0
53100 0
53110 0
53120 0
53130 0
53140 0
53150 0
53160 0
53170 0
53180 0
53190 0
53200 0
53210 0
53220 0
53230 0
53240 0
53250 0
53260 1
53270 1
53280 1
53290 2
53300 2
53310 0
53320 0
53330 0
53340 0
53350 2
53360 3
53370 1
53380 0
53390 0
53400 0
53410 0
53420 0
53430 0
53440 0
53450 0
53460 0
53470 0
53480 0
53490 0
53500 0
53510 0
53520 0
53530 0
53540 0
53550 0
53560 0
53570 0
53580 0
53590 0
53600 0
53610 0
53620 0
53630 0
53640 0
53650 0
53660 0
53670 0
53680 0
53690 0
53700 0
53710 0
53720 0
53730 0
53740 0
53750 0
53760 0
53770 0
53780 0
53790 0
53800 0
53810 0
53820 0
53830 0
53840 0
53850 0
53860 0
53870 0
53880 0
53890 0
53900 0
53910 0
53920 0
53930 0
53940 0
53950 0
53960 0
53970 0
53980 0
53990 0
54000 0
54010 0
54020 0
54030 0
54040 0
54050 0
54060 0
54070 0
54080 0
54090 0
54100 0
54110 0
54120 0
54130 0
54140 0
54150 0
54160 0
54170 0
54180 0
54190 0
54200 0
54210 0
54220 0
54230 0
54240 0
54250 0
54260 0
54270 0
54280 0
54290 0
54300 0
54310 0
54320 0
54330 0
54340 0
54350 0
54360 0
54370 0
54380 0
54390 0
54400 0
54410 0
54420 0
54430 0
54440 0
54450 0
54460 0
54470 0
54480 0
54490 0
54500 0
54510 0
54520 0
54530 0
54540 0
54550 0
54560 0
54570 0
54580 0
54590 0
54600 0
54610 0
54620 0
54630 0
54640 0
54650 0
54660 0
54670 0
54680 0
54690 0
54700 0
54710 0
54720 0
54730 0
54740 0
54750 0
54760 0
54770 0
54780 0
54790 0
54800 0
54810 0
54820 0
54830 0
54840 0
54850 0
54860 0
54870 0
54880 0
54890 0
54900 0
54910 0
54920 0
54930 0
54940 0
54950 0
54960 0
54970 0
54980 0
54990 0
55000 0
55010 0
55020 0
55030 0
55040 0
55050 0
55060 0
55070 0
55080 0
55090 0
55100 0
55110 0
55120 0
55130 0
55140 0
55150 0
55160 0
55170 0
55180 0
55190 0
55200 0
55210 0
55220 0
55230 0
55240 0
55250 0
55260 0
55270 0
55280 0
55290 0
55300 0
55310 0
55320 0
55330 0
55340 0
55350 0
55360 0
55370 0
55380 0
55390 0
55400 0
55410 0
55420 0
55430 0
55440 0
55450 0
55460 0
55470 0
55480 0
55490 0
55500 0
55510 0
55520 0
55530 0
55540 0
55550 0
55560 0
55570 0
55580 0
55590 0
55600 0
55610 0
55620 0
55630 0
55640 0
55650 0
55660 0
55670 0
55680 0
55690 0
55700 0
55710 0
55720 0
55730 0
55740 0
55750 0
55760 0
55770 0
55780 0
55790 0
55800 0
55810 0
55820 0
55830 0
55840 0
55850 0
55860 0
55870 0
55880 0
55890 0
55900 0
55910 0
55920 0
55930 0
55940 0
55950 0
55960 0
55970 0
55980 0
55990 0
56000 0
56010 0
56020 0
56030 0
56040 0
56050 0
56060 0
56070 0
56080 0
56090 0
56100 0
56110 0
56120 0
56130 7
56140 10
56150 3
56160 1
56170 1
56180 5
56190 6
56200 4
56210 9
56220 12
56230 6
56240 6
56250 11
56260 8
56270 9
56280 11
56290 10
56300 6
56310 12
56320 9
56330 9
56340 8
56350 0
56360 0
56370 0
56380 0
56390 0
56400 0
56410 0
56420 0
56430 0
56440 0
56450 0
56460 0
56470 0
56480 0
56490 0
56500 0
56510 0
56520 0
56530 0
56540 0
56550 0
56560 0
56570 0
56580 0
56590 0
56600 0
56610 0
56620 3
56630 0
56640 8
56650 2
56660 9
56670 0
56680 0
56690 1
56700 8
56710 0
56720 5
56730 3
56740 6
56750 6
56760 13
56770 7
56780 3
56790 0
56800 8
56810 7
56820 12
56830 6
56840 8
56850 10
56860 11
56870 8
56880 11
56890 7
56900 10
56910 9
56920 18
56930 16
56940 6
56950 7
56960 11
56970 9
56980 15
56990 12
57000 7
57010 9
57020 7
57030 13
57040 11
57050 7
57060 12
57070 10
57080 1
57090 11
57100 17
57110 16
57120 14
57130 5
57140 16
57150 8
57160 7
57170 10
57180 13
57190 9
57200 7
57210 10
57220 9
57230 6
57240 8
57250 8
57260 6
57270 8
57280 6
57290 6
57300 4
57310 8
57320 2
57330 5
57340 5
57350 0
57360 1
57370 1
57380 4
57390 1
57400 6
57410 10
57420 2
57430 7
57440 0
57450 0
57460 0
57470 0
57480 0
57490 0
57500 0
57510 0
57520 0
57530 0
57540 0
57550 0
57560 0
57570 0
57580 0
57590 0
57600 1
57610 1
57620 1
57630 0
57640 0
57650 0
57660 0
57670 0
57680 0
57690 0
57700 1
57710 0
57720 0
57730 0
57740 1
57750 0
57760 0
57770 0
57780 0
57790 0
57800 0
57810 1
57820 2
57830 0
57840 0
57850 0
57860 0
57870 0
57880 0
57890 0
57900 0
57910 0
57920 0
57930 0
57940 0
57950 0
57960 0
57970 0
57980 0
57990 0
58000 0
58010 0
58020 0
58030 0
58040 0
58050 0
58060 0
58070 0
58080 0
58090 0
58100 0
58110 0
58120 0
58130 0
58140 0
58150 0
58160 0
58170 0
58180 0
58190 0
58200 0
58210 0
58220 0
58230 0
58240 0
58250 0
58260 0
58270 0
58280 0
58290 0
58300 0
58310 0
58320 0
58330 0
58340 0
58350 0
58360 0
58370 0
58380 0
58390 0
58400 0
58410 0
58420 0
58430 0
58440 0
58450 0
58460 0
58470 0
58480 0
58490 0
58500 0
58510 0
58520 0
58530 0
58540 0
58550 0
58560 0
58570 0
58580 0
58590 0
58600 0
58610 0
58620 0
58630 0
58640 8
58650 6
58660 8
58670 8
58680 6
58690 10
58700 10
58710 6
58720 8
58730 7
58740 7
58750 7
58760 5
58770 9
58780 0
58790 0
58800 0
58810 1
58820 2
58830 0
58840 5
58850 7
58860 6
58870 7
58880 8
58890 9
58900 15
58910 7
58920 13
58930 5
58940 8
58950 6
58960 5
58970 4
58980 4
58990 8
59000 0
59010 0
59020 0
59030 0
59040 0
59050 0
59060 0
59070 0
59080 0
59090 0
59100 0
59110 0
59120 0
59130 0
59140 0
59150 1
59160 5
59170 0
59180 0
59190 3
59200 0
59210 1
59220 1
59230 0
59240 10
59250 0
59260 0
59270 0
59280 1
59290 0
59300 0
59310 0
59320 0
59330 0
59340 0
59350 0
59360 0
59370 0
59380 0
59390 0
59400 0
59410 0
59420 0
59430 0
59440 0
59450 0
59460 0
59470 0
59480 0
59490 0
59500 0
59510 0
59520 0
59530 0
59540 0
59550 2
59560 1
59570 0
59580 0
59590 0
59600 0
59610 0
59620 0
59630 0
59640 0
59650 0
59660 0
59670 0
59680 0
59690 0
59700 1
59710 0
59720 0
59730 0
59740 0
59750 0
59760 1
59770 0
59780 0
59790 0
59800 0
59810 0
59820 0
59830 2
59840 5
59850 0
59860 3
59870 1
59880 0
59890 0
59900 0
59910 3
59920 2
59930 9
59940 2
59950 0
59960 0
59970 0
59980 0
59990 0
60000 0
60010 0
60020 0
60030 0
60040 0
60050 0
60060 0
60070 1
60080 0
60090 0
60100 0
60110 0
60120 0
60130 0
60140 0
60150 0
60160 0
60170 0
60180 0
60190 0
60200 0
60210 0
60220 0
60230 0
60240 0
60250 0
60260 0
60270 0
60280 0
60290 0
60300 0
60310 0
60320 0
60330 0
60340 0
60350 0
60360 0
60370 0
60380 0
60390 0
60400 0
60410 0
60420 0
60430 0
60440 0
60450 0
60460 0
60470 0
60480 0
60490 0
60500 0
60510 0
60520 0
60530 0
60540 0
60550 0
60560 0
60570 0
60580 0
60590 0
60600 0
60610 0
60620 0
60630 0
60640 0
60650 0
60660 0
60670 0
60680 0
60690 0
60700 0
60710 0
60720 0
60730 0
60740 0
60750 0
60760 0
60770 0
60780 0
60790 0
60800 0
60810 0
60820 0
60830 0
60840 0
60850 0
60860 0
60870 0
60880 0
60890 0
60900 0
60910 0
60920 0
60930 0
60940 0
60950 0
60960 0
60970 0
60980 0
60990 0
61000 0
61010 0
61020 0
61030 0
61040 0
61050 0
61060 0
61070 0
61080 0
61090 0
61100 0
61110 0
61120 0
61130 0
61140 0
61150 0
61160 0
61170 0
61180 0
61190 0
61200 0
61210 0
61220 0
61230 0
61240 0
61250 0
61260 0
61270 0
61280 0
61290 0
61300 0
61310 0
61320 0
61330 0
61340 0
61350 0
61360 0
61370 0
61380 0
61390 0
61400 0
61410 0
61420 0
61430 0
61440 0
61450 0
61460 2
61470 0
61480 0
61490 0
61500 0
61510 0
61520 0
61530 0
61540 0
61550 0
61560 0
61570 0
61580 0
61590 0
61600 0
61610 0
61620 0
61630 0
61640 0
61650 0
61660 0
61670 0
61680 0
61690 0
61700 0
61710 0
61720 0
61730 0
61740 0
61750 0
61760 0
61770 0
61780 0
61790 0
61800 0
61810 0
61820 0
61830 0
61840 0
61850 0
61860 0
61870 0
61880 0
61890 0
61900 0
61910 0
61920 0
61930 0
61940 0
61950 0
61960 0
61970 0
61980 0
61990 0
62000 0
62010 0
62020 0
62030 0
62040 0
62050 0
62060 0
62070 0
62080 0
62090 0
62100 0
62110 0
62120 0
62130 0
62140 0
62150 0
62160 0
62170 0
62180 0
62190 0
62200 0
62210 0
62220 0
62230 0
62240 0
62250 0
62260 0
62270 0
62280 0
62290 0
62300 0
62310 0
62320 0
62330 0
62340 0
62350 0
62360 0
62370 0
62380 0
62390 0
62400 0
62410 0
62420 0
62430 0
62440 0
62450 0
62460 0
62470 0
62480 0
62490 0
62500 0
62510 0
62520 0
62530 0
62540 0
62550 0
62560 0
62570 0
62580 0
62590 0
62600 0
62610 0
62620 0
62630 0
62640 0
62650 0
62660 0
62670 0
62680 0
62690 0
62700 0
62710 0
62720 0
62730 0
62740 0
62750 0
62760 0
62770 0
62780 0
62790 0
62800 0
62810 0
62820 0
62830 0
62840 0
62850 0
62860 0
62870 0
62880 0
62890 0
62900 0
62910 0
62920 0
62930 0
62940 0
62950 0
62960 0
62970 0
62980 0
62990 0
63000 0
63010 0
63020 0
63030 0
63040 0
63050 0
63060 0
63070 0
63080 0
63090 0
63100 0
63110 0
63120 0
63130 0
63140 0
63150 0
63160 0
63170 0
63180 0
63190 0
63200 0
63210 0
63220 0
63230 0
63240 0
63250 0
63260 0
63270 0
63280 0
63290 0
63300 0
63310 0
63320 0
63330 0
63340 0
63350 0
63360 0
63370 0
63380 0
63390 0
63400 0
63410 0
63420 0
63430 0
63440 0
63450 0
63460 0
63470 0
63480 0
63490 0
63500 0
63510 0
63520 0
63530 0
63540 0
63550 0
63560 0
63570 0
63580 0
63590 0
63600 0
63610 0
63620 0
63630 0
63640 0
63650 0
63660 0
63670 0
63680 0
63690 0
63700 0
63710 0
63720 0
63730 0
63740 0
63750 0
63760 0
63770 0
63780 0
63790 0
63800 0
63810 0
63820 0
63830 0
63840 0
63850 0
63860 0
63870 0
63880 0
63890 0
63900 0
63910 0
63920 0
63930 0
63940 0
63950 0
63960 0
63970 0
63980 0
63990 0
64000 0
64010 0
64020 0
64030 0
64040 0
64050 0
64060 0
64070 0
64080 0
64090 0
64100 0
64110 0
64120 0
64130 0
64140 0
64150 0
64160 0
64170 0
64180 0
64190 0
64200 0
64210 0
64220 0
64230 0
64240 0
64250 0
64260 0
64270 0
64280 0
64290 0
64300 0
64310 0
64320 0
64330 0
64340 0
64350 0
64360 0
64370 0
64380 0
64390 0
64400 0
64410 0
64420 0
64430 0
64440 0
64450 0
64460 0
64470 0
64480 0
64490 0
64500 0
64510 0
64520 0
64530 0
64540 0
64550 0
64560 0
64570 0
64580 0
64590 0
64600 0
64610 0
64620 0
64630 0
64640 0
64650 0
64660 0
64670 0
64680 0
64690 0
64700 0
64710 0
64720 0
64730 0
64740 0
64750 0
64760 0
64770 0
64780 0
64790 0
64800 0
64810 0
64820 0
64830 0
64840 0
64850 0
64860 0
64870 0
64880 0
64890 0
64900 0
64910 0
64920 0
64930 0
64940 0
64950 0
64960 0
64970 0
64980 0
64990 0
65000 0
65010 0
65020 0
65030 0
65040 0
65050 0
65060 0
65070 0
65080 0
65090 0
65100 0
65110 0
65120 0
65130 0
65140 0
65150 0
65160 0
65170 0
65180 0
65190 0
65200 0
65210 0
65220 0
65230 0
65240 0
65250 0
65260 0
65270 0
65280 0
65290 0
65300 0
65310 0
65320 0
65330 0
65340 0
65350 0
65360 0
65370 0
65380 0
65390 0
65400 0
65410 0
65420 0
65430 0
65440 0
65450 0
65460 0
65470 0
65480 0
65490 0
65500 0
65510 0
65520 0
65530 0
65540 0
65550 0
65560 0
65570 0
65580 0
65590 0
65600 0
65610 0
65620 0
65630 0
65640 0
65650 0
65660 0
65670 0
65680 0
65690 0
65700 0
65710 0
65720 0
65730 0
65740 0
65750 0
65760 0
65770 0
65780 0
65790 0
65800 0
65810 0
65820 0
65830 0
65840 0
65850 0
65860 0
65870 0
65880 0
65890 0
65900 0
65910 0
65920 0
65930 0
65940 0
65950 0
65960 0
65970 0
65980 0
65990 0
66000 0
66010 0
66020 0
66030 0
66040 0
66050 0
66060 0
66070 0
66080 0
66090 0
66100 0
66110 0
66120 0
66130 0
66140 0
66150 0
66160 0
66170 0
66180 0
66190 0
66200 0
66210 0
66220 0
66230 0
66240 0
66250 0
66260 0
66270 0
66280 3
66290 3
66300 0
66310 3
66320 14
66330 15
66340 14
66350 3
66360 4
66370 0
66380 7
66390 3
66400 0
66410 0
66420 0
66430 0
66440 0
66450 0
66460 0
66470 0
66480 0
66490 0
66500 0
66510 0
66520 0
66530 0
66540 0
66550 0
66560 0
66570 0
66580 0
66590 0
66600 0
66610 0
66620 0
66630 0
66640 0
66650 0
66660 0
66670 0
66680 0
66690 0
66700 0
66710 0
66720 0
66730 0
66740 0
66750 0
66760 0
66770 0
66780 0
66790 0
66800 0
66810 0
66820 0
66830 0
66840 0
66850 0
66860 0
66870 0
66880 0
66890 0
66900 0
66910 0
66920 0
66930 0
66940 0
66950 0
66960 0
66970 0
66980 0
66990 0
67000 0
67010 0
67020 0
67030 0
67040 0
67050 0
67060 0
67070 0
67080 0
67090 0
67100 0
67110 0
67120 0
67130 0
67140 0
67150 0
67160 0
67170 0
67180 0
67190 0
67200 0
67210 0
67220 0
67230 0
67240 0
67250 0
67260 0
67270 0
67280 0
67290 0
67300 0
67310 0
67320 0
67330 0
67340 0
67350 0
67360 0
67370 0
67380 0
67390 0
67400 0
67410 0
67420 0
67430 0
67440 0
67450 0
67460 0
67470 0
67480 0
67490 0
67500 0
67510 0
67520 0
67530 0
67540 0
67550 0
67560 0
67570 0
67580 0
67590 0
67600 0
67610 0
67620 0
67630 0
67640 0
67650 0
67660 0
67670 0
67680 0
67690 0
67700 0
67710 0
67720 0
67730 0
67740 0
67750 0
67760 0
67770 0
67780 0
67790 0
67800 0
67810 0
67820 0
67830 0
67840 0
67850 0
67860 0
67870 0
67880 0
67890 0
67900 0
67910 0
67920 0
67930 0
67940 0
67950 0
67960 0
67970 0
67980 0
67990 0
68000 0
68010 1
68020 0
68030 0
68040 0
68050 0
68060 0
68070 0
68080 0
68090 0
68100 0
68110 0
68120 0
68130 0
68140 0
68150 0
68160 0
68170 0
68180 0
68190 0
68200 0
68210 0
68220 0
68230 0
68240 0
68250 0
68260 0
68270 0
68280 0
68290 0
68300 0
68310 0
68320 0
68330 0
68340 0
68350 0
68360 0
68370 0
68380 0
68390 0
68400 0
68410 0
68420 0
68430 0
68440 0
68450 2
68460 2
68470 0
68480 1
68490 4
68500 6
68510 0
68520 0
68530 0
68540 0
68550 0
68560 4
68570 0
68580 3
68590 0
68600 3
68610 0
68620 0
68630 0
68640 1
68650 1
68660 1
68670 1
68680 0
68690 0
68700 0
68710 0
68720 0
68730 0
68740 0
68750 0
68760 1
68770 0
68780 3
68790 0
68800 0
68810 0
68820 0
68830 0
68840 0
68850 0
68860 0
68870 0
68880 0
68890 0
68900 0
68910 0
68920 0
68930 0
68940 0
68950 0
68960 0
68970 0
68980 0
68990 0
69000 0
69010 0
69020 0
69030 0
69040 0
69050 0
69060 0
69070 0
69080 0
69090 0
69100 0
69110 0
69120 0
69130 0
69140 0
69150 0
69160 0
69170 0
69180 0
69190 0
69200 0
69210 0
69220 0
69230 0
69240 0
69250 0
69260 0
69270 0
69280 0
69290 0
69300 0
69310 0
69320 0
69330 0
69340 0
69350 0
69360 0
69370 0
69380 0
69390 1
69400 0
69410 0
69420 0
69430 0
69440 0
69450 0
69460 0
69470 0
69480 0
69490 0
69500 0
69510 0
69520 0
69530 0
69540 0
69550 0
69560 0
69570 0
69580 0
69590 0
69600 0
69610 0
69620 0
69630 0
69640 0
69650 0
69660 0
69670 0
69680 0
69690 0
69700 0
69710 0
69720 0
69730 0
69740 0
69750 0
69760 0
69770 0
69780 0
69790 0
69800 0
69810 0
69820 0
69830 0
69840 0
69850 0
69860 0
69870 0
69880 0
69890 0
69900 0
69910 0
69920 0
69930 0
69940 0
69950 0
69960 0
69970 0
69980 0
69990 0
70000 0
70010 0
70020 0
70030 0
70040 0
70050 0
70060 0
70070 0
70080 0
70090 0
70100 0
70110 0
70120 0
70130 0
70140 0
70150 0
70160 0
70170 0
70180 0
70190 0
70200 0
70210 0
70220 0
70230 0
70240 0
70250 0
70260 0
70270 0
70280 0
70290 0
70300 0
70310 0
70320 0
70330 0
70340 0
70350 0
70360 0
70370 0
70380 0
70390 0
70400 0
70410 0
70420 0
70430 0
70440 0
70450 0
70460 0
70470 0
70480 0
70490 0
70500 0
70510 0
70520 0
70530 0
70540 0
70550 0
70560 0
70570 0
70580 0
70590 0
70600 0
70610 0
70620 0
70630 0
70640 0
70650 0
70660 0
70670 0
70680 0
70690 0
70700 0
70710 0
70720 0
70730 0
70740 0
70750 0
70760 0
70770 0
70780 0
70790 0
70800 0
70810 0
70820 0
70830 0
70840 0
70850 0
70860 0
70870 0
70880 0
70890 0
70900 0
70910 1
70920 4
70930 6
70940 0
70950 0
70960 0
70970 1
70980 0
70990 0
71000 1
71010 0
71020 0
71030 0
71040 0
71050 0
71060 0
71070 0
71080 0
71090 0
71100 0
71110 0
71120 0
71130 0
71140 0
71150 0
71160 0
71170 0
71180 0
71190 0
71200 0
71210 0
71220 0
71230 0
71240 0
71250 0
71260 0
71270 0
71280 0
71290 0
71300 0
71310 0
71320 0
71330 0
71340 0
71350 0
71360 0
71370 0
71380 0
71390 0
71400 0
71410 0
71420 0
71430 0
71440 0
71450 0
71460 0
71470 1
71480 0
71490 0
71500 0
71510 0
71520 0
71530 0
71540 0
71550 0
71560 0
71570 0
71580 0
71590 0
71600 0
71610 0
71620 0
71630 0
71640 0
71650 0
71660 0
71670 0
71680 0
71690 0
71700 0
71710 0
71720 0
71730 0
71740 0
71750 0
71760 0
71770 0
71780 0
71790 0
71800 0
71810 0
71820 0
71830 0
71840 0
71850 0
71860 0
71870 0
71880 0
71890 0
71900 0
71910 0
71920 0
71930 0
71940 0
71950 0
71960 0
71970 0
71980 0
71990 0
72000 0
72010 0
72020 0
72030 0
72040 0
72050 0
72060 0
72070 0
72080 0
72090 0
72100 0
72110 0
72120 0
72130 0
72140 0
72150 0
72160 0
72170 0
72180 0
72190 0
72200 0
72210 0
72220 0
72230 0
72240 0
72250 0
72260 0
72270 0
72280 0
72290 0
72300 1
72310 0
72320 0
72330 0
72340 0
72350 0
72360 0
72370 0
72380 0
72390 0
72400 0
72410 3
72420 0
72430 0
72440 0
72450 0
72460 0
72470 0
72480 0
72490 0
72500 0
72510 0
72520 0
72530 0
72540 0
72550 0
72560 0
72570 0
72580 0
72590 0
72600 0
72610 0
72620 0
72630 0
72640 0
72650 0
72660 0
72670 0
72680 0
72690 0
72700 0
72710 0
72720 0
72730 0
72740 0
72750 0
72760 0
72770 0
72780 0
72790 0
72800 0
72810 0
72820 0
72830 0
72840 0
72850 0
72860 0
72870 0
72880 0
72890 0
72900 0
72910 0
72920 0
72930 4
72940 0
72950 0
72960 0
72970 0
72980 1
72990 0
73000 0
73010 0
73020 0
73030 0
73040 0
73050 0
73060 0
73070 0
73080 0
73090 0
73100 0
73110 0
73120 0
73130 0
73140 0
73150 0
73160 0
73170 0
73180 0
73190 0
73200 0
73210 0
73220 0
73230 0
73240 0
73250 0
73260 0
73270 0
73280 0
73290 0
73300 0
73310 0
73320 0
73330 0
73340 0
73350 0
73360 0
73370 0
73380 0
73390 0
73400 0
73410 0
73420 0
73430 0
73440 0
73450 0
73460 0
73470 0
73480 0
73490 0
73500 0
73510 0
73520 0
73530 0
73540 0
73550 2
73560 0
73570 1
73580 6
73590 1
73600 0
73610 0
73620 1
73630 1
73640 1
73650 2
73660 0
73670 1
73680 0
73690 0
73700 0
73710 0
73720 0
73730 0
73740 0
73750 0
73760 0
73770 2
73780 0
73790 0
73800 0
73810 1
73820 0
73830 0
73840 0
73850 0
73860 0
73870 0
73880 0
73890 1
73900 0
73910 0
73920 0
73930 0
73940 6
73950 7
73960 5
73970 0
73980 0
73990 0
74000 5
74010 5
74020 5
74030 0
74040 0
74050 0
74060 0
74070 0
74080 0
74090 0
74100 0
74110 0
74120 0
74130 0
74140 0
74150 0
74160 0
74170 0
74180 0
74190 0
74200 0
74210 0
74220 0
74230 0
74240 0
74250 0
74260 0
74270 6
74280 1
74290 4
74300 0
74310 4
74320 0
74330 0
74340 0
74350 2
74360 0
74370 0
74380 0
74390 0
74400 0
74410 0
74420 1
74430 0
74440 0
74450 0
74460 0
74470 0
74480 0
74490 0
74500 1
74510 1
74520 0
74530 0
74540 0
74550 0
74560 0
74570 0
74580 0
74590 0
74600 2
74610 2
74620 2
74630 2
74640 3
74650 1
74660 1
74670 2
74680 1
74690 1
74700 3
74710 3
74720 1
74730 2
74740 1
74750 0
74760 0
74770 0
74780 0
74790 0
74800 0
74810 0
74820 2
74830 0
74840 2
74850 6
74860 0
74870 0
74880 0
74890 0
74900 0
74910 0
74920 0
74930 0
74940 0
74950 0
74960 4
74970 2
74980 0
74990 2
75000 2
75010 2
75020 2
75030 2
75040 1
75050 1
75060 2
75070 0
75080 1
75090 0
75100 0
75110 2
75120 0
75130 0
75140 1
75150 2
75160 0
75170 0
75180 0
75190 1
75200 2
75210 0
75220 0
75230 0
75240 0
75250 0
75260 0
75270 4
75280 4
75290 5
75300 5
75310 0
75320 0
75330 0
75340 0
75350 0
75360 0
75370 0
75380 0
75390 0
75400 0
75410 0
75420 0
75430 0
75440 0
75450 0
75460 0
75470 0
75480 0
75490 0
75500 0
75510 0
75520 0
75530 0
75540 0
75550 0
75560 1
75570 0
75580 0
75590 0
75600 0
75610 0
75620 0
75630 0
75640 0
75650 0
75660 0
75670 0
75680 0
75690 0
75700 0
75710 0
75720 0
75730 0
75740 1
75750 3
75760 2
75770 0
75780 4
75790 0
75800 0
75810 0
75820 0
75830 3
75840 1
75850 0
75860 6
75870 3
75880 0
75890 0
75900 0
75910 0
75920 1
75930 4
75940 0
75950 0
75960 3
75970 2
75980 0
75990 0
76000 0
76010 0
76020 0
76030 0
76040 0
76050 0
76060 0
76070 2
76080 5
76090 3
76100 1
76110 0
76120 3
76130 6
76140 5
76150 3
76160 6
76170 3
76180 2
76190 2
76200 0
76210 0
76220 1
76230 6
76240 0
76250 3
76260 0
76270 0
76280 0
76290 0
76300 6
76310 0
76320 2
76330 0
76340 0
76350 0
76360 0
76370 0
76380 4
76390 7
76400 7
76410 0
76420 2
76430 6
76440 5
76450 6
76460 6
76470 8
76480 3
76490 0
76500 8
76510 5
76520 1
76530 0
76540 0
76550 0
76560 1
76570 0
76580 0
76590 0
76600 0
76610 0
76620 7
76630 1
76640 1
76650 5
76660 1
76670 4
76680 0
76690 2
76700 1
76710 0
76720 0
76730 0
76740 0
76750 0
76760 0
76770 0
76780 0
76790 0
76800 0
76810 0
76820 0
76830 0
76840 0
76850 0
76860 0
76870 0
76880 0
76890 0
76900 0
76910 0
76920 0
76930 0
76940 0
76950 6
76960 2
76970 0
76980 0
76990 0
77000 0
77010 0
77020 0
77030 4
77040 0
77050 2
77060 1
77070 1
77080 0
77090 1
77100 0
77110 2
77120 2
77130 0
77140 0
77150 0
77160 0
77170 0
77180 2
77190 0
77200 0
77210 2
77220 0
77230 5
77240 1
77250 0
77260 1
77270 1
77280 1
77290 1
77300 0
77310 3
77320 3
77330 5
77340 5
77350 3
77360 2
77370 0
77380 3
77390 2
77400 1
77410 0
77420 0
77430 0
77440 2
77450 0
77460 0
77470 0
77480 0
77490 0
77500 0
77510 0
77520 0
77530 0
77540 0
77550 0
77560 0
77570 0
77580 0
77590 0
77600 0
77610 0
77620 0
77630 0
77640 0
77650 0
77660 0
77670 0
77680 0
77690 4
77700 0
77710 5
77720 1
77730 0
77740 3
77750 0
77760 0
77770 0
77780 3
77790 0
77800 2
77810 2
77820 3
77830 0
77840 1
77850 0
77860 0
77870 0
77880 0
77890 0
77900 0
77910 0
77920 0
77930 0
77940 0
77950 0
77960 0
77970 0
77980 0
77990 0
78000 0
78010 0
78020 0
78030 3
78040 2
78050 6
78060 8
78070 9
78080 7
78090 0
78100 0
78110 0
78120 0
78130 0
78140 0
78150 0
78160 0
78170 0
78180 0
78190 0
78200 0
78210 0
78220 2
78230 0
78240 4
78250 0
78260 0
78270 0
78280 0
78290 1
78300 0
78310 2
78320 0
78330 0
78340 0
78350 0
78360 0
78370 0
78380 0
78390 0
78400 0
78410 0
78420 0
78430 0
78440 0
78450 0
78460 0
78470 0
78480 0
78490 0
78500 0
78510 0
78520 0
78530 0
78540 0
78550 1
78560 0
78570 3
78580 0
78590 0
78600 1
78610 3
78620 0
78630 0
78640 0
78650 2
78660 8
78670 0
78680 0
78690 0
78700 0
78710 0
78720 0
78730 0
78740 0
78750 0
78760 0
78770 0
78780 0
78790 0
78800 0
78810 0
78820 0
78830 0
78840 0
78850 0
78860 0
78870 0
78880 0
78890 0
78900 0
78910 0
78920 1
78930 0
78940 0
78950 0
78960 0
78970 3
78980 3
78990 2
79000 0
79010 0
79020 0
79030 0
79040 0
79050 0
79060 0
79070 0
79080 0
79090 0
79100 0
79110 0
79120 0
79130 0
79140 0
79150 0
79160 0
79170 0
79180 0
79190 0
79200 0
79210 0
79220 0
79230 0
79240 0
79250 0
79260 0
79270 0
79280 0
79290 0
79300 0
79310 0
79320 0
79330 0
79340 0
79350 0
79360 0
79370 0
79380 0
79390 0
79400 0
79410 0
79420 0
79430 0
79440 0
79450 0
79460 0
79470 0
79480 0
79490 0
79500 0
79510 0
79520 0
79530 0
79540 0
79550 0
79560 0
79570 0
79580 0
79590 0
79600 0
79610 0
79620 0
79630 1
79640 0
79650 0
79660 0
79670 0
79680 0
79690 0
79700 0
79710 0
79720 0
79730 0
79740 0
79750 0
79760 0
79770 0
79780 0
79790 0
79800 0
79810 0
79820 0
79830 0
79840 3
79850 0
79860 0
79870 0
79880 0
79890 0
79900 0
79910 0
79920 0
79930 0
79940 0
79950 0
79960 0
79970 0
79980 0
79990 0
80000 0
80010 0
80020 1
80030 0
80040 0
80050 0
80060 3
80070 4
80080 1
80090 0
80100 0
80110 0
80120 0
80130 0
80140 0
80150 0
80160 0
80170 0
80180 0
80190 0
80200 0
80210 0
80220 0
80230 0
80240 0
80250 0
80260 0
80270 0
80280 0
80290 0
80300 0
80310 0
80320 0
80330 0
80340 0
80350 0
80360 1
80370 0
80380 0
80390 0
80400 0
80410 0
80420 0
80430 4
80440 0
80450 0
80460 0
80470 0
80480 0
80490 0
80500 0
80510 0
80520 0
80530 0
80540 0
80550 0
80560 0
80570 0
80580 2
80590 3
80600 0
80610 6
80620 3
80630 9
80640 3
80650 12
80660 7
80670 4
80680 8
80690 9
80700 11
80710 5
80720 1
80730 3
80740 0
80750 1
80760 11
80770 7
80780 7
80790 0
80800 0
80810 0
80820 0
80830 0
80840 5
80850 5
80860 5
80870 0
80880 0
80890 1
80900 0
80910 0
80920 0
80930 0
80940 0
80950 0
80960 0
80970 0
80980 0
80990 0
81000 0
81010 0
81020 0
81030 0
81040 0
81050 0
81060 0
81070 0
81080 0
81090 0
81100 0
81110 0
81120 0
81130 0
81140 0
81150 0
81160 0
81170 0
81180 0
81190 0
81200 0
81210 0
81220 0
81230 0
81240 0
81250 0
81260 0
81270 0
81280 0
81290 0
81300 0
81310 0
81320 0
81330 0
81340 0
81350 0
81360 0
81370 0
81380 0
81390 0
81400 0
81410 0
81420 0
81430 0
81440 0
81450 0
81460 0
81470 0
81480 0
81490 0
81500 0
81510 0
81520 0
81530 0
81540 0
81550 3
81560 0
81570 6
81580 8
81590 5
81600 2
81610 10
81620 8
81630 1
81640 8
81650 7
81660 5
81670 0
81680 0
81690 6
81700 5
81710 8
81720 5
81730 5
81740 4
81750 5
81760 3
81770 5
81780 5
81790 5
81800 6
81810 5
81820 0
81830 1
81840 8
81850 5
81860 8
81870 3
81880 8
81890 5
81900 6
81910 8
81920 5
81930 5
81940 6
81950 6
81960 8
81970 10
81980 7
81990 8
82000 7
82010 7
82020 4
82030 9
82040 5
82050 9
82060 8
82070 5
82080 6
82090 11
82100 10
82110 8
82120 0
82130 0
82140 1
82150 0
82160 2
82170 0
82180 0
82190 0
82200 1
82210 5
82220 8
82230 8
82240 8
82250 0
82260 1
82270 0
82280 0
82290 0
82300 0
82310 0
82320 0
82330 0
82340 0
82350 0
82360 2
82370 5
82380 6
82390 0
82400 1
82410 0
82420 5
82430 19
82440 1
82450 11
82460 8
82470 6
82480 7
82490 2
82500 11
82510 1
82520 4
82530 4
82540 4
82550 8
82560 1
82570 8
82580 1
82590 0
82600 0
82610 0
82620 3
82630 1
82640 0
82650 1
82660 2
82670 0
82680 0
82690 0
82700 0
82710 1
82720 8
82730 4
82740 6
82750 7
82760 13
82770 9
82780 9
82790 10
82800 5
82810 4
82820 9
82830 7
82840 5
82850 6
82860 9
82870 11
82880 5
82890 5
82900 5
82910 0
82920 10
82930 4
82940 4
82950 7
82960 6
82970 16
82980 16
82990 17
83000 9
83010 15
83020 15
83030 20
83040 12
83050 9
83060 5
83070 7
83080 8
83090 8
83100 10
83110 8
83120 8
83130 8
83140 9
83150 8
83160 6
83170 6
83180 6
83190 9
83200 1
83210 8
83220 5
83230 10
83240 7
83250 12
83260 9
83270 17
83280 8
83290 8
83300 6
83310 3
83320 0
83330 1
83340 6
83350 3
83360 11
83370 2
83380 7
83390 3
83400 2
83410 8
83420 1
83430 7
83440 6
83450 1
83460 10
83470 14
83480 1
83490 4
83500 0
83510 2
83520 2
83530 12
83540 11
83550 3
83560 2
83570 3
83580 2
83590 2
83600 3
83610 5
83620 0
83630 1
83640 2
83650 0
83660 3
83670 12
83680 2
83690 6
83700 2
83710 7
83720 3
83730 2
83740 10
83750 5
83760 5
83770 11
83780 2
83790 0
83800 2
83810 6
83820 7
83830 5
83840 6
83850 6
83860 5
83870 7
83880 5
83890 5
83900 7
83910 6
83920 2
83930 7
83940 7
83950 4
83960 5
83970 0
83980 6
83990 6
84000 7
84010 2
84020 0
84030 1
84040 0
84050 0
84060 0
84070 1
84080 0
84090 2
84100 3
84110 5
84120 2
84130 3
84140 3
84150 2
84160 0
84170 0
84180 1
84190 7
84200 2
84210 0
84220 0
84230 0
84240 0
84250 0
84260 0
84270 0
84280 0
84290 0
84300 0
84310 0
84320 0
84330 0
84340 0
84350 7
84360 5
84370 2
84380 1
84390 0
84400 0
84410 0
84420 0
84430 0
84440 0
84450 0
84460 0
84470 0
84480 0
84490 0
84500 0
84510 0
84520 0
84530 0
84540 0
84550 0
84560 0
84570 0
84580 0
84590 0
84600 2
84610 1
84620 3
84630 2
84640 5
84650 0
84660 0
84670 0
84680 0
84690 0
84700 3
84710 0
84720 0
84730 0
84740 0
84750 1
84760 0
84770 0
84780 0
84790 9
84800 0
84810 4
84820 0
84830 0
84840 3
84850 6
84860 9
84870 2
84880 0
84890 0
84900 4
84910 10
84920 4
84930 3
84940 1
84950 6
84960 8
84970 6
84980 8
84990 4
85000 4
85010 0
85020 3
85030 4
85040 1
85050 0
85060 4
85070 0
85080 0
85090 6
85100 1
85110 2
85120 0
85130 0
85140 0
85150 0
85160 0
85170 6
85180 5
85190 6
85200 3
85210 1
85220 3
85230 4
85240 0
85250 2
85260 3
85270 1
85280 8
85290 8
85300 6
85310 5
85320 7
85330 9
85340 8
85350 0
85360 0
85370 0
85380 0
85390 0
85400 0
85410 0
85420 0
85430 2
85440 2
85450 4
85460 0
85470 0
85480 0
85490 0
85500 0
85510 0
85520 0
85530 1
85540 7
85550 10
85560 4
85570 11
85580 6
85590 6
85600 6
85610 6
85620 8
85630 5
85640 6
85650 2
85660 5
85670 6
85680 6
85690 11
85700 5
85710 3
85720 8
85730 3
85740 4
85750 9
85760 6
85770 4
85780 12
85790 5
85800 6
85810 6
85820 12
85830 8
85840 6
85850 5
85860 12
85870 7
85880 5
85890 4
85900 3
85910 2
85920 0
85930 0
85940 0
85950 0
85960 0
85970 7
85980 0
85990 0
86000 11
86010 9
86020 7
86030 8
86040 4
86050 0
86060 1
86070 10
86080 3
86090 0
86100 6
86110 0
86120 0
86130 0
86140 4
86150 0
86160 8
86170 8
86180 7
86190 10
86200 12
86210 9
86220 12
86230 8
86240 9
86250 14
86260 13
86270 10
86280 12
86290 3
86300 10
86310 12
86320 2
86330 2
86340 3
86350 6
86360 5
86370 3
86380 7
86390 0
86400 11
86410 12
86420 7
86430 3
86440 0
86450 2
86460 6
86470 5
86480 4
86490 6
86500 4
86510 6
86520 1
86530 3
86540 6
86550 2
86560 6
86570 11
86580 8
86590 5
86600 10
86610 9
86620 8
86630 7
86640 9
86650 9
86660 9
86670 13
86680 10
86690 17
86700 8
86710 15
86720 9
86730 12
86740 8
86750 5
86760 1
86770 0
86780 0
86790 1
86800 1
86810 7
86820 0
86830 0
86840 3
86850 6
86860 3
86870 6
86880 14
86890 4
86900 2
86910 1
86920 6
86930 7
86940 9
86950 3
86960 4
86970 5
86980 3
86990 10
87000 8
87010 7
87020 11
87030 6
87040 4
87050 8
87060 2
87070 9
87080 6
87090 14
87100 18
87110 10
87120 8
87130 4
87140 5
87150 12
87160 12
87170 10
87180 12
87190 10
87200 16
87210 7
87220 6
87230 2
87240 5
87250 4
87260 12
87270 5
87280 7
87290 12
87300 11
87310 11
87320 10
87330 8
87340 15
87350 7
87360 9
87370 8
87380 7
87390 5
87400 6
87410 2
87420 4
87430 0
87440 1
87450 3
87460 1
87470 1
87480 0
87490 4
87500 1
87510 1
87520 1
87530 2
87540 5
87550 9
87560 7
87570 1
87580 7
87590 7
87600 4
87610 4
87620 9
87630 7
87640 7
87650 1
87660 1
87670 6
87680 7
87690 0
87700 0
87710 0
87720 1
87730 6
87740 5
87750 4
87760 1
87770 1
87780 1
87790 8
87800 6
87810 3
87820 2
87830 4
87840 5
87850 5
87860 7
87870 6
87880 8
87890 9
87900 5
87910 11
87920 5
87930 5
87940 1
87950 2
87960 1
87970 0
87980 3
87990 1
88000 7
88010 1
88020 2
88030 0
88040 1
88050 3
88060 5
88070 7
88080 5
88090 13
88100 6
88110 8
88120 5
88130 5
88140 9
88150 11
88160 9
88170 16
88180 12
88190 8
88200 7
88210 3
88220 9
88230 9
88240 11
88250 13
88260 7
88270 6
88280 12
88290 8
88300 12
88310 13
88320 8
88330 10
88340 13
88350 11
88360 10
88370 9
88380 7
88390 7
88400 7
88410 13
88420 11
88430 8
88440 6
88450 7
88460 6
88470 8
88480 8
88490 11
88500 7
88510 6
88520 11
88530 9
88540 9
88550 11
88560 8
88570 9
88580 13
88590 10
88600 9
88610 8
88620 13
88630 12
88640 8
88650 9
88660 9
88670 8
88680 6
88690 14
88700 11
88710 9
88720 9
88730 25
88740 10
88750 12
88760 10
88770 10
88780 12
88790 12
88800 16
88810 14
88820 17
88830 22
88840 6
88850 13
88860 10
88870 7
88880 5
88890 9
88900 11
88910 9
88920 9
88930 13
88940 11
88950 5
88960 10
88970 7
88980 4
88990 13
89000 8
89010 11
89020 10
89030 9
89040 10
89050 8
89060 13
89070 14
89080 14
89090 10
89100 11
89110 8
89120 5
89130 10
89140 8
89150 14
89160 9
89170 14
89180 10
89190 15
89200 5
89210 9
89220 10
89230 10
89240 9
89250 6
89260 11
89270 5
89280 7
89290 7
89300 12
89310 9
89320 11
89330 14
89340 13
89350 7
89360 16
89370 9
89380 11
89390 12
89400 10
89410 10
89420 13
89430 10
89440 8
89450 7
89460 13
89470 12
89480 10
89490 10
89500 12
89510 14
89520 11
89530 8
89540 13
89550 10
89560 9
89570 11
89580 9
89590 6
89600 7
89610 8
89620 10
89630 11
89640 7
89650 9
89660 8
89670 9
89680 11
89690 14
89700 11
89710 6
89720 7
89730 6
89740 8
89750 10
89760 8
89770 12
89780 12
89790 6
89800 4
89810 11
89820 7
89830 11
89840 9
89850 14
89860 13
89870 12
89880 9
89890 11
89900 8
89910 11
89920 12
89930 7
89940 10
89950 8
89960 6
89970 8
89980 11
89990 7
90000 5
90010 11
90020 13
90030 11
90040 9
90050 10
90060 10
90070 10
90080 9
90090 7
90100 8
90110 10
90120 7
90130 13
90140 15
90150 16
90160 9
90170 11
90180 9
90190 7
90200 9
90210 9
90220 8
90230 10
90240 9
90250 9
90260 10
90270 10
90280 8
90290 7
90300 7
90310 11
90320 9
90330 7
90340 8
90350 8
90360 6
90370 9
90380 4
90390 8
90400 8
90410 6
90420 4
90430 8
90440 8
90450 14
90460 17
90470 14
90480 12
90490 15
90500 13
90510 20
90520 11
90530 8
90540 17
90550 14
90560 16
90570 10
90580 21
90590 18
90600 11
90610 21
90620 16
90630 5
90640 3
90650 14
90660 11
90670 18
90680 17
90690 18
90700 16
90710 15
90720 13
90730 23
90740 17
90750 13
90760 20
90770 18
90780 19
90790 20
90800 24
90810 15
90820 20
90830 18
90840 24
90850 20
90860 16
90870 16
90880 17
90890 24
90900 17
90910 19
90920 21
90930 20
90940 16
90950 15
90960 17
90970 13
90980 15
90990 19
91000 24
91010 21
91020 15
91030 11
91040 22
91050 14
91060 18
91070 20
91080 16
91090 14
91100 17
91110 18
91120 15
91130 15
91140 14
91150 18
91160 21
91170 14
91180 15
91190 18
91200 12
91210 12
91220 9
91230 7
91240 20
91250 17
91260 18
91270 19
91280 16
91290 19
91300 15
91310 17
91320 11
91330 19
91340 23
91350 18
91360 18
91370 11
91380 7
91390 3
91400 13
91410 8
91420 10
91430 4
91440 16
91450 17
91460 17
91470 8
91480 12
91490 9
91500 11
91510 10
91520 10
91530 16
91540 18
91550 20
91560 10
91570 11
91580 18
91590 13
91600 11
91610 19
91620 16
91630 13
91640 15
91650 12
91660 21
91670 18
91680 12
91690 7
91700 11
91710 10
91720 7
91730 14
91740 18
91750 14
91760 18
91770 13
91780 17
91790 19
91800 17
91810 20
91820 16
91830 15
91840 8
91850 10
91860 5
91870 2
91880 2
91890 7
91900 4
91910 5
91920 5
91930 12
91940 9
91950 13
91960 19
91970 17
91980 16
91990 18
92000 9
92010 13
92020 12
92030 8
92040 9
92050 11
92060 5
92070 8
92080 12
92090 19
92100 12
92110 13
92120 11
92130 15
92140 17
92150 18
92160 20
92170 14
92180 15
92190 15
92200 16
92210 17
92220 22
92230 20
92240 18
92250 18
92260 17
92270 15
92280 10
92290 18
92300 21
92310 24
92320 17
92330 14
92340 19
92350 23
92360 19
92370 18
92380 23
92390 12
92400 20
92410 15
92420 18
92430 22
92440 19
92450 15
92460 13
92470 18
92480 20
92490 15
92500 19
92510 10
92520 19
92530 15
92540 14
92550 15
92560 21
92570 19
92580 22
92590 22
92600 17
92610 16
92620 28
92630 17
92640 10
92650 15
92660 19
92670 14
92680 19
92690 16
92700 8
92710 10
92720 9
92730 9
92740 2
92750 8
92760 10
92770 9
92780 15
92790 13
92800 14
92810 10
92820 12
92830 12
92840 10
92850 15
92860 10
92870 10
92880 8
92890 9
92900 12
92910 11
92920 10
92930 8
92940 11
92950 7
92960 9
92970 12
92980 12
92990 11
93000 11
93010 10
93020 9
93030 12
93040 10
93050 18
93060 16
93070 23
93080 20
93090 20
93100 18
93110 18
93120 15
93130 18
93140 16
93150 17
93160 13
93170 11
93180 14
93190 19
93200 14
93210 19
93220 18
93230 20
93240 17
93250 11
93260 14
93270 15
93280 16
93290 17
93300 18
93310 16
93320 9
93330 6
93340 8
93350 19
93360 19
93370 13
93380 8
93390 3
93400 7
93410 10
93420 11
93430 7
93440 8
93450 12
93460 10
93470 13
93480 13
93490 10
93500 9
93510 11
93520 9
93530 10
93540 15
93550 17
93560 18
93570 9
93580 11
93590 13
93600 10
93610 5
93620 14
93630 8
93640 8
93650 7
93660 9
93670 8
93680 8
93690 7
93700 9
93710 9
93720 7
93730 10
93740 8
93750 9
93760 8
93770 11
93780 8
93790 7
93800 8
93810 8
93820 9
93830 9
93840 8
93850 7
93860 6
93870 8
93880 9
93890 8
93900 7
93910 8
93920 9
93930 7
93940 7
93950 8
93960 7
93970 8
93980 7
93990 8
94000 4
94010 4
94020 5
94030 8
94040 11
94050 6
94060 7
94070 8
94080 6
94090 13
94100 6
94110 6
94120 2
94130 11
94140 6
94150 10
94160 1
94170 5
94180 4
94190 8
94200 6
94210 7
94220 6
94230 9
94240 4
94250 6
94260 6
94270 13
94280 5
94290 6
94300 3
94310 6
94320 8
94330 3
94340 5
94350 8
94360 5
94370 11
94380 5
94390 6
94400 7
94410 9
94420 7
94430 1
94440 6
94450 10
94460 7
94470 1
94480 3
94490 8
94500 9
94510 1
94520 3
94530 9
94540 4
94550 6
94560 5
94570 5
94580 5
94590 10
94600 9
94610 7
94620 7
94630 2
94640 9
94650 19
94660 10
94670 9
94680 8
94690 9
94700 4
94710 10
94720 7
94730 9
94740 8
94750 12
94760 10
94770 3
94780 3
94790 4
94800 5
94810 3
94820 3
94830 5
94840 5
94850 6
94860 6
94870 5
94880 5
94890 11
94900 9
94910 8
94920 4
94930 11
94940 7
94950 2
94960 12
94970 4
94980 2
94990 14
95000 6
95010 8
95020 12
95030 9
95040 8
95050 6
95060 3
95070 7
95080 3
95090 1
95100 6
95110 6
95120 6
95130 6
95140 6
95150 2
95160 3
95170 9
95180 3
95190 6
95200 1
95210 3
95220 8
95230 7
95240 4
95250 4
95260 3
95270 5
95280 6
95290 4
95300 8
95310 13
95320 9
95330 9
95340 10
95350 8
95360 8
95370 7
95380 9
95390 6
95400 4
95410 7
95420 7
95430 9
95440 8
95450 2
95460 2
95470 12
95480 12
95490 7
95500 7
95510 12
95520 8
95530 10
95540 8
95550 4
95560 12
95570 5
95580 8
95590 11
95600 13
95610 8
95620 10
95630 6
95640 5
95650 8
95660 6
95670 9
95680 11
95690 14
95700 10
95710 9
95720 13
95730 10
95740 10
95750 4
95760 8
95770 10
95780 7
95790 6
95800 12
95810 7
95820 7
95830 12
95840 12
95850 3
95860 1
95870 10
95880 15
95890 12
95900 16
95910 6
95920 8
95930 5
95940 21
95950 13
95960 16
95970 19
95980 13
95990 15
96000 20
96010 13
96020 8
96030 15
96040 17
96050 19
96060 5
96070 12
96080 13
96090 20
96100 9
96110 19
96120 13
96130 18
96140 22
96150 10
96160 24
96170 19
96180 13
96190 14
96200 11
96210 13
96220 13
96230 6
96240 3
96250 9
96260 8
96270 14
96280 17
96290 11
96300 10
96310 5
96320 12
96330 17
96340 14
96350 19
96360 13
96370 14
96380 15
96390 10
96400 13
96410 12
96420 19
96430 6
96440 13
96450 8
96460 10
96470 7
96480 16
96490 6
96500 13
96510 12
96520 5
96530 7
96540 13
96550 9
96560 12
96570 7
96580 15
96590 25
96600 22
96610 13
96620 23
96630 18
96640 20
96650 12
96660 15
96670 16
96680 20
96690 15
96700 14
96710 12
96720 13
96730 13
96740 8
96750 7
96760 7
96770 6
96780 21
96790 9
96800 13
96810 12
96820 13
96830 15
96840 9
96850 11
96860 12
96870 11
96880 6
96890 13
96900 10
96910 11
96920 14
96930 11
96940 13
96950 11
96960 14
96970 14
96980 11
96990 16
97000 11
97010 8
97020 10
97030 1
97040 9
97050 5
97060 11
97070 12
97080 8
97090 9
97100 14
97110 6
97120 19
97130 10
97140 7
97150 13
97160 15
97170 8
97180 13
97190 9
97200 11
97210 12
97220 11
97230 5
97240 9
97250 8
97260 8
97270 13
97280 16
97290 11
97300 9
97310 14
97320 14
97330 15
97340 11
97350 12
97360 13
97370 20
97380 17
97390 17
97400 17
97410 21
97420 12
97430 10
97440 15
97450 16
97460 16
97470 3
97480 0
97490 13
97500 6
97510 3
97520 4
97530 5
97540 2
97550 2
97560 9
97570 5
97580 3
97590 9
97600 13
97610 8
97620 12
97630 6
97640 4
97650 0
97660 2
97670 0
97680 1
97690 0
97700 7
97710 0
97720 2
97730 0
97740 2
97750 1
97760 3
97770 2
97780 2
97790 3
97800 6
97810 1
97820 2
97830 2
97840 6
97850 6
97860 6
97870 9
97880 9
97890 9
97900 2
97910 14
97920 11
97930 10
97940 4
97950 11
97960 0
97970 10
97980 10
97990 12
98000 8
98010 11
98020 14
98030 1
98040 1
98050 5
98060 2
98070 1
98080 1
98090 0
98100 2
98110 2
98120 3
98130 2
98140 1
98150 5
98160 5
98170 10
98180 3
98190 4
98200 1
98210 5
98220 3
98230 4
98240 1
98250 1
98260 1
98270 2
98280 2
98290 1
98300 1
98310 2
98320 6
98330 1
98340 2
98350 0
98360 2
98370 2
98380 2
98390 1
98400 2
98410 5
98420 4
98430 5
98440 10
98450 3
98460 7
98470 10
98480 8
98490 8
98500 8
98510 9
98520 7
98530 6
98540 5
98550 9
98560 10
98570 4
98580 6
98590 8
98600 9
98610 9
98620 15
98630 10
98640 15
98650 17
98660 23
98670 11
98680 12
98690 10
98700 11
98710 6
98720 19
98730 12
98740 12
98750 0
98760 8
98770 6
98780 2
98790 12
98800 10
98810 6
98820 9
98830 0
98840 4
98850 2
98860 1
98870 0
98880 2
98890 1
98900 2
98910 0
98920 2
98930 2
98940 0
98950 3
98960 1
98970 1
98980 0
98990 1
99000 1
99010 3
99020 1
99030 1
99040 0
99050 3
99060 0
99070 2
99080 0
99090 0
99100 1
99110 2
99120 0
99130 1
99140 0
99150 4
99160 1
99170 0
99180 2
99190 7
99200 6
99210 6
99220 1
99230 1
99240 1
99250 4
99260 0
99270 0
99280 0
99290 0
99300 0
99310 0
99320 1
99330 5
99340 9
99350 1
99360 0
99370 1
99380 1
99390 8
99400 7
99410 8
99420 3
99430 9
99440 0
99450 2
99460 7
99470 8
99480 5
99490 7
99500 14
99510 1
99520 9
99530 11
99540 1
99550 6
99560 8
99570 11
99580 9
99590 5
99600 2
99610 4
99620 7
99630 8
99640 11
99650 5
99660 0
99670 6
99680 10
99690 14
99700 7
99710 4
99720 14
99730 11
99740 8
99750 10
99760 10
99770 8
99780 7
99790 9
99800 8
99810 7
99820 6
99830 11
99840 2
99850 7
99860 1
99870 5
99880 8
99890 10
99900 10
99910 14
99920 9
99930 7
99940 7
99950 0
99960 1
99970 3
99980 2
99990 4
