# Frame Contacts
30000 6
30010 5
30020 10
30030 6
30040 5
30050 0
30060 3
30070 1
30080 4
30090 5
30100 2
30110 7
30120 8
30130 1
30140 0
30150 0
30160 0
30170 2
30180 0
30190 2
30200 0
30210 1
30220 4
30230 0
30240 4
30250 2
30260 2
30270 5
30280 7
30290 3
30300 4
30310 1
30320 0
30330 5
30340 8
30350 6
30360 7
30370 7
30380 6
30390 12
30400 5
30410 6
30420 4
30430 1
30440 4
30450 8
30460 10
30470 5
30480 9
30490 6
30500 10
30510 6
30520 5
30530 8
30540 9
30550 10
30560 2
30570 5
30580 8
30590 8
30600 4
30610 2
30620 7
30630 11
30640 4
30650 9
30660 2
30670 8
30680 8
30690 11
30700 10
30710 2
30720 1
30730 0
30740 6
30750 2
30760 0
30770 3
30780 7
30790 6
30800 11
30810 9
30820 10
30830 1
30840 7
30850 6
30860 4
30870 9
30880 7
30890 6
30900 10
30910 11
30920 8
30930 9
30940 8
30950 9
30960 5
30970 9
30980 3
30990 3
31000 8
31010 5
31020 7
31030 11
31040 8
31050 11
31060 9
31070 5
31080 9
31090 6
31100 6
31110 7
31120 3
31130 3
31140 3
31150 5
31160 9
31170 10
31180 7
31190 7
31200 10
31210 5
31220 7
31230 2
31240 8
31250 9
31260 10
31270 11
31280 9
31290 11
31300 9
31310 11
31320 11
31330 11
31340 12
31350 8
31360 9
31370 8
31380 6
31390 8
31400 6
31410 6
31420 6
31430 6
31440 4
31450 6
31460 7
31470 6
31480 3
31490 8
31500 0
31510 1
31520 0
31530 0
31540 0
31550 0
31560 0
31570 0
31580 0
31590 0
31600 0
31610 0
31620 0
31630 0
31640 0
31650 0
31660 0
31670 0
31680 0
31690 0
31700 0
31710 0
31720 0
31730 0
31740 0
31750 0
31760 0
31770 0
31780 0
31790 0
31800 0
31810 0
31820 0
31830 1
31840 0
31850 0
31860 3
31870 7
31880 2
31890 3
31900 2
31910 7
31920 3
31930 5
31940 7
31950 5
31960 7
31970 9
31980 5
31990 7
32000 7
32010 4
32020 8
32030 8
32040 2
32050 3
32060 6
32070 5
32080 8
32090 4
32100 4
32110 5
32120 3
32130 1
32140 2
32150 3
32160 12
32170 10
32180 11
32190 6
32200 12
32210 13
32220 12
32230 14
32240 12
32250 10
32260 12
32270 13
32280 13
32290 13
32300 13
32310 13
32320 13
32330 14
32340 13
32350 12
32360 13
32370 13
32380 12
32390 13
32400 15
32410 14
32420 11
32430 8
32440 13
32450 10
32460 14
32470 12
32480 12
32490 14
32500 12
32510 9
32520 3
32530 4
32540 2
32550 5
32560 9
32570 8
32580 12
32590 9
32600 11
32610 12
32620 15
32630 3
32640 8
32650 11
32660 6
32670 7
32680 4
32690 5
32700 2
32710 5
32720 9
32730 5
32740 3
32750 5
32760 3
32770 5
32780 5
32790 6
32800 7
32810 3
32820 5
32830 7
32840 10
32850 5
32860 7
32870 9
32880 6
32890 4
32900 12
32910 9
32920 8
32930 6
32940 9
32950 8
32960 6
32970 6
32980 7
32990 9
33000 10
33010 7
33020 0
33030 7
33040 6
33050 9
33060 4
33070 6
33080 5
33090 5
33100 2
33110 8
33120 9
33130 4
33140 3
33150 7
33160 10
33170 8
33180 7
33190 2
33200 5
33210 10
33220 8
33230 1
33240 8
33250 6
33260 6
33270 7
33280 4
33290 6
33300 2
33310 5
33320 4
33330 4
33340 4
33350 0
33360 5
33370 4
33380 2
33390 6
33400 6
33410 6
33420 4
33430 4
33440 1
33450 0
33460 2
33470 0
33480 4
33490 7
33500 4
33510 6
33520 5
33530 4
33540 12
33550 12
33560 11
33570 7
33580 4
33590 11
33600 4
33610 13
33620 12
33630 9
33640 12
33650 15
33660 10
33670 14
33680 6
33690 11
33700 12
33710 13
33720 13
33730 9
33740 8
33750 10
33760 11
33770 11
33780 9
33790 9
33800 12
33810 11
33820 11
33830 14
33840 9
33850 11
33860 12
33870 12
33880 12
33890 12
33900 12
33910 12
33920 13
33930 12
33940 15
33950 6
33960 9
33970 8
33980 5
33990 10
34000 16
34010 10
34020 13
34030 7
34040 12
34050 7
34060 2
34070 7
34080 12
34090 13
34100 9
34110 13
34120 9
34130 10
34140 12
34150 10
34160 10
34170 11
34180 7
34190 7
34200 8
34210 5
34220 7
34230 9
34240 8
34250 7
34260 3
34270 4
34280 1
34290 2
34300 8
34310 2
34320 4
34330 3
34340 2
34350 0
34360 1
34370 7
34380 0
34390 0
34400 0
34410 2
34420 4
34430 5
34440 4
34450 4
34460 4
34470 7
34480 5
34490 4
34500 10
34510 7
34520 10
34530 10
34540 9
34550 10
34560 10
34570 7
34580 3
34590 7
34600 6
34610 7
34620 3
34630 5
34640 12
34650 11
34660 9
34670 11
34680 4
34690 8
34700 9
34710 5
34720 1
34730 7
34740 3
34750 6
34760 9
34770 3
34780 7
34790 4
34800 7
34810 9
34820 4
34830 6
34840 6
34850 11
34860 11
34870 8
34880 9
34890 10
34900 10
34910 12
34920 7
34930 10
34940 7
34950 8
34960 7
34970 11
34980 9
34990 12
35000 10
35010 9
35020 11
35030 6
35040 2
35050 9
35060 9
35070 4
35080 5
35090 6
35100 4
35110 6
35120 6
35130 8
35140 5
35150 9
35160 8
35170 5
35180 6
35190 0
35200 5
35210 1
35220 0
35230 0
35240 2
35250 4
35260 4
35270 7
35280 5
35290 6
35300 5
35310 1
35320 1
35330 7
35340 7
35350 2
35360 4
35370 7
35380 8
35390 2
35400 4
35410 3
35420 0
35430 1
35440 1
35450 7
35460 10
35470 14
35480 9
35490 12
35500 9
35510 13
35520 8
35530 13
35540 11
35550 11
35560 9
35570 3
35580 16
35590 13
35600 9
35610 11
35620 4
35630 2
35640 6
35650 13
35660 12
35670 13
35680 14
35690 13
35700 11
35710 11
35720 11
35730 11
35740 9
35750 9
35760 15
35770 8
35780 11
35790 11
35800 12
35810 12
35820 12
35830 11
35840 12
35850 8
35860 11
35870 9
35880 8
35890 9
35900 6
35910 10
35920 12
35930 12
35940 11
35950 3
35960 14
35970 10
35980 10
35990 13
36000 11
36010 14
36020 15
36030 18
36040 8
36050 17
36060 10
36070 10
36080 13
36090 6
36100 6
36110 6
36120 2
36130 16
36140 11
36150 13
36160 15
36170 13
36180 12
36190 5
36200 9
36210 12
36220 9
36230 13
36240 11
36250 8
36260 5
36270 12
36280 10
36290 2
36300 10
36310 6
36320 3
36330 4
36340 12
36350 3
36360 5
36370 1
36380 2
36390 6
36400 5
36410 4
36420 2
36430 6
36440 4
36450 6
36460 4
36470 9
36480 8
36490 8
36500 5
36510 5
36520 11
36530 5
36540 9
36550 4
36560 7
36570 10
36580 11
36590 9
36600 7
36610 6
36620 8
36630 8
36640 9
36650 9
36660 5
36670 7
36680 10
36690 11
36700 5
36710 9
36720 5
36730 6
36740 4
36750 8
36760 9
36770 8
36780 11
36790 10
36800 13
36810 9
36820 9
36830 8
36840 6
36850 12
36860 8
36870 3
36880 8
36890 10
36900 6
36910 9
36920 7
36930 8
36940 5
36950 7
36960 9
36970 9
36980 11
36990 8
37000 10
37010 8
37020 5
37030 10
37040 4
37050 8
37060 8
37070 10
37080 5
37090 12
37100 7
37110 9
37120 6
37130 9
37140 10
37150 11
37160 7
37170 6
37180 8
37190 10
37200 8
37210 10
37220 12
37230 6
37240 8
37250 0
37260 5
37270 4
37280 11
37290 10
37300 10
37310 11
37320 0
37330 2
37340 2
37350 0
37360 0
37370 0
37380 2
37390 0
37400 0
37410 0
37420 0
37430 1
37440 1
37450 0
37460 3
37470 4
37480 8
37490 10
37500 10
37510 5
37520 7
37530 3
37540 6
37550 3
37560 1
37570 10
37580 6
37590 4
37600 10
37610 10
37620 8
37630 6
37640 2
37650 3
37660 11
37670 6
37680 1
37690 3
37700 7
37710 6
37720 9
37730 6
37740 5
37750 5
37760 10
37770 6
37780 2
37790 4
37800 9
37810 11
37820 5
37830 5
37840 6
37850 5
37860 6
37870 9
37880 8
37890 7
37900 5
37910 5
37920 6
37930 6
37940 6
37950 4
37960 2
37970 5
37980 8
37990 2
38000 2
38010 5
38020 2
38030 5
38040 4
38050 2
38060 4
38070 0
38080 3
38090 3
38100 6
38110 8
38120 6
38130 7
38140 6
38150 1
38160 7
38170 5
38180 11
38190 5
38200 11
38210 7
38220 1
38230 3
38240 6
38250 6
38260 4
38270 8
38280 2
38290 4
38300 2
38310 7
38320 2
38330 3
38340 5
38350 2
38360 6
38370 4
38380 7
38390 6
38400 5
38410 1
38420 2
38430 3
38440 3
38450 2
38460 2
38470 8
38480 4
38490 8
38500 4
38510 1
38520 8
38530 5
38540 4
38550 8
38560 4
38570 5
38580 2
38590 7
38600 4
38610 4
38620 7
38630 6
38640 4
38650 0
38660 4
38670 3
38680 2
38690 3
38700 10
38710 10
38720 0
38730 6
38740 4
38750 10
38760 10
38770 14
38780 12
38790 12
38800 14
38810 7
38820 8
38830 10
38840 11
38850 15
38860 14
38870 8
38880 8
38890 8
38900 12
38910 12
38920 13
38930 9
38940 14
38950 9
38960 8
38970 16
38980 7
38990 11
39000 11
39010 13
39020 11
39030 11
39040 6
39050 8
39060 13
39070 10
39080 10
39090 11
39100 10
39110 6
39120 0
39130 4
39140 8
39150 13
39160 14
39170 11
39180 12
39190 7
39200 1
39210 14
39220 14
39230 6
39240 11
39250 8
39260 13
39270 10
39280 12
39290 4
39300 6
39310 2
39320 7
39330 10
39340 10
39350 10
39360 11
39370 9
39380 8
39390 11
39400 7
39410 10
39420 6
39430 8
39440 10
39450 10
39460 9
39470 9
39480 3
39490 9
39500 7
39510 9
39520 5
39530 11
39540 13
39550 14
39560 14
39570 11
39580 8
39590 13
39600 14
39610 13
39620 12
39630 11
39640 11
39650 6
39660 5
39670 13
39680 7
39690 13
39700 12
39710 14
39720 12
39730 8
39740 8
39750 7
39760 9
39770 10
39780 11
39790 11
39800 12
39810 13
39820 5
39830 5
39840 3
39850 5
39860 12
39870 10
39880 11
39890 7
39900 8
39910 6
39920 8
39930 10
39940 14
39950 8
39960 9
39970 11
39980 6
39990 7
40000 8
40010 6
40020 3
40030 11
40040 7
40050 9
40060 11
40070 11
40080 14
40090 11
40100 12
40110 17
40120 15
40130 10
40140 12
40150 9
40160 11
40170 12
40180 11
40190 7
40200 11
40210 14
40220 9
40230 12
40240 11
40250 5
40260 12
40270 14
40280 8
40290 8
40300 8
40310 8
40320 9
40330 13
40340 9
40350 11
40360 10
40370 12
40380 7
40390 17
40400 15
40410 7
40420 16
40430 15
40440 16
40450 10
40460 12
40470 9
40480 8
40490 6
40500 7
40510 11
40520 3
40530 11
40540 1
40550 7
40560 2
40570 1
40580 1
40590 7
40600 9
40610 3
40620 8
40630 9
40640 16
40650 5
40660 8
40670 5
40680 4
40690 6
40700 6
40710 8
40720 2
40730 9
40740 7
40750 4
40760 8
40770 10
40780 1
40790 1
40800 0
40810 2
40820 6
40830 3
40840 9
40850 3
40860 6
40870 8
40880 6
40890 5
40900 3
40910 3
40920 7
40930 5
40940 6
40950 3
40960 7
40970 10
40980 5
40990 5
41000 10
41010 5
41020 7
41030 8
41040 7
41050 8
41060 2
41070 6
41080 2
41090 2
41100 2
41110 3
41120 1
41130 4
41140 2
41150 2
41160 3
41170 2
41180 2
41190 2
41200 0
41210 2
41220 3
41230 2
41240 0
41250 0
41260 0
41270 0
41280 0
41290 0
41300 0
41310 0
41320 0
41330 0
41340 0
41350 0
41360 0
41370 0
41380 0
41390 0
41400 0
41410 0
41420 0
41430 0
41440 0
41450 0
41460 0
41470 0
41480 0
41490 0
41500 0
41510 0
41520 0
41530 0
41540 0
41550 0
41560 0
41570 0
41580 0
41590 0
41600 0
41610 0
41620 0
41630 0
41640 0
41650 0
41660 0
41670 0
41680 0
41690 0
41700 0
41710 0
41720 0
41730 0
41740 0
41750 0
41760 0
41770 0
41780 0
41790 0
41800 0
41810 0
41820 0
41830 0
41840 0
41850 0
41860 0
41870 0
41880 0
41890 0
41900 0
41910 0
41920 0
41930 0
41940 0
41950 0
41960 0
41970 0
41980 0
41990 0
42000 0
42010 0
42020 0
42030 0
42040 0
42050 0
42060 0
42070 0
42080 0
42090 0
42100 0
42110 0
42120 0
42130 0
42140 0
42150 0
42160 0
42170 0
42180 0
42190 0
42200 0
42210 0
42220 0
42230 0
42240 0
42250 0
42260 0
42270 0
42280 0
42290 0
42300 0
42310 0
42320 0
42330 0
42340 0
42350 0
42360 0
42370 0
42380 0
42390 1
42400 0
42410 0
42420 0
42430 0
42440 0
42450 0
42460 0
42470 0
42480 0
42490 0
42500 0
42510 0
42520 0
42530 0
42540 0
42550 0
42560 0
42570 0
42580 0
42590 0
42600 0
42610 3
42620 3
42630 4
42640 2
42650 2
42660 1
42670 0
42680 1
42690 0
42700 0
42710 0
42720 0
42730 0
42740 0
42750 0
42760 0
42770 0
42780 0
42790 0
42800 0
42810 0
42820 0
42830 0
42840 0
42850 0
42860 0
42870 0
42880 0
42890 0
42900 1
42910 0
42920 0
42930 0
42940 0
42950 0
42960 0
42970 0
42980 0
42990 0
43000 0
43010 0
43020 0
43030 0
43040 0
43050 0
43060 0
43070 0
43080 0
43090 0
43100 0
43110 0
43120 0
43130 0
43140 0
43150 0
43160 0
43170 0
43180 0
43190 0
43200 0
43210 0
43220 0
43230 0
43240 0
43250 0
43260 0
43270 0
43280 0
43290 0
43300 0
43310 0
43320 0
43330 0
43340 0
43350 0
43360 0
43370 2
43380 2
43390 2
43400 3
43410 9
43420 5
43430 10
43440 0
43450 1
43460 0
43470 0
43480 4
43490 0
43500 1
43510 0
43520 0
43530 0
43540 0
43550 0
43560 0
43570 0
43580 0
43590 0
43600 0
43610 0
43620 0
43630 1
43640 0
43650 0
43660 0
43670 0
43680 0
43690 0
43700 0
43710 0
43720 0
43730 0
43740 0
43750 0
43760 0
43770 0
43780 0
43790 0
43800 0
43810 0
43820 0
43830 0
43840 0
43850 0
43860 0
43870 0
43880 0
43890 0
43900 0
43910 0
43920 0
43930 0
43940 0
43950 0
43960 0
43970 0
43980 0
43990 0
44000 0
44010 0
44020 0
44030 0
44040 0
44050 0
44060 0
44070 0
44080 0
44090 0
44100 0
44110 0
44120 0
44130 0
44140 0
44150 0
44160 0
44170 0
44180 0
44190 0
44200 0
44210 0
44220 0
44230 0
44240 0
44250 0
44260 0
44270 0
44280 0
44290 0
44300 0
44310 0
44320 0
44330 0
44340 0
44350 0
44360 0
44370 0
44380 0
44390 0
44400 0
44410 0
44420 0
44430 0
44440 0
44450 0
44460 0
44470 0
44480 0
44490 0
44500 0
44510 0
44520 0
44530 0
44540 0
44550 0
44560 0
44570 0
44580 0
44590 0
44600 0
44610 0
44620 0
44630 0
44640 0
44650 0
44660 0
44670 0
44680 0
44690 0
44700 0
44710 0
44720 0
44730 0
44740 0
44750 0
44760 0
44770 0
44780 0
44790 0
44800 0
44810 0
44820 0
44830 0
44840 0
44850 0
44860 0
44870 0
44880 0
44890 0
44900 0
44910 0
44920 0
44930 0
44940 0
44950 0
44960 0
44970 0
44980 0
44990 0
45000 0
45010 0
45020 0
45030 0
45040 0
45050 0
45060 0
45070 0
45080 0
45090 0
45100 0
45110 0
45120 0
45130 0
45140 0
45150 0
45160 0
45170 0
45180 0
45190 0
45200 0
45210 0
45220 0
45230 0
45240 0
45250 0
45260 0
45270 0
45280 0
45290 0
45300 0
45310 0
45320 0
45330 0
45340 0
45350 0
45360 0
45370 0
45380 0
45390 0
45400 0
45410 0
45420 0
45430 0
45440 0
45450 0
45460 0
45470 0
45480 0
45490 0
45500 0
45510 0
45520 0
45530 0
45540 0
45550 0
45560 0
45570 0
45580 0
45590 0
45600 0
45610 0
45620 1
45630 0
45640 0
45650 0
45660 0
45670 0
45680 0
45690 0
45700 1
45710 0
45720 2
45730 1
45740 2
45750 1
45760 1
45770 3
45780 0
45790 1
45800 1
45810 2
45820 0
45830 3
45840 1
45850 1
45860 2
45870 1
45880 15
45890 7
45900 5
45910 11
45920 8
45930 3
45940 5
45950 5
45960 1
45970 0
45980 2
45990 2
46000 8
46010 7
46020 9
46030 1
46040 7
46050 10
46060 11
46070 19
46080 9
46090 16
46100 21
46110 10
46120 18
46130 16
46140 15
46150 13
46160 7
46170 14
46180 13
46190 13
46200 21
46210 18
46220 15
46230 8
46240 4
46250 0
46260 0
46270 1
46280 3
46290 0
46300 1
46310 4
46320 6
46330 0
46340 1
46350 0
46360 0
46370 0
46380 0
46390 0
46400 0
46410 0
46420 0
46430 0
46440 0
46450 0
46460 0
46470 1
46480 0
46490 0
46500 0
46510 0
46520 0
46530 0
46540 0
46550 0
46560 0
46570 0
46580 0
46590 0
46600 0
46610 0
46620 0
46630 0
46640 0
46650 0
46660 0
46670 0
46680 0
46690 0
46700 0
46710 0
46720 0
46730 0
46740 0
46750 0
46760 0
46770 0
46780 0
46790 0
46800 0
46810 0
46820 0
46830 2
46840 0
46850 0
46860 0
46870 0
46880 0
46890 0
46900 1
46910 0
46920 0
46930 0
46940 0
46950 0
46960 0
46970 0
46980 0
46990 0
47000 0
47010 0
47020 0
47030 0
47040 0
47050 0
47060 0
47070 0
47080 0
47090 0
47100 0
47110 0
47120 0
47130 0
47140 0
47150 0
47160 0
47170 0
47180 0
47190 0
47200 0
47210 0
47220 0
47230 1
47240 0
47250 0
47260 0
47270 0
47280 0
47290 0
47300 0
47310 0
47320 0
47330 0
47340 0
47350 0
47360 0
47370 0
47380 0
47390 0
47400 0
47410 0
47420 0
47430 0
47440 0
47450 0
47460 0
47470 0
47480 0
47490 0
47500 0
47510 0
47520 0
47530 0
47540 0
47550 0
47560 0
47570 0
47580 0
47590 0
47600 0
47610 0
47620 0
47630 0
47640 1
47650 1
47660 1
47670 0
47680 0
47690 0
47700 0
47710 0
47720 0
47730 0
47740 0
47750 0
47760 0
47770 0
47780 0
47790 0
47800 0
47810 0
47820 0
47830 0
47840 0
47850 0
47860 0
47870 0
47880 0
47890 0
47900 0
47910 0
47920 0
47930 0
47940 0
47950 0
47960 0
47970 0
47980 0
47990 0
48000 0
48010 0
48020 0
48030 0
48040 0
48050 0
48060 0
48070 0
48080 0
48090 0
48100 0
48110 0
48120 0
48130 0
48140 0
48150 0
48160 0
48170 0
48180 0
48190 0
48200 0
48210 0
48220 0
48230 0
48240 0
48250 0
48260 0
48270 0
48280 0
48290 0
48300 0
48310 0
48320 0
48330 0
48340 0
48350 0
48360 0
48370 0
48380 0
48390 0
48400 0
48410 0
48420 0
48430 0
48440 0
48450 0
48460 1
48470 0
48480 0
48490 0
48500 0
48510 0
48520 0
48530 0
48540 0
48550 0
48560 0
48570 0
48580 0
48590 0
48600 0
48610 0
48620 0
48630 0
48640 0
48650 0
48660 0
48670 0
48680 0
48690 0
48700 0
48710 0
48720 0
48730 0
48740 0
48750 0
48760 0
48770 0
48780 0
48790 0
48800 0
48810 0
48820 0
48830 0
48840 0
48850 0
48860 0
48870 0
48880 0
48890 0
48900 0
48910 0
48920 0
48930 0
48940 0
48950 0
48960 0
48970 0
48980 0
48990 0
49000 0
49010 0
49020 0
49030 0
49040 0
49050 0
49060 0
49070 0
49080 0
49090 0
49100 0
49110 0
49120 0
49130 0
49140 0
49150 0
49160 0
49170 0
49180 0
49190 0
49200 0
49210 0
49220 0
49230 0
49240 0
49250 0
49260 0
49270 0
49280 0
49290 0
49300 0
49310 0
49320 0
49330 0
49340 0
49350 0
49360 0
49370 0
49380 1
49390 1
49400 1
49410 0
49420 0
49430 0
49440 0
49450 0
49460 0
49470 0
49480 0
49490 0
49500 0
49510 0
49520 0
49530 0
49540 0
49550 0
49560 0
49570 0
49580 0
49590 0
49600 0
49610 0
49620 0
49630 1
49640 0
49650 0
49660 1
49670 0
49680 0
49690 0
49700 0
49710 0
49720 0
49730 0
49740 0
49750 0
49760 0
49770 0
49780 0
49790 0
49800 0
49810 0
49820 0
49830 0
49840 0
49850 0
49860 0
49870 0
49880 0
49890 0
49900 0
49910 0
49920 0
49930 0
49940 0
49950 0
49960 0
49970 0
49980 0
49990 0
50000 0
50010 0
50020 0
50030 0
50040 0
50050 0
50060 0
50070 1
50080 0
50090 1
50100 0
50110 0
50120 0
50130 0
50140 0
50150 0
50160 0
50170 0
50180 0
50190 0
50200 0
50210 0
50220 0
50230 0
50240 0
50250 0
50260 0
50270 0
50280 0
50290 0
50300 0
50310 0
50320 0
50330 1
50340 4
50350 2
50360 3
50370 4
50380 2
50390 2
50400 0
50410 5
50420 2
50430 6
50440 4
50450 3
50460 3
50470 0
50480 4
50490 1
50500 3
50510 1
50520 4
50530 6
50540 2
50550 1
50560 2
50570 2
50580 4
50590 5
50600 0
50610 1
50620 4
50630 2
50640 2
50650 5
50660 17
50670 5
50680 4
50690 3
50700 5
50710 2
50720 1
50730 8
50740 3
50750 0
50760 4
50770 5
50780 4
50790 0
50800 10
50810 11
50820 1
50830 3
50840 0
50850 0
50860 0
50870 0
50880 0
50890 0
50900 0
50910 0
50920 0
50930 0
50940 0
50950 0
50960 0
50970 0
50980 0
50990 0
51000 0
51010 0
51020 0
51030 0
51040 0
51050 0
51060 0
51070 0
51080 0
51090 0
51100 0
51110 0
51120 0
51130 0
51140 0
51150 0
51160 0
51170 0
51180 0
51190 0
51200 0
51210 0
51220 0
51230 0
51240 0
51250 0
51260 0
51270 0
51280 0
51290 0
51300 0
51310 0
51320 0
51330 0
51340 0
51350 0
51360 0
51370 0
51380 0
51390 0
51400 0
51410 0
51420 0
51430 0
51440 0
51450 0
51460 0
51470 0
51480 0
51490 0
51500 0
51510 0
51520 0
51530 0
51540 0
51550 0
51560 0
51570 0
51580 0
51590 0
51600 0
51610 0
51620 0
51630 0
51640 0
51650 0
51660 0
51670 0
51680 2
51690 5
51700 4
51710 6
51720 9
51730 2
51740 0
51750 0
51760 3
51770 1
51780 0
51790 0
51800 0
51810 0
51820 0
51830 0
51840 0
51850 0
51860 0
51870 0
51880 0
51890 0
51900 0
51910 0
51920 0
51930 0
51940 0
51950 0
51960 0
51970 0
51980 0
51990 1
52000 0
52010 0
52020 0
52030 0
52040 0
52050 0
52060 0
52070 0
52080 0
52090 0
52100 0
52110 0
52120 0
52130 0
52140 0
52150 0
52160 0
52170 0
52180 0
52190 0
52200 0
52210 0
52220 0
52230 0
52240 0
52250 0
52260 0
52270 0
52280 0
52290 0
52300 0
52310 0
52320 0
52330 0
52340 0
52350 0
52360 0
52370 0
52380 0
52390 0
52400 0
52410 0
52420 0
52430 0
52440 0
52450 0
52460 0
52470 0
52480 0
52490 0
52500 0
52510 0
52520 0
52530 0
52540 0
52550 0
52560 0
52570 0
52580 0
52590 0
52600 0
52610 0
52620 0
52630 0
52640 0
52650 0
52660 0
52670 0
52680 0
52690 0
52700 0
52710 0
52720 0
52730 0
52740 0
52750 0
52760 0
52770 0
52780 0
52790 0
52800 0
52810 0
52820 0
52830 0
52840 0
52850 0
52860 0
52870 0
52880 0
52890 0
52900 0
52910 0
52920 0
52930 0
52940 0
52950 0
52960 0
52970 0
52980 0
52990 0
53000 0
53010 0
53020 0
53030 0
53040 0
53050 0
53060 0
53070 0
53080 0
53090 0
53100 0
53110 0
53120 0
53130 0
53140 0
53150 0
53160 0
53170 0
53180 0
53190 0
53200 0
53210 4
53220 5
53230 7
53240 0
53250 6
53260 8
53270 10
53280 4
53290 8
53300 7
53310 6
53320 6
53330 1
53340 3
53350 5
53360 6
53370 7
53380 4
53390 3
53400 1
53410 2
53420 0
53430 0
53440 0
53450 0
53460 0
53470 0
53480 0
53490 0
53500 0
53510 0
53520 0
53530 0
53540 0
53550 0
53560 0
53570 0
53580 0
53590 0
53600 0
53610 0
53620 0
53630 0
53640 0
53650 0
53660 0
53670 0
53680 0
53690 0
53700 0
53710 0
53720 0
53730 0
53740 0
53750 0
53760 0
53770 0
53780 0
53790 0
53800 0
53810 0
53820 0
53830 0
53840 0
53850 0
53860 0
53870 0
53880 0
53890 0
53900 0
53910 0
53920 0
53930 0
53940 0
53950 0
53960 0
53970 0
53980 0
53990 0
54000 0
54010 0
54020 0
54030 0
54040 0
54050 0
54060 0
54070 0
54080 0
54090 0
54100 0
54110 0
54120 0
54130 0
54140 0
54150 0
54160 0
54170 0
54180 0
54190 0
54200 0
54210 0
54220 0
54230 0
54240 0
54250 0
54260 0
54270 0
54280 0
54290 0
54300 0
54310 0
54320 0
54330 0
54340 0
54350 0
54360 0
54370 0
54380 0
54390 0
54400 0
54410 0
54420 0
54430 0
54440 0
54450 0
54460 0
54470 0
54480 0
54490 0
54500 0
54510 0
54520 0
54530 0
54540 0
54550 0
54560 0
54570 0
54580 0
54590 0
54600 0
54610 0
54620 0
54630 0
54640 0
54650 0
54660 0
54670 0
54680 0
54690 0
54700 0
54710 0
54720 0
54730 0
54740 0
54750 0
54760 0
54770 0
54780 0
54790 0
54800 0
54810 0
54820 0
54830 0
54840 0
54850 0
54860 0
54870 0
54880 0
54890 0
54900 0
54910 0
54920 0
54930 0
54940 0
54950 0
54960 0
54970 0
54980 0
54990 0
55000 0
55010 0
55020 0
55030 0
55040 0
55050 0
55060 0
55070 0
55080 0
55090 0
55100 0
55110 0
55120 0
55130 0
55140 0
55150 0
55160 0
55170 0
55180 0
55190 0
55200 0
55210 0
55220 0
55230 0
55240 0
55250 0
55260 0
55270 0
55280 0
55290 0
55300 0
55310 0
55320 0
55330 0
55340 0
55350 0
55360 0
55370 0
55380 0
55390 0
55400 0
55410 0
55420 0
55430 0
55440 0
55450 0
55460 0
55470 0
55480 0
55490 0
55500 0
55510 0
55520 0
55530 0
55540 0
55550 0
55560 0
55570 0
55580 0
55590 0
55600 0
55610 0
55620 0
55630 0
55640 0
55650 0
55660 0
55670 0
55680 0
55690 0
55700 0
55710 0
55720 0
55730 0
55740 0
55750 0
55760 0
55770 0
55780 0
55790 0
55800 0
55810 0
55820 0
55830 0
55840 0
55850 0
55860 0
55870 0
55880 0
55890 0
55900 0
55910 0
55920 0
55930 0
55940 0
55950 0
55960 0
55970 0
55980 0
55990 0
56000 0
56010 0
56020 0
56030 0
56040 0
56050 0
56060 0
56070 0
56080 0
56090 0
56100 0
56110 0
56120 0
56130 0
56140 0
56150 0
56160 0
56170 0
56180 0
56190 0
56200 0
56210 1
56220 0
56230 0
56240 0
56250 1
56260 1
56270 0
56280 0
56290 0
56300 0
56310 1
56320 0
56330 0
56340 0
56350 0
56360 0
56370 0
56380 0
56390 0
56400 0
56410 0
56420 0
56430 0
56440 0
56450 0
56460 0
56470 0
56480 0
56490 0
56500 0
56510 0
56520 0
56530 0
56540 0
56550 0
56560 0
56570 0
56580 0
56590 0
56600 0
56610 0
56620 0
56630 0
56640 0
56650 0
56660 0
56670 0
56680 0
56690 0
56700 0
56710 0
56720 0
56730 0
56740 0
56750 0
56760 0
56770 0
56780 0
56790 0
56800 0
56810 0
56820 0
56830 0
56840 0
56850 0
56860 0
56870 1
56880 0
56890 0
56900 1
56910 0
56920 0
56930 0
56940 0
56950 0
56960 0
56970 0
56980 0
56990 0
57000 0
57010 0
57020 0
57030 0
57040 2
57050 0
57060 0
57070 0
57080 0
57090 0
57100 0
57110 0
57120 0
57130 0
57140 1
57150 0
57160 0
57170 0
57180 1
57190 0
57200 0
57210 0
57220 1
57230 0
57240 0
57250 0
57260 0
57270 0
57280 0
57290 0
57300 0
57310 0
57320 0
57330 0
57340 0
57350 0
57360 0
57370 0
57380 0
57390 0
57400 0
57410 0
57420 0
57430 0
57440 0
57450 0
57460 0
57470 0
57480 0
57490 0
57500 0
57510 0
57520 0
57530 0
57540 0
57550 0
57560 0
57570 0
57580 0
57590 0
57600 0
57610 0
57620 0
57630 0
57640 0
57650 0
57660 0
57670 0
57680 0
57690 0
57700 0
57710 0
57720 0
57730 0
57740 0
57750 0
57760 0
57770 0
57780 0
57790 0
57800 0
57810 0
57820 0
57830 0
57840 0
57850 0
57860 0
57870 0
57880 0
57890 0
57900 0
57910 0
57920 0
57930 0
57940 0
57950 0
57960 0
57970 0
57980 0
57990 0
58000 0
58010 0
58020 0
58030 0
58040 0
58050 0
58060 0
58070 0
58080 0
58090 0
58100 0
58110 0
58120 0
58130 0
58140 0
58150 0
58160 0
58170 0
58180 0
58190 0
58200 0
58210 0
58220 0
58230 0
58240 0
58250 0
58260 0
58270 0
58280 0
58290 0
58300 0
58310 0
58320 0
58330 0
58340 0
58350 0
58360 0
58370 0
58380 0
58390 0
58400 0
58410 0
58420 0
58430 0
58440 0
58450 0
58460 0
58470 0
58480 0
58490 0
58500 0
58510 0
58520 0
58530 0
58540 0
58550 0
58560 0
58570 0
58580 0
58590 0
58600 0
58610 0
58620 0
58630 0
58640 0
58650 0
58660 0
58670 0
58680 0
58690 0
58700 0
58710 0
58720 0
58730 0
58740 0
58750 0
58760 0
58770 0
58780 0
58790 0
58800 0
58810 0
58820 0
58830 0
58840 0
58850 0
58860 0
58870 0
58880 0
58890 0
58900 0
58910 0
58920 0
58930 0
58940 0
58950 0
58960 0
58970 0
58980 0
58990 0
59000 0
59010 0
59020 0
59030 0
59040 0
59050 0
59060 0
59070 0
59080 0
59090 0
59100 0
59110 0
59120 0
59130 0
59140 0
59150 0
59160 0
59170 0
59180 0
59190 0
59200 0
59210 0
59220 0
59230 0
59240 0
59250 0
59260 0
59270 0
59280 0
59290 0
59300 0
59310 0
59320 0
59330 0
59340 0
59350 0
59360 0
59370 0
59380 0
59390 0
59400 0
59410 0
59420 0
59430 0
59440 0
59450 0
59460 0
59470 0
59480 0
59490 0
59500 0
59510 0
59520 0
59530 0
59540 0
59550 0
59560 0
59570 0
59580 0
59590 0
59600 0
59610 0
59620 0
59630 0
59640 0
59650 0
59660 0
59670 0
59680 0
59690 0
59700 0
59710 0
59720 0
59730 0
59740 0
59750 0
59760 0
59770 0
59780 0
59790 0
59800 0
59810 0
59820 0
59830 0
59840 0
59850 0
59860 0
59870 0
59880 0
59890 0
59900 0
59910 0
59920 0
59930 0
59940 0
59950 0
59960 0
59970 0
59980 0
59990 0
60000 0
60010 0
60020 0
60030 0
60040 0
60050 0
60060 0
60070 0
60080 0
60090 0
60100 0
60110 0
60120 0
60130 0
60140 0
60150 0
60160 0
60170 0
60180 0
60190 0
60200 0
60210 0
60220 0
60230 0
60240 0
60250 0
60260 0
60270 0
60280 0
60290 0
60300 0
60310 0
60320 0
60330 0
60340 0
60350 0
60360 0
60370 0
60380 0
60390 0
60400 0
60410 0
60420 0
60430 0
60440 0
60450 0
60460 0
60470 0
60480 0
60490 0
60500 0
60510 0
60520 0
60530 0
60540 0
60550 0
60560 0
60570 0
60580 0
60590 0
60600 0
60610 0
60620 0
60630 0
60640 0
60650 0
60660 0
60670 0
60680 0
60690 0
60700 0
60710 0
60720 0
60730 0
60740 0
60750 0
60760 0
60770 0
60780 0
60790 0
60800 0
60810 0
60820 0
60830 0
60840 0
60850 0
60860 0
60870 0
60880 0
60890 0
60900 0
60910 0
60920 0
60930 0
60940 0
60950 0
60960 0
60970 0
60980 0
60990 0
61000 0
61010 0
61020 0
61030 0
61040 0
61050 0
61060 0
61070 0
61080 0
61090 0
61100 0
61110 0
61120 0
61130 0
61140 0
61150 0
61160 0
61170 0
61180 0
61190 0
61200 0
61210 0
61220 0
61230 0
61240 0
61250 0
61260 0
61270 0
61280 0
61290 0
61300 0
61310 0
61320 0
61330 0
61340 0
61350 0
61360 0
61370 0
61380 0
61390 0
61400 0
61410 0
61420 0
61430 0
61440 0
61450 0
61460 0
61470 0
61480 0
61490 0
61500 0
61510 0
61520 0
61530 0
61540 0
61550 0
61560 0
61570 0
61580 0
61590 0
61600 0
61610 0
61620 0
61630 0
61640 0
61650 0
61660 0
61670 0
61680 0
61690 0
61700 0
61710 0
61720 0
61730 0
61740 0
61750 0
61760 0
61770 0
61780 0
61790 0
61800 0
61810 0
61820 0
61830 0
61840 0
61850 0
61860 0
61870 0
61880 0
61890 0
61900 0
61910 0
61920 0
61930 0
61940 0
61950 0
61960 0
61970 0
61980 0
61990 0
62000 0
62010 0
62020 0
62030 0
62040 0
62050 0
62060 0
62070 0
62080 0
62090 0
62100 0
62110 0
62120 0
62130 0
62140 0
62150 0
62160 0
62170 0
62180 0
62190 0
62200 0
62210 0
62220 0
62230 0
62240 0
62250 0
62260 0
62270 0
62280 0
62290 0
62300 0
62310 0
62320 0
62330 0
62340 0
62350 0
62360 0
62370 0
62380 0
62390 0
62400 0
62410 0
62420 0
62430 0
62440 0
62450 0
62460 0
62470 0
62480 0
62490 0
62500 0
62510 0
62520 0
62530 0
62540 0
62550 0
62560 0
62570 0
62580 0
62590 0
62600 0
62610 0
62620 0
62630 0
62640 0
62650 0
62660 0
62670 0
62680 0
62690 0
62700 0
62710 0
62720 0
62730 0
62740 0
62750 0
62760 0
62770 0
62780 0
62790 0
62800 0
62810 0
62820 0
62830 0
62840 0
62850 0
62860 0
62870 0
62880 0
62890 0
62900 0
62910 0
62920 0
62930 0
62940 0
62950 0
62960 0
62970 0
62980 0
62990 0
63000 0
63010 0
63020 0
63030 0
63040 0
63050 0
63060 0
63070 0
63080 0
63090 0
63100 0
63110 0
63120 0
63130 0
63140 0
63150 0
63160 0
63170 0
63180 0
63190 0
63200 0
63210 0
63220 0
63230 0
63240 0
63250 0
63260 0
63270 0
63280 0
63290 0
63300 0
63310 0
63320 0
63330 0
63340 0
63350 0
63360 0
63370 0
63380 0
63390 0
63400 0
63410 0
63420 0
63430 0
63440 0
63450 0
63460 0
63470 0
63480 0
63490 0
63500 0
63510 0
63520 0
63530 0
63540 0
63550 0
63560 0
63570 0
63580 0
63590 0
63600 0
63610 0
63620 0
63630 0
63640 0
63650 0
63660 0
63670 0
63680 0
63690 0
63700 0
63710 0
63720 0
63730 0
63740 0
63750 0
63760 0
63770 0
63780 0
63790 0
63800 0
63810 0
63820 0
63830 0
63840 0
63850 0
63860 0
63870 0
63880 0
63890 0
63900 0
63910 0
63920 0
63930 0
63940 0
63950 0
63960 0
63970 0
63980 0
63990 0
64000 0
64010 0
64020 0
64030 0
64040 0
64050 0
64060 0
64070 0
64080 0
64090 0
64100 0
64110 0
64120 0
64130 0
64140 0
64150 0
64160 0
64170 0
64180 0
64190 0
64200 0
64210 0
64220 0
64230 0
64240 0
64250 0
64260 0
64270 0
64280 0
64290 0
64300 0
64310 0
64320 0
64330 0
64340 0
64350 0
64360 0
64370 0
64380 0
64390 0
64400 0
64410 0
64420 0
64430 0
64440 0
64450 0
64460 0
64470 0
64480 0
64490 0
64500 0
64510 0
64520 0
64530 0
64540 0
64550 0
64560 0
64570 0
64580 0
64590 0
64600 0
64610 0
64620 0
64630 0
64640 0
64650 0
64660 0
64670 0
64680 0
64690 0
64700 0
64710 0
64720 0
64730 0
64740 0
64750 0
64760 0
64770 0
64780 0
64790 0
64800 0
64810 0
64820 0
64830 0
64840 0
64850 0
64860 0
64870 0
64880 0
64890 0
64900 0
64910 0
64920 0
64930 0
64940 0
64950 0
64960 0
64970 0
64980 0
64990 0
65000 0
65010 0
65020 0
65030 0
65040 0
65050 0
65060 0
65070 0
65080 0
65090 0
65100 0
65110 0
65120 0
65130 0
65140 0
65150 0
65160 0
65170 0
65180 0
65190 0
65200 0
65210 0
65220 0
65230 0
65240 0
65250 0
65260 0
65270 0
65280 0
65290 0
65300 0
65310 0
65320 0
65330 0
65340 0
65350 0
65360 0
65370 0
65380 0
65390 0
65400 0
65410 0
65420 0
65430 0
65440 0
65450 0
65460 0
65470 0
65480 0
65490 0
65500 0
65510 0
65520 0
65530 0
65540 0
65550 0
65560 0
65570 0
65580 0
65590 0
65600 0
65610 0
65620 0
65630 0
65640 0
65650 0
65660 0
65670 0
65680 0
65690 0
65700 0
65710 0
65720 0
65730 0
65740 0
65750 0
65760 0
65770 0
65780 0
65790 0
65800 0
65810 0
65820 0
65830 0
65840 0
65850 0
65860 0
65870 0
65880 0
65890 0
65900 0
65910 0
65920 0
65930 0
65940 0
65950 0
65960 0
65970 0
65980 0
65990 0
66000 0
66010 0
66020 0
66030 0
66040 0
66050 0
66060 0
66070 0
66080 0
66090 0
66100 0
66110 0
66120 0
66130 0
66140 0
66150 0
66160 0
66170 0
66180 0
66190 0
66200 0
66210 0
66220 0
66230 0
66240 0
66250 0
66260 0
66270 0
66280 0
66290 0
66300 0
66310 0
66320 0
66330 0
66340 0
66350 0
66360 0
66370 0
66380 0
66390 0
66400 0
66410 0
66420 0
66430 0
66440 0
66450 0
66460 0
66470 0
66480 0
66490 0
66500 0
66510 0
66520 0
66530 0
66540 0
66550 0
66560 0
66570 0
66580 0
66590 0
66600 0
66610 0
66620 0
66630 0
66640 0
66650 0
66660 0
66670 0
66680 0
66690 0
66700 0
66710 0
66720 0
66730 0
66740 0
66750 0
66760 0
66770 0
66780 0
66790 0
66800 0
66810 0
66820 0
66830 0
66840 0
66850 0
66860 0
66870 0
66880 0
66890 0
66900 0
66910 0
66920 0
66930 0
66940 0
66950 0
66960 0
66970 0
66980 0
66990 0
67000 0
67010 0
67020 0
67030 0
67040 0
67050 0
67060 0
67070 0
67080 0
67090 0
67100 0
67110 0
67120 0
67130 0
67140 0
67150 0
67160 0
67170 0
67180 0
67190 0
67200 0
67210 0
67220 0
67230 0
67240 0
67250 0
67260 0
67270 1
67280 1
67290 0
67300 0
67310 4
67320 0
67330 0
67340 0
67350 0
67360 1
67370 0
67380 0
67390 0
67400 0
67410 0
67420 0
67430 0
67440 0
67450 0
67460 0
67470 0
67480 0
67490 1
67500 0
67510 0
67520 0
67530 0
67540 0
67550 0
67560 0
67570 0
67580 0
67590 0
67600 0
67610 0
67620 0
67630 0
67640 0
67650 0
67660 0
67670 0
67680 0
67690 0
67700 0
67710 0
67720 0
67730 1
67740 4
67750 0
67760 0
67770 0
67780 1
67790 0
67800 0
67810 1
67820 0
67830 0
67840 0
67850 0
67860 0
67870 0
67880 0
67890 0
67900 3
67910 0
67920 0
67930 0
67940 0
67950 0
67960 0
67970 0
67980 0
67990 0
68000 0
68010 0
68020 0
68030 0
68040 0
68050 0
68060 0
68070 0
68080 0
68090 0
68100 0
68110 0
68120 0
68130 0
68140 0
68150 0
68160 0
68170 0
68180 0
68190 0
68200 0
68210 0
68220 0
68230 0
68240 0
68250 0
68260 0
68270 0
68280 0
68290 0
68300 0
68310 0
68320 0
68330 0
68340 0
68350 0
68360 0
68370 0
68380 0
68390 0
68400 0
68410 0
68420 0
68430 0
68440 0
68450 0
68460 0
68470 0
68480 0
68490 0
68500 0
68510 0
68520 0
68530 0
68540 0
68550 0
68560 0
68570 0
68580 0
68590 0
68600 0
68610 0
68620 0
68630 0
68640 0
68650 0
68660 0
68670 0
68680 0
68690 0
68700 0
68710 0
68720 0
68730 0
68740 0
68750 0
68760 0
68770 0
68780 0
68790 0
68800 0
68810 0
68820 0
68830 0
68840 0
68850 0
68860 0
68870 0
68880 0
68890 0
68900 0
68910 0
68920 0
68930 0
68940 0
68950 0
68960 0
68970 0
68980 0
68990 0
69000 0
69010 0
69020 0
69030 0
69040 0
69050 0
69060 0
69070 0
69080 0
69090 0
69100 0
69110 0
69120 0
69130 0
69140 0
69150 0
69160 0
69170 0
69180 0
69190 0
69200 0
69210 0
69220 0
69230 0
69240 0
69250 0
69260 0
69270 0
69280 0
69290 0
69300 0
69310 0
69320 0
69330 0
69340 0
69350 0
69360 0
69370 0
69380 0
69390 0
69400 0
69410 0
69420 0
69430 0
69440 0
69450 0
69460 0
69470 0
69480 0
69490 0
69500 0
69510 0
69520 0
69530 0
69540 0
69550 0
69560 0
69570 0
69580 0
69590 0
69600 0
69610 0
69620 0
69630 0
69640 0
69650 0
69660 0
69670 0
69680 0
69690 0
69700 0
69710 0
69720 0
69730 0
69740 0
69750 0
69760 0
69770 0
69780 0
69790 0
69800 0
69810 0
69820 0
69830 0
69840 0
69850 0
69860 0
69870 0
69880 0
69890 0
69900 0
69910 0
69920 0
69930 0
69940 0
69950 0
69960 0
69970 0
69980 0
69990 0
70000 0
70010 0
70020 0
70030 0
70040 0
70050 0
70060 0
70070 0
70080 0
70090 0
70100 0
70110 0
70120 0
70130 0
70140 0
70150 0
70160 0
70170 0
70180 0
70190 0
70200 0
70210 0
70220 0
70230 0
70240 0
70250 0
70260 0
70270 0
70280 0
70290 0
70300 0
70310 0
70320 0
70330 0
70340 0
70350 0
70360 0
70370 0
70380 0
70390 0
70400 0
70410 0
70420 0
70430 0
70440 0
70450 0
70460 0
70470 0
70480 0
70490 0
70500 0
70510 0
70520 0
70530 0
70540 0
70550 0
70560 0
70570 0
70580 0
70590 0
70600 0
70610 0
70620 0
70630 0
70640 0
70650 0
70660 0
70670 0
70680 0
70690 0
70700 0
70710 0
70720 0
70730 0
70740 0
70750 0
70760 0
70770 0
70780 0
70790 0
70800 0
70810 0
70820 0
70830 0
70840 0
70850 0
70860 0
70870 0
70880 0
70890 0
70900 0
70910 0
70920 0
70930 0
70940 0
70950 0
70960 0
70970 0
70980 0
70990 0
71000 0
71010 0
71020 0
71030 0
71040 0
71050 0
71060 0
71070 0
71080 0
71090 0
71100 0
71110 0
71120 0
71130 0
71140 0
71150 0
71160 0
71170 0
71180 0
71190 0
71200 0
71210 0
71220 0
71230 0
71240 0
71250 0
71260 0
71270 0
71280 0
71290 0
71300 0
71310 0
71320 0
71330 0
71340 0
71350 0
71360 0
71370 0
71380 0
71390 0
71400 0
71410 0
71420 0
71430 0
71440 0
71450 0
71460 0
71470 0
71480 0
71490 0
71500 0
71510 0
71520 0
71530 0
71540 0
71550 0
71560 0
71570 0
71580 0
71590 0
71600 0
71610 0
71620 0
71630 0
71640 0
71650 0
71660 0
71670 0
71680 0
71690 0
71700 0
71710 0
71720 0
71730 0
71740 0
71750 4
71760 0
71770 0
71780 0
71790 0
71800 0
71810 0
71820 0
71830 0
71840 0
71850 0
71860 0
71870 0
71880 0
71890 0
71900 0
71910 0
71920 0
71930 0
71940 0
71950 0
71960 0
71970 0
71980 0
71990 0
72000 0
72010 0
72020 0
72030 0
72040 0
72050 0
72060 0
72070 0
72080 0
72090 0
72100 0
72110 0
72120 0
72130 0
72140 0
72150 0
72160 0
72170 0
72180 0
72190 0
72200 0
72210 0
72220 0
72230 0
72240 0
72250 0
72260 0
72270 0
72280 0
72290 0
72300 0
72310 0
72320 0
72330 0
72340 0
72350 0
72360 0
72370 0
72380 0
72390 0
72400 0
72410 0
72420 0
72430 0
72440 0
72450 0
72460 0
72470 0
72480 0
72490 0
72500 0
72510 0
72520 0
72530 0
72540 0
72550 0
72560 0
72570 0
72580 0
72590 0
72600 0
72610 0
72620 0
72630 0
72640 0
72650 0
72660 0
72670 0
72680 0
72690 0
72700 0
72710 0
72720 0
72730 0
72740 0
72750 0
72760 0
72770 0
72780 0
72790 0
72800 0
72810 0
72820 0
72830 0
72840 0
72850 0
72860 0
72870 0
72880 0
72890 0
72900 0
72910 0
72920 0
72930 0
72940 0
72950 0
72960 0
72970 0
72980 0
72990 0
73000 0
73010 0
73020 0
73030 0
73040 0
73050 0
73060 0
73070 0
73080 0
73090 0
73100 0
73110 0
73120 0
73130 0
73140 0
73150 0
73160 0
73170 0
73180 0
73190 0
73200 0
73210 0
73220 0
73230 0
73240 0
73250 0
73260 0
73270 0
73280 0
73290 0
73300 0
73310 0
73320 0
73330 0
73340 0
73350 0
73360 0
73370 0
73380 0
73390 0
73400 0
73410 0
73420 0
73430 0
73440 0
73450 0
73460 0
73470 0
73480 0
73490 0
73500 0
73510 0
73520 0
73530 0
73540 0
73550 0
73560 0
73570 0
73580 0
73590 0
73600 0
73610 0
73620 0
73630 0
73640 0
73650 0
73660 3
73670 0
73680 0
73690 0
73700 0
73710 0
73720 0
73730 0
73740 0
73750 0
73760 0
73770 0
73780 0
73790 0
73800 0
73810 0
73820 0
73830 0
73840 0
73850 0
73860 0
73870 0
73880 0
73890 0
73900 0
73910 0
73920 0
73930 0
73940 0
73950 0
73960 0
73970 0
73980 0
73990 0
74000 0
74010 0
74020 0
74030 0
74040 0
74050 0
74060 0
74070 0
74080 0
74090 0
74100 0
74110 0
74120 0
74130 0
74140 0
74150 0
74160 0
74170 0
74180 0
74190 0
74200 0
74210 0
74220 0
74230 0
74240 0
74250 0
74260 0
74270 0
74280 0
74290 0
74300 0
74310 0
74320 0
74330 0
74340 0
74350 0
74360 0
74370 0
74380 0
74390 0
74400 0
74410 0
74420 0
74430 0
74440 0
74450 0
74460 0
74470 0
74480 0
74490 0
74500 0
74510 0
74520 0
74530 0
74540 0
74550 0
74560 0
74570 0
74580 0
74590 0
74600 0
74610 0
74620 0
74630 0
74640 0
74650 0
74660 0
74670 0
74680 0
74690 0
74700 0
74710 0
74720 0
74730 0
74740 0
74750 0
74760 0
74770 0
74780 0
74790 0
74800 0
74810 0
74820 0
74830 0
74840 0
74850 0
74860 0
74870 0
74880 0
74890 0
74900 0
74910 0
74920 0
74930 0
74940 0
74950 0
74960 0
74970 0
74980 0
74990 0
75000 0
75010 0
75020 0
75030 0
75040 0
75050 0
75060 0
75070 0
75080 0
75090 0
75100 0
75110 0
75120 0
75130 0
75140 0
75150 0
75160 0
75170 0
75180 0
75190 0
75200 0
75210 0
75220 0
75230 0
75240 0
75250 0
75260 0
75270 0
75280 0
75290 0
75300 0
75310 0
75320 0
75330 0
75340 0
75350 0
75360 0
75370 0
75380 0
75390 0
75400 0
75410 0
75420 0
75430 0
75440 0
75450 0
75460 0
75470 0
75480 0
75490 0
75500 0
75510 0
75520 0
75530 0
75540 0
75550 0
75560 0
75570 0
75580 0
75590 0
75600 0
75610 0
75620 0
75630 0
75640 0
75650 0
75660 0
75670 0
75680 0
75690 0
75700 0
75710 0
75720 0
75730 0
75740 0
75750 0
75760 0
75770 0
75780 0
75790 0
75800 0
75810 0
75820 0
75830 0
75840 0
75850 0
75860 0
75870 0
75880 0
75890 0
75900 0
75910 0
75920 0
75930 0
75940 0
75950 0
75960 0
75970 0
75980 0
75990 0
76000 0
76010 0
76020 0
76030 0
76040 0
76050 0
76060 0
76070 0
76080 0
76090 0
76100 0
76110 0
76120 0
76130 0
76140 0
76150 0
76160 0
76170 1
76180 0
76190 1
76200 0
76210 0
76220 0
76230 0
76240 0
76250 0
76260 0
76270 0
76280 0
76290 0
76300 0
76310 0
76320 0
76330 0
76340 0
76350 0
76360 0
76370 0
76380 0
76390 0
76400 0
76410 0
76420 0
76430 0
76440 0
76450 0
76460 0
76470 0
76480 0
76490 0
76500 0
76510 0
76520 0
76530 0
76540 0
76550 0
76560 0
76570 0
76580 0
76590 0
76600 0
76610 0
76620 0
76630 0
76640 0
76650 0
76660 0
76670 0
76680 0
76690 0
76700 0
76710 0
76720 0
76730 0
76740 0
76750 0
76760 0
76770 0
76780 0
76790 0
76800 0
76810 0
76820 0
76830 0
76840 0
76850 0
76860 0
76870 0
76880 0
76890 0
76900 0
76910 0
76920 0
76930 0
76940 0
76950 0
76960 0
76970 0
76980 0
76990 0
77000 0
77010 0
77020 0
77030 0
77040 0
77050 0
77060 0
77070 1
77080 0
77090 0
77100 0
77110 0
77120 0
77130 0
77140 0
77150 0
77160 0
77170 0
77180 0
77190 0
77200 0
77210 0
77220 0
77230 0
77240 0
77250 0
77260 0
77270 0
77280 0
77290 0
77300 0
77310 0
77320 0
77330 0
77340 0
77350 0
77360 0
77370 0
77380 0
77390 0
77400 0
77410 0
77420 0
77430 0
77440 0
77450 0
77460 0
77470 0
77480 0
77490 0
77500 0
77510 0
77520 0
77530 0
77540 0
77550 0
77560 0
77570 0
77580 0
77590 0
77600 0
77610 0
77620 0
77630 0
77640 0
77650 0
77660 0
77670 0
77680 0
77690 0
77700 0
77710 0
77720 0
77730 0
77740 0
77750 0
77760 0
77770 0
77780 0
77790 0
77800 0
77810 1
77820 0
77830 0
77840 0
77850 0
77860 0
77870 0
77880 0
77890 0
77900 0
77910 0
77920 0
77930 0
77940 0
77950 0
77960 0
77970 0
77980 0
77990 0
78000 0
78010 0
78020 0
78030 0
78040 0
78050 0
78060 0
78070 0
78080 0
78090 0
78100 0
78110 0
78120 0
78130 0
78140 0
78150 0
78160 0
78170 0
78180 0
78190 0
78200 0
78210 0
78220 0
78230 0
78240 0
78250 0
78260 0
78270 0
78280 0
78290 0
78300 0
78310 0
78320 0
78330 0
78340 0
78350 0
78360 0
78370 0
78380 0
78390 0
78400 0
78410 0
78420 0
78430 0
78440 0
78450 0
78460 0
78470 0
78480 0
78490 0
78500 0
78510 0
78520 0
78530 0
78540 0
78550 0
78560 0
78570 0
78580 0
78590 0
78600 0
78610 0
78620 0
78630 0
78640 0
78650 0
78660 0
78670 0
78680 0
78690 0
78700 0
78710 0
78720 0
78730 0
78740 0
78750 0
78760 0
78770 0
78780 0
78790 0
78800 0
78810 0
78820 0
78830 0
78840 0
78850 0
78860 0
78870 0
78880 0
78890 0
78900 0
78910 0
78920 0
78930 0
78940 0
78950 0
78960 0
78970 0
78980 0
78990 0
79000 0
79010 0
79020 0
79030 0
79040 0
79050 0
79060 0
79070 0
79080 0
79090 0
79100 0
79110 0
79120 0
79130 0
79140 0
79150 0
79160 0
79170 0
79180 0
79190 0
79200 0
79210 0
79220 0
79230 0
79240 0
79250 0
79260 0
79270 0
79280 0
79290 0
79300 0
79310 0
79320 0
79330 0
79340 0
79350 0
79360 0
79370 0
79380 0
79390 0
79400 0
79410 0
79420 0
79430 0
79440 0
79450 0
79460 0
79470 0
79480 0
79490 0
79500 0
79510 0
79520 0
79530 0
79540 0
79550 0
79560 0
79570 0
79580 0
79590 0
79600 0
79610 0
79620 0
79630 0
79640 0
79650 0
79660 0
79670 0
79680 0
79690 0
79700 0
79710 0
79720 0
79730 0
79740 0
79750 0
79760 0
79770 0
79780 0
79790 0
79800 0
79810 0
79820 0
79830 0
79840 0
79850 0
79860 0
79870 0
79880 0
79890 0
79900 0
79910 0
79920 0
79930 0
79940 0
79950 0
79960 0
79970 0
79980 0
79990 0
80000 0
80010 0
80020 0
80030 0
80040 0
80050 0
80060 0
80070 0
80080 0
80090 0
80100 0
80110 0
80120 0
80130 0
80140 0
80150 0
80160 0
80170 0
80180 0
80190 0
80200 0
80210 0
80220 0
80230 0
80240 0
80250 0
80260 0
80270 0
80280 0
80290 0
80300 0
80310 0
80320 0
80330 0
80340 0
80350 0
80360 0
80370 0
80380 0
80390 0
80400 0
80410 0
80420 0
80430 0
80440 0
80450 0
80460 0
80470 0
80480 0
80490 0
80500 0
80510 0
80520 0
80530 0
80540 0
80550 0
80560 0
80570 0
80580 0
80590 0
80600 0
80610 0
80620 0
80630 0
80640 0
80650 0
80660 0
80670 0
80680 0
80690 0
80700 0
80710 0
80720 0
80730 0
80740 0
80750 0
80760 0
80770 0
80780 0
80790 0
80800 0
80810 0
80820 0
80830 0
80840 0
80850 0
80860 3
80870 0
80880 1
80890 0
80900 0
80910 0
80920 0
80930 0
80940 0
80950 0
80960 0
80970 0
80980 0
80990 0
81000 0
81010 0
81020 0
81030 0
81040 0
81050 0
81060 0
81070 0
81080 0
81090 0
81100 0
81110 0
81120 0
81130 0
81140 1
81150 0
81160 0
81170 0
81180 0
81190 0
81200 0
81210 0
81220 0
81230 0
81240 0
81250 0
81260 0
81270 0
81280 0
81290 0
81300 0
81310 0
81320 0
81330 0
81340 0
81350 0
81360 0
81370 0
81380 0
81390 0
81400 0
81410 0
81420 0
81430 0
81440 0
81450 0
81460 0
81470 0
81480 0
81490 0
81500 0
81510 0
81520 0
81530 0
81540 0
81550 0
81560 0
81570 0
81580 0
81590 0
81600 0
81610 0
81620 0
81630 0
81640 0
81650 0
81660 0
81670 0
81680 0
81690 0
81700 0
81710 0
81720 0
81730 0
81740 0
81750 0
81760 0
81770 0
81780 0
81790 0
81800 0
81810 0
81820 0
81830 0
81840 0
81850 0
81860 0
81870 0
81880 0
81890 0
81900 0
81910 0
81920 1
81930 1
81940 0
81950 1
81960 0
81970 0
81980 0
81990 0
82000 0
82010 1
82020 0
82030 0
82040 0
82050 0
82060 0
82070 0
82080 0
82090 0
82100 1
82110 1
82120 0
82130 1
82140 0
82150 0
82160 0
82170 0
82180 0
82190 0
82200 0
82210 0
82220 0
82230 3
82240 0
82250 0
82260 0
82270 0
82280 0
82290 0
82300 2
82310 1
82320 2
82330 0
82340 0
82350 2
82360 2
82370 2
82380 3
82390 2
82400 2
82410 2
82420 2
82430 4
82440 2
82450 2
82460 2
82470 2
82480 2
82490 3
82500 3
82510 3
82520 1
82530 7
82540 1
82550 3
82560 3
82570 3
82580 3
82590 1
82600 3
82610 4
82620 4
82630 2
82640 2
82650 2
82660 2
82670 2
82680 0
82690 0
82700 2
82710 0
82720 0
82730 1
82740 1
82750 2
82760 3
82770 8
82780 4
82790 4
82800 3
82810 3
82820 6
82830 2
82840 0
82850 5
82860 1
82870 5
82880 6
82890 8
82900 0
82910 3
82920 3
82930 5
82940 5
82950 5
82960 4
82970 3
82980 5
82990 5
83000 4
83010 5
83020 5
83030 5
83040 2
83050 6
83060 4
83070 2
83080 4
83090 1
83100 2
83110 0
83120 2
83130 2
83140 2
83150 3
83160 2
83170 5
83180 2
83190 0
83200 3
83210 0
83220 0
83230 1
83240 0
83250 0
83260 2
83270 1
83280 1
83290 1
83300 0
83310 1
83320 0
83330 0
83340 0
83350 0
83360 2
83370 0
83380 0
83390 0
83400 0
83410 0
83420 2
83430 0
83440 0
83450 0
83460 0
83470 0
83480 0
83490 0
83500 0
83510 0
83520 0
83530 0
83540 0
83550 0
83560 0
83570 0
83580 0
83590 0
83600 0
83610 0
83620 0
83630 0
83640 0
83650 3
83660 1
83670 1
83680 0
83690 1
83700 1
83710 0
83720 0
83730 0
83740 4
83750 1
83760 1
83770 0
83780 0
83790 0
83800 0
83810 1
83820 0
83830 3
83840 1
83850 1
83860 3
83870 3
83880 3
83890 3
83900 1
83910 0
83920 0
83930 2
83940 0
83950 1
83960 1
83970 0
83980 1
83990 0
84000 1
84010 0
84020 1
84030 6
84040 0
84050 0
84060 0
84070 0
84080 0
84090 0
84100 0
84110 0
84120 1
84130 0
84140 1
84150 0
84160 0
84170 0
84180 0
84190 0
84200 0
84210 0
84220 0
84230 0
84240 0
84250 0
84260 1
84270 0
84280 3
84290 1
84300 0
84310 0
84320 0
84330 0
84340 1
84350 8
84360 3
84370 3
84380 1
84390 0
84400 1
84410 0
84420 0
84430 0
84440 0
84450 0
84460 0
84470 0
84480 0
84490 0
84500 0
84510 0
84520 0
84530 0
84540 0
84550 0
84560 0
84570 0
84580 0
84590 0
84600 0
84610 0
84620 0
84630 0
84640 0
84650 0
84660 0
84670 0
84680 0
84690 0
84700 0
84710 0
84720 0
84730 0
84740 0
84750 0
84760 0
84770 0
84780 0
84790 0
84800 0
84810 0
84820 0
84830 0
84840 0
84850 0
84860 0
84870 0
84880 0
84890 0
84900 0
84910 0
84920 0
84930 0
84940 0
84950 0
84960 0
84970 0
84980 0
84990 0
85000 0
85010 0
85020 0
85030 0
85040 0
85050 0
85060 0
85070 0
85080 0
85090 0
85100 0
85110 0
85120 0
85130 0
85140 0
85150 0
85160 0
85170 0
85180 0
85190 0
85200 0
85210 0
85220 0
85230 1
85240 0
85250 0
85260 0
85270 0
85280 0
85290 0
85300 0
85310 1
85320 0
85330 0
85340 1
85350 0
85360 0
85370 0
85380 0
85390 0
85400 0
85410 0
85420 0
85430 0
85440 0
85450 0
85460 0
85470 0
85480 0
85490 0
85500 0
85510 0
85520 0
85530 0
85540 0
85550 0
85560 0
85570 0
85580 0
85590 0
85600 0
85610 0
85620 0
85630 0
85640 0
85650 0
85660 0
85670 0
85680 0
85690 0
85700 0
85710 0
85720 0
85730 0
85740 0
85750 0
85760 0
85770 0
85780 0
85790 0
85800 0
85810 0
85820 0
85830 0
85840 0
85850 0
85860 0
85870 0
85880 0
85890 0
85900 0
85910 0
85920 0
85930 0
85940 0
85950 0
85960 0
85970 0
85980 0
85990 1
86000 0
86010 1
86020 0
86030 0
86040 0
86050 0
86060 0
86070 0
86080 0
86090 0
86100 0
86110 0
86120 0
86130 0
86140 0
86150 0
86160 0
86170 0
86180 0
86190 0
86200 0
86210 0
86220 0
86230 0
86240 0
86250 0
86260 0
86270 0
86280 0
86290 0
86300 0
86310 0
86320 0
86330 0
86340 0
86350 0
86360 0
86370 0
86380 1
86390 0
86400 2
86410 1
86420 0
86430 0
86440 0
86450 0
86460 0
86470 0
86480 0
86490 0
86500 0
86510 0
86520 0
86530 0
86540 0
86550 0
86560 0
86570 0
86580 0
86590 0
86600 0
86610 1
86620 0
86630 0
86640 0
86650 1
86660 0
86670 1
86680 1
86690 0
86700 0
86710 0
86720 0
86730 0
86740 0
86750 0
86760 0
86770 0
86780 0
86790 0
86800 0
86810 0
86820 0
86830 0
86840 0
86850 0
86860 0
86870 0
86880 0
86890 0
86900 0
86910 0
86920 0
86930 1
86940 1
86950 4
86960 1
86970 0
86980 1
86990 0
87000 1
87010 3
87020 0
87030 0
87040 0
87050 0
87060 0
87070 0
87080 0
87090 0
87100 1
87110 0
87120 0
87130 0
87140 0
87150 2
87160 3
87170 2
87180 2
87190 3
87200 3
87210 4
87220 4
87230 3
87240 2
87250 3
87260 4
87270 4
87280 4
87290 5
87300 3
87310 3
87320 4
87330 4
87340 3
87350 3
87360 4
87370 3
87380 0
87390 0
87400 3
87410 3
87420 1
87430 0
87440 2
87450 0
87460 0
87470 0
87480 0
87490 1
87500 0
87510 0
87520 0
87530 0
87540 0
87550 0
87560 0
87570 0
87580 0
87590 0
87600 0
87610 0
87620 0
87630 1
87640 0
87650 0
87660 0
87670 0
87680 0
87690 0
87700 0
87710 0
87720 0
87730 0
87740 0
87750 0
87760 0
87770 0
87780 0
87790 4
87800 1
87810 0
87820 0
87830 0
87840 2
87850 0
87860 3
87870 1
87880 0
87890 0
87900 2
87910 2
87920 1
87930 1
87940 3
87950 0
87960 2
87970 3
87980 3
87990 2
88000 0
88010 4
88020 0
88030 5
88040 2
88050 1
88060 1
88070 6
88080 4
88090 10
88100 13
88110 8
88120 4
88130 8
88140 9
88150 7
88160 4
88170 3
88180 8
88190 6
88200 8
88210 10
88220 10
88230 8
88240 11
88250 9
88260 7
88270 10
88280 9
88290 7
88300 11
88310 11
88320 9
88330 5
88340 9
88350 7
88360 5
88370 6
88380 9
88390 4
88400 2
88410 5
88420 3
88430 6
88440 6
88450 8
88460 10
88470 9
88480 12
88490 5
88500 6
88510 5
88520 10
88530 14
88540 10
88550 5
88560 11
88570 7
88580 7
88590 8
88600 14
88610 9
88620 9
88630 8
88640 13
88650 13
88660 22
88670 13
88680 8
88690 17
88700 9
88710 12
88720 17
88730 21
88740 20
88750 14
88760 7
88770 13
88780 1
88790 3
88800 3
88810 5
88820 8
88830 4
88840 5
88850 6
88860 4
88870 6
88880 6
88890 4
88900 7
88910 5
88920 5
88930 9
88940 11
88950 8
88960 11
88970 6
88980 9
88990 10
89000 7
89010 9
89020 5
89030 9
89040 8
89050 7
89060 8
89070 7
89080 8
89090 9
89100 7
89110 8
89120 15
89130 15
89140 8
89150 6
89160 3
89170 2
89180 6
89190 6
89200 4
89210 9
89220 9
89230 8
89240 3
89250 9
89260 12
89270 10
89280 10
89290 3
89300 5
89310 5
89320 8
89330 4
89340 5
89350 10
89360 7
89370 11
89380 10
89390 7
89400 7
89410 8
89420 7
89430 9
89440 12
89450 6
89460 2
89470 10
89480 15
89490 10
89500 11
89510 5
89520 11
89530 5
89540 10
89550 6
89560 11
89570 11
89580 8
89590 8
89600 10
89610 13
89620 15
89630 7
89640 8
89650 17
89660 19
89670 11
89680 10
89690 12
89700 8
89710 7
89720 7
89730 5
89740 7
89750 21
89760 17
89770 7
89780 9
89790 14
89800 10
89810 7
89820 13
89830 16
89840 10
89850 9
89860 14
89870 9
89880 10
89890 7
89900 15
89910 6
89920 2
89930 16
89940 6
89950 18
89960 9
89970 7
89980 13
89990 12
90000 14
90010 6
90020 8
90030 3
90040 9
90050 10
90060 4
90070 12
90080 15
90090 17
90100 16
90110 16
90120 10
90130 14
90140 13
90150 16
90160 15
90170 15
90180 4
90190 8
90200 7
90210 8
90220 20
90230 20
90240 23
90250 14
90260 22
90270 17
90280 7
90290 9
90300 15
90310 14
90320 13
90330 13
90340 6
90350 2
90360 3
90370 3
90380 1
90390 3
90400 7
90410 8
90420 10
90430 26
90440 25
90450 23
90460 24
90470 19
90480 14
90490 17
90500 17
90510 14
90520 21
90530 16
90540 17
90550 19
90560 19
90570 13
90580 10
90590 19
90600 21
90610 27
90620 19
90630 21
90640 10
90650 22
90660 22
90670 25
90680 21
90690 17
90700 17
90710 13
90720 20
90730 21
90740 21
90750 24
90760 20
90770 16
90780 24
90790 22
90800 24
90810 18
90820 14
90830 17
90840 26
90850 20
90860 15
90870 11
90880 18
90890 26
90900 11
90910 19
90920 27
90930 18
90940 20
90950 20
90960 17
90970 18
90980 21
90990 19
91000 22
91010 23
91020 19
91030 22
91040 23
91050 25
91060 24
91070 25
91080 26
91090 18
91100 19
91110 16
91120 25
91130 30
91140 22
91150 24
91160 21
91170 24
91180 26
91190 22
91200 25
91210 22
91220 28
91230 24
91240 27
91250 25
91260 27
91270 25
91280 25
91290 26
91300 21
91310 21
91320 27
91330 27
91340 20
91350 25
91360 33
91370 28
91380 17
91390 11
91400 7
91410 9
91420 18
91430 15
91440 24
91450 26
91460 28
91470 22
91480 31
91490 27
91500 29
91510 25
91520 23
91530 25
91540 29
91550 21
91560 20
91570 18
91580 21
91590 22
91600 18
91610 27
91620 30
91630 21
91640 28
91650 32
91660 27
91670 25
91680 25
91690 23
91700 21
91710 24
91720 16
91730 14
91740 24
91750 29
91760 25
91770 27
91780 27
91790 29
91800 25
91810 24
91820 25
91830 22
91840 18
91850 25
91860 24
91870 13
91880 18
91890 17
91900 20
91910 24
91920 22
91930 24
91940 18
91950 20
91960 25
91970 24
91980 19
91990 27
92000 16
92010 16
92020 20
92030 15
92040 17
92050 14
92060 11
92070 19
92080 15
92090 27
92100 20
92110 19
92120 15
92130 22
92140 28
92150 25
92160 25
92170 28
92180 26
92190 28
92200 23
92210 23
92220 24
92230 29
92240 25
92250 26
92260 29
92270 23
92280 23
92290 26
92300 21
92310 22
92320 23
92330 26
92340 21
92350 26
92360 26
92370 25
92380 27
92390 23
92400 27
92410 25
92420 27
92430 28
92440 28
92450 32
92460 25
92470 28
92480 18
92490 23
92500 24
92510 21
92520 24
92530 29
92540 23
92550 18
92560 24
92570 21
92580 16
92590 16
92600 17
92610 19
92620 20
92630 17
92640 17
92650 19
92660 13
92670 23
92680 19
92690 11
92700 17
92710 20
92720 18
92730 21
92740 15
92750 20
92760 16
92770 14
92780 14
92790 24
92800 34
92810 19
92820 18
92830 20
92840 19
92850 19
92860 16
92870 26
92880 25
92890 25
92900 25
92910 19
92920 20
92930 16
92940 15
92950 7
92960 11
92970 22
92980 13
92990 12
93000 16
93010 17
93020 11
93030 15
93040 12
93050 17
93060 11
93070 9
93080 17
93090 18
93100 17
93110 15
93120 12
93130 14
93140 22
93150 15
93160 14
93170 18
93180 21
93190 17
93200 22
93210 22
93220 21
93230 21
93240 26
93250 22
93260 23
93270 17
93280 25
93290 21
93300 26
93310 24
93320 24
93330 21
93340 16
93350 18
93360 19
93370 25
93380 16
93390 17
93400 13
93410 11
93420 15
93430 14
93440 19
93450 22
93460 25
93470 25
93480 18
93490 17
93500 28
93510 22
93520 16
93530 23
93540 19
93550 22
93560 20
93570 23
93580 20
93590 19
93600 21
93610 18
93620 24
93630 12
93640 17
93650 6
93660 14
93670 15
93680 12
93690 12
93700 12
93710 16
93720 7
93730 7
93740 15
93750 11
93760 8
93770 15
93780 12
93790 5
93800 8
93810 12
93820 10
93830 9
93840 14
93850 14
93860 6
93870 11
93880 15
93890 11
93900 9
93910 13
93920 11
93930 9
93940 2
93950 15
93960 12
93970 13
93980 13
93990 8
94000 0
94010 4
94020 5
94030 2
94040 4
94050 1
94060 3
94070 2
94080 0
94090 0
94100 2
94110 4
94120 1
94130 5
94140 1
94150 0
94160 0
94170 0
94180 0
94190 0
94200 0
94210 1
94220 0
94230 0
94240 2
94250 1
94260 4
94270 8
94280 6
94290 5
94300 9
94310 7
94320 5
94330 6
94340 5
94350 7
94360 4
94370 3
94380 0
94390 0
94400 0
94410 0
94420 3
94430 3
94440 2
94450 6
94460 1
94470 1
94480 5
94490 3
94500 2
94510 2
94520 4
94530 0
94540 0
94550 0
94560 0
94570 0
94580 1
94590 3
94600 2
94610 5
94620 2
94630 1
94640 2
94650 3
94660 9
94670 7
94680 2
94690 0
94700 0
94710 0
94720 1
94730 0
94740 0
94750 3
94760 0
94770 2
94780 1
94790 1
94800 2
94810 2
94820 4
94830 1
94840 2
94850 4
94860 4
94870 5
94880 3
94890 10
94900 7
94910 8
94920 5
94930 7
94940 10
94950 8
94960 7
94970 11
94980 9
94990 7
95000 10
95010 5
95020 7
95030 13
95040 6
95050 7
95060 11
95070 6
95080 14
95090 9
95100 8
95110 8
95120 8
95130 9
95140 7
95150 10
95160 10
95170 8
95180 6
95190 9
95200 8
95210 10
95220 6
95230 6
95240 7
95250 8
95260 9
95270 7
95280 11
95290 7
95300 7
95310 5
95320 7
95330 6
95340 10
95350 10
95360 9
95370 7
95380 7
95390 13
95400 11
95410 8
95420 1
95430 4
95440 2
95450 7
95460 7
95470 7
95480 5
95490 7
95500 4
95510 8
95520 3
95530 4
95540 4
95550 0
95560 0
95570 0
95580 0
95590 0
95600 0
95610 0
95620 0
95630 0
95640 2
95650 0
95660 0
95670 0
95680 3
95690 8
95700 9
95710 9
95720 1
95730 5
95740 3
95750 1
95760 2
95770 7
95780 2
95790 1
95800 5
95810 2
95820 5
95830 1
95840 0
95850 1
95860 1
95870 0
95880 3
95890 2
95900 0
95910 2
95920 1
95930 3
95940 5
95950 3
95960 1
95970 2
95980 3
95990 5
96000 2
96010 3
96020 3
96030 3
96040 3
96050 4
96060 1
96070 1
96080 2
96090 5
96100 4
96110 3
96120 3
96130 2
96140 5
96150 2
96160 7
96170 9
96180 11
96190 24
96200 9
96210 2
96220 7
96230 7
96240 3
96250 11
96260 15
96270 11
96280 10
96290 20
96300 20
96310 16
96320 23
96330 17
96340 19
96350 22
96360 18
96370 17
96380 25
96390 23
96400 22
96410 18
96420 21
96430 18
96440 24
96450 15
96460 23
96470 20
96480 25
96490 23
96500 22
96510 21
96520 18
96530 24
96540 24
96550 25
96560 20
96570 17
96580 22
96590 23
96600 28
96610 16
96620 20
96630 23
96640 21
96650 20
96660 22
96670 20
96680 21
96690 14
96700 15
96710 28
96720 21
96730 23
96740 22
96750 12
96760 18
96770 10
96780 26
96790 14
96800 22
96810 6
96820 23
96830 20
96840 10
96850 18
96860 21
96870 10
96880 19
96890 27
96900 25
96910 31
96920 20
96930 17
96940 13
96950 7
96960 20
96970 16
96980 20
96990 16
97000 24
97010 13
97020 10
97030 7
97040 6
97050 8
97060 12
97070 11
97080 12
97090 7
97100 7
97110 7
97120 10
97130 11
97140 1
97150 4
97160 9
97170 12
97180 5
97190 9
97200 11
97210 19
97220 23
97230 20
97240 24
97250 21
97260 22
97270 32
97280 21
97290 24
97300 21
97310 23
97320 20
97330 27
97340 18
97350 19
97360 12
97370 22
97380 16
97390 20
97400 14
97410 15
97420 14
97430 12
97440 20
97450 17
97460 22
97470 18
97480 9
97490 24
97500 18
97510 21
97520 17
97530 19
97540 16
97550 16
97560 20
97570 17
97580 13
97590 21
97600 22
97610 26
97620 23
97630 19
97640 32
97650 13
97660 26
97670 24
97680 24
97690 21
97700 26
97710 24
97720 25
97730 22
97740 24
97750 11
97760 22
97770 24
97780 24
97790 24
97800 21
97810 22
97820 20
97830 22
97840 21
97850 17
97860 22
97870 26
97880 16
97890 26
97900 25
97910 12
97920 27
97930 20
97940 17
97950 25
97960 22
97970 24
97980 20
97990 19
98000 21
98010 27
98020 24
98030 29
98040 22
98050 23
98060 20
98070 20
98080 23
98090 17
98100 23
98110 34
98120 20
98130 25
98140 24
98150 18
98160 20
98170 27
98180 25
98190 20
98200 25
98210 20
98220 19
98230 28
98240 19
98250 17
98260 22
98270 27
98280 22
98290 26
98300 23
98310 24
98320 23
98330 18
98340 23
98350 20
98360 23
98370 28
98380 24
98390 22
98400 24
98410 26
98420 20
98430 20
98440 20
98450 26
98460 26
98470 25
98480 25
98490 28
98500 20
98510 25
98520 27
98530 19
98540 22
98550 23
98560 13
98570 23
98580 21
98590 24
98600 23
98610 20
98620 19
98630 23
98640 22
98650 23
98660 27
98670 24
98680 24
98690 22
98700 23
98710 22
98720 17
98730 23
98740 21
98750 22
98760 22
98770 25
98780 21
98790 19
98800 28
98810 19
98820 18
98830 19
98840 21
98850 26
98860 20
98870 13
98880 23
98890 24
98900 22
98910 15
98920 25
98930 22
98940 21
98950 23
98960 24
98970 26
98980 25
98990 30
99000 18
99010 21
99020 21
99030 23
99040 26
99050 19
99060 19
99070 26
99080 20
99090 25
99100 28
99110 25
99120 21
99130 19
99140 25
99150 35
99160 21
99170 24
99180 27
99190 25
99200 23
99210 29
99220 24
99230 21
99240 16
99250 25
99260 23
99270 15
99280 26
99290 25
99300 21
99310 23
99320 22
99330 16
99340 26
99350 20
99360 21
99370 28
99380 23
99390 23
99400 24
99410 28
99420 23
99430 24
99440 26
99450 21
99460 18
99470 25
99480 24
99490 18
99500 23
99510 23
99520 26
99530 12
99540 18
99550 26
99560 23
99570 23
99580 19
99590 17
99600 11
99610 25
99620 19
99630 26
99640 9
99650 27
99660 20
99670 20
99680 26
99690 24
99700 22
99710 30
99720 25
99730 28
99740 19
99750 25
99760 23
99770 25
99780 25
99790 23
99800 25
99810 16
99820 16
99830 24
99840 22
99850 15
99860 14
99870 23
99880 11
99890 11
99900 8
99910 13
99920 14
99930 21
99940 18
99950 17
99960 20
99970 24
99980 26
99990 25
