# Frame Contacts
30000 10
30010 4
30020 0
30030 3
30040 0
30050 0
30060 0
30070 0
30080 0
30090 0
30100 11
30110 9
30120 8
30130 2
30140 0
30150 1
30160 1
30170 7
30180 6
30190 17
30200 12
30210 15
30220 13
30230 11
30240 6
30250 5
30260 4
30270 7
30280 7
30290 10
30300 10
30310 9
30320 5
30330 10
30340 19
30350 11
30360 6
30370 7
30380 4
30390 9
30400 12
30410 10
30420 9
30430 11
30440 13
30450 7
30460 8
30470 17
30480 12
30490 9
30500 13
30510 11
30520 12
30530 16
30540 12
30550 16
30560 12
30570 15
30580 10
30590 10
30600 9
30610 11
30620 10
30630 10
30640 11
30650 9
30660 8
30670 11
30680 11
30690 12
30700 12
30710 11
30720 14
30730 17
30740 13
30750 15
30760 10
30770 14
30780 12
30790 21
30800 12
30810 17
30820 16
30830 21
30840 15
30850 8
30860 9
30870 13
30880 18
30890 12
30900 17
30910 19
30920 18
30930 8
30940 17
30950 19
30960 16
30970 16
30980 12
30990 13
31000 4
31010 9
31020 12
31030 15
31040 10
31050 18
31060 16
31070 15
31080 14
31090 17
31100 12
31110 16
31120 18
31130 12
31140 8
31150 12
31160 14
31170 11
31180 11
31190 9
31200 14
31210 19
31220 14
31230 10
31240 18
31250 12
31260 16
31270 12
31280 20
31290 14
31300 18
31310 14
31320 17
31330 17
31340 22
31350 8
31360 11
31370 17
31380 12
31390 11
31400 18
31410 12
31420 5
31430 19
31440 11
31450 12
31460 10
31470 13
31480 19
31490 13
31500 8
31510 11
31520 8
31530 9
31540 13
31550 13
31560 17
31570 12
31580 16
31590 10
31600 14
31610 12
31620 19
31630 9
31640 18
31650 16
31660 14
31670 11
31680 13
31690 15
31700 21
31710 13
31720 16
31730 11
31740 12
31750 13
31760 17
31770 14
31780 9
31790 12
31800 13
31810 16
31820 13
31830 14
31840 18
31850 18
31860 10
31870 11
31880 8
31890 12
31900 16
31910 12
31920 13
31930 12
31940 11
31950 11
31960 11
31970 12
31980 10
31990 12
32000 7
32010 12
32020 17
32030 13
32040 11
32050 13
32060 7
32070 12
32080 11
32090 8
32100 17
32110 11
32120 13
32130 11
32140 17
32150 19
32160 16
32170 22
32180 19
32190 17
32200 20
32210 22
32220 14
32230 22
32240 15
32250 10
32260 20
32270 11
32280 19
32290 11
32300 11
32310 12
32320 2
32330 13
32340 10
32350 16
32360 9
32370 21
32380 16
32390 20
32400 17
32410 21
32420 19
32430 21
32440 19
32450 14
32460 24
32470 10
32480 14
32490 18
32500 20
32510 15
32520 26
32530 25
32540 18
32550 14
32560 18
32570 22
32580 12
32590 16
32600 16
32610 20
32620 17
32630 17
32640 26
32650 24
32660 3
32670 12
32680 18
32690 19
32700 11
32710 24
32720 20
32730 8
32740 15
32750 24
32760 22
32770 14
32780 21
32790 13
32800 11
32810 6
32820 7
32830 18
32840 12
32850 10
32860 12
32870 24
32880 21
32890 17
32900 26
32910 6
32920 20
32930 16
32940 15
32950 18
32960 13
32970 16
32980 10
32990 11
33000 18
33010 13
33020 9
33030 9
33040 10
33050 19
33060 8
33070 7
33080 10
33090 18
33100 16
33110 26
33120 19
33130 20
33140 17
33150 25
33160 11
33170 17
33180 15
33190 23
33200 21
33210 20
33220 18
33230 20
33240 18
33250 11
33260 10
33270 8
33280 15
33290 11
33300 14
33310 13
33320 7
33330 8
33340 16
33350 14
33360 11
33370 14
33380 9
33390 10
33400 13
33410 8
33420 9
33430 10
33440 9
33450 12
33460 10
33470 13
33480 17
33490 13
33500 19
33510 18
33520 10
33530 10
33540 12
33550 15
33560 15
33570 13
33580 12
33590 9
33600 16
33610 14
33620 17
33630 11
33640 10
33650 21
33660 26
33670 19
33680 18
33690 23
33700 14
33710 23
33720 13
33730 6
33740 20
33750 14
33760 11
33770 15
33780 20
33790 20
33800 36
33810 24
33820 26
33830 21
33840 27
33850 14
33860 18
33870 26
33880 8
33890 20
33900 25
33910 16
33920 11
33930 0
33940 18
33950 14
33960 13
33970 17
33980 15
33990 12
34000 19
34010 14
34020 15
34030 12
34040 14
34050 12
34060 15
34070 25
34080 20
34090 9
34100 10
34110 14
34120 11
34130 8
34140 4
34150 19
34160 11
34170 7
34180 9
34190 16
34200 15
34210 11
34220 15
34230 14
34240 19
34250 20
34260 17
34270 16
34280 12
34290 4
34300 12
34310 17
34320 13
34330 0
34340 25
34350 21
34360 21
34370 20
34380 25
34390 21
34400 19
34410 18
34420 27
34430 27
34440 21
34450 24
34460 22
34470 22
34480 23
34490 24
34500 29
34510 31
34520 26
34530 17
34540 30
34550 27
34560 10
34570 13
34580 33
34590 21
34600 21
34610 16
34620 27
34630 14
34640 8
34650 18
34660 20
34670 22
34680 27
34690 22
34700 25
34710 24
34720 35
34730 32
34740 25
34750 24
34760 27
34770 28
34780 25
34790 30
34800 30
34810 31
34820 23
34830 19
34840 26
34850 36
34860 25
34870 27
34880 23
34890 38
34900 19
34910 31
34920 22
34930 24
34940 24
34950 24
34960 26
34970 17
34980 15
34990 16
35000 24
35010 19
35020 20
35030 16
35040 1
35050 0
35060 3
35070 0
35080 0
35090 0
35100 3
35110 4
35120 4
35130 0
35140 0
35150 0
35160 0
35170 0
35180 0
35190 0
35200 0
35210 0
35220 0
35230 0
35240 0
35250 0
35260 0
35270 0
35280 0
35290 0
35300 8
35310 0
35320 0
35330 0
35340 0
35350 0
35360 0
35370 0
35380 2
35390 0
35400 2
35410 1
35420 0
35430 0
35440 0
35450 0
35460 0
35470 0
35480 0
35490 0
35500 0
35510 0
35520 0
35530 0
35540 0
35550 0
35560 0
35570 0
35580 0
35590 0
35600 0
35610 0
35620 0
35630 0
35640 0
35650 0
35660 0
35670 0
35680 0
35690 0
35700 0
35710 0
35720 0
35730 0
35740 0
35750 0
35760 0
35770 0
35780 0
35790 0
35800 0
35810 0
35820 0
35830 0
35840 0
35850 0
35860 0
35870 0
35880 0
35890 0
35900 0
35910 0
35920 0
35930 0
35940 0
35950 0
35960 0
35970 0
35980 0
35990 0
36000 0
36010 0
36020 0
36030 0
36040 0
36050 0
36060 0
36070 0
36080 0
36090 0
36100 0
36110 0
36120 0
36130 0
36140 0
36150 0
36160 0
36170 0
36180 0
36190 0
36200 0
36210 0
36220 1
36230 0
36240 0
36250 0
36260 1
36270 7
36280 5
36290 0
36300 0
36310 0
36320 0
36330 0
36340 0
36350 0
36360 0
36370 0
36380 0
36390 0
36400 0
36410 0
36420 0
36430 0
36440 0
36450 0
36460 0
36470 0
36480 0
36490 0
36500 0
36510 0
36520 0
36530 0
36540 0
36550 0
36560 3
36570 0
36580 0
36590 0
36600 0
36610 0
36620 0
36630 0
36640 0
36650 0
36660 0
36670 0
36680 0
36690 0
36700 0
36710 0
36720 0
36730 0
36740 0
36750 0
36760 0
36770 0
36780 0
36790 0
36800 0
36810 0
36820 0
36830 0
36840 0
36850 0
36860 0
36870 0
36880 0
36890 0
36900 0
36910 0
36920 0
36930 0
36940 0
36950 0
36960 0
36970 0
36980 0
36990 0
37000 0
37010 0
37020 0
37030 0
37040 0
37050 0
37060 0
37070 0
37080 0
37090 0
37100 0
37110 0
37120 0
37130 0
37140 0
37150 0
37160 0
37170 0
37180 0
37190 0
37200 0
37210 0
37220 0
37230 0
37240 0
37250 0
37260 0
37270 0
37280 0
37290 0
37300 0
37310 0
37320 0
37330 0
37340 0
37350 0
37360 0
37370 0
37380 0
37390 0
37400 0
37410 0
37420 0
37430 0
37440 0
37450 0
37460 0
37470 0
37480 0
37490 0
37500 0
37510 0
37520 0
37530 0
37540 0
37550 0
37560 0
37570 0
37580 0
37590 0
37600 0
37610 0
37620 0
37630 0
37640 0
37650 0
37660 0
37670 0
37680 0
37690 0
37700 0
37710 0
37720 0
37730 0
37740 0
37750 0
37760 0
37770 0
37780 0
37790 0
37800 0
37810 0
37820 0
37830 0
37840 0
37850 0
37860 0
37870 0
37880 0
37890 0
37900 0
37910 0
37920 0
37930 0
37940 0
37950 0
37960 0
37970 0
37980 0
37990 0
38000 0
38010 0
38020 0
38030 0
38040 0
38050 0
38060 0
38070 0
38080 0
38090 0
38100 0
38110 0
38120 0
38130 0
38140 0
38150 0
38160 0
38170 0
38180 0
38190 0
38200 0
38210 0
38220 0
38230 0
38240 0
38250 0
38260 0
38270 0
38280 0
38290 0
38300 0
38310 0
38320 0
38330 0
38340 0
38350 0
38360 0
38370 0
38380 0
38390 0
38400 0
38410 0
38420 0
38430 0
38440 0
38450 0
38460 0
38470 0
38480 0
38490 0
38500 0
38510 0
38520 0
38530 0
38540 0
38550 0
38560 0
38570 0
38580 0
38590 0
38600 0
38610 0
38620 0
38630 0
38640 0
38650 0
38660 0
38670 0
38680 0
38690 0
38700 0
38710 0
38720 0
38730 0
38740 0
38750 0
38760 0
38770 0
38780 0
38790 0
38800 0
38810 0
38820 0
38830 0
38840 0
38850 0
38860 0
38870 0
38880 0
38890 0
38900 0
38910 0
38920 0
38930 0
38940 0
38950 0
38960 0
38970 0
38980 0
38990 0
39000 0
39010 0
39020 0
39030 0
39040 0
39050 0
39060 0
39070 0
39080 0
39090 0
39100 0
39110 0
39120 0
39130 0
39140 0
39150 0
39160 0
39170 0
39180 0
39190 0
39200 0
39210 0
39220 0
39230 0
39240 0
39250 0
39260 0
39270 0
39280 0
39290 0
39300 0
39310 0
39320 0
39330 0
39340 0
39350 0
39360 0
39370 0
39380 0
39390 0
39400 0
39410 0
39420 0
39430 0
39440 0
39450 0
39460 0
39470 0
39480 0
39490 0
39500 0
39510 0
39520 0
39530 0
39540 0
39550 0
39560 0
39570 0
39580 0
39590 0
39600 0
39610 0
39620 0
39630 0
39640 0
39650 0
39660 0
39670 0
39680 0
39690 0
39700 0
39710 0
39720 0
39730 0
39740 0
39750 0
39760 0
39770 0
39780 0
39790 0
39800 0
39810 0
39820 0
39830 0
39840 0
39850 0
39860 0
39870 0
39880 0
39890 0
39900 0
39910 0
39920 0
39930 0
39940 0
39950 0
39960 0
39970 0
39980 0
39990 0
40000 0
40010 0
40020 0
40030 0
40040 0
40050 0
40060 0
40070 0
40080 0
40090 0
40100 0
40110 0
40120 0
40130 0
40140 0
40150 0
40160 0
40170 0
40180 0
40190 0
40200 0
40210 0
40220 0
40230 0
40240 0
40250 0
40260 0
40270 0
40280 0
40290 0
40300 0
40310 0
40320 0
40330 0
40340 0
40350 0
40360 0
40370 0
40380 0
40390 0
40400 0
40410 0
40420 0
40430 0
40440 0
40450 0
40460 0
40470 0
40480 0
40490 0
40500 0
40510 0
40520 0
40530 0
40540 0
40550 0
40560 0
40570 0
40580 0
40590 0
40600 0
40610 0
40620 0
40630 0
40640 0
40650 0
40660 0
40670 0
40680 0
40690 0
40700 0
40710 0
40720 0
40730 0
40740 0
40750 0
40760 0
40770 0
40780 0
40790 0
40800 0
40810 0
40820 0
40830 0
40840 0
40850 0
40860 0
40870 0
40880 0
40890 0
40900 0
40910 0
40920 0
40930 0
40940 0
40950 0
40960 0
40970 0
40980 0
40990 0
41000 0
41010 0
41020 0
41030 0
41040 0
41050 0
41060 0
41070 0
41080 0
41090 0
41100 0
41110 0
41120 0
41130 0
41140 0
41150 0
41160 0
41170 0
41180 0
41190 0
41200 0
41210 0
41220 0
41230 0
41240 0
41250 0
41260 0
41270 0
41280 0
41290 0
41300 0
41310 0
41320 0
41330 0
41340 0
41350 0
41360 0
41370 0
41380 0
41390 0
41400 0
41410 0
41420 0
41430 0
41440 0
41450 0
41460 0
41470 0
41480 0
41490 0
41500 0
41510 0
41520 0
41530 0
41540 0
41550 0
41560 0
41570 0
41580 0
41590 0
41600 0
41610 0
41620 0
41630 0
41640 0
41650 0
41660 0
41670 0
41680 0
41690 0
41700 0
41710 0
41720 0
41730 0
41740 0
41750 0
41760 0
41770 0
41780 0
41790 0
41800 0
41810 0
41820 0
41830 0
41840 0
41850 0
41860 0
41870 0
41880 0
41890 0
41900 0
41910 0
41920 0
41930 0
41940 0
41950 0
41960 0
41970 0
41980 0
41990 0
42000 0
42010 0
42020 0
42030 0
42040 0
42050 0
42060 0
42070 0
42080 0
42090 0
42100 0
42110 0
42120 0
42130 0
42140 0
42150 0
42160 0
42170 0
42180 0
42190 0
42200 0
42210 0
42220 0
42230 0
42240 0
42250 0
42260 0
42270 0
42280 0
42290 0
42300 0
42310 0
42320 0
42330 0
42340 0
42350 0
42360 0
42370 0
42380 0
42390 0
42400 0
42410 0
42420 0
42430 0
42440 0
42450 0
42460 0
42470 0
42480 0
42490 0
42500 0
42510 0
42520 0
42530 0
42540 0
42550 0
42560 0
42570 0
42580 0
42590 0
42600 0
42610 0
42620 0
42630 0
42640 0
42650 0
42660 0
42670 0
42680 0
42690 0
42700 0
42710 0
42720 0
42730 0
42740 0
42750 0
42760 0
42770 0
42780 0
42790 0
42800 0
42810 0
42820 0
42830 0
42840 0
42850 0
42860 0
42870 0
42880 0
42890 0
42900 0
42910 0
42920 0
42930 0
42940 0
42950 0
42960 0
42970 0
42980 0
42990 0
43000 0
43010 0
43020 0
43030 0
43040 0
43050 0
43060 0
43070 0
43080 0
43090 0
43100 0
43110 0
43120 0
43130 0
43140 0
43150 0
43160 0
43170 0
43180 0
43190 0
43200 0
43210 0
43220 0
43230 0
43240 0
43250 0
43260 0
43270 0
43280 0
43290 0
43300 0
43310 0
43320 0
43330 0
43340 0
43350 0
43360 0
43370 0
43380 0
43390 0
43400 0
43410 0
43420 0
43430 0
43440 0
43450 0
43460 0
43470 0
43480 2
43490 0
43500 0
43510 0
43520 0
43530 0
43540 1
43550 1
43560 1
43570 1
43580 10
43590 12
43600 10
43610 10
43620 5
43630 1
43640 0
43650 0
43660 1
43670 1
43680 0
43690 0
43700 0
43710 0
43720 0
43730 0
43740 0
43750 0
43760 0
43770 0
43780 1
43790 0
43800 0
43810 0
43820 0
43830 13
43840 9
43850 12
43860 7
43870 16
43880 16
43890 17
43900 10
43910 9
43920 8
43930 15
43940 7
43950 7
43960 20
43970 16
43980 10
43990 5
44000 10
44010 2
44020 0
44030 0
44040 0
44050 3
44060 10
44070 11
44080 10
44090 8
44100 7
44110 10
44120 6
44130 6
44140 5
44150 9
44160 9
44170 11
44180 8
44190 1
44200 1
44210 0
44220 1
44230 0
44240 1
44250 0
44260 1
44270 3
44280 0
44290 0
44300 0
44310 7
44320 7
44330 11
44340 7
44350 10
44360 1
44370 0
44380 1
44390 7
44400 14
44410 0
44420 0
44430 0
44440 10
44450 7
44460 0
44470 0
44480 0
44490 0
44500 0
44510 0
44520 2
44530 0
44540 0
44550 0
44560 0
44570 0
44580 0
44590 1
44600 0
44610 0
44620 0
44630 0
44640 1
44650 1
44660 1
44670 3
44680 0
44690 0
44700 1
44710 1
44720 1
44730 0
44740 0
44750 0
44760 0
44770 0
44780 0
44790 1
44800 1
44810 2
44820 0
44830 0
44840 2
44850 2
44860 1
44870 0
44880 0
44890 0
44900 0
44910 0
44920 0
44930 0
44940 0
44950 0
44960 0
44970 0
44980 0
44990 0
45000 0
45010 0
45020 0
45030 0
45040 0
45050 0
45060 0
45070 0
45080 0
45090 0
45100 0
45110 0
45120 0
45130 0
45140 0
45150 0
45160 0
45170 0
45180 0
45190 0
45200 0
45210 0
45220 0
45230 0
45240 0
45250 0
45260 0
45270 0
45280 0
45290 0
45300 0
45310 0
45320 0
45330 0
45340 0
45350 0
45360 0
45370 0
45380 0
45390 0
45400 0
45410 0
45420 0
45430 0
45440 0
45450 0
45460 0
45470 0
45480 0
45490 0
45500 0
45510 0
45520 0
45530 0
45540 0
45550 0
45560 0
45570 0
45580 0
45590 0
45600 0
45610 0
45620 0
45630 0
45640 0
45650 0
45660 0
45670 0
45680 0
45690 0
45700 0
45710 0
45720 0
45730 0
45740 0
45750 0
45760 0
45770 0
45780 0
45790 0
45800 0
45810 0
45820 0
45830 0
45840 0
45850 0
45860 0
45870 0
45880 0
45890 0
45900 0
45910 0
45920 0
45930 0
45940 0
45950 0
45960 0
45970 0
45980 0
45990 0
46000 0
46010 0
46020 0
46030 0
46040 0
46050 0
46060 0
46070 0
46080 0
46090 0
46100 0
46110 0
46120 0
46130 0
46140 0
46150 0
46160 0
46170 0
46180 0
46190 0
46200 0
46210 0
46220 0
46230 0
46240 0
46250 0
46260 0
46270 0
46280 0
46290 0
46300 0
46310 0
46320 0
46330 0
46340 0
46350 0
46360 0
46370 0
46380 0
46390 0
46400 0
46410 0
46420 0
46430 0
46440 0
46450 6
46460 3
46470 1
46480 1
46490 1
46500 4
46510 5
46520 5
46530 3
46540 4
46550 5
46560 4
46570 5
46580 3
46590 4
46600 2
46610 5
46620 5
46630 5
46640 3
46650 3
46660 6
46670 3
46680 3
46690 4
46700 5
46710 5
46720 5
46730 2
46740 0
46750 0
46760 7
46770 9
46780 5
46790 16
46800 0
46810 5
46820 0
46830 0
46840 0
46850 0
46860 0
46870 0
46880 0
46890 0
46900 0
46910 0
46920 0
46930 0
46940 0
46950 0
46960 0
46970 0
46980 0
46990 0
47000 0
47010 0
47020 0
47030 0
47040 0
47050 0
47060 0
47070 0
47080 0
47090 0
47100 0
47110 0
47120 0
47130 1
47140 0
47150 1
47160 0
47170 0
47180 1
47190 0
47200 1
47210 1
47220 0
47230 0
47240 0
47250 5
47260 1
47270 0
47280 0
47290 0
47300 1
47310 4
47320 1
47330 1
47340 2
47350 0
47360 0
47370 0
47380 0
47390 1
47400 0
47410 0
47420 0
47430 0
47440 0
47450 0
47460 0
47470 0
47480 1
47490 0
47500 1
47510 1
47520 1
47530 2
47540 2
47550 1
47560 0
47570 0
47580 0
47590 1
47600 0
47610 0
47620 0
47630 0
47640 0
47650 2
47660 0
47670 0
47680 0
47690 0
47700 0
47710 0
47720 0
47730 2
47740 0
47750 0
47760 0
47770 1
47780 0
47790 0
47800 0
47810 0
47820 1
47830 5
47840 7
47850 3
47860 6
47870 1
47880 0
47890 11
47900 4
47910 6
47920 11
47930 5
47940 11
47950 6
47960 3
47970 0
47980 2
47990 0
48000 3
48010 4
48020 3
48030 2
48040 4
48050 3
48060 9
48070 1
48080 1
48090 0
48100 3
48110 4
48120 4
48130 2
48140 3
48150 6
48160 5
48170 18
48180 3
48190 6
48200 11
48210 0
48220 2
48230 5
48240 6
48250 5
48260 0
48270 0
48280 0
48290 0
48300 0
48310 2
48320 1
48330 0
48340 0
48350 5
48360 0
48370 0
48380 0
48390 5
48400 5
48410 3
48420 0
48430 0
48440 0
48450 0
48460 0
48470 3
48480 3
48490 5
48500 3
48510 0
48520 1
48530 1
48540 2
48550 3
48560 0
48570 0
48580 2
48590 0
48600 0
48610 1
48620 0
48630 0
48640 0
48650 0
48660 0
48670 3
48680 0
48690 0
48700 0
48710 3
48720 1
48730 2
48740 1
48750 3
48760 2
48770 0
48780 0
48790 0
48800 0
48810 0
48820 1
48830 2
48840 2
48850 0
48860 0
48870 4
48880 0
48890 6
48900 1
48910 3
48920 2
48930 3
48940 4
48950 5
48960 2
48970 4
48980 4
48990 5
49000 4
49010 6
49020 5
49030 6
49040 6
49050 7
49060 8
49070 0
49080 0
49090 0
49100 0
49110 0
49120 0
49130 2
49140 8
49150 1
49160 1
49170 0
49180 4
49190 0
49200 3
49210 7
49220 9
49230 9
49240 1
49250 3
49260 0
49270 0
49280 0
49290 0
49300 0
49310 0
49320 0
49330 0
49340 0
49350 0
49360 0
49370 0
49380 0
49390 0
49400 0
49410 0
49420 0
49430 0
49440 0
49450 0
49460 0
49470 0
49480 0
49490 0
49500 0
49510 0
49520 0
49530 0
49540 0
49550 0
49560 0
49570 0
49580 0
49590 0
49600 0
49610 0
49620 0
49630 0
49640 0
49650 0
49660 0
49670 0
49680 0
49690 0
49700 0
49710 2
49720 2
49730 0
49740 3
49750 1
49760 3
49770 4
49780 1
49790 3
49800 1
49810 4
49820 3
49830 5
49840 3
49850 1
49860 5
49870 3
49880 4
49890 4
49900 4
49910 4
49920 5
49930 6
49940 3
49950 2
49960 6
49970 6
49980 3
49990 3
50000 6
50010 6
50020 4
50030 2
50040 3
50050 0
50060 0
50070 0
50080 6
50090 0
50100 5
50110 2
50120 0
50130 3
50140 4
50150 3
50160 0
50170 1
50180 2
50190 1
50200 0
50210 1
50220 0
50230 2
50240 1
50250 1
50260 4
50270 0
50280 1
50290 1
50300 0
50310 0
50320 1
50330 0
50340 1
50350 0
50360 1
50370 0
50380 0
50390 2
50400 3
50410 1
50420 0
50430 0
50440 0
50450 0
50460 0
50470 0
50480 1
50490 0
50500 0
50510 0
50520 1
50530 0
50540 0
50550 0
50560 0
50570 0
50580 0
50590 0
50600 0
50610 0
50620 0
50630 0
50640 0
50650 0
50660 0
50670 0
50680 0
50690 0
50700 0
50710 0
50720 0
50730 0
50740 0
50750 0
50760 0
50770 0
50780 0
50790 4
50800 0
50810 2
50820 1
50830 0
50840 0
50850 1
50860 1
50870 1
50880 0
50890 0
50900 3
50910 1
50920 0
50930 1
50940 0
50950 0
50960 0
50970 0
50980 0
50990 0
51000 0
51010 0
51020 0
51030 0
51040 0
51050 0
51060 0
51070 0
51080 0
51090 0
51100 0
51110 0
51120 3
51130 6
51140 0
51150 6
51160 0
51170 1
51180 0
51190 3
51200 0
51210 0
51220 0
51230 0
51240 4
51250 0
51260 0
51270 0
51280 20
51290 2
51300 12
51310 9
51320 13
51330 6
51340 10
51350 13
51360 5
51370 9
51380 0
51390 0
51400 0
51410 0
51420 0
51430 12
51440 15
51450 13
51460 13
51470 9
51480 10
51490 10
51500 11
51510 8
51520 5
51530 8
51540 14
51550 12
51560 15
51570 17
51580 7
51590 11
51600 15
51610 13
51620 15
51630 15
51640 9
51650 13
51660 7
51670 19
51680 15
51690 8
51700 8
51710 9
51720 12
51730 20
51740 11
51750 4
51760 10
51770 11
51780 21
51790 22
51800 10
51810 5
51820 4
51830 10
51840 19
51850 17
51860 12
51870 11
51880 19
51890 5
51900 5
51910 5
51920 13
51930 5
51940 5
51950 6
51960 12
51970 5
51980 7
51990 9
52000 5
52010 10
52020 8
52030 7
52040 7
52050 5
52060 3
52070 4
52080 5
52090 4
52100 4
52110 3
52120 4
52130 14
52140 13
52150 15
52160 11
52170 11
52180 16
52190 10
52200 15
52210 12
52220 7
52230 0
52240 0
52250 0
52260 0
52270 0
52280 0
52290 0
52300 0
52310 0
52320 0
52330 0
52340 0
52350 0
52360 0
52370 0
52380 0
52390 0
52400 0
52410 0
52420 0
52430 0
52440 0
52450 0
52460 0
52470 0
52480 0
52490 0
52500 0
52510 0
52520 0
52530 0
52540 0
52550 0
52560 0
52570 0
52580 0
52590 0
52600 0
52610 0
52620 0
52630 0
52640 0
52650 0
52660 0
52670 0
52680 0
52690 0
52700 0
52710 0
52720 0
52730 0
52740 0
52750 0
52760 0
52770 0
52780 0
52790 0
52800 0
52810 0
52820 0
52830 0
52840 0
52850 0
52860 0
52870 0
52880 0
52890 0
52900 0
52910 0
52920 0
52930 0
52940 0
52950 0
52960 0
52970 0
52980 0
52990 0
53000 0
53010 0
53020 0
53030 0
53040 0
53050 0
53060 0
53070 0
53080 0
53090 0
53100 0
53110 0
53120 0
53130 0
53140 0
53150 0
53160 0
53170 0
53180 0
53190 0
53200 0
53210 0
53220 0
53230 0
53240 0
53250 0
53260 0
53270 0
53280 0
53290 0
53300 0
53310 0
53320 0
53330 0
53340 0
53350 0
53360 4
53370 0
53380 0
53390 0
53400 0
53410 0
53420 0
53430 0
53440 0
53450 0
53460 0
53470 0
53480 0
53490 0
53500 0
53510 0
53520 0
53530 0
53540 0
53550 0
53560 0
53570 0
53580 0
53590 0
53600 0
53610 0
53620 0
53630 0
53640 0
53650 0
53660 0
53670 0
53680 0
53690 0
53700 0
53710 0
53720 0
53730 0
53740 0
53750 0
53760 0
53770 0
53780 0
53790 0
53800 0
53810 0
53820 0
53830 0
53840 0
53850 0
53860 2
53870 0
53880 1
53890 4
53900 6
53910 7
53920 1
53930 0
53940 0
53950 0
53960 0
53970 0
53980 0
53990 0
54000 0
54010 0
54020 0
54030 0
54040 0
54050 2
54060 3
54070 7
54080 2
54090 0
54100 8
54110 6
54120 2
54130 1
54140 0
54150 0
54160 1
54170 1
54180 4
54190 3
54200 0
54210 3
54220 1
54230 3
54240 6
54250 12
54260 0
54270 0
54280 0
54290 0
54300 1
54310 0
54320 0
54330 0
54340 0
54350 0
54360 0
54370 0
54380 0
54390 0
54400 0
54410 0
54420 0
54430 0
54440 0
54450 0
54460 0
54470 0
54480 0
54490 0
54500 0
54510 0
54520 0
54530 0
54540 0
54550 0
54560 0
54570 0
54580 0
54590 0
54600 0
54610 0
54620 0
54630 0
54640 0
54650 0
54660 0
54670 0
54680 0
54690 0
54700 0
54710 0
54720 0
54730 0
54740 0
54750 0
54760 0
54770 0
54780 0
54790 0
54800 0
54810 0
54820 0
54830 0
54840 0
54850 0
54860 0
54870 0
54880 0
54890 0
54900 0
54910 0
54920 0
54930 0
54940 0
54950 0
54960 0
54970 0
54980 0
54990 0
55000 0
55010 0
55020 0
55030 0
55040 0
55050 0
55060 0
55070 0
55080 0
55090 0
55100 0
55110 0
55120 0
55130 0
55140 0
55150 0
55160 0
55170 0
55180 0
55190 0
55200 0
55210 0
55220 0
55230 0
55240 0
55250 0
55260 0
55270 0
55280 0
55290 0
55300 0
55310 0
55320 0
55330 0
55340 0
55350 0
55360 0
55370 0
55380 0
55390 0
55400 0
55410 0
55420 0
55430 0
55440 0
55450 0
55460 0
55470 0
55480 0
55490 0
55500 0
55510 0
55520 0
55530 2
55540 0
55550 0
55560 0
55570 0
55580 0
55590 0
55600 0
55610 0
55620 0
55630 0
55640 0
55650 0
55660 0
55670 0
55680 0
55690 0
55700 0
55710 0
55720 0
55730 0
55740 0
55750 0
55760 1
55770 0
55780 0
55790 0
55800 0
55810 0
55820 0
55830 0
55840 0
55850 0
55860 0
55870 0
55880 0
55890 0
55900 0
55910 0
55920 0
55930 0
55940 0
55950 0
55960 0
55970 0
55980 1
55990 4
56000 1
56010 0
56020 0
56030 1
56040 2
56050 1
56060 1
56070 0
56080 0
56090 0
56100 1
56110 0
56120 0
56130 0
56140 0
56150 0
56160 0
56170 0
56180 0
56190 0
56200 0
56210 0
56220 0
56230 0
56240 0
56250 0
56260 0
56270 0
56280 1
56290 0
56300 1
56310 1
56320 0
56330 1
56340 1
56350 0
56360 0
56370 0
56380 0
56390 0
56400 0
56410 0
56420 0
56430 0
56440 0
56450 0
56460 0
56470 0
56480 0
56490 0
56500 0
56510 0
56520 0
56530 0
56540 0
56550 0
56560 0
56570 0
56580 0
56590 0
56600 0
56610 0
56620 0
56630 0
56640 0
56650 0
56660 0
56670 0
56680 0
56690 0
56700 0
56710 0
56720 0
56730 0
56740 0
56750 0
56760 0
56770 0
56780 0
56790 0
56800 0
56810 0
56820 0
56830 0
56840 0
56850 0
56860 0
56870 0
56880 0
56890 0
56900 0
56910 0
56920 0
56930 0
56940 0
56950 0
56960 0
56970 0
56980 0
56990 0
57000 0
57010 0
57020 0
57030 0
57040 0
57050 0
57060 0
57070 0
57080 0
57090 0
57100 0
57110 0
57120 0
57130 0
57140 2
57150 2
57160 2
57170 1
57180 1
57190 2
57200 0
57210 0
57220 0
57230 0
57240 0
57250 0
57260 0
57270 0
57280 0
57290 0
57300 0
57310 0
57320 0
57330 0
57340 0
57350 0
57360 0
57370 0
57380 0
57390 0
57400 2
57410 0
57420 1
57430 9
57440 3
57450 3
57460 2
57470 3
57480 3
57490 2
57500 8
57510 2
57520 3
57530 4
57540 3
57550 4
57560 0
57570 1
57580 4
57590 3
57600 2
57610 5
57620 2
57630 10
57640 3
57650 2
57660 9
57670 3
57680 2
57690 4
57700 4
57710 2
57720 4
57730 6
57740 3
57750 3
57760 9
57770 3
57780 2
57790 8
57800 3
57810 2
57820 2
57830 2
57840 4
57850 7
57860 3
57870 4
57880 3
57890 5
57900 3
57910 4
57920 3
57930 4
57940 4
57950 4
57960 3
57970 2
57980 4
57990 2
58000 0
58010 3
58020 3
58030 3
58040 3
58050 3
58060 3
58070 2
58080 4
58090 3
58100 3
58110 1
58120 3
58130 3
58140 2
58150 3
58160 4
58170 4
58180 3
58190 4
58200 3
58210 4
58220 2
58230 4
58240 4
58250 2
58260 4
58270 4
58280 3
58290 2
58300 2
58310 3
58320 3
58330 2
58340 2
58350 3
58360 1
58370 2
58380 2
58390 2
58400 4
58410 2
58420 3
58430 5
58440 9
58450 3
58460 5
58470 3
58480 4
58490 3
58500 2
58510 1
58520 4
58530 4
58540 0
58550 0
58560 0
58570 1
58580 1
58590 2
58600 4
58610 1
58620 0
58630 0
58640 0
58650 0
58660 0
58670 0
58680 0
58690 1
58700 1
58710 1
58720 1
58730 1
58740 2
58750 0
58760 0
58770 1
58780 0
58790 1
58800 1
58810 0
58820 4
58830 2
58840 0
58850 0
58860 8
58870 9
58880 6
58890 8
58900 4
58910 8
58920 10
58930 5
58940 4
58950 3
58960 1
58970 4
58980 5
58990 5
59000 4
59010 3
59020 1
59030 2
59040 1
59050 0
59060 0
59070 0
59080 1
59090 2
59100 2
59110 4
59120 3
59130 1
59140 1
59150 0
59160 0
59170 0
59180 0
59190 2
59200 4
59210 0
59220 0
59230 5
59240 4
59250 4
59260 1
59270 0
59280 0
59290 0
59300 0
59310 0
59320 0
59330 0
59340 0
59350 0
59360 0
59370 0
59380 0
59390 0
59400 0
59410 0
59420 0
59430 0
59440 0
59450 0
59460 0
59470 0
59480 0
59490 0
59500 0
59510 0
59520 0
59530 0
59540 0
59550 0
59560 0
59570 0
59580 0
59590 0
59600 0
59610 0
59620 0
59630 0
59640 0
59650 0
59660 0
59670 0
59680 0
59690 0
59700 0
59710 0
59720 0
59730 0
59740 0
59750 0
59760 0
59770 0
59780 0
59790 0
59800 0
59810 0
59820 0
59830 0
59840 0
59850 0
59860 0
59870 0
59880 0
59890 0
59900 0
59910 0
59920 0
59930 0
59940 0
59950 0
59960 0
59970 0
59980 0
59990 0
60000 0
60010 0
60020 0
60030 0
60040 0
60050 0
60060 0
60070 0
60080 0
60090 0
60100 0
60110 0
60120 0
60130 1
60140 0
60150 0
60160 0
60170 0
60180 0
60190 0
60200 0
60210 0
60220 0
60230 0
60240 0
60250 0
60260 0
60270 0
60280 0
60290 0
60300 0
60310 0
60320 0
60330 0
60340 0
60350 0
60360 0
60370 0
60380 0
60390 0
60400 0
60410 0
60420 0
60430 0
60440 0
60450 0
60460 0
60470 0
60480 0
60490 0
60500 0
60510 0
60520 0
60530 0
60540 0
60550 0
60560 0
60570 0
60580 0
60590 0
60600 0
60610 0
60620 0
60630 0
60640 0
60650 0
60660 0
60670 0
60680 0
60690 0
60700 0
60710 0
60720 0
60730 0
60740 0
60750 0
60760 0
60770 0
60780 0
60790 0
60800 0
60810 0
60820 0
60830 0
60840 0
60850 0
60860 0
60870 0
60880 0
60890 0
60900 0
60910 0
60920 0
60930 0
60940 0
60950 0
60960 0
60970 0
60980 0
60990 0
61000 0
61010 0
61020 0
61030 0
61040 0
61050 0
61060 0
61070 0
61080 0
61090 0
61100 0
61110 0
61120 0
61130 0
61140 0
61150 0
61160 0
61170 0
61180 1
61190 0
61200 0
61210 0
61220 2
61230 0
61240 1
61250 1
61260 0
61270 1
61280 7
61290 5
61300 0
61310 0
61320 0
61330 1
61340 13
61350 6
61360 0
61370 5
61380 7
61390 0
61400 0
61410 0
61420 0
61430 0
61440 0
61450 3
61460 2
61470 12
61480 16
61490 17
61500 19
61510 18
61520 13
61530 19
61540 9
61550 0
61560 0
61570 0
61580 0
61590 2
61600 0
61610 0
61620 0
61630 0
61640 0
61650 0
61660 0
61670 0
61680 0
61690 0
61700 0
61710 0
61720 0
61730 0
61740 0
61750 0
61760 6
61770 0
61780 0
61790 0
61800 0
61810 0
61820 0
61830 0
61840 0
61850 3
61860 0
61870 0
61880 0
61890 0
61900 0
61910 0
61920 0
61930 0
61940 0
61950 0
61960 0
61970 0
61980 0
61990 0
62000 0
62010 0
62020 0
62030 0
62040 0
62050 0
62060 1
62070 0
62080 0
62090 0
62100 0
62110 0
62120 0
62130 0
62140 0
62150 0
62160 0
62170 0
62180 0
62190 0
62200 0
62210 0
62220 0
62230 0
62240 0
62250 0
62260 0
62270 0
62280 0
62290 0
62300 0
62310 0
62320 0
62330 0
62340 0
62350 0
62360 0
62370 0
62380 0
62390 0
62400 0
62410 0
62420 0
62430 0
62440 3
62450 0
62460 0
62470 0
62480 0
62490 0
62500 0
62510 0
62520 0
62530 0
62540 0
62550 0
62560 0
62570 0
62580 0
62590 0
62600 0
62610 0
62620 0
62630 0
62640 0
62650 0
62660 0
62670 0
62680 0
62690 0
62700 0
62710 0
62720 0
62730 0
62740 0
62750 0
62760 0
62770 0
62780 1
62790 0
62800 0
62810 0
62820 0
62830 0
62840 0
62850 0
62860 0
62870 0
62880 0
62890 0
62900 0
62910 0
62920 0
62930 0
62940 0
62950 0
62960 0
62970 0
62980 0
62990 0
63000 0
63010 0
63020 0
63030 0
63040 0
63050 0
63060 0
63070 0
63080 0
63090 0
63100 0
63110 0
63120 0
63130 0
63140 0
63150 0
63160 0
63170 0
63180 0
63190 0
63200 0
63210 0
63220 0
63230 0
63240 0
63250 0
63260 0
63270 2
63280 2
63290 4
63300 3
63310 3
63320 4
63330 1
63340 4
63350 6
63360 6
63370 4
63380 6
63390 6
63400 4
63410 6
63420 2
63430 5
63440 4
63450 4
63460 5
63470 5
63480 6
63490 4
63500 3
63510 5
63520 6
63530 7
63540 7
63550 3
63560 3
63570 2
63580 6
63590 6
63600 5
63610 4
63620 5
63630 4
63640 6
63650 7
63660 7
63670 5
63680 6
63690 6
63700 4
63710 4
63720 4
63730 4
63740 0
63750 3
63760 0
63770 3
63780 6
63790 9
63800 11
63810 10
63820 16
63830 11
63840 6
63850 5
63860 5
63870 4
63880 4
63890 5
63900 8
63910 0
63920 0
63930 0
63940 0
63950 0
63960 0
63970 0
63980 0
63990 4
64000 3
64010 4
64020 3
64030 7
64040 1
64050 3
64060 2
64070 1
64080 0
64090 0
64100 0
64110 0
64120 0
64130 0
64140 0
64150 0
64160 0
64170 0
64180 1
64190 0
64200 0
64210 7
64220 5
64230 15
64240 11
64250 13
64260 20
64270 15
64280 19
64290 7
64300 12
64310 0
64320 0
64330 0
64340 0
64350 0
64360 1
64370 7
64380 1
64390 0
64400 0
64410 0
64420 0
64430 0
64440 0
64450 0
64460 0
64470 0
64480 0
64490 0
64500 0
64510 0
64520 0
64530 0
64540 0
64550 0
64560 0
64570 0
64580 0
64590 0
64600 0
64610 0
64620 0
64630 0
64640 0
64650 0
64660 0
64670 0
64680 2
64690 0
64700 3
64710 0
64720 0
64730 0
64740 2
64750 0
64760 6
64770 4
64780 5
64790 4
64800 8
64810 7
64820 4
64830 4
64840 6
64850 4
64860 4
64870 4
64880 0
64890 0
64900 0
64910 0
64920 0
64930 0
64940 0
64950 0
64960 0
64970 0
64980 0
64990 0
65000 0
65010 0
65020 0
65030 0
65040 0
65050 0
65060 0
65070 0
65080 0
65090 0
65100 0
65110 0
65120 0
65130 0
65140 0
65150 0
65160 0
65170 0
65180 0
65190 0
65200 0
65210 0
65220 0
65230 0
65240 0
65250 0
65260 0
65270 1
65280 0
65290 6
65300 3
65310 2
65320 0
65330 4
65340 0
65350 0
65360 2
65370 1
65380 7
65390 0
65400 0
65410 0
65420 0
65430 1
65440 0
65450 0
65460 0
65470 0
65480 0
65490 0
65500 0
65510 0
65520 0
65530 0
65540 0
65550 0
65560 0
65570 0
65580 0
65590 0
65600 0
65610 0
65620 0
65630 0
65640 0
65650 0
65660 0
65670 0
65680 0
65690 0
65700 0
65710 0
65720 1
65730 3
65740 11
65750 8
65760 8
65770 3
65780 0
65790 0
65800 0
65810 0
65820 0
65830 0
65840 0
65850 0
65860 0
65870 0
65880 1
65890 0
65900 0
65910 0
65920 0
65930 0
65940 0
65950 0
65960 0
65970 0
65980 0
65990 1
66000 0
66010 0
66020 0
66030 0
66040 1
66050 0
66060 0
66070 0
66080 0
66090 0
66100 0
66110 0
66120 2
66130 0
66140 0
66150 1
66160 0
66170 0
66180 1
66190 6
66200 6
66210 7
66220 6
66230 6
66240 6
66250 5
66260 4
66270 4
66280 5
66290 6
66300 3
66310 2
66320 5
66330 9
66340 6
66350 4
66360 5
66370 4
66380 5
66390 4
66400 5
66410 4
66420 7
66430 5
66440 4
66450 8
66460 4
66470 10
66480 6
66490 6
66500 7
66510 6
66520 9
66530 5
66540 4
66550 10
66560 11
66570 8
66580 5
66590 5
66600 5
66610 4
66620 7
66630 6
66640 8
66650 9
66660 5
66670 12
66680 9
66690 9
66700 5
66710 7
66720 9
66730 11
66740 7
66750 7
66760 6
66770 5
66780 10
66790 8
66800 7
66810 9
66820 13
66830 12
66840 6
66850 13
66860 13
66870 7
66880 10
66890 7
66900 7
66910 13
66920 6
66930 8
66940 8
66950 5
66960 8
66970 12
66980 5
66990 5
67000 7
67010 9
67020 11
67030 10
67040 5
67050 5
67060 8
67070 6
67080 7
67090 12
67100 12
67110 11
67120 4
67130 10
67140 9
67150 12
67160 6
67170 2
67180 5
67190 10
67200 11
67210 9
67220 3
67230 2
67240 3
67250 1
67260 8
67270 5
67280 4
67290 2
67300 3
67310 7
67320 9
67330 9
67340 6
67350 8
67360 8
67370 8
67380 7
67390 7
67400 5
67410 6
67420 7
67430 10
67440 4
67450 4
67460 2
67470 2
67480 1
67490 4
67500 2
67510 8
67520 10
67530 4
67540 4
67550 4
67560 14
67570 12
67580 8
67590 8
67600 6
67610 9
67620 5
67630 8
67640 11
67650 8
67660 7
67670 8
67680 15
67690 16
67700 13
67710 11
67720 14
67730 15
67740 9
67750 8
67760 9
67770 10
67780 9
67790 7
67800 9
67810 5
67820 9
67830 12
67840 11
67850 7
67860 9
67870 6
67880 13
67890 5
67900 5
67910 4
67920 5
67930 6
67940 6
67950 7
67960 5
67970 6
67980 9
67990 5
68000 7
68010 8
68020 5
68030 5
68040 6
68050 5
68060 5
68070 5
68080 6
68090 9
68100 6
68110 7
68120 8
68130 6
68140 3
68150 14
68160 10
68170 7
68180 7
68190 9
68200 5
68210 7
68220 7
68230 7
68240 7
68250 8
68260 5
68270 9
68280 7
68290 9
68300 10
68310 9
68320 7
68330 12
68340 8
68350 10
68360 9
68370 5
68380 9
68390 9
68400 7
68410 9
68420 5
68430 6
68440 8
68450 7
68460 8
68470 6
68480 10
68490 8
68500 8
68510 7
68520 8
68530 5
68540 8
68550 6
68560 6
68570 7
68580 7
68590 5
68600 6
68610 6
68620 7
68630 6
68640 8
68650 7
68660 8
68670 6
68680 9
68690 7
68700 8
68710 11
68720 6
68730 2
68740 0
68750 0
68760 0
68770 0
68780 0
68790 1
68800 0
68810 0
68820 0
68830 3
68840 0
68850 2
68860 3
68870 1
68880 0
68890 1
68900 2
68910 0
68920 3
68930 0
68940 0
68950 0
68960 1
68970 2
68980 0
68990 0
69000 0
69010 0
69020 4
69030 0
69040 0
69050 0
69060 6
69070 8
69080 6
69090 7
69100 8
69110 2
69120 8
69130 4
69140 7
69150 5
69160 10
69170 9
69180 9
69190 9
69200 9
69210 5
69220 6
69230 6
69240 6
69250 7
69260 8
69270 8
69280 8
69290 9
69300 10
69310 8
69320 8
69330 10
69340 6
69350 6
69360 5
69370 7
69380 8
69390 4
69400 6
69410 9
69420 7
69430 10
69440 10
69450 7
69460 6
69470 12
69480 9
69490 8
69500 4
69510 4
69520 6
69530 5
69540 7
69550 3
69560 4
69570 8
69580 8
69590 8
69600 5
69610 8
69620 6
69630 10
69640 12
69650 10
69660 9
69670 10
69680 10
69690 8
69700 6
69710 8
69720 7
69730 10
69740 9
69750 9
69760 11
69770 12
69780 10
69790 9
69800 8
69810 10
69820 10
69830 9
69840 7
69850 10
69860 8
69870 8
69880 8
69890 10
69900 10
69910 8
69920 6
69930 7
69940 4
69950 9
69960 7
69970 8
69980 11
69990 10
70000 10
70010 8
70020 10
70030 9
70040 10
70050 8
70060 7
70070 10
70080 6
70090 8
70100 8
70110 5
70120 8
70130 14
70140 9
70150 6
70160 12
70170 7
70180 4
70190 5
70200 5
70210 5
70220 7
70230 9
70240 7
70250 11
70260 7
70270 9
70280 7
70290 12
70300 10
70310 11
70320 10
70330 14
70340 8
70350 10
70360 11
70370 7
70380 8
70390 7
70400 6
70410 6
70420 7
70430 8
70440 8
70450 8
70460 13
70470 6
70480 8
70490 6
70500 7
70510 11
70520 6
70530 9
70540 8
70550 8
70560 14
70570 7
70580 10
70590 8
70600 6
70610 9
70620 9
70630 14
70640 7
70650 7
70660 9
70670 11
70680 5
70690 8
70700 7
70710 7
70720 8
70730 6
70740 7
70750 8
70760 9
70770 11
70780 9
70790 11
70800 11
70810 5
70820 9
70830 9
70840 5
70850 5
70860 11
70870 7
70880 7
70890 6
70900 8
70910 8
70920 11
70930 6
70940 10
70950 8
70960 9
70970 9
70980 8
70990 9
71000 11
71010 13
71020 10
71030 8
71040 9
71050 9
71060 7
71070 14
71080 4
71090 7
71100 10
71110 7
71120 13
71130 12
71140 7
71150 8
71160 7
71170 11
71180 4
71190 9
71200 10
71210 10
71220 8
71230 9
71240 6
71250 8
71260 6
71270 8
71280 10
71290 10
71300 6
71310 7
71320 7
71330 9
71340 5
71350 9
71360 10
71370 9
71380 13
71390 10
71400 7
71410 7
71420 8
71430 8
71440 7
71450 9
71460 10
71470 7
71480 9
71490 6
71500 7
71510 11
71520 9
71530 8
71540 6
71550 9
71560 8
71570 10
71580 10
71590 6
71600 7
71610 8
71620 9
71630 5
71640 9
71650 13
71660 7
71670 9
71680 11
71690 11
71700 9
71710 6
71720 9
71730 10
71740 10
71750 8
71760 9
71770 9
71780 11
71790 6
71800 7
71810 9
71820 6
71830 9
71840 7
71850 5
71860 8
71870 8
71880 5
71890 8
71900 10
71910 8
71920 4
71930 9
71940 5
71950 8
71960 10
71970 9
71980 2
71990 13
72000 10
72010 11
72020 8
72030 10
72040 5
72050 6
72060 8
72070 11
72080 4
72090 9
72100 5
72110 5
72120 16
72130 10
72140 8
72150 7
72160 10
72170 8
72180 9
72190 7
72200 4
72210 8
72220 7
72230 8
72240 6
72250 8
72260 8
72270 11
72280 10
72290 10
72300 5
72310 12
72320 8
72330 7
72340 11
72350 7
72360 7
72370 7
72380 9
72390 8
72400 8
72410 8
72420 11
72430 8
72440 11
72450 7
72460 7
72470 9
72480 9
72490 10
72500 8
72510 8
72520 7
72530 7
72540 7
72550 8
72560 14
72570 10
72580 7
72590 9
72600 9
72610 13
72620 5
72630 5
72640 0
72650 2
72660 8
72670 4
72680 6
72690 10
72700 8
72710 9
72720 6
72730 4
72740 8
72750 10
72760 8
72770 4
72780 8
72790 6
72800 8
72810 6
72820 10
72830 8
72840 8
72850 7
72860 4
72870 9
72880 7
72890 6
72900 12
72910 6
72920 11
72930 9
72940 8
72950 11
72960 6
72970 8
72980 7
72990 10
73000 8
73010 9
73020 6
73030 9
73040 7
73050 4
73060 4
73070 7
73080 3
73090 9
73100 5
73110 7
73120 5
73130 7
73140 6
73150 8
73160 9
73170 5
73180 9
73190 12
73200 5
73210 9
73220 5
73230 6
73240 7
73250 9
73260 6
73270 7
73280 4
73290 4
73300 1
73310 0
73320 0
73330 7
73340 9
73350 8
73360 6
73370 4
73380 9
73390 5
73400 6
73410 8
73420 9
73430 9
73440 7
73450 4
73460 7
73470 5
73480 4
73490 5
73500 9
73510 6
73520 11
73530 10
73540 7
73550 11
73560 7
73570 7
73580 8
73590 6
73600 7
73610 8
73620 6
73630 5
73640 8
73650 3
73660 8
73670 3
73680 7
73690 7
73700 7
73710 6
73720 6
73730 8
73740 6
73750 8
73760 4
73770 4
73780 3
73790 1
73800 4
73810 4
73820 3
73830 3
73840 4
73850 3
73860 4
73870 1
73880 4
73890 5
73900 1
73910 4
73920 0
73930 0
73940 0
73950 4
73960 4
73970 11
73980 10
73990 5
74000 14
74010 9
74020 5
74030 12
74040 12
74050 5
74060 7
74070 7
74080 6
74090 6
74100 4
74110 6
74120 7
74130 4
74140 7
74150 7
74160 6
74170 7
74180 6
74190 7
74200 10
74210 7
74220 7
74230 9
74240 11
74250 7
74260 2
74270 8
74280 10
74290 6
74300 8
74310 8
74320 5
74330 9
74340 7
74350 10
74360 8
74370 9
74380 11
74390 11
74400 13
74410 8
74420 8
74430 8
74440 7
74450 9
74460 6
74470 9
74480 11
74490 4
74500 4
74510 9
74520 9
74530 7
74540 11
74550 10
74560 8
74570 7
74580 4
74590 8
74600 9
74610 8
74620 10
74630 11
74640 16
74650 5
74660 6
74670 8
74680 13
74690 8
74700 9
74710 7
74720 7
74730 8
74740 17
74750 11
74760 3
74770 3
74780 5
74790 5
74800 9
74810 6
74820 10
74830 10
74840 10
74850 8
74860 7
74870 11
74880 8
74890 12
74900 9
74910 13
74920 7
74930 5
74940 5
74950 6
74960 8
74970 10
74980 9
74990 13
75000 10
75010 9
75020 12
75030 11
75040 11
75050 8
75060 9
75070 11
75080 5
75090 9
75100 9
75110 7
75120 8
75130 10
75140 9
75150 13
75160 9
75170 8
75180 9
75190 8
75200 8
75210 7
75220 8
75230 12
75240 8
75250 10
75260 11
75270 11
75280 4
75290 8
75300 8
75310 10
75320 9
75330 6
75340 7
75350 1
75360 9
75370 4
75380 12
75390 6
75400 1
75410 3
75420 1
75430 5
75440 7
75450 5
75460 5
75470 3
75480 1
75490 5
75500 2
75510 4
75520 5
75530 1
75540 10
75550 10
75560 1
75570 10
75580 8
75590 5
75600 10
75610 7
75620 6
75630 8
75640 7
75650 1
75660 9
75670 12
75680 6
75690 8
75700 4
75710 8
75720 7
75730 5
75740 1
75750 2
75760 9
75770 9
75780 7
75790 8
75800 9
75810 9
75820 9
75830 13
75840 9
75850 13
75860 8
75870 10
75880 8
75890 7
75900 11
75910 12
75920 11
75930 3
75940 3
75950 5
75960 3
75970 2
75980 10
75990 12
76000 8
76010 16
76020 9
76030 9
76040 7
76050 15
76060 11
76070 11
76080 8
76090 10
76100 9
76110 12
76120 8
76130 3
76140 9
76150 13
76160 13
76170 11
76180 2
76190 5
76200 10
76210 4
76220 2
76230 2
76240 0
76250 0
76260 5
76270 4
76280 10
76290 9
76300 7
76310 6
76320 5
76330 16
76340 13
76350 6
76360 7
76370 14
76380 14
76390 9
76400 8
76410 11
76420 6
76430 6
76440 14
76450 6
76460 7
76470 8
76480 7
76490 2
76500 2
76510 8
76520 7
76530 10
76540 8
76550 11
76560 2
76570 7
76580 6
76590 7
76600 6
76610 3
76620 9
76630 2
76640 2
76650 6
76660 15
76670 5
76680 7
76690 1
76700 1
76710 1
76720 9
76730 9
76740 9
76750 11
76760 1
76770 9
76780 4
76790 15
76800 5
76810 9
76820 0
76830 1
76840 1
76850 5
76860 10
76870 4
76880 7
76890 7
76900 0
76910 9
76920 11
76930 2
76940 2
76950 1
76960 4
76970 12
76980 16
76990 13
77000 12
77010 11
77020 9
77030 6
77040 10
77050 14
77060 6
77070 11
77080 5
77090 18
77100 9
77110 10
77120 9
77130 6
77140 7
77150 11
77160 15
77170 11
77180 8
77190 14
77200 10
77210 4
77220 3
77230 12
77240 18
77250 6
77260 8
77270 10
77280 7
77290 11
77300 7
77310 8
77320 4
77330 15
77340 10
77350 9
77360 15
77370 17
77380 11
77390 11
77400 3
77410 11
77420 7
77430 11
77440 17
77450 3
77460 13
77470 13
77480 13
77490 10
77500 14
77510 11
77520 5
77530 9
77540 11
77550 13
77560 7
77570 8
77580 9
77590 10
77600 11
77610 3
77620 6
77630 2
77640 9
77650 0
77660 5
77670 11
77680 11
77690 8
77700 2
77710 7
77720 16
77730 9
77740 6
77750 12
77760 8
77770 16
77780 11
77790 5
77800 20
77810 13
77820 12
77830 16
77840 7
77850 5
77860 9
77870 10
77880 8
77890 1
77900 2
77910 10
77920 15
77930 6
77940 6
77950 6
77960 7
77970 4
77980 8
77990 3
78000 10
78010 15
78020 9
78030 8
78040 12
78050 17
78060 2
78070 0
78080 5
78090 12
78100 9
78110 5
78120 5
78130 2
78140 5
78150 5
78160 11
78170 9
78180 6
78190 8
78200 9
78210 12
78220 3
78230 13
78240 16
78250 5
78260 10
78270 5
78280 10
78290 9
78300 15
78310 8
78320 11
78330 14
78340 5
78350 2
78360 9
78370 1
78380 4
78390 5
78400 9
78410 2
78420 3
78430 4
78440 7
78450 5
78460 8
78470 13
78480 17
78490 11
78500 10
78510 2
78520 8
78530 1
78540 9
78550 7
78560 7
78570 5
78580 4
78590 1
78600 9
78610 4
78620 4
78630 5
78640 5
78650 6
78660 4
78670 15
78680 5
78690 7
78700 0
78710 6
78720 3
78730 11
78740 9
78750 14
78760 14
78770 5
78780 14
78790 6
78800 11
78810 19
78820 0
78830 0
78840 11
78850 9
78860 12
78870 12
78880 9
78890 3
78900 11
78910 13
78920 6
78930 12
78940 5
78950 0
78960 8
78970 12
78980 10
78990 5
79000 8
79010 13
79020 8
79030 9
79040 5
79050 6
79060 11
79070 15
79080 7
79090 13
79100 9
79110 13
79120 3
79130 13
79140 9
79150 9
79160 12
79170 4
79180 7
79190 2
79200 0
79210 1
79220 3
79230 0
79240 11
79250 9
79260 9
79270 12
79280 2
79290 11
79300 13
79310 10
79320 10
79330 10
79340 8
79350 6
79360 5
79370 7
79380 8
79390 14
79400 12
79410 8
79420 7
79430 13
79440 7
79450 3
79460 1
79470 2
79480 4
79490 8
79500 3
79510 6
79520 8
79530 3
79540 7
79550 9
79560 10
79570 13
79580 13
79590 12
79600 7
79610 9
79620 6
79630 8
79640 9
79650 8
79660 2
79670 5
79680 5
79690 6
79700 2
79710 2
79720 3
79730 1
79740 8
79750 4
79760 15
79770 7
79780 2
79790 8
79800 3
79810 3
79820 8
79830 1
79840 3
79850 7
79860 9
79870 13
79880 13
79890 14
79900 8
79910 1
79920 5
79930 4
79940 1
79950 3
79960 4
79970 7
79980 4
79990 1
80000 5
80010 11
80020 6
80030 19
80040 2
80050 7
80060 2
80070 2
80080 4
80090 10
80100 1
80110 6
80120 12
80130 5
80140 5
80150 7
80160 3
80170 3
80180 5
80190 3
80200 5
80210 0
80220 0
80230 3
80240 17
80250 7
80260 12
80270 18
80280 4
80290 2
80300 0
80310 0
80320 2
80330 2
80340 2
80350 0
80360 1
80370 7
80380 2
80390 6
80400 0
80410 0
80420 0
80430 0
80440 6
80450 2
80460 6
80470 8
80480 12
80490 11
80500 4
80510 8
80520 9
80530 22
80540 8
80550 15
80560 10
80570 12
80580 7
80590 13
80600 7
80610 3
80620 0
80630 5
80640 6
80650 13
80660 1
80670 10
80680 11
80690 7
80700 14
80710 15
80720 8
80730 7
80740 5
80750 10
80760 6
80770 7
80780 6
80790 5
80800 5
80810 2
80820 11
80830 2
80840 4
80850 6
80860 4
80870 8
80880 9
80890 5
80900 7
80910 2
80920 6
80930 7
80940 12
80950 15
80960 14
80970 12
80980 9
80990 9
81000 13
81010 14
81020 11
81030 14
81040 6
81050 4
81060 11
81070 12
81080 6
81090 8
81100 13
81110 9
81120 7
81130 7
81140 0
81150 0
81160 9
81170 8
81180 3
81190 8
81200 0
81210 10
81220 1
81230 4
81240 1
81250 10
81260 6
81270 7
81280 8
81290 0
81300 0
81310 0
81320 0
81330 7
81340 7
81350 6
81360 9
81370 4
81380 0
81390 1
81400 11
81410 9
81420 19
81430 16
81440 9
81450 17
81460 8
81470 5
81480 5
81490 5
81500 7
81510 20
81520 8
81530 7
81540 4
81550 8
81560 11
81570 5
81580 4
81590 7
81600 5
81610 6
81620 9
81630 11
81640 10
81650 7
81660 13
81670 8
81680 11
81690 11
81700 12
81710 10
81720 8
81730 11
81740 20
81750 11
81760 7
81770 13
81780 15
81790 12
81800 13
81810 7
81820 6
81830 6
81840 8
81850 8
81860 13
81870 8
81880 5
81890 6
81900 8
81910 20
81920 13
81930 16
81940 6
81950 13
81960 5
81970 5
81980 6
81990 11
82000 6
82010 14
82020 9
82030 0
82040 0
82050 0
82060 4
82070 4
82080 6
82090 6
82100 6
82110 7
82120 6
82130 4
82140 4
82150 4
82160 3
82170 1
82180 6
82190 7
82200 2
82210 0
82220 12
82230 0
82240 1
82250 0
82260 6
82270 9
82280 13
82290 7
82300 4
82310 7
82320 10
82330 14
82340 15
82350 7
82360 13
82370 2
82380 3
82390 4
82400 5
82410 11
82420 12
82430 9
82440 4
82450 7
82460 6
82470 5
82480 4
82490 7
82500 2
82510 5
82520 7
82530 4
82540 2
82550 5
82560 1
82570 3
82580 3
82590 3
82600 5
82610 5
82620 4
82630 6
82640 9
82650 9
82660 6
82670 7
82680 6
82690 11
82700 13
82710 7
82720 0
82730 1
82740 0
82750 2
82760 0
82770 0
82780 0
82790 0
82800 0
82810 0
82820 0
82830 0
82840 14
82850 5
82860 0
82870 18
82880 2
82890 10
82900 13
82910 10
82920 10
82930 9
82940 15
82950 1
82960 25
82970 10
82980 7
82990 11
83000 9
83010 16
83020 4
83030 14
83040 18
83050 13
83060 13
83070 14
83080 12
83090 8
83100 12
83110 6
83120 15
83130 9
83140 8
83150 12
83160 8
83170 11
83180 11
83190 10
83200 6
83210 11
83220 8
83230 12
83240 11
83250 11
83260 4
83270 18
83280 9
83290 13
83300 13
83310 9
83320 12
83330 10
83340 18
83350 14
83360 20
83370 12
83380 12
83390 15
83400 11
83410 13
83420 16
83430 16
83440 12
83450 12
83460 10
83470 17
83480 17
83490 12
83500 11
83510 14
83520 10
83530 11
83540 10
83550 15
83560 13
83570 15
83580 10
83590 11
83600 6
83610 7
83620 9
83630 15
83640 10
83650 11
83660 10
83670 9
83680 11
83690 13
83700 7
83710 12
83720 10
83730 9
83740 18
83750 10
83760 10
83770 13
83780 15
83790 16
83800 9
83810 7
83820 12
83830 13
83840 14
83850 8
83860 12
83870 13
83880 15
83890 10
83900 15
83910 12
83920 11
83930 12
83940 12
83950 17
83960 15
83970 11
83980 7
83990 14
84000 12
84010 12
84020 7
84030 15
84040 12
84050 18
84060 13
84070 15
84080 10
84090 12
84100 9
84110 11
84120 16
84130 19
84140 15
84150 17
84160 15
84170 14
84180 13
84190 13
84200 10
84210 13
84220 13
84230 13
84240 10
84250 9
84260 12
84270 9
84280 13
84290 12
84300 8
84310 8
84320 9
84330 11
84340 14
84350 9
84360 10
84370 9
84380 16
84390 8
84400 9
84410 8
84420 12
84430 12
84440 10
84450 10
84460 11
84470 12
84480 14
84490 13
84500 8
84510 11
84520 12
84530 10
84540 10
84550 12
84560 11
84570 10
84580 12
84590 12
84600 13
84610 8
84620 11
84630 8
84640 12
84650 14
84660 14
84670 8
84680 10
84690 9
84700 12
84710 11
84720 14
84730 13
84740 11
84750 13
84760 11
84770 11
84780 12
84790 12
84800 9
84810 10
84820 12
84830 9
84840 10
84850 13
84860 9
84870 12
84880 18
84890 11
84900 17
84910 13
84920 16
84930 14
84940 8
84950 11
84960 9
84970 11
84980 13
84990 12
85000 18
85010 9
85020 14
85030 12
85040 16
85050 5
85060 10
85070 12
85080 15
85090 12
85100 12
85110 10
85120 11
85130 12
85140 14
85150 14
85160 11
85170 11
85180 12
85190 8
85200 9
85210 12
85220 10
85230 10
85240 17
85250 8
85260 13
85270 12
85280 14
85290 14
85300 8
85310 19
85320 12
85330 16
85340 11
85350 13
85360 17
85370 19
85380 7
85390 6
85400 19
85410 13
85420 18
85430 13
85440 22
85450 13
85460 13
85470 9
85480 24
85490 12
85500 9
85510 3
85520 4
85530 16
85540 20
85550 14
85560 17
85570 16
85580 20
85590 13
85600 7
85610 13
85620 5
85630 14
85640 15
85650 15
85660 12
85670 10
85680 13
85690 17
85700 18
85710 14
85720 15
85730 7
85740 6
85750 4
85760 10
85770 14
85780 13
85790 8
85800 5
85810 6
85820 4
85830 10
85840 4
85850 12
85860 12
85870 4
85880 6
85890 10
85900 12
85910 12
85920 7
85930 10
85940 11
85950 11
85960 11
85970 15
85980 5
85990 10
86000 12
86010 14
86020 15
86030 13
86040 10
86050 5
86060 10
86070 10
86080 13
86090 9
86100 14
86110 8
86120 13
86130 16
86140 15
86150 16
86160 14
86170 11
86180 21
86190 12
86200 11
86210 16
86220 11
86230 9
86240 17
86250 15
86260 13
86270 16
86280 10
86290 11
86300 10
86310 13
86320 14
86330 12
86340 3
86350 5
86360 9
86370 8
86380 5
86390 9
86400 8
86410 7
86420 11
86430 18
86440 16
86450 13
86460 9
86470 14
86480 19
86490 11
86500 16
86510 1
86520 5
86530 14
86540 15
86550 21
86560 11
86570 9
86580 17
86590 13
86600 10
86610 14
86620 12
86630 14
86640 15
86650 16
86660 12
86670 12
86680 9
86690 8
86700 5
86710 2
86720 3
86730 4
86740 3
86750 4
86760 3
86770 2
86780 3
86790 0
86800 1
86810 3
86820 5
86830 2
86840 3
86850 5
86860 2
86870 1
86880 3
86890 7
86900 4
86910 3
86920 4
86930 3
86940 3
86950 3
86960 4
86970 8
86980 5
86990 4
87000 8
87010 10
87020 0
87030 0
87040 0
87050 0
87060 0
87070 0
87080 0
87090 4
87100 4
87110 6
87120 8
87130 5
87140 1
87150 0
87160 1
87170 4
87180 1
87190 8
87200 5
87210 7
87220 6
87230 12
87240 11
87250 16
87260 6
87270 12
87280 13
87290 16
87300 10
87310 10
87320 7
87330 6
87340 7
87350 11
87360 9
87370 0
87380 1
87390 1
87400 4
87410 2
87420 6
87430 4
87440 3
87450 3
87460 7
87470 0
87480 2
87490 0
87500 1
87510 7
87520 2
87530 0
87540 3
87550 0
87560 0
87570 4
87580 1
87590 9
87600 4
87610 4
87620 0
87630 2
87640 0
87650 6
87660 0
87670 10
87680 8
87690 4
87700 1
87710 7
87720 0
87730 0
87740 0
87750 0
87760 0
87770 3
87780 2
87790 1
87800 2
87810 3
87820 2
87830 3
87840 2
87850 2
87860 3
87870 2
87880 3
87890 3
87900 2
87910 5
87920 5
87930 2
87940 0
87950 3
87960 2
87970 2
87980 2
87990 2
88000 2
88010 2
88020 10
88030 9
88040 11
88050 9
88060 3
88070 0
88080 7
88090 10
88100 0
88110 0
88120 5
88130 2
88140 4
88150 4
88160 2
88170 3
88180 0
88190 0
88200 0
88210 0
88220 0
88230 0
88240 0
88250 0
88260 0
88270 2
88280 0
88290 0
88300 0
88310 0
88320 0
88330 0
88340 0
88350 0
88360 0
88370 0
88380 0
88390 0
88400 0
88410 0
88420 0
88430 0
88440 0
88450 1
88460 4
88470 1
88480 3
88490 4
88500 2
88510 2
88520 5
88530 1
88540 8
88550 5
88560 6
88570 3
88580 6
88590 7
88600 6
88610 7
88620 8
88630 5
88640 9
88650 5
88660 6
88670 5
88680 5
88690 3
88700 5
88710 5
88720 4
88730 5
88740 6
88750 5
88760 4
88770 2
88780 3
88790 10
88800 4
88810 6
88820 7
88830 10
88840 9
88850 11
88860 0
88870 0
88880 2
88890 7
88900 1
88910 0
88920 4
88930 17
88940 3
88950 14
88960 7
88970 4
88980 6
88990 5
89000 3
89010 10
89020 4
89030 0
89040 5
89050 6
89060 12
89070 10
89080 0
89090 0
89100 0
89110 4
89120 0
89130 0
89140 0
89150 1
89160 0
89170 2
89180 6
89190 0
89200 0
89210 0
89220 0
89230 0
89240 0
89250 0
89260 0
89270 0
89280 0
89290 0
89300 0
89310 0
89320 0
89330 0
89340 0
89350 0
89360 1
89370 0
89380 0
89390 2
89400 3
89410 3
89420 18
89430 8
89440 12
89450 14
89460 8
89470 6
89480 2
89490 2
89500 2
89510 4
89520 2
89530 7
89540 6
89550 5
89560 2
89570 6
89580 6
89590 0
89600 4
89610 6
89620 6
89630 1
89640 3
89650 0
89660 3
89670 2
89680 6
89690 9
89700 7
89710 5
89720 4
89730 13
89740 14
89750 8
89760 8
89770 9
89780 15
89790 12
89800 10
89810 17
89820 14
89830 11
89840 12
89850 12
89860 23
89870 15
89880 26
89890 21
89900 20
89910 24
89920 22
89930 23
89940 22
89950 9
89960 15
89970 15
89980 16
89990 13
90000 15
90010 10
90020 16
90030 18
90040 10
90050 11
90060 15
90070 12
90080 7
90090 13
90100 13
90110 14
90120 7
90130 12
90140 13
90150 11
90160 7
90170 13
90180 15
90190 16
90200 16
90210 21
90220 10
90230 11
90240 12
90250 13
90260 11
90270 13
90280 22
90290 18
90300 13
90310 16
90320 14
90330 16
90340 12
90350 13
90360 16
90370 17
90380 18
90390 7
90400 3
90410 1
90420 7
90430 9
90440 16
90450 14
90460 13
90470 14
90480 11
90490 10
90500 20
90510 12
90520 13
90530 14
90540 11
90550 7
90560 8
90570 10
90580 7
90590 1
90600 5
90610 0
90620 0
90630 0
90640 1
90650 3
90660 11
90670 1
90680 2
90690 3
90700 0
90710 0
90720 0
90730 0
90740 0
90750 0
90760 0
90770 0
90780 0
90790 0
90800 0
90810 0
90820 0
90830 0
90840 0
90850 0
90860 0
90870 2
90880 4
90890 3
90900 5
90910 4
90920 0
90930 3
90940 0
90950 2
90960 2
90970 0
90980 6
90990 1
91000 0
91010 1
91020 0
91030 0
91040 0
91050 0
91060 1
91070 0
91080 2
91090 2
91100 0
91110 1
91120 1
91130 3
91140 2
91150 1
91160 3
91170 4
91180 1
91190 1
91200 2
91210 0
91220 0
91230 0
91240 0
91250 0
91260 0
91270 2
91280 1
91290 0
91300 0
91310 0
91320 0
91330 0
91340 0
91350 0
91360 0
91370 1
91380 0
91390 0
91400 0
91410 0
91420 0
91430 0
91440 0
91450 0
91460 2
91470 1
91480 0
91490 0
91500 4
91510 2
91520 5
91530 2
91540 2
91550 1
91560 1
91570 1
91580 0
91590 1
91600 2
91610 2
91620 0
91630 0
91640 0
91650 0
91660 0
91670 0
91680 0
91690 0
91700 0
91710 0
91720 0
91730 0
91740 0
91750 1
91760 2
91770 0
91780 1
91790 0
91800 0
91810 1
91820 0
91830 0
91840 4
91850 5
91860 1
91870 3
91880 0
91890 1
91900 5
91910 0
91920 1
91930 0
91940 0
91950 0
91960 0
91970 0
91980 2
91990 0
92000 0
92010 1
92020 0
92030 2
92040 1
92050 2
92060 1
92070 0
92080 1
92090 2
92100 0
92110 1
92120 9
92130 3
92140 2
92150 7
92160 7
92170 7
92180 5
92190 3
92200 0
92210 0
92220 0
92230 1
92240 0
92250 0
92260 0
92270 0
92280 0
92290 1
92300 0
92310 0
92320 0
92330 1
92340 0
92350 2
92360 1
92370 3
92380 2
92390 2
92400 1
92410 0
92420 0
92430 0
92440 0
92450 0
92460 0
92470 0
92480 0
92490 0
92500 2
92510 0
92520 0
92530 4
92540 5
92550 6
92560 13
92570 16
92580 20
92590 16
92600 10
92610 8
92620 12
92630 13
92640 11
92650 14
92660 13
92670 13
92680 8
92690 14
92700 14
92710 12
92720 5
92730 14
92740 11
92750 10
92760 7
92770 14
92780 4
92790 9
92800 0
92810 15
92820 9
92830 10
92840 9
92850 9
92860 16
92870 10
92880 4
92890 6
92900 3
92910 0
92920 0
92930 0
92940 0
92950 2
92960 0
92970 0
92980 0
92990 0
93000 4
93010 0
93020 0
93030 0
93040 0
93050 0
93060 1
93070 0
93080 0
93090 0
93100 0
93110 0
93120 1
93130 0
93140 0
93150 0
93160 0
93170 0
93180 0
93190 0
93200 0
93210 0
93220 0
93230 0
93240 0
93250 3
93260 0
93270 0
93280 0
93290 0
93300 0
93310 4
93320 5
93330 9
93340 11
93350 8
93360 13
93370 13
93380 9
93390 11
93400 1
93410 9
93420 9
93430 12
93440 9
93450 10
93460 12
93470 12
93480 15
93490 10
93500 7
93510 9
93520 6
93530 9
93540 4
93550 10
93560 9
93570 11
93580 15
93590 2
93600 10
93610 11
93620 10
93630 10
93640 5
93650 8
93660 15
93670 13
93680 2
93690 17
93700 12
93710 6
93720 15
93730 6
93740 11
93750 5
93760 8
93770 12
93780 10
93790 12
93800 18
93810 12
93820 12
93830 10
93840 6
93850 10
93860 7
93870 15
93880 19
93890 12
93900 13
93910 14
93920 16
93930 15
93940 15
93950 16
93960 11
93970 11
93980 11
93990 13
94000 7
94010 11
94020 14
94030 6
94040 15
94050 6
94060 14
94070 17
94080 4
94090 14
94100 9
94110 8
94120 15
94130 13
94140 13
94150 14
94160 10
94170 17
94180 15
94190 9
94200 12
94210 20
94220 20
94230 18
94240 19
94250 20
94260 12
94270 12
94280 7
94290 5
94300 5
94310 9
94320 6
94330 12
94340 13
94350 17
94360 17
94370 13
94380 14
94390 11
94400 20
94410 22
94420 9
94430 15
94440 14
94450 20
94460 13
94470 16
94480 10
94490 20
94500 18
94510 11
94520 5
94530 17
94540 14
94550 18
94560 17
94570 16
94580 16
94590 16
94600 11
94610 13
94620 12
94630 11
94640 12
94650 13
94660 17
94670 12
94680 8
94690 13
94700 7
94710 10
94720 14
94730 15
94740 22
94750 12
94760 5
94770 18
94780 13
94790 10
94800 6
94810 9
94820 18
94830 18
94840 13
94850 18
94860 12
94870 14
94880 7
94890 15
94900 15
94910 18
94920 10
94930 16
94940 9
94950 16
94960 8
94970 12
94980 19
94990 11
95000 13
95010 16
95020 13
95030 12
95040 19
95050 15
95060 20
95070 12
95080 14
95090 17
95100 18
95110 20
95120 15
95130 13
95140 8
95150 13
95160 16
95170 6
95180 19
95190 18
95200 6
95210 14
95220 13
95230 18
95240 16
95250 19
95260 22
95270 13
95280 16
95290 13
95300 13
95310 12
95320 19
95330 16
95340 15
95350 15
95360 18
95370 13
95380 9
95390 14
95400 18
95410 13
95420 9
95430 8
95440 6
95450 13
95460 20
95470 18
95480 19
95490 4
95500 17
95510 23
95520 14
95530 21
95540 15
95550 8
95560 12
95570 16
95580 6
95590 13
95600 16
95610 13
95620 15
95630 20
95640 15
95650 8
95660 16
95670 18
95680 10
95690 15
95700 9
95710 14
95720 11
95730 20
95740 11
95750 11
95760 13
95770 11
95780 13
95790 21
95800 8
95810 16
95820 17
95830 19
95840 22
95850 17
95860 20
95870 16
95880 9
95890 14
95900 16
95910 19
95920 21
95930 17
95940 17
95950 15
95960 14
95970 15
95980 25
95990 23
96000 19
96010 12
96020 9
96030 14
96040 15
96050 12
96060 12
96070 11
96080 13
96090 11
96100 16
96110 12
96120 13
96130 10
96140 14
96150 19
96160 7
96170 7
96180 15
96190 4
96200 12
96210 4
96220 8
96230 10
96240 7
96250 7
96260 5
96270 18
96280 21
96290 16
96300 17
96310 17
96320 22
96330 16
96340 18
96350 16
96360 17
96370 14
96380 14
96390 13
96400 19
96410 18
96420 13
96430 17
96440 13
96450 11
96460 12
96470 17
96480 14
96490 11
96500 15
96510 10
96520 14
96530 14
96540 17
96550 16
96560 15
96570 18
96580 9
96590 21
96600 7
96610 11
96620 18
96630 16
96640 18
96650 18
96660 20
96670 3
96680 6
96690 10
96700 3
96710 9
96720 5
96730 10
96740 9
96750 12
96760 11
96770 11
96780 5
96790 15
96800 14
96810 8
96820 3
96830 2
96840 14
96850 8
96860 11
96870 7
96880 10
96890 4
96900 7
96910 6
96920 8
96930 8
96940 4
96950 8
96960 5
96970 7
96980 11
96990 6
97000 3
97010 1
97020 0
97030 3
97040 13
97050 4
97060 7
97070 6
97080 5
97090 12
97100 5
97110 11
97120 19
97130 12
97140 11
97150 9
97160 14
97170 9
97180 8
97190 10
97200 8
97210 13
97220 0
97230 5
97240 13
97250 10
97260 15
97270 11
97280 7
97290 8
97300 10
97310 14
97320 11
97330 18
97340 13
97350 14
97360 11
97370 15
97380 14
97390 8
97400 21
97410 17
97420 17
97430 12
97440 17
97450 13
97460 12
97470 13
97480 10
97490 10
97500 9
97510 21
97520 12
97530 15
97540 16
97550 10
97560 13
97570 11
97580 3
97590 11
97600 2
97610 17
97620 16
97630 15
97640 13
97650 12
97660 10
97670 12
97680 14
97690 17
97700 11
97710 15
97720 20
97730 15
97740 13
97750 22
97760 14
97770 15
97780 15
97790 15
97800 10
97810 10
97820 16
97830 16
97840 19
97850 21
97860 16
97870 15
97880 6
97890 18
97900 16
97910 11
97920 19
97930 17
97940 8
97950 17
97960 18
97970 21
97980 13
97990 11
98000 15
98010 16
98020 17
98030 14
98040 19
98050 12
98060 13
98070 9
98080 17
98090 7
98100 14
98110 15
98120 4
98130 19
98140 14
98150 16
98160 12
98170 16
98180 19
98190 11
98200 17
98210 20
98220 18
98230 18
98240 21
98250 28
98260 20
98270 6
98280 16
98290 16
98300 15
98310 13
98320 13
98330 15
98340 16
98350 17
98360 16
98370 16
98380 15
98390 19
98400 19
98410 19
98420 19
98430 14
98440 13
98450 14
98460 10
98470 16
98480 17
98490 7
98500 16
98510 14
98520 18
98530 9
98540 6
98550 14
98560 13
98570 19
98580 17
98590 14
98600 14
98610 10
98620 10
98630 10
98640 7
98650 13
98660 14
98670 8
98680 14
98690 12
98700 13
98710 14
98720 6
98730 13
98740 0
98750 0
98760 9
98770 3
98780 10
98790 5
98800 6
98810 9
98820 5
98830 10
98840 6
98850 7
98860 16
98870 11
98880 14
98890 7
98900 11
98910 12
98920 13
98930 12
98940 13
98950 4
98960 0
98970 11
98980 19
98990 14
99000 15
99010 9
99020 4
99030 13
99040 10
99050 3
99060 6
99070 11
99080 12
99090 15
99100 15
99110 12
99120 12
99130 14
99140 18
99150 11
99160 9
99170 3
99180 10
99190 7
99200 13
99210 4
99220 11
99230 7
99240 10
99250 8
99260 5
99270 6
99280 7
99290 8
99300 0
99310 5
99320 3
99330 3
99340 3
99350 3
99360 4
99370 4
99380 7
99390 5
99400 6
99410 9
99420 8
99430 7
99440 9
99450 7
99460 4
99470 9
99480 8
99490 6
99500 7
99510 7
99520 9
99530 7
99540 4
99550 6
99560 7
99570 7
99580 6
99590 4
99600 3
99610 9
99620 7
99630 8
99640 6
99650 5
99660 8
99670 5
99680 8
99690 7
99700 5
99710 8
99720 6
99730 5
99740 8
99750 7
99760 7
99770 8
99780 2
99790 0
99800 0
99810 5
99820 6
99830 4
99840 5
99850 6
99860 4
99870 4
99880 4
99890 6
99900 9
99910 6
99920 4
99930 5
99940 3
99950 1
99960 6
99970 4
99980 7
99990 9
