# Frame Contacts
30000 0
30010 0
30020 0
30030 0
30040 0
30050 0
30060 0
30070 0
30080 0
30090 0
30100 0
30110 0
30120 0
30130 0
30140 0
30150 0
30160 0
30170 0
30180 0
30190 0
30200 0
30210 0
30220 0
30230 0
30240 0
30250 0
30260 0
30270 0
30280 0
30290 0
30300 0
30310 0
30320 0
30330 0
30340 0
30350 0
30360 0
30370 0
30380 0
30390 0
30400 0
30410 0
30420 0
30430 0
30440 0
30450 0
30460 0
30470 0
30480 0
30490 0
30500 0
30510 0
30520 0
30530 0
30540 0
30550 0
30560 0
30570 0
30580 0
30590 0
30600 0
30610 0
30620 0
30630 0
30640 0
30650 0
30660 0
30670 0
30680 0
30690 0
30700 0
30710 0
30720 0
30730 0
30740 0
30750 0
30760 0
30770 0
30780 0
30790 0
30800 0
30810 0
30820 0
30830 0
30840 0
30850 0
30860 0
30870 0
30880 0
30890 0
30900 0
30910 0
30920 0
30930 0
30940 0
30950 0
30960 0
30970 0
30980 0
30990 0
31000 0
31010 0
31020 0
31030 0
31040 0
31050 0
31060 0
31070 0
31080 0
31090 0
31100 0
31110 0
31120 0
31130 0
31140 0
31150 0
31160 0
31170 0
31180 0
31190 0
31200 0
31210 0
31220 0
31230 0
31240 0
31250 0
31260 0
31270 0
31280 0
31290 0
31300 0
31310 0
31320 0
31330 0
31340 0
31350 0
31360 0
31370 0
31380 0
31390 0
31400 0
31410 0
31420 0
31430 0
31440 0
31450 0
31460 0
31470 0
31480 0
31490 0
31500 0
31510 0
31520 0
31530 0
31540 0
31550 0
31560 0
31570 0
31580 0
31590 0
31600 0
31610 0
31620 0
31630 0
31640 0
31650 0
31660 0
31670 0
31680 0
31690 0
31700 0
31710 0
31720 0
31730 0
31740 0
31750 0
31760 0
31770 0
31780 0
31790 0
31800 0
31810 0
31820 0
31830 0
31840 0
31850 0
31860 0
31870 0
31880 0
31890 0
31900 0
31910 0
31920 0
31930 0
31940 0
31950 0
31960 0
31970 0
31980 0
31990 0
32000 0
32010 0
32020 0
32030 0
32040 0
32050 0
32060 0
32070 0
32080 0
32090 0
32100 0
32110 0
32120 0
32130 0
32140 0
32150 0
32160 0
32170 0
32180 0
32190 0
32200 0
32210 0
32220 0
32230 0
32240 0
32250 0
32260 0
32270 0
32280 0
32290 0
32300 0
32310 0
32320 0
32330 0
32340 0
32350 0
32360 0
32370 0
32380 0
32390 0
32400 0
32410 0
32420 0
32430 0
32440 0
32450 0
32460 0
32470 0
32480 0
32490 0
32500 0
32510 0
32520 0
32530 0
32540 0
32550 0
32560 0
32570 0
32580 0
32590 0
32600 0
32610 0
32620 0
32630 0
32640 0
32650 0
32660 0
32670 0
32680 0
32690 0
32700 0
32710 0
32720 0
32730 0
32740 0
32750 0
32760 0
32770 0
32780 0
32790 0
32800 0
32810 0
32820 0
32830 0
32840 0
32850 0
32860 0
32870 0
32880 0
32890 0
32900 0
32910 0
32920 0
32930 0
32940 0
32950 0
32960 0
32970 0
32980 0
32990 0
33000 0
33010 0
33020 0
33030 0
33040 0
33050 0
33060 0
33070 0
33080 0
33090 0
33100 0
33110 0
33120 0
33130 0
33140 0
33150 0
33160 0
33170 0
33180 0
33190 0
33200 0
33210 0
33220 0
33230 0
33240 0
33250 0
33260 0
33270 0
33280 0
33290 0
33300 0
33310 0
33320 0
33330 0
33340 0
33350 0
33360 0
33370 0
33380 0
33390 0
33400 0
33410 0
33420 0
33430 0
33440 0
33450 0
33460 0
33470 0
33480 0
33490 0
33500 0
33510 0
33520 0
33530 0
33540 0
33550 0
33560 0
33570 0
33580 0
33590 0
33600 0
33610 0
33620 0
33630 0
33640 0
33650 0
33660 0
33670 0
33680 0
33690 0
33700 0
33710 0
33720 0
33730 0
33740 0
33750 0
33760 0
33770 0
33780 0
33790 0
33800 0
33810 0
33820 0
33830 0
33840 0
33850 0
33860 0
33870 0
33880 0
33890 0
33900 0
33910 0
33920 0
33930 0
33940 0
33950 0
33960 0
33970 0
33980 0
33990 0
34000 0
34010 0
34020 0
34030 0
34040 0
34050 0
34060 0
34070 0
34080 0
34090 0
34100 0
34110 0
34120 0
34130 0
34140 0
34150 0
34160 0
34170 0
34180 0
34190 0
34200 0
34210 0
34220 0
34230 0
34240 0
34250 0
34260 0
34270 0
34280 0
34290 0
34300 0
34310 0
34320 0
34330 0
34340 0
34350 0
34360 0
34370 0
34380 0
34390 0
34400 0
34410 0
34420 0
34430 0
34440 0
34450 0
34460 0
34470 0
34480 0
34490 0
34500 0
34510 0
34520 0
34530 0
34540 0
34550 0
34560 0
34570 0
34580 0
34590 0
34600 0
34610 0
34620 0
34630 0
34640 0
34650 0
34660 0
34670 0
34680 0
34690 0
34700 0
34710 0
34720 0
34730 0
34740 0
34750 0
34760 0
34770 0
34780 0
34790 0
34800 0
34810 0
34820 0
34830 0
34840 0
34850 0
34860 0
34870 0
34880 0
34890 0
34900 0
34910 0
34920 0
34930 0
34940 0
34950 0
34960 0
34970 0
34980 0
34990 0
35000 0
35010 0
35020 0
35030 0
35040 0
35050 0
35060 0
35070 0
35080 0
35090 0
35100 0
35110 0
35120 0
35130 0
35140 0
35150 0
35160 0
35170 0
35180 0
35190 0
35200 0
35210 0
35220 0
35230 0
35240 0
35250 0
35260 0
35270 0
35280 0
35290 0
35300 0
35310 0
35320 0
35330 0
35340 0
35350 0
35360 0
35370 0
35380 0
35390 0
35400 0
35410 0
35420 0
35430 0
35440 0
35450 0
35460 0
35470 0
35480 0
35490 0
35500 0
35510 0
35520 0
35530 0
35540 0
35550 0
35560 0
35570 0
35580 0
35590 0
35600 0
35610 0
35620 0
35630 0
35640 0
35650 0
35660 0
35670 0
35680 0
35690 0
35700 0
35710 0
35720 0
35730 0
35740 0
35750 0
35760 0
35770 0
35780 0
35790 0
35800 0
35810 0
35820 0
35830 0
35840 0
35850 0
35860 0
35870 0
35880 0
35890 0
35900 0
35910 0
35920 0
35930 0
35940 0
35950 0
35960 0
35970 0
35980 0
35990 0
36000 0
36010 0
36020 0
36030 0
36040 0
36050 0
36060 0
36070 0
36080 0
36090 0
36100 0
36110 0
36120 0
36130 0
36140 0
36150 0
36160 0
36170 0
36180 0
36190 0
36200 0
36210 0
36220 0
36230 0
36240 0
36250 0
36260 0
36270 0
36280 0
36290 0
36300 0
36310 0
36320 0
36330 0
36340 0
36350 0
36360 0
36370 0
36380 0
36390 0
36400 0
36410 0
36420 0
36430 0
36440 0
36450 0
36460 0
36470 0
36480 0
36490 0
36500 0
36510 0
36520 0
36530 0
36540 0
36550 0
36560 0
36570 0
36580 0
36590 0
36600 0
36610 0
36620 0
36630 0
36640 0
36650 0
36660 0
36670 0
36680 0
36690 0
36700 0
36710 0
36720 0
36730 0
36740 0
36750 0
36760 0
36770 0
36780 0
36790 0
36800 0
36810 0
36820 0
36830 0
36840 0
36850 0
36860 0
36870 0
36880 0
36890 0
36900 0
36910 0
36920 0
36930 0
36940 0
36950 0
36960 0
36970 0
36980 0
36990 0
37000 0
37010 0
37020 0
37030 0
37040 0
37050 0
37060 0
37070 0
37080 0
37090 0
37100 0
37110 0
37120 0
37130 0
37140 0
37150 0
37160 0
37170 0
37180 0
37190 0
37200 0
37210 0
37220 0
37230 0
37240 0
37250 0
37260 0
37270 0
37280 0
37290 0
37300 0
37310 0
37320 0
37330 0
37340 0
37350 0
37360 0
37370 0
37380 0
37390 0
37400 0
37410 0
37420 0
37430 0
37440 0
37450 0
37460 0
37470 0
37480 0
37490 0
37500 0
37510 0
37520 0
37530 0
37540 0
37550 0
37560 0
37570 0
37580 0
37590 0
37600 0
37610 0
37620 0
37630 0
37640 0
37650 0
37660 0
37670 0
37680 0
37690 0
37700 0
37710 0
37720 0
37730 0
37740 0
37750 0
37760 0
37770 0
37780 0
37790 0
37800 0
37810 0
37820 0
37830 0
37840 0
37850 0
37860 0
37870 0
37880 0
37890 0
37900 0
37910 0
37920 0
37930 0
37940 0
37950 0
37960 0
37970 0
37980 0
37990 0
38000 0
38010 0
38020 0
38030 0
38040 0
38050 0
38060 0
38070 0
38080 0
38090 0
38100 0
38110 0
38120 0
38130 0
38140 0
38150 0
38160 0
38170 0
38180 0
38190 0
38200 0
38210 0
38220 0
38230 0
38240 0
38250 0
38260 0
38270 0
38280 0
38290 0
38300 0
38310 0
38320 0
38330 0
38340 0
38350 0
38360 0
38370 0
38380 0
38390 0
38400 0
38410 0
38420 0
38430 0
38440 0
38450 0
38460 0
38470 0
38480 0
38490 0
38500 0
38510 0
38520 0
38530 0
38540 0
38550 0
38560 0
38570 0
38580 0
38590 0
38600 0
38610 0
38620 0
38630 0
38640 0
38650 0
38660 0
38670 0
38680 0
38690 0
38700 0
38710 0
38720 0
38730 0
38740 0
38750 0
38760 0
38770 0
38780 0
38790 0
38800 0
38810 0
38820 0
38830 0
38840 0
38850 0
38860 0
38870 0
38880 0
38890 0
38900 0
38910 0
38920 0
38930 0
38940 0
38950 0
38960 0
38970 0
38980 0
38990 0
39000 0
39010 0
39020 0
39030 0
39040 0
39050 0
39060 0
39070 0
39080 0
39090 0
39100 0
39110 0
39120 0
39130 0
39140 0
39150 0
39160 0
39170 0
39180 0
39190 0
39200 0
39210 0
39220 0
39230 0
39240 0
39250 0
39260 0
39270 0
39280 0
39290 0
39300 0
39310 0
39320 0
39330 0
39340 0
39350 0
39360 0
39370 0
39380 0
39390 0
39400 0
39410 0
39420 0
39430 0
39440 0
39450 0
39460 0
39470 0
39480 0
39490 0
39500 0
39510 0
39520 0
39530 0
39540 0
39550 0
39560 0
39570 0
39580 0
39590 0
39600 0
39610 0
39620 0
39630 0
39640 0
39650 0
39660 0
39670 0
39680 0
39690 0
39700 0
39710 0
39720 0
39730 0
39740 0
39750 0
39760 0
39770 0
39780 0
39790 0
39800 0
39810 0
39820 0
39830 0
39840 0
39850 0
39860 0
39870 0
39880 0
39890 0
39900 0
39910 0
39920 0
39930 0
39940 0
39950 0
39960 0
39970 0
39980 0
39990 0
40000 0
40010 0
40020 0
40030 0
40040 0
40050 0
40060 0
40070 0
40080 0
40090 0
40100 0
40110 0
40120 0
40130 0
40140 0
40150 0
40160 0
40170 0
40180 0
40190 0
40200 0
40210 0
40220 0
40230 0
40240 0
40250 0
40260 0
40270 0
40280 0
40290 0
40300 0
40310 0
40320 0
40330 0
40340 0
40350 0
40360 0
40370 0
40380 0
40390 0
40400 0
40410 0
40420 0
40430 0
40440 0
40450 0
40460 0
40470 0
40480 0
40490 0
40500 0
40510 0
40520 0
40530 0
40540 0
40550 0
40560 0
40570 0
40580 0
40590 0
40600 0
40610 0
40620 0
40630 0
40640 0
40650 0
40660 0
40670 0
40680 0
40690 0
40700 0
40710 0
40720 0
40730 0
40740 0
40750 0
40760 0
40770 0
40780 0
40790 0
40800 0
40810 0
40820 0
40830 0
40840 0
40850 0
40860 0
40870 0
40880 0
40890 0
40900 0
40910 0
40920 0
40930 0
40940 0
40950 0
40960 0
40970 0
40980 0
40990 0
41000 0
41010 0
41020 0
41030 0
41040 0
41050 0
41060 0
41070 0
41080 0
41090 0
41100 0
41110 0
41120 0
41130 0
41140 0
41150 0
41160 0
41170 0
41180 0
41190 0
41200 0
41210 0
41220 0
41230 0
41240 0
41250 0
41260 0
41270 0
41280 0
41290 0
41300 0
41310 0
41320 0
41330 0
41340 0
41350 0
41360 0
41370 0
41380 0
41390 0
41400 0
41410 0
41420 0
41430 0
41440 0
41450 0
41460 0
41470 0
41480 0
41490 0
41500 0
41510 0
41520 0
41530 0
41540 0
41550 0
41560 0
41570 0
41580 0
41590 0
41600 0
41610 0
41620 0
41630 0
41640 0
41650 0
41660 0
41670 0
41680 0
41690 0
41700 0
41710 0
41720 0
41730 0
41740 0
41750 0
41760 0
41770 0
41780 0
41790 0
41800 0
41810 0
41820 0
41830 0
41840 0
41850 0
41860 0
41870 0
41880 0
41890 0
41900 0
41910 0
41920 0
41930 0
41940 0
41950 0
41960 0
41970 0
41980 0
41990 0
42000 0
42010 0
42020 0
42030 0
42040 0
42050 0
42060 0
42070 0
42080 0
42090 0
42100 0
42110 0
42120 0
42130 0
42140 0
42150 0
42160 0
42170 0
42180 0
42190 0
42200 0
42210 0
42220 0
42230 0
42240 0
42250 0
42260 0
42270 0
42280 0
42290 0
42300 0
42310 0
42320 0
42330 0
42340 0
42350 0
42360 0
42370 0
42380 0
42390 0
42400 0
42410 0
42420 0
42430 0
42440 0
42450 0
42460 0
42470 0
42480 0
42490 0
42500 0
42510 0
42520 0
42530 0
42540 0
42550 0
42560 0
42570 0
42580 0
42590 0
42600 0
42610 0
42620 0
42630 0
42640 0
42650 0
42660 0
42670 0
42680 0
42690 0
42700 0
42710 0
42720 0
42730 0
42740 0
42750 0
42760 0
42770 0
42780 0
42790 0
42800 0
42810 0
42820 0
42830 0
42840 0
42850 0
42860 0
42870 0
42880 0
42890 0
42900 0
42910 0
42920 0
42930 0
42940 0
42950 0
42960 0
42970 0
42980 0
42990 0
43000 0
43010 0
43020 0
43030 0
43040 0
43050 0
43060 0
43070 0
43080 0
43090 0
43100 0
43110 0
43120 0
43130 0
43140 0
43150 0
43160 0
43170 0
43180 0
43190 0
43200 0
43210 0
43220 0
43230 0
43240 0
43250 0
43260 0
43270 0
43280 0
43290 0
43300 0
43310 0
43320 0
43330 0
43340 0
43350 0
43360 0
43370 0
43380 0
43390 0
43400 0
43410 0
43420 0
43430 0
43440 0
43450 0
43460 0
43470 0
43480 0
43490 0
43500 0
43510 0
43520 0
43530 0
43540 0
43550 0
43560 0
43570 0
43580 0
43590 0
43600 0
43610 0
43620 0
43630 0
43640 0
43650 0
43660 0
43670 0
43680 0
43690 0
43700 0
43710 0
43720 0
43730 0
43740 0
43750 0
43760 0
43770 0
43780 0
43790 0
43800 0
43810 0
43820 0
43830 0
43840 0
43850 0
43860 0
43870 0
43880 0
43890 0
43900 0
43910 0
43920 0
43930 0
43940 0
43950 0
43960 0
43970 0
43980 0
43990 0
44000 0
44010 0
44020 0
44030 0
44040 0
44050 0
44060 0
44070 0
44080 0
44090 0
44100 0
44110 0
44120 0
44130 0
44140 0
44150 0
44160 0
44170 0
44180 0
44190 0
44200 0
44210 0
44220 0
44230 0
44240 0
44250 0
44260 0
44270 0
44280 0
44290 0
44300 0
44310 0
44320 0
44330 0
44340 0
44350 0
44360 0
44370 0
44380 0
44390 0
44400 0
44410 0
44420 0
44430 0
44440 0
44450 0
44460 0
44470 0
44480 0
44490 0
44500 0
44510 0
44520 0
44530 0
44540 0
44550 0
44560 0
44570 0
44580 0
44590 0
44600 0
44610 0
44620 0
44630 0
44640 0
44650 0
44660 0
44670 0
44680 0
44690 0
44700 0
44710 0
44720 0
44730 0
44740 0
44750 0
44760 0
44770 0
44780 0
44790 0
44800 0
44810 0
44820 0
44830 0
44840 0
44850 0
44860 0
44870 0
44880 0
44890 0
44900 0
44910 0
44920 0
44930 0
44940 0
44950 0
44960 0
44970 0
44980 0
44990 0
45000 0
45010 0
45020 0
45030 0
45040 0
45050 0
45060 0
45070 0
45080 0
45090 0
45100 0
45110 0
45120 0
45130 0
45140 0
45150 0
45160 0
45170 0
45180 0
45190 0
45200 0
45210 0
45220 0
45230 0
45240 0
45250 0
45260 0
45270 0
45280 0
45290 0
45300 0
45310 0
45320 0
45330 0
45340 0
45350 0
45360 0
45370 0
45380 0
45390 0
45400 0
45410 0
45420 0
45430 0
45440 0
45450 0
45460 0
45470 0
45480 0
45490 0
45500 0
45510 0
45520 0
45530 0
45540 0
45550 0
45560 0
45570 0
45580 0
45590 0
45600 0
45610 0
45620 0
45630 0
45640 0
45650 0
45660 0
45670 0
45680 0
45690 0
45700 0
45710 0
45720 0
45730 0
45740 0
45750 0
45760 0
45770 0
45780 0
45790 0
45800 0
45810 0
45820 0
45830 0
45840 0
45850 0
45860 0
45870 0
45880 0
45890 0
45900 0
45910 0
45920 0
45930 0
45940 0
45950 0
45960 0
45970 0
45980 0
45990 0
46000 0
46010 0
46020 0
46030 0
46040 0
46050 0
46060 0
46070 0
46080 0
46090 0
46100 0
46110 0
46120 0
46130 0
46140 0
46150 0
46160 0
46170 0
46180 0
46190 0
46200 0
46210 0
46220 0
46230 0
46240 0
46250 0
46260 0
46270 0
46280 0
46290 0
46300 0
46310 0
46320 0
46330 0
46340 0
46350 0
46360 0
46370 0
46380 0
46390 0
46400 0
46410 0
46420 0
46430 0
46440 0
46450 0
46460 0
46470 0
46480 0
46490 0
46500 0
46510 0
46520 0
46530 0
46540 0
46550 0
46560 0
46570 0
46580 0
46590 0
46600 0
46610 0
46620 0
46630 0
46640 0
46650 0
46660 0
46670 0
46680 0
46690 0
46700 0
46710 0
46720 0
46730 0
46740 0
46750 0
46760 0
46770 0
46780 0
46790 0
46800 0
46810 0
46820 0
46830 0
46840 0
46850 0
46860 0
46870 0
46880 0
46890 0
46900 0
46910 0
46920 0
46930 0
46940 0
46950 0
46960 0
46970 0
46980 0
46990 0
47000 0
47010 0
47020 0
47030 0
47040 0
47050 0
47060 0
47070 0
47080 0
47090 0
47100 0
47110 0
47120 0
47130 0
47140 0
47150 0
47160 0
47170 0
47180 0
47190 0
47200 0
47210 0
47220 0
47230 0
47240 0
47250 0
47260 0
47270 0
47280 0
47290 0
47300 0
47310 0
47320 0
47330 0
47340 0
47350 0
47360 0
47370 0
47380 0
47390 0
47400 0
47410 0
47420 0
47430 0
47440 0
47450 0
47460 0
47470 0
47480 0
47490 0
47500 0
47510 0
47520 0
47530 0
47540 0
47550 0
47560 0
47570 0
47580 0
47590 0
47600 0
47610 0
47620 0
47630 0
47640 0
47650 0
47660 0
47670 0
47680 0
47690 0
47700 0
47710 0
47720 0
47730 0
47740 0
47750 0
47760 0
47770 0
47780 0
47790 0
47800 0
47810 0
47820 0
47830 0
47840 0
47850 0
47860 0
47870 0
47880 0
47890 0
47900 0
47910 0
47920 0
47930 0
47940 0
47950 0
47960 0
47970 0
47980 0
47990 0
48000 0
48010 0
48020 0
48030 0
48040 0
48050 0
48060 0
48070 0
48080 0
48090 0
48100 0
48110 0
48120 0
48130 0
48140 0
48150 0
48160 0
48170 0
48180 0
48190 0
48200 0
48210 0
48220 0
48230 0
48240 0
48250 0
48260 0
48270 0
48280 0
48290 0
48300 0
48310 0
48320 0
48330 0
48340 0
48350 0
48360 0
48370 0
48380 0
48390 0
48400 0
48410 0
48420 0
48430 0
48440 0
48450 0
48460 0
48470 0
48480 0
48490 0
48500 0
48510 0
48520 0
48530 0
48540 0
48550 0
48560 0
48570 0
48580 0
48590 0
48600 0
48610 0
48620 0
48630 0
48640 0
48650 0
48660 0
48670 0
48680 0
48690 0
48700 0
48710 0
48720 0
48730 0
48740 0
48750 0
48760 0
48770 0
48780 0
48790 0
48800 0
48810 0
48820 0
48830 0
48840 0
48850 0
48860 0
48870 0
48880 0
48890 0
48900 0
48910 0
48920 0
48930 0
48940 0
48950 0
48960 0
48970 0
48980 0
48990 0
49000 0
49010 0
49020 0
49030 0
49040 0
49050 0
49060 0
49070 0
49080 0
49090 0
49100 0
49110 0
49120 0
49130 0
49140 0
49150 0
49160 0
49170 0
49180 0
49190 0
49200 0
49210 0
49220 0
49230 0
49240 0
49250 0
49260 0
49270 0
49280 0
49290 0
49300 0
49310 0
49320 0
49330 0
49340 0
49350 0
49360 0
49370 0
49380 0
49390 0
49400 0
49410 0
49420 0
49430 0
49440 0
49450 0
49460 0
49470 0
49480 0
49490 0
49500 0
49510 0
49520 0
49530 0
49540 0
49550 0
49560 0
49570 0
49580 0
49590 0
49600 0
49610 0
49620 0
49630 0
49640 0
49650 0
49660 0
49670 0
49680 0
49690 0
49700 0
49710 0
49720 0
49730 0
49740 0
49750 0
49760 0
49770 0
49780 0
49790 0
49800 0
49810 0
49820 0
49830 0
49840 0
49850 0
49860 0
49870 0
49880 0
49890 0
49900 0
49910 0
49920 0
49930 0
49940 0
49950 0
49960 0
49970 0
49980 0
49990 0
50000 0
50010 0
50020 0
50030 0
50040 0
50050 0
50060 0
50070 0
50080 0
50090 0
50100 0
50110 0
50120 0
50130 0
50140 0
50150 0
50160 0
50170 0
50180 0
50190 0
50200 0
50210 0
50220 0
50230 0
50240 0
50250 0
50260 0
50270 0
50280 0
50290 0
50300 0
50310 0
50320 0
50330 0
50340 0
50350 0
50360 0
50370 0
50380 0
50390 0
50400 0
50410 0
50420 0
50430 0
50440 0
50450 0
50460 0
50470 0
50480 0
50490 0
50500 0
50510 0
50520 0
50530 0
50540 0
50550 0
50560 0
50570 0
50580 0
50590 0
50600 0
50610 0
50620 0
50630 0
50640 0
50650 0
50660 0
50670 0
50680 0
50690 0
50700 0
50710 0
50720 0
50730 0
50740 0
50750 0
50760 0
50770 0
50780 0
50790 0
50800 0
50810 0
50820 0
50830 0
50840 0
50850 0
50860 0
50870 0
50880 0
50890 0
50900 0
50910 0
50920 0
50930 0
50940 0
50950 0
50960 0
50970 0
50980 0
50990 0
51000 0
51010 0
51020 0
51030 0
51040 0
51050 0
51060 0
51070 0
51080 0
51090 0
51100 0
51110 0
51120 0
51130 0
51140 0
51150 0
51160 0
51170 0
51180 0
51190 0
51200 0
51210 0
51220 0
51230 0
51240 0
51250 0
51260 0
51270 0
51280 0
51290 0
51300 0
51310 0
51320 0
51330 0
51340 0
51350 0
51360 0
51370 0
51380 0
51390 0
51400 0
51410 0
51420 0
51430 0
51440 0
51450 0
51460 0
51470 0
51480 0
51490 0
51500 0
51510 0
51520 0
51530 0
51540 0
51550 0
51560 0
51570 0
51580 0
51590 0
51600 0
51610 0
51620 0
51630 0
51640 0
51650 0
51660 0
51670 0
51680 0
51690 0
51700 0
51710 0
51720 0
51730 0
51740 0
51750 0
51760 0
51770 0
51780 0
51790 0
51800 0
51810 0
51820 0
51830 0
51840 0
51850 0
51860 0
51870 0
51880 0
51890 0
51900 0
51910 0
51920 0
51930 0
51940 0
51950 0
51960 0
51970 0
51980 0
51990 0
52000 0
52010 0
52020 0
52030 0
52040 0
52050 0
52060 0
52070 0
52080 0
52090 0
52100 0
52110 0
52120 0
52130 0
52140 0
52150 0
52160 0
52170 0
52180 0
52190 0
52200 0
52210 0
52220 0
52230 0
52240 0
52250 0
52260 0
52270 0
52280 0
52290 0
52300 0
52310 0
52320 0
52330 0
52340 0
52350 0
52360 0
52370 0
52380 0
52390 0
52400 0
52410 0
52420 0
52430 0
52440 0
52450 0
52460 0
52470 0
52480 0
52490 0
52500 0
52510 0
52520 0
52530 0
52540 0
52550 0
52560 0
52570 0
52580 0
52590 0
52600 0
52610 0
52620 0
52630 0
52640 0
52650 0
52660 0
52670 0
52680 0
52690 0
52700 0
52710 0
52720 0
52730 0
52740 0
52750 0
52760 0
52770 0
52780 0
52790 0
52800 0
52810 0
52820 0
52830 0
52840 0
52850 0
52860 0
52870 0
52880 0
52890 0
52900 0
52910 0
52920 0
52930 0
52940 0
52950 0
52960 0
52970 0
52980 0
52990 0
53000 0
53010 0
53020 0
53030 0
53040 0
53050 0
53060 0
53070 0
53080 0
53090 0
53100 0
53110 0
53120 0
53130 0
53140 0
53150 0
53160 0
53170 0
53180 0
53190 0
53200 0
53210 0
53220 0
53230 0
53240 0
53250 0
53260 0
53270 0
53280 0
53290 0
53300 0
53310 0
53320 0
53330 0
53340 0
53350 0
53360 0
53370 0
53380 0
53390 0
53400 0
53410 0
53420 0
53430 0
53440 0
53450 0
53460 0
53470 0
53480 0
53490 0
53500 0
53510 0
53520 0
53530 0
53540 0
53550 0
53560 0
53570 0
53580 0
53590 0
53600 0
53610 0
53620 0
53630 0
53640 0
53650 0
53660 0
53670 0
53680 0
53690 0
53700 0
53710 0
53720 0
53730 0
53740 0
53750 0
53760 0
53770 0
53780 0
53790 0
53800 0
53810 0
53820 0
53830 0
53840 0
53850 0
53860 0
53870 0
53880 0
53890 0
53900 0
53910 0
53920 0
53930 0
53940 0
53950 0
53960 0
53970 0
53980 0
53990 0
54000 0
54010 0
54020 0
54030 0
54040 0
54050 0
54060 0
54070 0
54080 0
54090 0
54100 0
54110 0
54120 0
54130 0
54140 0
54150 0
54160 0
54170 0
54180 0
54190 0
54200 0
54210 0
54220 0
54230 0
54240 0
54250 0
54260 0
54270 0
54280 0
54290 0
54300 0
54310 0
54320 0
54330 0
54340 0
54350 0
54360 0
54370 0
54380 0
54390 0
54400 0
54410 0
54420 0
54430 0
54440 0
54450 0
54460 0
54470 0
54480 0
54490 0
54500 0
54510 0
54520 0
54530 0
54540 0
54550 0
54560 0
54570 0
54580 0
54590 0
54600 0
54610 0
54620 0
54630 0
54640 0
54650 0
54660 0
54670 0
54680 0
54690 0
54700 0
54710 0
54720 0
54730 0
54740 0
54750 0
54760 0
54770 0
54780 0
54790 0
54800 0
54810 0
54820 6
54830 6
54840 1
54850 2
54860 4
54870 4
54880 1
54890 2
54900 3
54910 0
54920 2
54930 1
54940 0
54950 0
54960 1
54970 0
54980 0
54990 0
55000 0
55010 0
55020 0
55030 0
55040 0
55050 0
55060 0
55070 0
55080 0
55090 0
55100 0
55110 0
55120 0
55130 0
55140 0
55150 0
55160 0
55170 0
55180 0
55190 1
55200 1
55210 0
55220 0
55230 0
55240 0
55250 0
55260 0
55270 0
55280 0
55290 0
55300 0
55310 0
55320 0
55330 0
55340 0
55350 0
55360 0
55370 1
55380 4
55390 0
55400 1
55410 0
55420 5
55430 14
55440 7
55450 2
55460 13
55470 1
55480 16
55490 6
55500 4
55510 3
55520 14
55530 11
55540 4
55550 4
55560 7
55570 8
55580 8
55590 7
55600 4
55610 6
55620 11
55630 8
55640 8
55650 8
55660 5
55670 0
55680 5
55690 7
55700 5
55710 3
55720 15
55730 11
55740 0
55750 0
55760 0
55770 0
55780 0
55790 0
55800 0
55810 2
55820 0
55830 0
55840 0
55850 0
55860 0
55870 0
55880 0
55890 0
55900 0
55910 0
55920 0
55930 0
55940 0
55950 0
55960 0
55970 0
55980 0
55990 0
56000 0
56010 0
56020 0
56030 0
56040 0
56050 0
56060 0
56070 0
56080 0
56090 0
56100 0
56110 0
56120 0
56130 0
56140 0
56150 0
56160 0
56170 0
56180 0
56190 0
56200 0
56210 0
56220 0
56230 0
56240 0
56250 0
56260 0
56270 0
56280 0
56290 0
56300 0
56310 0
56320 0
56330 0
56340 0
56350 0
56360 0
56370 0
56380 0
56390 0
56400 0
56410 0
56420 0
56430 0
56440 0
56450 0
56460 0
56470 0
56480 0
56490 0
56500 0
56510 0
56520 0
56530 0
56540 0
56550 0
56560 0
56570 0
56580 0
56590 0
56600 0
56610 0
56620 0
56630 0
56640 0
56650 0
56660 0
56670 0
56680 0
56690 0
56700 0
56710 0
56720 0
56730 0
56740 0
56750 0
56760 0
56770 0
56780 0
56790 0
56800 0
56810 0
56820 0
56830 0
56840 0
56850 0
56860 0
56870 0
56880 0
56890 0
56900 0
56910 0
56920 0
56930 0
56940 0
56950 0
56960 0
56970 0
56980 0
56990 0
57000 0
57010 0
57020 0
57030 0
57040 0
57050 0
57060 0
57070 0
57080 0
57090 0
57100 0
57110 0
57120 0
57130 0
57140 0
57150 0
57160 0
57170 0
57180 0
57190 0
57200 0
57210 0
57220 0
57230 0
57240 0
57250 0
57260 0
57270 0
57280 0
57290 0
57300 0
57310 0
57320 0
57330 0
57340 0
57350 0
57360 0
57370 0
57380 0
57390 0
57400 0
57410 0
57420 0
57430 0
57440 0
57450 0
57460 0
57470 0
57480 0
57490 0
57500 0
57510 0
57520 0
57530 0
57540 0
57550 0
57560 0
57570 0
57580 0
57590 0
57600 0
57610 0
57620 0
57630 0
57640 0
57650 0
57660 0
57670 0
57680 0
57690 0
57700 0
57710 0
57720 0
57730 0
57740 0
57750 0
57760 0
57770 0
57780 0
57790 0
57800 0
57810 0
57820 0
57830 0
57840 0
57850 0
57860 0
57870 0
57880 0
57890 0
57900 0
57910 0
57920 0
57930 0
57940 0
57950 0
57960 0
57970 0
57980 0
57990 0
58000 0
58010 0
58020 0
58030 0
58040 0
58050 0
58060 0
58070 0
58080 0
58090 0
58100 0
58110 0
58120 0
58130 0
58140 0
58150 0
58160 0
58170 0
58180 0
58190 0
58200 0
58210 0
58220 0
58230 0
58240 0
58250 0
58260 0
58270 0
58280 0
58290 0
58300 0
58310 0
58320 0
58330 0
58340 0
58350 0
58360 0
58370 0
58380 0
58390 0
58400 0
58410 0
58420 0
58430 0
58440 0
58450 0
58460 0
58470 0
58480 0
58490 0
58500 0
58510 0
58520 0
58530 0
58540 0
58550 0
58560 0
58570 0
58580 0
58590 0
58600 0
58610 0
58620 0
58630 0
58640 0
58650 0
58660 0
58670 0
58680 0
58690 0
58700 0
58710 0
58720 0
58730 0
58740 0
58750 1
58760 0
58770 0
58780 0
58790 0
58800 0
58810 0
58820 0
58830 11
58840 5
58850 8
58860 11
58870 8
58880 6
58890 8
58900 7
58910 2
58920 8
58930 7
58940 7
58950 6
58960 15
58970 12
58980 12
58990 14
59000 13
59010 9
59020 9
59030 11
59040 10
59050 7
59060 8
59070 6
59080 0
59090 1
59100 2
59110 2
59120 2
59130 1
59140 0
59150 0
59160 1
59170 0
59180 1
59190 0
59200 1
59210 0
59220 2
59230 2
59240 4
59250 4
59260 3
59270 2
59280 0
59290 1
59300 1
59310 2
59320 1
59330 1
59340 0
59350 5
59360 6
59370 4
59380 1
59390 5
59400 5
59410 5
59420 3
59430 4
59440 5
59450 3
59460 3
59470 2
59480 2
59490 2
59500 0
59510 0
59520 0
59530 1
59540 3
59550 0
59560 0
59570 0
59580 3
59590 2
59600 8
59610 5
59620 8
59630 5
59640 10
59650 12
59660 7
59670 12
59680 9
59690 8
59700 8
59710 5
59720 13
59730 18
59740 12
59750 10
59760 7
59770 9
59780 4
59790 6
59800 2
59810 1
59820 8
59830 14
59840 0
59850 6
59860 11
59870 4
59880 6
59890 15
59900 10
59910 9
59920 13
59930 15
59940 16
59950 12
59960 11
59970 10
59980 12
59990 15
60000 13
60010 9
60020 20
60030 10
60040 6
60050 6
60060 8
60070 5
60080 9
60090 6
60100 12
60110 7
60120 6
60130 3
60140 6
60150 4
60160 2
60170 4
60180 13
60190 7
60200 11
60210 5
60220 9
60230 15
60240 6
60250 8
60260 4
60270 4
60280 1
60290 6
60300 10
60310 3
60320 7
60330 6
60340 7
60350 3
60360 0
60370 9
60380 9
60390 5
60400 0
60410 4
60420 3
60430 2
60440 7
60450 2
60460 1
60470 0
60480 2
60490 2
60500 0
60510 0
60520 0
60530 10
60540 10
60550 7
60560 16
60570 20
60580 9
60590 11
60600 8
60610 8
60620 16
60630 11
60640 6
60650 10
60660 13
60670 11
60680 7
60690 12
60700 14
60710 17
60720 6
60730 13
60740 16
60750 15
60760 11
60770 7
60780 11
60790 10
60800 12
60810 11
60820 16
60830 6
60840 4
60850 10
60860 9
60870 13
60880 9
60890 8
60900 9
60910 12
60920 18
60930 5
60940 4
60950 13
60960 7
60970 11
60980 11
60990 1
61000 6
61010 7
61020 20
61030 14
61040 16
61050 7
61060 5
61070 3
61080 0
61090 1
61100 4
61110 16
61120 11
61130 13
61140 14
61150 8
61160 13
61170 13
61180 13
61190 5
61200 5
61210 4
61220 14
61230 16
61240 7
61250 8
61260 4
61270 9
61280 3
61290 12
61300 7
61310 9
61320 11
61330 4
61340 12
61350 11
61360 12
61370 8
61380 2
61390 4
61400 1
61410 5
61420 3
61430 1
61440 5
61450 0
61460 8
61470 7
61480 8
61490 6
61500 8
61510 1
61520 9
61530 7
61540 6
61550 5
61560 7
61570 0
61580 3
61590 5
61600 4
61610 3
61620 8
61630 1
61640 3
61650 0
61660 0
61670 0
61680 0
61690 0
61700 0
61710 0
61720 0
61730 0
61740 0
61750 0
61760 0
61770 0
61780 0
61790 0
61800 0
61810 0
61820 0
61830 0
61840 0
61850 0
61860 0
61870 0
61880 0
61890 0
61900 0
61910 0
61920 0
61930 0
61940 0
61950 0
61960 0
61970 1
61980 0
61990 0
62000 0
62010 0
62020 0
62030 0
62040 0
62050 0
62060 0
62070 0
62080 0
62090 0
62100 0
62110 0
62120 0
62130 0
62140 0
62150 0
62160 0
62170 0
62180 0
62190 0
62200 0
62210 0
62220 0
62230 0
62240 0
62250 0
62260 0
62270 0
62280 0
62290 0
62300 0
62310 0
62320 0
62330 0
62340 0
62350 0
62360 0
62370 0
62380 0
62390 0
62400 0
62410 0
62420 0
62430 0
62440 0
62450 0
62460 0
62470 0
62480 0
62490 0
62500 0
62510 0
62520 0
62530 0
62540 0
62550 0
62560 0
62570 0
62580 0
62590 0
62600 0
62610 0
62620 0
62630 0
62640 0
62650 0
62660 0
62670 0
62680 0
62690 0
62700 0
62710 0
62720 0
62730 0
62740 0
62750 0
62760 0
62770 0
62780 0
62790 0
62800 0
62810 0
62820 0
62830 0
62840 0
62850 0
62860 0
62870 0
62880 0
62890 0
62900 0
62910 0
62920 0
62930 0
62940 0
62950 0
62960 0
62970 0
62980 0
62990 0
63000 0
63010 0
63020 0
63030 0
63040 0
63050 0
63060 0
63070 0
63080 0
63090 0
63100 0
63110 0
63120 0
63130 0
63140 0
63150 0
63160 0
63170 0
63180 0
63190 0
63200 0
63210 0
63220 0
63230 0
63240 0
63250 0
63260 0
63270 0
63280 0
63290 0
63300 0
63310 0
63320 0
63330 0
63340 0
63350 0
63360 0
63370 0
63380 0
63390 0
63400 0
63410 0
63420 0
63430 0
63440 0
63450 0
63460 0
63470 0
63480 0
63490 0
63500 0
63510 0
63520 0
63530 0
63540 0
63550 0
63560 0
63570 0
63580 0
63590 0
63600 0
63610 0
63620 0
63630 0
63640 0
63650 0
63660 0
63670 0
63680 0
63690 0
63700 0
63710 0
63720 0
63730 0
63740 0
63750 0
63760 0
63770 0
63780 0
63790 0
63800 0
63810 0
63820 0
63830 0
63840 0
63850 0
63860 0
63870 0
63880 0
63890 0
63900 0
63910 0
63920 0
63930 0
63940 0
63950 0
63960 0
63970 0
63980 0
63990 0
64000 0
64010 0
64020 0
64030 0
64040 0
64050 0
64060 0
64070 0
64080 0
64090 0
64100 0
64110 0
64120 0
64130 0
64140 0
64150 0
64160 0
64170 0
64180 0
64190 0
64200 0
64210 0
64220 0
64230 0
64240 0
64250 0
64260 0
64270 0
64280 0
64290 0
64300 0
64310 0
64320 0
64330 0
64340 0
64350 0
64360 0
64370 0
64380 0
64390 0
64400 0
64410 0
64420 0
64430 0
64440 0
64450 0
64460 0
64470 0
64480 0
64490 0
64500 0
64510 0
64520 0
64530 0
64540 0
64550 0
64560 0
64570 0
64580 0
64590 0
64600 0
64610 0
64620 0
64630 0
64640 0
64650 0
64660 0
64670 0
64680 0
64690 0
64700 0
64710 0
64720 0
64730 0
64740 0
64750 0
64760 0
64770 0
64780 0
64790 0
64800 0
64810 0
64820 0
64830 0
64840 0
64850 0
64860 0
64870 0
64880 0
64890 0
64900 0
64910 0
64920 0
64930 0
64940 0
64950 0
64960 0
64970 0
64980 0
64990 0
65000 0
65010 0
65020 0
65030 0
65040 0
65050 0
65060 0
65070 0
65080 0
65090 0
65100 0
65110 0
65120 0
65130 0
65140 0
65150 0
65160 0
65170 0
65180 0
65190 0
65200 0
65210 0
65220 0
65230 0
65240 0
65250 0
65260 0
65270 0
65280 0
65290 0
65300 0
65310 0
65320 0
65330 0
65340 0
65350 0
65360 0
65370 0
65380 0
65390 0
65400 0
65410 0
65420 0
65430 0
65440 0
65450 0
65460 0
65470 0
65480 0
65490 0
65500 0
65510 0
65520 0
65530 0
65540 0
65550 0
65560 0
65570 0
65580 0
65590 0
65600 0
65610 0
65620 0
65630 0
65640 0
65650 0
65660 2
65670 1
65680 0
65690 1
65700 1
65710 3
65720 0
65730 0
65740 0
65750 0
65760 0
65770 0
65780 0
65790 0
65800 0
65810 1
65820 0
65830 0
65840 0
65850 0
65860 0
65870 0
65880 0
65890 0
65900 0
65910 0
65920 0
65930 0
65940 0
65950 0
65960 0
65970 0
65980 0
65990 0
66000 0
66010 0
66020 0
66030 0
66040 0
66050 0
66060 0
66070 0
66080 0
66090 0
66100 0
66110 0
66120 0
66130 0
66140 0
66150 0
66160 0
66170 0
66180 0
66190 0
66200 0
66210 0
66220 0
66230 0
66240 0
66250 0
66260 0
66270 0
66280 0
66290 0
66300 0
66310 0
66320 0
66330 0
66340 0
66350 0
66360 0
66370 0
66380 1
66390 0
66400 0
66410 0
66420 0
66430 5
66440 3
66450 0
66460 0
66470 0
66480 1
66490 0
66500 2
66510 3
66520 0
66530 4
66540 3
66550 3
66560 1
66570 1
66580 0
66590 0
66600 0
66610 0
66620 0
66630 0
66640 0
66650 0
66660 0
66670 1
66680 0
66690 0
66700 0
66710 0
66720 0
66730 0
66740 0
66750 0
66760 0
66770 0
66780 0
66790 0
66800 0
66810 0
66820 0
66830 0
66840 0
66850 0
66860 0
66870 0
66880 0
66890 0
66900 0
66910 0
66920 0
66930 0
66940 0
66950 0
66960 0
66970 0
66980 0
66990 0
67000 1
67010 0
67020 0
67030 0
67040 1
67050 0
67060 1
67070 0
67080 1
67090 0
67100 1
67110 1
67120 0
67130 3
67140 0
67150 1
67160 0
67170 0
67180 0
67190 0
67200 0
67210 0
67220 0
67230 0
67240 0
67250 0
67260 0
67270 0
67280 0
67290 0
67300 0
67310 0
67320 0
67330 0
67340 0
67350 0
67360 0
67370 0
67380 0
67390 0
67400 0
67410 0
67420 0
67430 0
67440 0
67450 0
67460 0
67470 0
67480 0
67490 0
67500 0
67510 0
67520 0
67530 0
67540 0
67550 0
67560 0
67570 0
67580 0
67590 0
67600 0
67610 0
67620 0
67630 0
67640 0
67650 0
67660 0
67670 0
67680 0
67690 0
67700 0
67710 0
67720 0
67730 0
67740 0
67750 0
67760 0
67770 0
67780 0
67790 0
67800 0
67810 0
67820 0
67830 0
67840 0
67850 0
67860 0
67870 0
67880 0
67890 0
67900 0
67910 0
67920 0
67930 0
67940 0
67950 0
67960 0
67970 0
67980 0
67990 0
68000 0
68010 0
68020 0
68030 0
68040 0
68050 0
68060 0
68070 0
68080 0
68090 0
68100 0
68110 0
68120 0
68130 0
68140 0
68150 3
68160 0
68170 1
68180 4
68190 0
68200 0
68210 0
68220 2
68230 0
68240 1
68250 1
68260 2
68270 0
68280 0
68290 0
68300 0
68310 0
68320 2
68330 0
68340 1
68350 1
68360 0
68370 2
68380 2
68390 1
68400 4
68410 0
68420 0
68430 0
68440 1
68450 2
68460 0
68470 0
68480 0
68490 1
68500 0
68510 0
68520 0
68530 0
68540 0
68550 0
68560 0
68570 0
68580 0
68590 0
68600 0
68610 0
68620 0
68630 0
68640 0
68650 0
68660 0
68670 0
68680 0
68690 0
68700 0
68710 0
68720 2
68730 0
68740 1
68750 1
68760 3
68770 3
68780 0
68790 0
68800 0
68810 0
68820 0
68830 0
68840 0
68850 0
68860 0
68870 0
68880 0
68890 0
68900 0
68910 0
68920 0
68930 0
68940 0
68950 0
68960 0
68970 0
68980 0
68990 0
69000 0
69010 0
69020 0
69030 0
69040 0
69050 0
69060 0
69070 0
69080 0
69090 0
69100 0
69110 0
69120 0
69130 0
69140 0
69150 0
69160 0
69170 0
69180 0
69190 0
69200 0
69210 0
69220 0
69230 0
69240 0
69250 0
69260 0
69270 0
69280 0
69290 0
69300 0
69310 0
69320 0
69330 0
69340 0
69350 0
69360 0
69370 0
69380 0
69390 0
69400 0
69410 0
69420 0
69430 0
69440 0
69450 0
69460 0
69470 0
69480 0
69490 0
69500 0
69510 0
69520 0
69530 0
69540 0
69550 0
69560 0
69570 0
69580 0
69590 0
69600 0
69610 0
69620 0
69630 0
69640 0
69650 0
69660 0
69670 0
69680 0
69690 0
69700 2
69710 0
69720 0
69730 3
69740 3
69750 3
69760 6
69770 0
69780 1
69790 4
69800 2
69810 3
69820 8
69830 15
69840 16
69850 12
69860 13
69870 12
69880 10
69890 6
69900 10
69910 6
69920 19
69930 14
69940 8
69950 5
69960 12
69970 9
69980 10
69990 15
70000 8
70010 9
70020 4
70030 7
70040 6
70050 2
70060 10
70070 4
70080 4
70090 11
70100 8
70110 4
70120 6
70130 8
70140 10
70150 5
70160 8
70170 8
70180 5
70190 3
70200 6
70210 8
70220 8
70230 4
70240 9
70250 4
70260 11
70270 7
70280 9
70290 9
70300 7
70310 8
70320 7
70330 15
70340 13
70350 9
70360 12
70370 7
70380 10
70390 9
70400 7
70410 12
70420 11
70430 9
70440 4
70450 9
70460 10
70470 5
70480 7
70490 15
70500 6
70510 11
70520 5
70530 13
70540 16
70550 14
70560 15
70570 15
70580 21
70590 10
70600 11
70610 10
70620 18
70630 11
70640 7
70650 14
70660 9
70670 15
70680 12
70690 13
70700 14
70710 3
70720 17
70730 6
70740 14
70750 13
70760 8
70770 14
70780 10
70790 13
70800 19
70810 6
70820 14
70830 18
70840 12
70850 16
70860 5
70870 5
70880 4
70890 4
70900 3
70910 4
70920 0
70930 2
70940 0
70950 4
70960 17
70970 13
70980 8
70990 18
71000 20
71010 2
71020 10
71030 10
71040 10
71050 17
71060 8
71070 10
71080 7
71090 9
71100 14
71110 21
71120 13
71130 22
71140 13
71150 14
71160 9
71170 22
71180 15
71190 11
71200 16
71210 12
71220 17
71230 11
71240 9
71250 6
71260 8
71270 12
71280 8
71290 9
71300 7
71310 14
71320 9
71330 13
71340 14
71350 10
71360 4
71370 4
71380 4
71390 1
71400 2
71410 7
71420 1
71430 1
71440 1
71450 5
71460 13
71470 11
71480 6
71490 17
71500 7
71510 5
71520 14
71530 7
71540 6
71550 6
71560 8
71570 6
71580 13
71590 18
71600 13
71610 13
71620 18
71630 18
71640 11
71650 14
71660 10
71670 9
71680 14
71690 5
71700 19
71710 15
71720 9
71730 15
71740 18
71750 11
71760 12
71770 14
71780 5
71790 4
71800 6
71810 11
71820 4
71830 5
71840 5
71850 0
71860 4
71870 2
71880 6
71890 3
71900 0
71910 0
71920 2
71930 7
71940 3
71950 1
71960 3
71970 4
71980 4
71990 1
72000 0
72010 0
72020 13
72030 5
72040 11
72050 10
72060 11
72070 9
72080 6
72090 12
72100 7
72110 5
72120 10
72130 5
72140 12
72150 9
72160 5
72170 6
72180 5
72190 3
72200 0
72210 1
72220 7
72230 5
72240 4
72250 2
72260 0
72270 6
72280 0
72290 0
72300 0
72310 0
72320 0
72330 0
72340 0
72350 0
72360 0
72370 0
72380 0
72390 0
72400 0
72410 0
72420 0
72430 0
72440 0
72450 0
72460 0
72470 0
72480 0
72490 0
72500 0
72510 0
72520 0
72530 0
72540 0
72550 0
72560 0
72570 0
72580 0
72590 0
72600 0
72610 0
72620 0
72630 0
72640 0
72650 0
72660 0
72670 0
72680 1
72690 0
72700 0
72710 0
72720 0
72730 0
72740 0
72750 0
72760 0
72770 0
72780 0
72790 0
72800 0
72810 0
72820 0
72830 0
72840 0
72850 1
72860 1
72870 1
72880 0
72890 0
72900 0
72910 4
72920 10
72930 6
72940 16
72950 9
72960 15
72970 12
72980 12
72990 12
73000 21
73010 17
73020 23
73030 15
73040 16
73050 17
73060 15
73070 9
73080 21
73090 20
73100 15
73110 12
73120 8
73130 12
73140 14
73150 7
73160 8
73170 15
73180 9
73190 12
73200 9
73210 8
73220 1
73230 4
73240 7
73250 5
73260 5
73270 4
73280 4
73290 3
73300 6
73310 10
73320 5
73330 19
73340 4
73350 6
73360 12
73370 16
73380 11
73390 8
73400 15
73410 9
73420 10
73430 13
73440 9
73450 7
73460 0
73470 0
73480 2
73490 4
73500 4
73510 4
73520 2
73530 6
73540 1
73550 0
73560 0
73570 0
73580 0
73590 0
73600 1
73610 3
73620 6
73630 19
73640 8
73650 11
73660 19
73670 10
73680 13
73690 10
73700 11
73710 9
73720 5
73730 9
73740 9
73750 2
73760 1
73770 6
73780 3
73790 1
73800 2
73810 2
73820 4
73830 5
73840 5
73850 0
73860 4
73870 1
73880 0
73890 0
73900 3
73910 0
73920 5
73930 2
73940 3
73950 8
73960 8
73970 3
73980 9
73990 6
74000 9
74010 2
74020 5
74030 1
74040 2
74050 3
74060 0
74070 2
74080 0
74090 4
74100 2
74110 7
74120 2
74130 5
74140 5
74150 1
74160 1
74170 2
74180 1
74190 3
74200 3
74210 0
74220 1
74230 1
74240 1
74250 10
74260 7
74270 10
74280 2
74290 3
74300 14
74310 6
74320 3
74330 5
74340 6
74350 2
74360 1
74370 0
74380 2
74390 4
74400 2
74410 2
74420 4
74430 3
74440 2
74450 6
74460 3
74470 1
74480 3
74490 1
74500 3
74510 5
74520 3
74530 0
74540 0
74550 0
74560 0
74570 0
74580 0
74590 0
74600 0
74610 0
74620 0
74630 0
74640 0
74650 1
74660 0
74670 0
74680 2
74690 2
74700 1
74710 2
74720 0
74730 0
74740 0
74750 0
74760 0
74770 0
74780 0
74790 0
74800 0
74810 0
74820 0
74830 0
74840 0
74850 0
74860 0
74870 0
74880 0
74890 0
74900 0
74910 0
74920 0
74930 0
74940 0
74950 0
74960 0
74970 0
74980 2
74990 2
75000 4
75010 2
75020 4
75030 2
75040 1
75050 2
75060 0
75070 0
75080 4
75090 0
75100 0
75110 0
75120 3
75130 0
75140 4
75150 2
75160 1
75170 1
75180 0
75190 0
75200 3
75210 2
75220 2
75230 0
75240 0
75250 3
75260 1
75270 0
75280 0
75290 0
75300 0
75310 1
75320 1
75330 1
75340 0
75350 1
75360 14
75370 4
75380 3
75390 8
75400 7
75410 3
75420 3
75430 4
75440 0
75450 4
75460 0
75470 2
75480 0
75490 2
75500 9
75510 3
75520 0
75530 1
75540 9
75550 5
75560 0
75570 7
75580 2
75590 2
75600 2
75610 0
75620 0
75630 0
75640 0
75650 0
75660 3
75670 0
75680 2
75690 0
75700 2
75710 1
75720 2
75730 5
75740 7
75750 2
75760 1
75770 4
75780 0
75790 0
75800 1
75810 3
75820 1
75830 4
75840 0
75850 3
75860 3
75870 3
75880 3
75890 5
75900 2
75910 3
75920 3
75930 5
75940 1
75950 2
75960 0
75970 0
75980 1
75990 3
76000 4
76010 1
76020 0
76030 0
76040 0
76050 0
76060 0
76070 0
76080 0
76090 1
76100 6
76110 3
76120 0
76130 0
76140 0
76150 2
76160 3
76170 2
76180 0
76190 1
76200 0
76210 8
76220 3
76230 0
76240 0
76250 3
76260 0
76270 2
76280 5
76290 3
76300 2
76310 8
76320 4
76330 2
76340 3
76350 1
76360 3
76370 1
76380 4
76390 6
76400 0
76410 4
76420 5
76430 2
76440 6
76450 3
76460 6
76470 0
76480 3
76490 3
76500 1
76510 0
76520 1
76530 2
76540 0
76550 2
76560 1
76570 1
76580 1
76590 0
76600 3
76610 1
76620 0
76630 0
76640 0
76650 1
76660 3
76670 2
76680 0
76690 1
76700 0
76710 1
76720 2
76730 3
76740 0
76750 0
76760 0
76770 0
76780 0
76790 0
76800 2
76810 0
76820 1
76830 1
76840 4
76850 3
76860 5
76870 4
76880 5
76890 4
76900 4
76910 5
76920 5
76930 6
76940 2
76950 0
76960 0
76970 4
76980 5
76990 3
77000 0
77010 1
77020 3
77030 1
77040 3
77050 2
77060 7
77070 4
77080 7
77090 0
77100 0
77110 0
77120 0
77130 0
77140 5
77150 0
77160 4
77170 6
77180 4
77190 6
77200 5
77210 1
77220 5
77230 18
77240 11
77250 6
77260 22
77270 18
77280 6
77290 3
77300 2
77310 2
77320 6
77330 10
77340 12
77350 12
77360 6
77370 5
77380 12
77390 12
77400 14
77410 9
77420 8
77430 8
77440 20
77450 8
77460 10
77470 8
77480 4
77490 4
77500 6
77510 1
77520 3
77530 0
77540 3
77550 0
77560 4
77570 0
77580 2
77590 1
77600 0
77610 1
77620 0
77630 0
77640 0
77650 0
77660 0
77670 0
77680 0
77690 0
77700 1
77710 3
77720 2
77730 0
77740 0
77750 0
77760 1
77770 0
77780 2
77790 2
77800 2
77810 2
77820 0
77830 0
77840 0
77850 0
77860 0
77870 0
77880 0
77890 0
77900 0
77910 0
77920 0
77930 0
77940 0
77950 1
77960 0
77970 0
77980 0
77990 0
78000 0
78010 0
78020 0
78030 0
78040 0
78050 0
78060 0
78070 0
78080 0
78090 0
78100 0
78110 0
78120 0
78130 0
78140 0
78150 0
78160 0
78170 0
78180 0
78190 0
78200 0
78210 8
78220 2
78230 2
78240 0
78250 0
78260 0
78270 0
78280 4
78290 2
78300 0
78310 0
78320 0
78330 1
78340 1
78350 2
78360 0
78370 2
78380 3
78390 9
78400 7
78410 9
78420 7
78430 4
78440 6
78450 16
78460 7
78470 4
78480 4
78490 2
78500 3
78510 3
78520 1
78530 0
78540 8
78550 1
78560 5
78570 0
78580 0
78590 0
78600 0
78610 0
78620 0
78630 0
78640 0
78650 0
78660 0
78670 0
78680 0
78690 0
78700 0
78710 0
78720 0
78730 0
78740 0
78750 0
78760 0
78770 0
78780 0
78790 0
78800 0
78810 0
78820 0
78830 0
78840 0
78850 0
78860 0
78870 0
78880 0
78890 0
78900 0
78910 0
78920 0
78930 0
78940 0
78950 0
78960 0
78970 0
78980 0
78990 0
79000 0
79010 0
79020 0
79030 0
79040 0
79050 0
79060 0
79070 0
79080 0
79090 0
79100 0
79110 0
79120 0
79130 0
79140 0
79150 0
79160 0
79170 0
79180 0
79190 0
79200 0
79210 0
79220 0
79230 0
79240 0
79250 0
79260 0
79270 0
79280 0
79290 0
79300 0
79310 0
79320 0
79330 0
79340 0
79350 0
79360 0
79370 0
79380 0
79390 0
79400 0
79410 0
79420 4
79430 5
79440 3
79450 4
79460 2
79470 6
79480 3
79490 9
79500 2
79510 1
79520 0
79530 2
79540 5
79550 6
79560 2
79570 3
79580 4
79590 8
79600 3
79610 9
79620 9
79630 11
79640 16
79650 6
79660 17
79670 10
79680 11
79690 12
79700 10
79710 13
79720 10
79730 9
79740 17
79750 11
79760 9
79770 10
79780 5
79790 7
79800 12
79810 11
79820 6
79830 9
79840 8
79850 8
79860 8
79870 3
79880 2
79890 1
79900 1
79910 9
79920 5
79930 2
79940 6
79950 4
79960 4
79970 2
79980 0
79990 4
80000 1
80010 2
80020 2
80030 2
80040 0
80050 1
80060 1
80070 1
80080 0
80090 0
80100 2
80110 1
80120 5
80130 4
80140 3
80150 5
80160 4
80170 11
80180 15
80190 7
80200 4
80210 15
80220 5
80230 5
80240 9
80250 7
80260 5
80270 11
80280 7
80290 17
80300 6
80310 5
80320 12
80330 5
80340 6
80350 12
80360 14
80370 6
80380 7
80390 9
80400 10
80410 9
80420 4
80430 5
80440 8
80450 7
80460 7
80470 6
80480 10
80490 17
80500 13
80510 7
80520 12
80530 7
80540 8
80550 3
80560 4
80570 6
80580 5
80590 7
80600 8
80610 8
80620 8
80630 14
80640 9
80650 5
80660 15
80670 9
80680 5
80690 7
80700 13
80710 7
80720 9
80730 14
80740 13
80750 8
80760 8
80770 5
80780 3
80790 7
80800 4
80810 3
80820 5
80830 2
80840 7
80850 8
80860 6
80870 3
80880 8
80890 8
80900 6
80910 5
80920 3
80930 2
80940 0
80950 0
80960 0
80970 0
80980 0
80990 6
81000 2
81010 2
81020 6
81030 5
81040 0
81050 6
81060 5
81070 7
81080 6
81090 0
81100 3
81110 4
81120 0
81130 0
81140 0
81150 0
81160 0
81170 4
81180 3
81190 0
81200 0
81210 0
81220 0
81230 0
81240 0
81250 0
81260 0
81270 0
81280 0
81290 0
81300 0
81310 0
81320 0
81330 0
81340 0
81350 0
81360 0
81370 0
81380 0
81390 0
81400 0
81410 0
81420 0
81430 0
81440 0
81450 0
81460 0
81470 0
81480 0
81490 0
81500 0
81510 0
81520 0
81530 0
81540 0
81550 0
81560 0
81570 0
81580 0
81590 0
81600 0
81610 0
81620 0
81630 0
81640 0
81650 0
81660 0
81670 0
81680 0
81690 0
81700 0
81710 0
81720 0
81730 0
81740 0
81750 0
81760 0
81770 0
81780 0
81790 0
81800 0
81810 0
81820 0
81830 0
81840 0
81850 0
81860 0
81870 0
81880 0
81890 0
81900 0
81910 0
81920 0
81930 0
81940 0
81950 0
81960 0
81970 0
81980 0
81990 0
82000 0
82010 0
82020 0
82030 0
82040 0
82050 0
82060 0
82070 0
82080 0
82090 0
82100 0
82110 0
82120 0
82130 0
82140 1
82150 1
82160 3
82170 1
82180 2
82190 1
82200 2
82210 5
82220 1
82230 1
82240 1
82250 0
82260 2
82270 0
82280 0
82290 2
82300 2
82310 4
82320 2
82330 0
82340 1
82350 1
82360 0
82370 0
82380 2
82390 5
82400 3
82410 5
82420 2
82430 0
82440 4
82450 1
82460 1
82470 1
82480 4
82490 0
82500 0
82510 0
82520 0
82530 1
82540 0
82550 4
82560 2
82570 3
82580 0
82590 5
82600 4
82610 4
82620 4
82630 8
82640 2
82650 1
82660 0
82670 0
82680 0
82690 2
82700 1
82710 0
82720 0
82730 0
82740 5
82750 1
82760 0
82770 1
82780 0
82790 8
82800 1
82810 4
82820 3
82830 2
82840 7
82850 3
82860 10
82870 9
82880 11
82890 6
82900 5
82910 2
82920 14
82930 1
82940 6
82950 1
82960 0
82970 0
82980 0
82990 2
83000 0
83010 4
83020 1
83030 0
83040 0
83050 0
83060 1
83070 1
83080 0
83090 0
83100 1
83110 3
83120 2
83130 2
83140 0
83150 0
83160 0
83170 0
83180 0
83190 0
83200 2
83210 1
83220 0
83230 0
83240 3
83250 0
83260 3
83270 0
83280 6
83290 1
83300 2
83310 3
83320 3
83330 5
83340 3
83350 0
83360 1
83370 2
83380 0
83390 1
83400 0
83410 0
83420 0
83430 0
83440 1
83450 2
83460 0
83470 0
83480 0
83490 0
83500 0
83510 0
83520 2
83530 3
83540 2
83550 2
83560 2
83570 0
83580 1
83590 0
83600 2
83610 3
83620 2
83630 2
83640 0
83650 2
83660 0
83670 0
83680 0
83690 1
83700 1
83710 1
83720 2
83730 2
83740 0
83750 3
83760 3
83770 0
83780 2
83790 1
83800 0
83810 2
83820 2
83830 0
83840 0
83850 0
83860 0
83870 0
83880 0
83890 0
83900 0
83910 0
83920 0
83930 0
83940 0
83950 0
83960 0
83970 0
83980 0
83990 0
84000 0
84010 0
84020 0
84030 0
84040 0
84050 0
84060 0
84070 0
84080 0
84090 0
84100 0
84110 0
84120 0
84130 0
84140 0
84150 0
84160 0
84170 2
84180 0
84190 2
84200 3
84210 0
84220 0
84230 0
84240 1
84250 1
84260 2
84270 3
84280 0
84290 2
84300 3
84310 1
84320 4
84330 3
84340 3
84350 6
84360 6
84370 6
84380 9
84390 5
84400 6
84410 10
84420 11
84430 12
84440 7
84450 6
84460 2
84470 5
84480 3
84490 1
84500 7
84510 2
84520 1
84530 2
84540 3
84550 2
84560 2
84570 3
84580 1
84590 2
84600 2
84610 2
84620 2
84630 1
84640 2
84650 0
84660 0
84670 0
84680 2
84690 1
84700 0
84710 0
84720 0
84730 0
84740 0
84750 0
84760 0
84770 0
84780 0
84790 1
84800 0
84810 0
84820 0
84830 0
84840 0
84850 0
84860 0
84870 0
84880 0
84890 0
84900 1
84910 1
84920 0
84930 0
84940 0
84950 0
84960 3
84970 1
84980 0
84990 2
85000 2
85010 2
85020 0
85030 2
85040 2
85050 2
85060 0
85070 0
85080 1
85090 2
85100 0
85110 0
85120 0
85130 0
85140 2
85150 0
85160 0
85170 2
85180 1
85190 0
85200 0
85210 0
85220 0
85230 2
85240 2
85250 0
85260 2
85270 0
85280 0
85290 1
85300 2
85310 1
85320 0
85330 0
85340 0
85350 0
85360 0
85370 0
85380 0
85390 0
85400 0
85410 0
85420 0
85430 2
85440 0
85450 0
85460 0
85470 0
85480 0
85490 0
85500 1
85510 0
85520 0
85530 0
85540 2
85550 0
85560 0
85570 2
85580 2
85590 2
85600 0
85610 3
85620 2
85630 2
85640 0
85650 0
85660 2
85670 2
85680 3
85690 3
85700 0
85710 0
85720 0
85730 0
85740 0
85750 0
85760 0
85770 0
85780 0
85790 0
85800 0
85810 0
85820 0
85830 0
85840 0
85850 0
85860 0
85870 1
85880 2
85890 2
85900 2
85910 0
85920 2
85930 0
85940 0
85950 1
85960 1
85970 0
85980 0
85990 0
86000 0
86010 0
86020 1
86030 0
86040 0
86050 0
86060 0
86070 0
86080 0
86090 0
86100 0
86110 0
86120 0
86130 1
86140 1
86150 2
86160 0
86170 2
86180 0
86190 1
86200 2
86210 2
86220 0
86230 1
86240 1
86250 0
86260 0
86270 1
86280 1
86290 0
86300 0
86310 0
86320 0
86330 0
86340 0
86350 0
86360 0
86370 0
86380 0
86390 0
86400 0
86410 0
86420 1
86430 0
86440 0
86450 0
86460 0
86470 0
86480 0
86490 0
86500 0
86510 0
86520 0
86530 0
86540 0
86550 0
86560 0
86570 0
86580 0
86590 0
86600 0
86610 0
86620 0
86630 0
86640 0
86650 0
86660 0
86670 0
86680 0
86690 2
86700 1
86710 0
86720 0
86730 0
86740 0
86750 0
86760 0
86770 0
86780 0
86790 0
86800 3
86810 1
86820 0
86830 0
86840 0
86850 0
86860 0
86870 0
86880 0
86890 2
86900 3
86910 3
86920 3
86930 1
86940 0
86950 2
86960 1
86970 2
86980 2
86990 2
87000 0
87010 1
87020 2
87030 1
87040 2
87050 0
87060 0
87070 0
87080 0
87090 0
87100 1
87110 0
87120 0
87130 0
87140 0
87150 0
87160 0
87170 0
87180 0
87190 0
87200 0
87210 1
87220 0
87230 1
87240 0
87250 0
87260 0
87270 2
87280 1
87290 0
87300 2
87310 1
87320 0
87330 0
87340 0
87350 0
87360 0
87370 0
87380 0
87390 0
87400 0
87410 0
87420 1
87430 3
87440 4
87450 4
87460 0
87470 3
87480 2
87490 2
87500 2
87510 2
87520 1
87530 1
87540 0
87550 2
87560 1
87570 2
87580 0
87590 0
87600 4
87610 4
87620 2
87630 2
87640 3
87650 2
87660 0
87670 0
87680 0
87690 0
87700 0
87710 0
87720 0
87730 0
87740 0
87750 0
87760 0
87770 0
87780 0
87790 0
87800 0
87810 0
87820 0
87830 0
87840 0
87850 0
87860 0
87870 1
87880 1
87890 2
87900 5
87910 6
87920 5
87930 3
87940 1
87950 3
87960 3
87970 3
87980 1
87990 1
88000 4
88010 2
88020 2
88030 4
88040 3
88050 5
88060 4
88070 5
88080 1
88090 3
88100 1
88110 1
88120 5
88130 3
88140 4
88150 1
88160 5
88170 3
88180 5
88190 2
88200 5
88210 4
88220 1
88230 4
88240 4
88250 3
88260 3
88270 2
88280 2
88290 2
88300 4
88310 4
88320 2
88330 3
88340 5
88350 2
88360 3
88370 3
88380 0
88390 1
88400 5
88410 4
88420 5
88430 1
88440 0
88450 1
88460 2
88470 2
88480 2
88490 2
88500 0
88510 1
88520 0
88530 1
88540 0
88550 3
88560 1
88570 0
88580 0
88590 0
88600 0
88610 0
88620 2
88630 1
88640 1
88650 0
88660 0
88670 4
88680 1
88690 3
88700 0
88710 0
88720 0
88730 0
88740 0
88750 0
88760 0
88770 0
88780 0
88790 3
88800 0
88810 0
88820 0
88830 0
88840 0
88850 1
88860 0
88870 0
88880 0
88890 0
88900 0
88910 0
88920 0
88930 0
88940 0
88950 0
88960 0
88970 0
88980 0
88990 0
89000 0
89010 0
89020 0
89030 0
89040 5
89050 3
89060 1
89070 9
89080 4
89090 9
89100 7
89110 2
89120 5
89130 2
89140 9
89150 4
89160 4
89170 8
89180 4
89190 9
89200 7
89210 1
89220 5
89230 2
89240 3
89250 0
89260 1
89270 0
89280 0
89290 0
89300 0
89310 0
89320 0
89330 0
89340 0
89350 0
89360 0
89370 0
89380 0
89390 0
89400 0
89410 0
89420 0
89430 0
89440 2
89450 0
89460 0
89470 0
89480 5
89490 4
89500 2
89510 1
89520 2
89530 1
89540 2
89550 2
89560 2
89570 3
89580 2
89590 2
89600 2
89610 2
89620 2
89630 1
89640 1
89650 2
89660 2
89670 0
89680 2
89690 1
89700 1
89710 3
89720 0
89730 0
89740 0
89750 0
89760 0
89770 0
89780 0
89790 0
89800 0
89810 0
89820 0
89830 0
89840 0
89850 0
89860 0
89870 0
89880 0
89890 0
89900 0
89910 0
89920 0
89930 0
89940 0
89950 0
89960 0
89970 0
89980 0
89990 0
90000 0
90010 0
90020 0
90030 0
90040 0
90050 0
90060 0
90070 0
90080 0
90090 0
90100 0
90110 1
90120 1
90130 2
90140 1
90150 1
90160 1
90170 3
90180 2
90190 3
90200 0
90210 0
90220 0
90230 0
90240 0
90250 0
90260 0
90270 0
90280 1
90290 0
90300 1
90310 2
90320 4
90330 1
90340 1
90350 0
90360 0
90370 0
90380 0
90390 0
90400 0
90410 0
90420 0
90430 0
90440 0
90450 0
90460 0
90470 0
90480 0
90490 0
90500 0
90510 0
90520 0
90530 0
90540 0
90550 0
90560 0
90570 0
90580 0
90590 0
90600 0
90610 0
90620 0
90630 0
90640 0
90650 0
90660 0
90670 0
90680 0
90690 0
90700 0
90710 0
90720 2
90730 2
90740 0
90750 0
90760 0
90770 0
90780 2
90790 2
90800 0
90810 1
90820 2
90830 1
90840 6
90850 2
90860 2
90870 0
90880 2
90890 2
90900 3
90910 2
90920 0
90930 0
90940 2
90950 3
90960 2
90970 0
90980 0
90990 1
91000 1
91010 0
91020 0
91030 1
91040 0
91050 0
91060 5
91070 1
91080 0
91090 0
91100 0
91110 2
91120 0
91130 0
91140 0
91150 0
91160 0
91170 0
91180 0
91190 0
91200 0
91210 0
91220 0
91230 0
91240 0
91250 0
91260 0
91270 1
91280 0
91290 0
91300 0
91310 0
91320 0
91330 0
91340 0
91350 0
91360 0
91370 0
91380 0
91390 0
91400 0
91410 0
91420 0
91430 0
91440 0
91450 0
91460 0
91470 0
91480 0
91490 0
91500 0
91510 0
91520 0
91530 0
91540 0
91550 0
91560 0
91570 0
91580 0
91590 1
91600 6
91610 6
91620 3
91630 6
91640 1
91650 8
91660 2
91670 13
91680 8
91690 8
91700 6
91710 7
91720 4
91730 3
91740 2
91750 3
91760 5
91770 7
91780 9
91790 3
91800 5
91810 7
91820 7
91830 6
91840 1
91850 3
91860 1
91870 1
91880 2
91890 1
91900 1
91910 0
91920 1
91930 0
91940 0
91950 0
91960 1
91970 0
91980 0
91990 0
92000 0
92010 0
92020 0
92030 0
92040 1
92050 2
92060 3
92070 6
92080 6
92090 2
92100 1
92110 2
92120 3
92130 5
92140 1
92150 0
92160 0
92170 0
92180 0
92190 0
92200 0
92210 0
92220 7
92230 0
92240 0
92250 0
92260 2
92270 1
92280 4
92290 7
92300 7
92310 1
92320 1
92330 0
92340 3
92350 3
92360 1
92370 4
92380 5
92390 2
92400 3
92410 7
92420 9
92430 8
92440 8
92450 7
92460 2
92470 11
92480 0
92490 5
92500 7
92510 5
92520 1
92530 3
92540 1
92550 1
92560 2
92570 1
92580 4
92590 4
92600 3
92610 4
92620 3
92630 7
92640 8
92650 6
92660 7
92670 2
92680 5
92690 8
92700 5
92710 9
92720 10
92730 5
92740 5
92750 8
92760 8
92770 1
92780 6
92790 2
92800 4
92810 5
92820 5
92830 0
92840 0
92850 1
92860 0
92870 0
92880 5
92890 5
92900 6
92910 4
92920 8
92930 4
92940 1
92950 4
92960 4
92970 2
92980 2
92990 3
93000 2
93010 3
93020 1
93030 0
93040 0
93050 0
93060 3
93070 4
93080 3
93090 7
93100 1
93110 0
93120 5
93130 0
93140 5
93150 4
93160 5
93170 6
93180 4
93190 1
93200 0
93210 0
93220 0
93230 0
93240 0
93250 0
93260 0
93270 0
93280 0
93290 1
93300 0
93310 0
93320 0
93330 0
93340 0
93350 0
93360 0
93370 0
93380 0
93390 0
93400 3
93410 8
93420 4
93430 0
93440 5
93450 5
93460 5
93470 5
93480 2
93490 7
93500 4
93510 6
93520 2
93530 5
93540 2
93550 6
93560 5
93570 5
93580 4
93590 7
93600 5
93610 5
93620 5
93630 3
93640 3
93650 0
93660 1
93670 1
93680 0
93690 1
93700 0
93710 0
93720 0
93730 0
93740 0
93750 0
93760 0
93770 0
93780 0
93790 0
93800 0
93810 0
93820 0
93830 0
93840 0
93850 0
93860 0
93870 0
93880 1
93890 1
93900 2
93910 1
93920 0
93930 1
93940 0
93950 1
93960 1
93970 0
93980 0
93990 0
94000 2
94010 1
94020 1
94030 2
94040 4
94050 7
94060 5
94070 6
94080 5
94090 5
94100 5
94110 3
94120 6
94130 5
94140 2
94150 5
94160 6
94170 1
94180 7
94190 2
94200 1
94210 1
94220 0
94230 0
94240 0
94250 0
94260 0
94270 0
94280 0
94290 0
94300 1
94310 1
94320 1
94330 0
94340 0
94350 0
94360 0
94370 0
94380 0
94390 0
94400 0
94410 0
94420 0
94430 0
94440 0
94450 0
94460 0
94470 0
94480 1
94490 5
94500 8
94510 4
94520 2
94530 2
94540 0
94550 5
94560 0
94570 4
94580 2
94590 5
94600 0
94610 0
94620 0
94630 0
94640 5
94650 8
94660 11
94670 17
94680 6
94690 3
94700 1
94710 1
94720 1
94730 3
94740 7
94750 2
94760 0
94770 4
94780 3
94790 1
94800 2
94810 3
94820 0
94830 1
94840 0
94850 0
94860 0
94870 1
94880 3
94890 3
94900 0
94910 1
94920 1
94930 1
94940 0
94950 2
94960 0
94970 0
94980 0
94990 0
95000 0
95010 0
95020 0
95030 0
95040 0
95050 0
95060 0
95070 0
95080 0
95090 0
95100 0
95110 0
95120 0
95130 0
95140 0
95150 0
95160 0
95170 0
95180 0
95190 0
95200 0
95210 0
95220 0
95230 0
95240 0
95250 0
95260 0
95270 0
95280 0
95290 0
95300 0
95310 0
95320 0
95330 0
95340 0
95350 0
95360 0
95370 0
95380 0
95390 0
95400 0
95410 0
95420 0
95430 0
95440 0
95450 0
95460 0
95470 0
95480 0
95490 0
95500 0
95510 0
95520 0
95530 0
95540 0
95550 0
95560 0
95570 0
95580 0
95590 0
95600 0
95610 0
95620 0
95630 0
95640 0
95650 0
95660 0
95670 0
95680 0
95690 0
95700 0
95710 0
95720 0
95730 0
95740 0
95750 0
95760 0
95770 0
95780 1
95790 1
95800 1
95810 0
95820 4
95830 0
95840 5
95850 6
95860 1
95870 2
95880 1
95890 4
95900 0
95910 0
95920 0
95930 0
95940 0
95950 0
95960 1
95970 1
95980 0
95990 2
96000 1
96010 3
96020 3
96030 5
96040 5
96050 5
96060 1
96070 3
96080 5
96090 2
96100 5
96110 0
96120 1
96130 1
96140 1
96150 0
96160 3
96170 0
96180 0
96190 0
96200 3
96210 0
96220 0
96230 0
96240 0
96250 0
96260 0
96270 0
96280 0
96290 0
96300 0
96310 0
96320 0
96330 0
96340 0
96350 0
96360 0
96370 0
96380 0
96390 0
96400 0
96410 0
96420 0
96430 0
96440 0
96450 0
96460 0
96470 0
96480 0
96490 0
96500 0
96510 0
96520 0
96530 0
96540 0
96550 0
96560 0
96570 0
96580 0
96590 0
96600 0
96610 0
96620 0
96630 0
96640 0
96650 0
96660 0
96670 0
96680 0
96690 0
96700 0
96710 0
96720 0
96730 0
96740 0
96750 0
96760 5
96770 0
96780 0
96790 0
96800 0
96810 2
96820 3
96830 11
96840 4
96850 1
96860 13
96870 5
96880 5
96890 1
96900 1
96910 11
96920 4
96930 3
96940 2
96950 3
96960 2
96970 5
96980 2
96990 9
97000 5
97010 2
97020 2
97030 3
97040 2
97050 2
97060 4
97070 2
97080 0
97090 2
97100 3
97110 2
97120 2
97130 1
97140 0
97150 0
97160 1
97170 2
97180 4
97190 4
97200 3
97210 0
97220 0
97230 0
97240 0
97250 4
97260 1
97270 1
97280 2
97290 2
97300 0
97310 1
97320 0
97330 0
97340 0
97350 0
97360 0
97370 0
97380 0
97390 0
97400 0
97410 0
97420 0
97430 0
97440 0
97450 0
97460 0
97470 0
97480 0
97490 0
97500 0
97510 0
97520 0
97530 0
97540 0
97550 0
97560 0
97570 1
97580 2
97590 0
97600 7
97610 5
97620 0
97630 2
97640 2
97650 2
97660 3
97670 2
97680 1
97690 3
97700 3
97710 2
97720 2
97730 1
97740 0
97750 1
97760 0
97770 3
97780 2
97790 3
97800 1
97810 3
97820 4
97830 5
97840 4
97850 4
97860 5
97870 7
97880 2
97890 0
97900 1
97910 3
97920 3
97930 2
97940 3
97950 0
97960 3
97970 2
97980 1
97990 2
98000 3
98010 2
98020 2
98030 2
98040 3
98050 2
98060 2
98070 3
98080 2
98090 2
98100 0
98110 3
98120 4
98130 2
98140 2
98150 2
98160 1
98170 2
98180 5
98190 6
98200 2
98210 3
98220 1
98230 3
98240 5
98250 2
98260 2
98270 6
98280 2
98290 3
98300 4
98310 2
98320 2
98330 2
98340 1
98350 1
98360 2
98370 1
98380 1
98390 0
98400 0
98410 2
98420 2
98430 2
98440 0
98450 3
98460 6
98470 9
98480 7
98490 2
98500 2
98510 2
98520 2
98530 1
98540 0
98550 2
98560 2
98570 1
98580 2
98590 2
98600 1
98610 0
98620 0
98630 3
98640 0
98650 1
98660 3
98670 0
98680 0
98690 0
98700 0
98710 1
98720 1
98730 2
98740 1
98750 0
98760 3
98770 0
98780 1
98790 0
98800 0
98810 0
98820 1
98830 1
98840 1
98850 0
98860 0
98870 4
98880 1
98890 1
98900 4
98910 1
98920 2
98930 2
98940 2
98950 2
98960 2
98970 1
98980 4
98990 12
99000 1
99010 4
99020 6
99030 5
99040 5
99050 7
99060 6
99070 4
99080 3
99090 5
99100 5
99110 6
99120 0
99130 5
99140 7
99150 7
99160 8
99170 12
99180 2
99190 0
99200 0
99210 0
99220 0
99230 0
99240 0
99250 0
99260 0
99270 0
99280 0
99290 0
99300 4
99310 4
99320 7
99330 5
99340 0
99350 0
99360 0
99370 0
99380 0
99390 0
99400 0
99410 0
99420 0
99430 0
99440 0
99450 0
99460 0
99470 0
99480 0
99490 1
99500 0
99510 0
99520 0
99530 0
99540 0
99550 0
99560 0
99570 0
99580 0
99590 0
99600 0
99610 0
99620 0
99630 0
99640 0
99650 0
99660 0
99670 0
99680 0
99690 0
99700 0
99710 0
99720 0
99730 0
99740 0
99750 0
99760 0
99770 0
99780 0
99790 0
99800 0
99810 0
99820 0
99830 0
99840 0
99850 1
99860 0
99870 0
99880 0
99890 0
99900 0
99910 0
99920 0
99930 1
99940 0
99950 1
99960 0
99970 1
99980 0
99990 0
