# Frame Contacts
30000 0
30010 0
30020 0
30030 0
30040 0
30050 0
30060 0
30070 0
30080 0
30090 0
30100 0
30110 0
30120 0
30130 0
30140 0
30150 0
30160 0
30170 0
30180 0
30190 0
30200 0
30210 0
30220 0
30230 0
30240 0
30250 0
30260 0
30270 0
30280 0
30290 0
30300 0
30310 0
30320 0
30330 0
30340 0
30350 0
30360 0
30370 0
30380 0
30390 0
30400 0
30410 0
30420 0
30430 0
30440 0
30450 0
30460 0
30470 0
30480 0
30490 0
30500 0
30510 0
30520 0
30530 0
30540 0
30550 0
30560 0
30570 0
30580 0
30590 0
30600 0
30610 0
30620 0
30630 0
30640 0
30650 0
30660 0
30670 0
30680 0
30690 0
30700 0
30710 0
30720 0
30730 0
30740 0
30750 0
30760 0
30770 0
30780 0
30790 0
30800 0
30810 0
30820 0
30830 0
30840 0
30850 0
30860 0
30870 0
30880 0
30890 0
30900 0
30910 0
30920 0
30930 0
30940 0
30950 0
30960 0
30970 0
30980 0
30990 0
31000 0
31010 0
31020 0
31030 0
31040 0
31050 0
31060 0
31070 0
31080 0
31090 0
31100 0
31110 0
31120 0
31130 0
31140 0
31150 0
31160 0
31170 0
31180 0
31190 0
31200 0
31210 0
31220 0
31230 0
31240 0
31250 0
31260 0
31270 0
31280 0
31290 0
31300 0
31310 0
31320 0
31330 0
31340 0
31350 0
31360 0
31370 0
31380 0
31390 0
31400 0
31410 0
31420 0
31430 0
31440 0
31450 0
31460 0
31470 0
31480 0
31490 0
31500 0
31510 0
31520 0
31530 0
31540 0
31550 0
31560 0
31570 0
31580 0
31590 0
31600 0
31610 0
31620 0
31630 0
31640 0
31650 0
31660 0
31670 0
31680 0
31690 0
31700 0
31710 0
31720 0
31730 0
31740 0
31750 0
31760 0
31770 0
31780 0
31790 0
31800 0
31810 0
31820 0
31830 0
31840 0
31850 0
31860 0
31870 0
31880 0
31890 0
31900 0
31910 0
31920 0
31930 0
31940 0
31950 0
31960 0
31970 0
31980 0
31990 0
32000 0
32010 0
32020 0
32030 0
32040 0
32050 0
32060 0
32070 0
32080 0
32090 0
32100 0
32110 0
32120 0
32130 0
32140 0
32150 0
32160 0
32170 0
32180 0
32190 0
32200 0
32210 0
32220 0
32230 0
32240 0
32250 0
32260 0
32270 0
32280 0
32290 0
32300 0
32310 0
32320 0
32330 0
32340 0
32350 0
32360 0
32370 0
32380 0
32390 0
32400 0
32410 0
32420 0
32430 0
32440 0
32450 0
32460 0
32470 0
32480 0
32490 0
32500 0
32510 0
32520 0
32530 0
32540 0
32550 0
32560 0
32570 0
32580 0
32590 0
32600 0
32610 0
32620 0
32630 0
32640 0
32650 0
32660 0
32670 0
32680 0
32690 0
32700 0
32710 0
32720 0
32730 0
32740 0
32750 0
32760 0
32770 0
32780 0
32790 0
32800 0
32810 0
32820 0
32830 0
32840 0
32850 0
32860 0
32870 0
32880 0
32890 0
32900 0
32910 0
32920 0
32930 0
32940 0
32950 0
32960 0
32970 0
32980 0
32990 0
33000 0
33010 0
33020 0
33030 0
33040 0
33050 0
33060 0
33070 0
33080 0
33090 0
33100 0
33110 0
33120 0
33130 0
33140 0
33150 0
33160 0
33170 0
33180 0
33190 0
33200 0
33210 0
33220 0
33230 0
33240 0
33250 0
33260 0
33270 0
33280 0
33290 0
33300 0
33310 0
33320 0
33330 0
33340 0
33350 0
33360 0
33370 0
33380 0
33390 0
33400 0
33410 0
33420 0
33430 0
33440 0
33450 0
33460 0
33470 0
33480 0
33490 0
33500 0
33510 0
33520 0
33530 0
33540 0
33550 0
33560 0
33570 0
33580 0
33590 0
33600 0
33610 0
33620 0
33630 0
33640 0
33650 0
33660 0
33670 0
33680 0
33690 0
33700 0
33710 0
33720 0
33730 0
33740 0
33750 0
33760 0
33770 0
33780 0
33790 0
33800 0
33810 0
33820 0
33830 0
33840 0
33850 0
33860 0
33870 0
33880 0
33890 0
33900 0
33910 0
33920 0
33930 0
33940 0
33950 0
33960 0
33970 0
33980 0
33990 0
34000 0
34010 0
34020 0
34030 0
34040 0
34050 0
34060 0
34070 0
34080 0
34090 0
34100 0
34110 0
34120 0
34130 0
34140 0
34150 0
34160 0
34170 0
34180 0
34190 0
34200 0
34210 0
34220 0
34230 0
34240 0
34250 0
34260 0
34270 0
34280 0
34290 0
34300 0
34310 0
34320 0
34330 0
34340 0
34350 0
34360 0
34370 0
34380 0
34390 0
34400 0
34410 0
34420 0
34430 0
34440 0
34450 0
34460 0
34470 0
34480 0
34490 0
34500 0
34510 0
34520 0
34530 0
34540 0
34550 0
34560 0
34570 0
34580 0
34590 0
34600 0
34610 0
34620 0
34630 0
34640 0
34650 0
34660 0
34670 0
34680 0
34690 0
34700 0
34710 0
34720 0
34730 0
34740 0
34750 0
34760 0
34770 0
34780 0
34790 0
34800 0
34810 0
34820 0
34830 0
34840 0
34850 0
34860 0
34870 0
34880 0
34890 0
34900 0
34910 0
34920 0
34930 0
34940 0
34950 0
34960 0
34970 0
34980 0
34990 0
35000 0
35010 0
35020 0
35030 0
35040 0
35050 0
35060 0
35070 0
35080 0
35090 0
35100 0
35110 0
35120 0
35130 0
35140 0
35150 0
35160 0
35170 0
35180 0
35190 0
35200 0
35210 0
35220 0
35230 0
35240 0
35250 0
35260 0
35270 0
35280 0
35290 0
35300 0
35310 0
35320 0
35330 0
35340 0
35350 0
35360 0
35370 0
35380 0
35390 0
35400 0
35410 0
35420 0
35430 0
35440 0
35450 0
35460 0
35470 0
35480 0
35490 0
35500 0
35510 0
35520 0
35530 0
35540 0
35550 0
35560 0
35570 0
35580 0
35590 0
35600 0
35610 0
35620 0
35630 0
35640 0
35650 0
35660 0
35670 0
35680 0
35690 0
35700 0
35710 0
35720 0
35730 0
35740 0
35750 0
35760 0
35770 0
35780 0
35790 0
35800 0
35810 0
35820 0
35830 0
35840 0
35850 0
35860 0
35870 0
35880 0
35890 0
35900 0
35910 0
35920 0
35930 0
35940 0
35950 0
35960 0
35970 0
35980 0
35990 0
36000 0
36010 0
36020 0
36030 0
36040 0
36050 0
36060 0
36070 0
36080 0
36090 0
36100 0
36110 0
36120 0
36130 0
36140 0
36150 0
36160 0
36170 0
36180 0
36190 0
36200 0
36210 0
36220 0
36230 0
36240 0
36250 0
36260 0
36270 0
36280 0
36290 0
36300 0
36310 0
36320 0
36330 0
36340 0
36350 0
36360 0
36370 0
36380 0
36390 0
36400 0
36410 0
36420 0
36430 0
36440 0
36450 0
36460 0
36470 0
36480 0
36490 0
36500 0
36510 0
36520 0
36530 0
36540 0
36550 0
36560 0
36570 0
36580 0
36590 0
36600 0
36610 0
36620 0
36630 0
36640 0
36650 0
36660 0
36670 0
36680 0
36690 0
36700 0
36710 0
36720 0
36730 0
36740 0
36750 0
36760 0
36770 0
36780 0
36790 0
36800 0
36810 0
36820 0
36830 0
36840 0
36850 0
36860 0
36870 0
36880 0
36890 0
36900 0
36910 0
36920 0
36930 0
36940 0
36950 0
36960 0
36970 0
36980 0
36990 0
37000 0
37010 0
37020 0
37030 0
37040 0
37050 0
37060 0
37070 0
37080 0
37090 0
37100 0
37110 0
37120 0
37130 0
37140 0
37150 0
37160 0
37170 0
37180 0
37190 0
37200 0
37210 0
37220 0
37230 0
37240 0
37250 0
37260 0
37270 0
37280 0
37290 0
37300 0
37310 0
37320 0
37330 0
37340 0
37350 0
37360 0
37370 0
37380 0
37390 0
37400 0
37410 0
37420 0
37430 0
37440 0
37450 0
37460 0
37470 0
37480 0
37490 0
37500 0
37510 0
37520 0
37530 0
37540 0
37550 0
37560 0
37570 0
37580 0
37590 0
37600 0
37610 0
37620 0
37630 0
37640 0
37650 0
37660 0
37670 0
37680 0
37690 0
37700 0
37710 0
37720 0
37730 0
37740 0
37750 0
37760 0
37770 0
37780 0
37790 0
37800 0
37810 0
37820 0
37830 0
37840 0
37850 0
37860 0
37870 0
37880 0
37890 0
37900 0
37910 0
37920 0
37930 0
37940 0
37950 0
37960 0
37970 0
37980 0
37990 0
38000 0
38010 0
38020 0
38030 0
38040 0
38050 0
38060 0
38070 0
38080 0
38090 0
38100 0
38110 0
38120 0
38130 0
38140 0
38150 0
38160 0
38170 0
38180 0
38190 0
38200 0
38210 0
38220 0
38230 0
38240 0
38250 0
38260 0
38270 0
38280 0
38290 0
38300 0
38310 0
38320 0
38330 0
38340 0
38350 0
38360 0
38370 0
38380 0
38390 0
38400 0
38410 0
38420 0
38430 0
38440 0
38450 0
38460 0
38470 0
38480 0
38490 0
38500 0
38510 0
38520 0
38530 0
38540 0
38550 0
38560 0
38570 0
38580 0
38590 0
38600 0
38610 0
38620 0
38630 0
38640 0
38650 0
38660 0
38670 0
38680 0
38690 0
38700 0
38710 0
38720 0
38730 0
38740 0
38750 0
38760 0
38770 0
38780 0
38790 0
38800 0
38810 0
38820 0
38830 0
38840 0
38850 0
38860 0
38870 0
38880 0
38890 0
38900 0
38910 0
38920 0
38930 0
38940 0
38950 0
38960 0
38970 0
38980 0
38990 0
39000 0
39010 0
39020 0
39030 0
39040 0
39050 0
39060 0
39070 0
39080 0
39090 0
39100 0
39110 0
39120 0
39130 0
39140 0
39150 0
39160 0
39170 0
39180 0
39190 0
39200 0
39210 0
39220 0
39230 0
39240 0
39250 0
39260 0
39270 0
39280 0
39290 0
39300 0
39310 0
39320 0
39330 0
39340 0
39350 0
39360 0
39370 0
39380 0
39390 0
39400 0
39410 0
39420 0
39430 0
39440 0
39450 0
39460 0
39470 0
39480 0
39490 0
39500 0
39510 0
39520 0
39530 0
39540 0
39550 0
39560 0
39570 0
39580 0
39590 0
39600 0
39610 0
39620 0
39630 0
39640 0
39650 0
39660 0
39670 0
39680 0
39690 0
39700 0
39710 0
39720 0
39730 0
39740 0
39750 0
39760 0
39770 0
39780 0
39790 0
39800 0
39810 0
39820 0
39830 0
39840 0
39850 0
39860 0
39870 0
39880 0
39890 0
39900 0
39910 0
39920 0
39930 0
39940 0
39950 0
39960 0
39970 0
39980 0
39990 0
40000 0
40010 0
40020 0
40030 0
40040 0
40050 0
40060 0
40070 0
40080 0
40090 0
40100 0
40110 0
40120 0
40130 0
40140 0
40150 0
40160 0
40170 0
40180 0
40190 0
40200 0
40210 0
40220 0
40230 0
40240 0
40250 0
40260 0
40270 0
40280 0
40290 0
40300 0
40310 0
40320 0
40330 0
40340 0
40350 0
40360 0
40370 0
40380 0
40390 0
40400 0
40410 0
40420 0
40430 0
40440 0
40450 0
40460 0
40470 0
40480 0
40490 0
40500 0
40510 0
40520 0
40530 0
40540 0
40550 0
40560 0
40570 0
40580 0
40590 0
40600 0
40610 0
40620 0
40630 0
40640 0
40650 0
40660 0
40670 0
40680 0
40690 0
40700 0
40710 0
40720 0
40730 0
40740 0
40750 0
40760 0
40770 0
40780 0
40790 0
40800 0
40810 0
40820 0
40830 0
40840 0
40850 0
40860 0
40870 0
40880 0
40890 0
40900 0
40910 0
40920 0
40930 0
40940 0
40950 0
40960 0
40970 0
40980 0
40990 0
41000 0
41010 0
41020 0
41030 0
41040 0
41050 0
41060 0
41070 0
41080 0
41090 0
41100 0
41110 0
41120 0
41130 0
41140 0
41150 0
41160 0
41170 0
41180 0
41190 0
41200 0
41210 0
41220 0
41230 0
41240 0
41250 0
41260 0
41270 0
41280 0
41290 0
41300 0
41310 0
41320 0
41330 0
41340 0
41350 0
41360 0
41370 0
41380 0
41390 0
41400 0
41410 0
41420 0
41430 0
41440 0
41450 0
41460 0
41470 0
41480 2
41490 0
41500 0
41510 0
41520 0
41530 0
41540 0
41550 0
41560 0
41570 0
41580 0
41590 0
41600 0
41610 0
41620 0
41630 0
41640 0
41650 0
41660 0
41670 0
41680 0
41690 0
41700 0
41710 0
41720 0
41730 0
41740 0
41750 0
41760 0
41770 0
41780 0
41790 0
41800 0
41810 0
41820 0
41830 0
41840 0
41850 0
41860 0
41870 0
41880 0
41890 0
41900 0
41910 0
41920 0
41930 0
41940 0
41950 0
41960 0
41970 0
41980 0
41990 0
42000 0
42010 0
42020 0
42030 0
42040 0
42050 0
42060 0
42070 0
42080 0
42090 0
42100 0
42110 0
42120 0
42130 0
42140 0
42150 0
42160 0
42170 0
42180 0
42190 1
42200 0
42210 0
42220 0
42230 0
42240 0
42250 0
42260 5
42270 3
42280 2
42290 3
42300 6
42310 3
42320 3
42330 0
42340 2
42350 0
42360 0
42370 0
42380 0
42390 0
42400 0
42410 0
42420 0
42430 0
42440 0
42450 0
42460 0
42470 0
42480 0
42490 0
42500 0
42510 0
42520 0
42530 0
42540 0
42550 0
42560 0
42570 0
42580 0
42590 0
42600 0
42610 0
42620 0
42630 0
42640 0
42650 0
42660 0
42670 0
42680 0
42690 0
42700 0
42710 0
42720 0
42730 0
42740 0
42750 0
42760 0
42770 0
42780 0
42790 0
42800 0
42810 0
42820 0
42830 0
42840 0
42850 0
42860 0
42870 0
42880 0
42890 0
42900 0
42910 0
42920 0
42930 0
42940 0
42950 0
42960 0
42970 0
42980 0
42990 0
43000 0
43010 0
43020 0
43030 0
43040 0
43050 0
43060 0
43070 0
43080 0
43090 0
43100 0
43110 0
43120 0
43130 0
43140 0
43150 0
43160 0
43170 0
43180 0
43190 0
43200 0
43210 0
43220 0
43230 0
43240 0
43250 0
43260 0
43270 0
43280 0
43290 0
43300 0
43310 0
43320 0
43330 0
43340 0
43350 0
43360 0
43370 0
43380 0
43390 0
43400 0
43410 0
43420 0
43430 0
43440 0
43450 0
43460 0
43470 0
43480 0
43490 0
43500 0
43510 0
43520 0
43530 0
43540 0
43550 0
43560 0
43570 0
43580 0
43590 0
43600 0
43610 0
43620 0
43630 0
43640 0
43650 0
43660 0
43670 0
43680 0
43690 0
43700 0
43710 0
43720 0
43730 0
43740 0
43750 0
43760 0
43770 0
43780 0
43790 0
43800 0
43810 0
43820 0
43830 0
43840 0
43850 0
43860 0
43870 0
43880 0
43890 0
43900 0
43910 0
43920 0
43930 0
43940 0
43950 0
43960 0
43970 0
43980 0
43990 0
44000 0
44010 0
44020 0
44030 0
44040 0
44050 0
44060 0
44070 0
44080 0
44090 0
44100 0
44110 0
44120 0
44130 0
44140 0
44150 0
44160 0
44170 0
44180 0
44190 0
44200 0
44210 0
44220 0
44230 0
44240 0
44250 0
44260 0
44270 0
44280 0
44290 0
44300 0
44310 0
44320 0
44330 0
44340 0
44350 0
44360 0
44370 0
44380 0
44390 0
44400 0
44410 0
44420 0
44430 0
44440 0
44450 0
44460 0
44470 0
44480 0
44490 0
44500 0
44510 0
44520 0
44530 0
44540 0
44550 0
44560 0
44570 0
44580 0
44590 0
44600 0
44610 0
44620 0
44630 0
44640 0
44650 0
44660 0
44670 0
44680 0
44690 0
44700 0
44710 0
44720 0
44730 0
44740 0
44750 0
44760 0
44770 0
44780 0
44790 0
44800 0
44810 0
44820 0
44830 0
44840 0
44850 0
44860 0
44870 0
44880 0
44890 0
44900 0
44910 0
44920 0
44930 0
44940 0
44950 0
44960 0
44970 0
44980 0
44990 0
45000 0
45010 0
45020 0
45030 0
45040 0
45050 0
45060 0
45070 0
45080 0
45090 0
45100 0
45110 0
45120 0
45130 0
45140 0
45150 0
45160 0
45170 0
45180 0
45190 0
45200 0
45210 0
45220 0
45230 0
45240 0
45250 0
45260 0
45270 0
45280 0
45290 0
45300 0
45310 0
45320 0
45330 0
45340 0
45350 0
45360 0
45370 0
45380 0
45390 0
45400 0
45410 0
45420 0
45430 0
45440 0
45450 0
45460 0
45470 0
45480 0
45490 0
45500 0
45510 0
45520 0
45530 0
45540 0
45550 0
45560 0
45570 0
45580 0
45590 0
45600 0
45610 0
45620 0
45630 0
45640 0
45650 0
45660 0
45670 0
45680 0
45690 0
45700 0
45710 0
45720 0
45730 0
45740 0
45750 0
45760 0
45770 0
45780 0
45790 0
45800 0
45810 0
45820 0
45830 0
45840 0
45850 0
45860 0
45870 0
45880 0
45890 0
45900 0
45910 0
45920 0
45930 0
45940 0
45950 0
45960 0
45970 0
45980 0
45990 0
46000 0
46010 0
46020 0
46030 0
46040 0
46050 0
46060 0
46070 0
46080 0
46090 0
46100 0
46110 0
46120 0
46130 0
46140 0
46150 0
46160 0
46170 0
46180 0
46190 0
46200 0
46210 0
46220 0
46230 0
46240 0
46250 0
46260 0
46270 0
46280 0
46290 0
46300 0
46310 0
46320 0
46330 0
46340 0
46350 0
46360 0
46370 0
46380 0
46390 0
46400 0
46410 0
46420 0
46430 0
46440 0
46450 0
46460 0
46470 0
46480 0
46490 0
46500 0
46510 0
46520 0
46530 0
46540 0
46550 0
46560 0
46570 0
46580 0
46590 0
46600 0
46610 0
46620 0
46630 0
46640 0
46650 0
46660 0
46670 0
46680 0
46690 0
46700 0
46710 0
46720 0
46730 0
46740 0
46750 0
46760 0
46770 0
46780 0
46790 0
46800 0
46810 0
46820 0
46830 0
46840 0
46850 0
46860 0
46870 0
46880 0
46890 0
46900 0
46910 0
46920 0
46930 0
46940 0
46950 0
46960 0
46970 0
46980 0
46990 0
47000 0
47010 0
47020 0
47030 0
47040 0
47050 0
47060 0
47070 0
47080 0
47090 0
47100 0
47110 0
47120 0
47130 0
47140 0
47150 0
47160 0
47170 0
47180 0
47190 0
47200 0
47210 0
47220 0
47230 0
47240 0
47250 0
47260 0
47270 0
47280 0
47290 0
47300 0
47310 0
47320 0
47330 0
47340 0
47350 0
47360 0
47370 0
47380 0
47390 0
47400 0
47410 0
47420 0
47430 0
47440 0
47450 0
47460 0
47470 0
47480 0
47490 0
47500 0
47510 0
47520 0
47530 0
47540 0
47550 0
47560 0
47570 0
47580 0
47590 0
47600 0
47610 0
47620 0
47630 0
47640 0
47650 0
47660 0
47670 0
47680 0
47690 0
47700 0
47710 0
47720 0
47730 0
47740 0
47750 0
47760 0
47770 0
47780 0
47790 0
47800 0
47810 0
47820 0
47830 0
47840 0
47850 0
47860 0
47870 0
47880 0
47890 0
47900 0
47910 0
47920 0
47930 0
47940 0
47950 0
47960 0
47970 0
47980 0
47990 0
48000 0
48010 0
48020 0
48030 0
48040 0
48050 0
48060 0
48070 0
48080 0
48090 0
48100 0
48110 0
48120 0
48130 0
48140 0
48150 0
48160 0
48170 0
48180 0
48190 0
48200 0
48210 0
48220 0
48230 0
48240 0
48250 0
48260 0
48270 0
48280 0
48290 0
48300 0
48310 0
48320 0
48330 0
48340 0
48350 0
48360 0
48370 0
48380 0
48390 0
48400 0
48410 0
48420 0
48430 0
48440 0
48450 0
48460 0
48470 0
48480 0
48490 0
48500 0
48510 0
48520 0
48530 0
48540 0
48550 0
48560 0
48570 0
48580 0
48590 0
48600 0
48610 0
48620 0
48630 0
48640 0
48650 0
48660 0
48670 0
48680 0
48690 0
48700 0
48710 0
48720 0
48730 0
48740 0
48750 0
48760 0
48770 0
48780 0
48790 0
48800 0
48810 0
48820 0
48830 0
48840 0
48850 0
48860 0
48870 0
48880 0
48890 0
48900 0
48910 0
48920 0
48930 0
48940 0
48950 0
48960 0
48970 0
48980 0
48990 0
49000 0
49010 0
49020 0
49030 0
49040 0
49050 0
49060 0
49070 0
49080 0
49090 0
49100 0
49110 0
49120 0
49130 0
49140 0
49150 0
49160 0
49170 0
49180 0
49190 0
49200 0
49210 0
49220 0
49230 0
49240 0
49250 0
49260 0
49270 0
49280 0
49290 0
49300 0
49310 0
49320 0
49330 0
49340 0
49350 0
49360 0
49370 0
49380 0
49390 0
49400 0
49410 0
49420 0
49430 0
49440 0
49450 0
49460 0
49470 0
49480 0
49490 0
49500 0
49510 0
49520 0
49530 0
49540 0
49550 0
49560 0
49570 0
49580 0
49590 0
49600 0
49610 0
49620 0
49630 0
49640 0
49650 0
49660 0
49670 0
49680 0
49690 0
49700 0
49710 0
49720 0
49730 0
49740 0
49750 0
49760 0
49770 0
49780 0
49790 0
49800 0
49810 0
49820 0
49830 0
49840 0
49850 0
49860 0
49870 0
49880 0
49890 0
49900 0
49910 0
49920 0
49930 0
49940 0
49950 0
49960 0
49970 0
49980 0
49990 0
50000 0
50010 0
50020 0
50030 0
50040 0
50050 0
50060 0
50070 0
50080 0
50090 0
50100 0
50110 0
50120 0
50130 0
50140 0
50150 0
50160 0
50170 0
50180 3
50190 0
50200 2
50210 4
50220 0
50230 0
50240 3
50250 4
50260 5
50270 4
50280 4
50290 0
50300 0
50310 0
50320 2
50330 2
50340 3
50350 0
50360 2
50370 3
50380 6
50390 2
50400 3
50410 6
50420 6
50430 3
50440 3
50450 2
50460 2
50470 3
50480 6
50490 2
50500 2
50510 1
50520 1
50530 2
50540 1
50550 1
50560 2
50570 2
50580 2
50590 3
50600 0
50610 3
50620 0
50630 0
50640 0
50650 0
50660 0
50670 0
50680 0
50690 0
50700 0
50710 0
50720 0
50730 0
50740 0
50750 0
50760 3
50770 0
50780 0
50790 0
50800 0
50810 0
50820 0
50830 0
50840 0
50850 0
50860 0
50870 0
50880 0
50890 0
50900 0
50910 0
50920 0
50930 0
50940 0
50950 0
50960 0
50970 0
50980 0
50990 0
51000 0
51010 0
51020 0
51030 0
51040 0
51050 0
51060 0
51070 0
51080 1
51090 5
51100 1
51110 0
51120 0
51130 0
51140 0
51150 0
51160 5
51170 2
51180 3
51190 3
51200 0
51210 1
51220 0
51230 0
51240 1
51250 1
51260 4
51270 1
51280 2
51290 3
51300 2
51310 3
51320 4
51330 6
51340 3
51350 0
51360 0
51370 0
51380 0
51390 0
51400 0
51410 0
51420 0
51430 0
51440 0
51450 0
51460 0
51470 0
51480 0
51490 0
51500 0
51510 0
51520 0
51530 0
51540 0
51550 0
51560 0
51570 0
51580 0
51590 0
51600 0
51610 0
51620 0
51630 0
51640 0
51650 0
51660 0
51670 0
51680 0
51690 0
51700 0
51710 0
51720 0
51730 0
51740 0
51750 0
51760 0
51770 0
51780 0
51790 0
51800 0
51810 0
51820 0
51830 0
51840 0
51850 0
51860 0
51870 0
51880 0
51890 0
51900 0
51910 0
51920 0
51930 0
51940 0
51950 0
51960 0
51970 0
51980 0
51990 0
52000 0
52010 0
52020 0
52030 0
52040 0
52050 0
52060 0
52070 0
52080 0
52090 0
52100 0
52110 0
52120 0
52130 0
52140 0
52150 0
52160 0
52170 0
52180 0
52190 0
52200 0
52210 0
52220 0
52230 0
52240 0
52250 0
52260 0
52270 0
52280 0
52290 0
52300 0
52310 0
52320 0
52330 0
52340 0
52350 0
52360 0
52370 0
52380 0
52390 0
52400 0
52410 1
52420 1
52430 2
52440 1
52450 1
52460 0
52470 2
52480 0
52490 1
52500 0
52510 0
52520 0
52530 0
52540 1
52550 1
52560 1
52570 0
52580 0
52590 0
52600 0
52610 0
52620 0
52630 0
52640 0
52650 0
52660 0
52670 0
52680 0
52690 0
52700 0
52710 0
52720 0
52730 0
52740 0
52750 0
52760 0
52770 0
52780 0
52790 0
52800 0
52810 0
52820 0
52830 0
52840 0
52850 0
52860 0
52870 0
52880 0
52890 0
52900 0
52910 0
52920 0
52930 0
52940 0
52950 0
52960 0
52970 0
52980 0
52990 0
53000 0
53010 0
53020 0
53030 0
53040 0
53050 0
53060 0
53070 0
53080 0
53090 0
53100 0
53110 0
53120 0
53130 0
53140 0
53150 0
53160 0
53170 0
53180 0
53190 0
53200 0
53210 0
53220 0
53230 0
53240 0
53250 0
53260 1
53270 0
53280 2
53290 2
53300 1
53310 1
53320 0
53330 1
53340 1
53350 0
53360 1
53370 1
53380 2
53390 2
53400 1
53410 1
53420 0
53430 2
53440 2
53450 1
53460 1
53470 1
53480 2
53490 3
53500 2
53510 4
53520 0
53530 0
53540 2
53550 1
53560 3
53570 1
53580 0
53590 3
53600 1
53610 1
53620 2
53630 2
53640 2
53650 2
53660 1
53670 2
53680 0
53690 0
53700 2
53710 0
53720 2
53730 3
53740 1
53750 2
53760 2
53770 2
53780 1
53790 1
53800 1
53810 0
53820 0
53830 0
53840 0
53850 0
53860 0
53870 0
53880 1
53890 0
53900 0
53910 0
53920 0
53930 0
53940 0
53950 0
53960 0
53970 0
53980 0
53990 1
54000 0
54010 0
54020 0
54030 0
54040 0
54050 0
54060 0
54070 0
54080 0
54090 0
54100 0
54110 0
54120 0
54130 0
54140 0
54150 0
54160 0
54170 0
54180 0
54190 0
54200 0
54210 0
54220 0
54230 0
54240 0
54250 0
54260 0
54270 0
54280 0
54290 0
54300 0
54310 0
54320 0
54330 0
54340 0
54350 0
54360 0
54370 0
54380 0
54390 0
54400 0
54410 0
54420 0
54430 0
54440 0
54450 0
54460 0
54470 0
54480 0
54490 0
54500 0
54510 0
54520 0
54530 0
54540 0
54550 0
54560 0
54570 0
54580 0
54590 0
54600 0
54610 0
54620 0
54630 0
54640 0
54650 0
54660 0
54670 0
54680 0
54690 0
54700 0
54710 0
54720 0
54730 0
54740 0
54750 0
54760 3
54770 1
54780 2
54790 0
54800 1
54810 2
54820 6
54830 9
54840 4
54850 3
54860 6
54870 9
54880 0
54890 0
54900 2
54910 9
54920 1
54930 7
54940 1
54950 1
54960 0
54970 2
54980 0
54990 1
55000 2
55010 1
55020 0
55030 13
55040 5
55050 1
55060 1
55070 5
55080 7
55090 0
55100 4
55110 11
55120 6
55130 0
55140 6
55150 3
55160 0
55170 0
55180 5
55190 5
55200 11
55210 3
55220 3
55230 4
55240 3
55250 3
55260 2
55270 2
55280 3
55290 0
55300 3
55310 3
55320 1
55330 0
55340 0
55350 0
55360 1
55370 3
55380 5
55390 4
55400 3
55410 2
55420 1
55430 2
55440 2
55450 0
55460 0
55470 2
55480 3
55490 3
55500 2
55510 1
55520 2
55530 0
55540 1
55550 1
55560 1
55570 0
55580 1
55590 1
55600 1
55610 2
55620 1
55630 1
55640 2
55650 1
55660 0
55670 0
55680 6
55690 6
55700 3
55710 6
55720 2
55730 7
55740 6
55750 2
55760 2
55770 7
55780 4
55790 6
55800 1
55810 4
55820 7
55830 6
55840 2
55850 3
55860 3
55870 7
55880 4
55890 8
55900 5
55910 4
55920 3
55930 6
55940 1
55950 1
55960 3
55970 3
55980 3
55990 4
56000 2
56010 0
56020 6
56030 5
56040 6
56050 5
56060 6
56070 7
56080 5
56090 7
56100 4
56110 6
56120 5
56130 6
56140 7
56150 0
56160 2
56170 2
56180 4
56190 2
56200 2
56210 6
56220 4
56230 2
56240 1
56250 6
56260 0
56270 0
56280 7
56290 4
56300 5
56310 1
56320 9
56330 9
56340 11
56350 8
56360 2
56370 7
56380 3
56390 7
56400 5
56410 4
56420 3
56430 5
56440 2
56450 4
56460 4
56470 0
56480 3
56490 5
56500 0
56510 6
56520 0
56530 4
56540 4
56550 3
56560 6
56570 8
56580 3
56590 5
56600 7
56610 6
56620 1
56630 3
56640 0
56650 1
56660 1
56670 2
56680 0
56690 0
56700 0
56710 0
56720 2
56730 0
56740 0
56750 0
56760 0
56770 0
56780 4
56790 2
56800 5
56810 5
56820 5
56830 12
56840 8
56850 8
56860 9
56870 4
56880 7
56890 5
56900 4
56910 1
56920 3
56930 4
56940 2
56950 0
56960 0
56970 0
56980 0
56990 0
57000 1
57010 0
57020 0
57030 0
57040 0
57050 0
57060 0
57070 0
57080 0
57090 0
57100 0
57110 0
57120 0
57130 0
57140 0
57150 0
57160 1
57170 3
57180 0
57190 4
57200 4
57210 2
57220 16
57230 9
57240 8
57250 0
57260 5
57270 3
57280 1
57290 3
57300 1
57310 2
57320 0
57330 0
57340 0
57350 0
57360 0
57370 0
57380 1
57390 2
57400 3
57410 1
57420 4
57430 6
57440 4
57450 3
57460 2
57470 0
57480 0
57490 0
57500 0
57510 0
57520 0
57530 0
57540 0
57550 0
57560 0
57570 0
57580 0
57590 0
57600 0
57610 0
57620 0
57630 0
57640 0
57650 0
57660 0
57670 0
57680 2
57690 2
57700 5
57710 6
57720 9
57730 5
57740 5
57750 16
57760 23
57770 17
57780 3
57790 1
57800 3
57810 0
57820 0
57830 2
57840 4
57850 0
57860 4
57870 3
57880 2
57890 4
57900 10
57910 3
57920 0
57930 0
57940 0
57950 0
57960 0
57970 0
57980 0
57990 0
58000 0
58010 1
58020 1
58030 2
58040 10
58050 1
58060 5
58070 2
58080 0
58090 0
58100 0
58110 0
58120 1
58130 2
58140 3
58150 5
58160 2
58170 3
58180 6
58190 4
58200 5
58210 7
58220 7
58230 0
58240 1
58250 1
58260 0
58270 7
58280 3
58290 1
58300 7
58310 0
58320 0
58330 0
58340 1
58350 0
58360 0
58370 0
58380 1
58390 3
58400 0
58410 0
58420 0
58430 0
58440 0
58450 0
58460 0
58470 0
58480 0
58490 5
58500 0
58510 0
58520 0
58530 0
58540 1
58550 0
58560 0
58570 0
58580 0
58590 0
58600 0
58610 0
58620 0
58630 0
58640 0
58650 0
58660 0
58670 0
58680 0
58690 0
58700 0
58710 0
58720 0
58730 4
58740 0
58750 1
58760 0
58770 3
58780 7
58790 2
58800 4
58810 6
58820 2
58830 0
58840 0
58850 3
58860 0
58870 4
58880 4
58890 3
58900 4
58910 3
58920 8
58930 7
58940 3
58950 5
58960 3
58970 9
58980 3
58990 6
59000 8
59010 1
59020 0
59030 0
59040 0
59050 0
59060 0
59070 0
59080 1
59090 0
59100 0
59110 1
59120 0
59130 0
59140 0
59150 0
59160 0
59170 0
59180 0
59190 2
59200 0
59210 0
59220 2
59230 0
59240 6
59250 0
59260 7
59270 5
59280 3
59290 2
59300 0
59310 3
59320 0
59330 9
59340 5
59350 20
59360 20
59370 14
59380 8
59390 5
59400 5
59410 3
59420 2
59430 5
59440 5
59450 6
59460 7
59470 6
59480 3
59490 2
59500 13
59510 15
59520 11
59530 12
59540 6
59550 7
59560 11
59570 6
59580 7
59590 6
59600 7
59610 6
59620 8
59630 3
59640 5
59650 3
59660 4
59670 1
59680 1
59690 0
59700 0
59710 0
59720 0
59730 0
59740 0
59750 0
59760 0
59770 0
59780 0
59790 0
59800 0
59810 0
59820 0
59830 0
59840 0
59850 0
59860 0
59870 0
59880 0
59890 0
59900 0
59910 0
59920 6
59930 1
59940 1
59950 0
59960 2
59970 0
59980 0
59990 0
60000 0
60010 0
60020 0
60030 0
60040 2
60050 0
60060 3
60070 0
60080 3
60090 3
60100 0
60110 0
60120 0
60130 0
60140 0
60150 0
60160 0
60170 1
60180 0
60190 0
60200 0
60210 0
60220 0
60230 0
60240 0
60250 0
60260 0
60270 1
60280 1
60290 1
60300 0
60310 0
60320 0
60330 0
60340 0
60350 0
60360 0
60370 0
60380 0
60390 0
60400 0
60410 0
60420 0
60430 0
60440 0
60450 0
60460 1
60470 2
60480 2
60490 1
60500 0
60510 0
60520 1
60530 0
60540 0
60550 0
60560 0
60570 0
60580 0
60590 1
60600 4
60610 1
60620 1
60630 1
60640 0
60650 0
60660 0
60670 0
60680 0
60690 0
60700 0
60710 0
60720 0
60730 0
60740 1
60750 1
60760 0
60770 0
60780 3
60790 1
60800 1
60810 2
60820 7
60830 4
60840 2
60850 7
60860 3
60870 3
60880 2
60890 8
60900 1
60910 7
60920 3
60930 3
60940 4
60950 1
60960 6
60970 0
60980 0
60990 4
61000 3
61010 2
61020 2
61030 0
61040 3
61050 1
61060 3
61070 3
61080 3
61090 1
61100 1
61110 1
61120 2
61130 0
61140 2
61150 2
61160 2
61170 5
61180 4
61190 5
61200 5
61210 3
61220 1
61230 5
61240 1
61250 2
61260 1
61270 3
61280 5
61290 3
61300 3
61310 4
61320 4
61330 6
61340 2
61350 2
61360 3
61370 5
61380 5
61390 3
61400 2
61410 8
61420 1
61430 3
61440 3
61450 8
61460 2
61470 6
61480 4
61490 2
61500 3
61510 4
61520 0
61530 0
61540 4
61550 1
61560 1
61570 0
61580 2
61590 1
61600 4
61610 2
61620 0
61630 0
61640 0
61650 0
61660 0
61670 0
61680 4
61690 0
61700 0
61710 1
61720 4
61730 0
61740 4
61750 0
61760 3
61770 3
61780 5
61790 0
61800 4
61810 6
61820 14
61830 8
61840 2
61850 6
61860 5
61870 6
61880 4
61890 2
61900 8
61910 9
61920 0
61930 0
61940 2
61950 3
61960 3
61970 1
61980 4
61990 6
62000 3
62010 3
62020 4
62030 3
62040 0
62050 1
62060 3
62070 4
62080 3
62090 0
62100 0
62110 0
62120 0
62130 0
62140 0
62150 0
62160 0
62170 0
62180 0
62190 0
62200 0
62210 0
62220 0
62230 0
62240 0
62250 0
62260 0
62270 0
62280 0
62290 0
62300 1
62310 0
62320 0
62330 0
62340 0
62350 0
62360 0
62370 0
62380 0
62390 0
62400 0
62410 0
62420 0
62430 3
62440 0
62450 1
62460 0
62470 1
62480 0
62490 1
62500 0
62510 0
62520 1
62530 0
62540 0
62550 0
62560 0
62570 0
62580 1
62590 1
62600 0
62610 0
62620 0
62630 1
62640 0
62650 0
62660 0
62670 0
62680 0
62690 0
62700 0
62710 0
62720 0
62730 0
62740 0
62750 0
62760 0
62770 0
62780 0
62790 0
62800 0
62810 0
62820 0
62830 0
62840 0
62850 0
62860 0
62870 0
62880 0
62890 0
62900 0
62910 0
62920 1
62930 3
62940 0
62950 0
62960 0
62970 0
62980 0
62990 0
63000 2
63010 2
63020 0
63030 0
63040 1
63050 4
63060 3
63070 1
63080 0
63090 1
63100 1
63110 3
63120 2
63130 4
63140 2
63150 4
63160 4
63170 6
63180 4
63190 5
63200 4
63210 3
63220 4
63230 4
63240 3
63250 4
63260 2
63270 4
63280 5
63290 3
63300 3
63310 3
63320 5
63330 4
63340 3
63350 0
63360 1
63370 1
63380 2
63390 1
63400 1
63410 0
63420 4
63430 1
63440 2
63450 0
63460 3
63470 3
63480 2
63490 5
63500 3
63510 3
63520 3
63530 1
63540 2
63550 4
63560 4
63570 0
63580 1
63590 4
63600 4
63610 3
63620 3
63630 3
63640 2
63650 2
63660 3
63670 0
63680 1
63690 1
63700 0
63710 1
63720 2
63730 1
63740 2
63750 0
63760 1
63770 1
63780 1
63790 0
63800 0
63810 2
63820 0
63830 1
63840 1
63850 1
63860 1
63870 1
63880 3
63890 1
63900 2
63910 2
63920 2
63930 1
63940 6
63950 16
63960 13
63970 3
63980 4
63990 6
64000 5
64010 2
64020 1
64030 2
64040 2
64050 1
64060 2
64070 1
64080 1
64090 13
64100 10
64110 9
64120 2
64130 15
64140 5
64150 2
64160 3
64170 2
64180 2
64190 8
64200 2
64210 2
64220 0
64230 0
64240 3
64250 1
64260 0
64270 0
64280 0
64290 0
64300 0
64310 0
64320 0
64330 0
64340 0
64350 0
64360 1
64370 1
64380 7
64390 5
64400 3
64410 10
64420 13
64430 4
64440 2
64450 0
64460 0
64470 3
64480 10
64490 6
64500 8
64510 1
64520 12
64530 4
64540 4
64550 4
64560 5
64570 6
64580 8
64590 4
64600 16
64610 4
64620 8
64630 5
64640 7
64650 12
64660 2
64670 3
64680 7
64690 6
64700 2
64710 10
64720 7
64730 10
64740 7
64750 17
64760 14
64770 9
64780 10
64790 17
64800 10
64810 13
64820 6
64830 5
64840 5
64850 4
64860 1
64870 1
64880 4
64890 1
64900 1
64910 3
64920 1
64930 3
64940 2
64950 1
64960 5
64970 8
64980 2
64990 1
65000 13
65010 9
65020 9
65030 11
65040 5
65050 2
65060 0
65070 0
65080 2
65090 0
65100 0
65110 0
65120 2
65130 0
65140 0
65150 0
65160 2
65170 2
65180 4
65190 7
65200 4
65210 0
65220 3
65230 0
65240 0
65250 0
65260 8
65270 5
65280 7
65290 9
65300 8
65310 3
65320 6
65330 3
65340 6
65350 3
65360 2
65370 4
65380 5
65390 1
65400 0
65410 0
65420 0
65430 0
65440 0
65450 0
65460 0
65470 0
65480 0
65490 0
65500 2
65510 2
65520 0
65530 0
65540 3
65550 0
65560 0
65570 0
65580 4
65590 6
65600 2
65610 4
65620 4
65630 4
65640 3
65650 2
65660 3
65670 3
65680 3
65690 4
65700 1
65710 5
65720 2
65730 4
65740 3
65750 3
65760 4
65770 4
65780 2
65790 4
65800 4
65810 5
65820 5
65830 4
65840 4
65850 6
65860 4
65870 5
65880 2
65890 3
65900 4
65910 1
65920 1
65930 3
65940 3
65950 2
65960 5
65970 4
65980 4
65990 9
66000 6
66010 6
66020 4
66030 4
66040 5
66050 3
66060 4
66070 5
66080 5
66090 4
66100 4
66110 3
66120 7
66130 5
66140 4
66150 3
66160 4
66170 3
66180 5
66190 5
66200 5
66210 5
66220 5
66230 3
66240 4
66250 4
66260 3
66270 5
66280 5
66290 4
66300 5
66310 6
66320 5
66330 5
66340 5
66350 5
66360 3
66370 3
66380 5
66390 5
66400 4
66410 4
66420 3
66430 4
66440 5
66450 4
66460 4
66470 5
66480 6
66490 4
66500 1
66510 2
66520 7
66530 3
66540 1
66550 1
66560 5
66570 2
66580 8
66590 1
66600 10
66610 6
66620 9
66630 2
66640 1
66650 4
66660 4
66670 7
66680 3
66690 6
66700 5
66710 2
66720 7
66730 3
66740 5
66750 3
66760 7
66770 3
66780 4
66790 5
66800 3
66810 4
66820 4
66830 2
66840 3
66850 5
66860 3
66870 9
66880 3
66890 1
66900 7
66910 0
66920 3
66930 3
66940 1
66950 13
66960 7
66970 2
66980 7
66990 2
67000 4
67010 0
67020 7
67030 1
67040 4
67050 1
67060 3
67070 7
67080 9
67090 7
67100 7
67110 2
67120 3
67130 5
67140 8
67150 4
67160 9
67170 6
67180 9
67190 8
67200 3
67210 4
67220 9
67230 7
67240 5
67250 6
67260 0
67270 5
67280 8
67290 4
67300 7
67310 5
67320 7
67330 8
67340 5
67350 7
67360 1
67370 5
67380 3
67390 5
67400 0
67410 3
67420 2
67430 5
67440 5
67450 5
67460 4
67470 6
67480 4
67490 5
67500 4
67510 4
67520 4
67530 4
67540 4
67550 0
67560 3
67570 8
67580 5
67590 3
67600 7
67610 4
67620 6
67630 4
67640 6
67650 5
67660 4
67670 3
67680 7
67690 3
67700 3
67710 7
67720 3
67730 7
67740 4
67750 4
67760 3
67770 4
67780 5
67790 3
67800 1
67810 5
67820 3
67830 3
67840 4
67850 5
67860 10
67870 4
67880 5
67890 6
67900 8
67910 7
67920 5
67930 9
67940 8
67950 11
67960 10
67970 8
67980 5
67990 4
68000 2
68010 6
68020 5
68030 4
68040 5
68050 5
68060 5
68070 3
68080 5
68090 5
68100 0
68110 4
68120 6
68130 15
68140 10
68150 3
68160 4
68170 0
68180 4
68190 2
68200 0
68210 4
68220 2
68230 9
68240 9
68250 6
68260 11
68270 14
68280 11
68290 10
68300 9
68310 9
68320 13
68330 6
68340 9
68350 10
68360 9
68370 7
68380 8
68390 9
68400 3
68410 9
68420 7
68430 8
68440 8
68450 8
68460 7
68470 4
68480 10
68490 11
68500 9
68510 9
68520 12
68530 7
68540 9
68550 7
68560 12
68570 10
68580 9
68590 11
68600 7
68610 4
68620 10
68630 5
68640 8
68650 12
68660 10
68670 1
68680 12
68690 9
68700 5
68710 11
68720 7
68730 6
68740 5
68750 4
68760 6
68770 2
68780 5
68790 6
68800 12
68810 11
68820 9
68830 12
68840 12
68850 11
68860 4
68870 1
68880 3
68890 10
68900 9
68910 7
68920 7
68930 14
68940 4
68950 12
68960 10
68970 9
68980 3
68990 17
69000 16
69010 9
69020 9
69030 9
69040 13
69050 2
69060 2
69070 3
69080 0
69090 6
69100 5
69110 11
69120 5
69130 16
69140 5
69150 14
69160 20
69170 12
69180 16
69190 9
69200 5
69210 19
69220 9
69230 10
69240 10
69250 12
69260 8
69270 10
69280 9
69290 2
69300 8
69310 7
69320 9
69330 3
69340 1
69350 5
69360 6
69370 12
69380 3
69390 10
69400 8
69410 4
69420 5
69430 3
69440 8
69450 4
69460 6
69470 8
69480 3
69490 7
69500 1
69510 6
69520 6
69530 1
69540 7
69550 13
69560 15
69570 3
69580 6
69590 5
69600 10
69610 3
69620 7
69630 11
69640 5
69650 8
69660 10
69670 20
69680 6
69690 3
69700 2
69710 1
69720 6
69730 10
69740 8
69750 16
69760 21
69770 13
69780 5
69790 8
69800 12
69810 12
69820 5
69830 10
69840 7
69850 1
69860 7
69870 4
69880 12
69890 9
69900 3
69910 7
69920 4
69930 5
69940 4
69950 4
69960 6
69970 3
69980 2
69990 9
70000 4
70010 4
70020 7
70030 9
70040 8
70050 9
70060 4
70070 1
70080 2
70090 0
70100 5
70110 0
70120 2
70130 0
70140 0
70150 1
70160 4
70170 4
70180 14
70190 1
70200 4
70210 9
70220 12
70230 10
70240 9
70250 6
70260 10
70270 7
70280 15
70290 3
70300 10
70310 7
70320 8
70330 6
70340 2
70350 1
70360 5
70370 11
70380 8
70390 8
70400 8
70410 10
70420 7
70430 12
70440 8
70450 13
70460 15
70470 15
70480 16
70490 15
70500 9
70510 11
70520 16
70530 15
70540 16
70550 17
70560 24
70570 8
70580 4
70590 6
70600 6
70610 3
70620 6
70630 9
70640 14
70650 4
70660 6
70670 4
70680 8
70690 13
70700 8
70710 8
70720 11
70730 1
70740 1
70750 8
70760 3
70770 4
70780 5
70790 4
70800 8
70810 3
70820 3
70830 7
70840 11
70850 8
70860 8
70870 11
70880 6
70890 4
70900 2
70910 6
70920 5
70930 1
70940 2
70950 0
70960 1
70970 0
70980 1
70990 1
71000 6
71010 5
71020 2
71030 14
71040 12
71050 3
71060 0
71070 1
71080 5
71090 18
71100 17
71110 11
71120 15
71130 12
71140 17
71150 1
71160 1
71170 18
71180 8
71190 6
71200 0
71210 0
71220 4
71230 2
71240 1
71250 8
71260 14
71270 16
71280 3
71290 1
71300 1
71310 0
71320 1
71330 4
71340 1
71350 4
71360 2
71370 7
71380 0
71390 1
71400 12
71410 5
71420 4
71430 5
71440 1
71450 4
71460 17
71470 8
71480 15
71490 11
71500 12
71510 9
71520 14
71530 2
71540 1
71550 2
71560 3
71570 13
71580 13
71590 15
71600 15
71610 12
71620 6
71630 8
71640 18
71650 15
71660 9
71670 11
71680 10
71690 14
71700 15
71710 1
71720 12
71730 6
71740 16
71750 15
71760 18
71770 15
71780 13
71790 12
71800 11
71810 7
71820 14
71830 15
71840 13
71850 4
71860 15
71870 1
71880 6
71890 1
71900 5
71910 5
71920 6
71930 4
71940 4
71950 1
71960 6
71970 1
71980 1
71990 1
72000 1
72010 1
72020 1
72030 1
72040 1
72050 0
72060 0
72070 0
72080 0
72090 1
72100 7
72110 1
72120 5
72130 4
72140 8
72150 7
72160 9
72170 5
72180 3
72190 4
72200 10
72210 8
72220 11
72230 6
72240 4
72250 2
72260 3
72270 4
72280 11
72290 7
72300 4
72310 4
72320 3
72330 2
72340 7
72350 6
72360 4
72370 9
72380 6
72390 1
72400 0
72410 3
72420 1
72430 3
72440 1
72450 0
72460 1
72470 1
72480 0
72490 0
72500 0
72510 0
72520 0
72530 0
72540 0
72550 0
72560 0
72570 0
72580 0
72590 0
72600 0
72610 0
72620 0
72630 0
72640 0
72650 0
72660 0
72670 0
72680 0
72690 0
72700 0
72710 0
72720 0
72730 0
72740 0
72750 0
72760 0
72770 0
72780 0
72790 0
72800 0
72810 0
72820 0
72830 0
72840 0
72850 0
72860 0
72870 0
72880 0
72890 6
72900 9
72910 5
72920 0
72930 1
72940 3
72950 1
72960 4
72970 8
72980 2
72990 8
73000 3
73010 8
73020 12
73030 16
73040 9
73050 15
73060 8
73070 9
73080 8
73090 6
73100 7
73110 7
73120 1
73130 6
73140 5
73150 3
73160 6
73170 4
73180 0
73190 4
73200 2
73210 4
73220 5
73230 1
73240 1
73250 9
73260 9
73270 1
73280 3
73290 3
73300 7
73310 4
73320 0
73330 0
73340 5
73350 4
73360 4
73370 3
73380 0
73390 11
73400 11
73410 7
73420 2
73430 2
73440 2
73450 0
73460 0
73470 0
73480 0
73490 0
73500 0
73510 2
73520 3
73530 3
73540 3
73550 2
73560 4
73570 1
73580 6
73590 1
73600 4
73610 4
73620 8
73630 5
73640 5
73650 9
73660 6
73670 5
73680 5
73690 7
73700 12
73710 8
73720 9
73730 1
73740 6
73750 11
73760 3
73770 0
73780 7
73790 7
73800 3
73810 10
73820 6
73830 3
73840 2
73850 2
73860 0
73870 0
73880 3
73890 4
73900 7
73910 9
73920 5
73930 5
73940 0
73950 3
73960 6
73970 4
73980 6
73990 5
74000 5
74010 2
74020 6
74030 9
74040 4
74050 2
74060 5
74070 3
74080 7
74090 1
74100 2
74110 2
74120 3
74130 6
74140 5
74150 2
74160 3
74170 6
74180 5
74190 9
74200 3
74210 6
74220 7
74230 4
74240 11
74250 9
74260 6
74270 5
74280 1
74290 3
74300 5
74310 4
74320 7
74330 5
74340 6
74350 6
74360 4
74370 4
74380 3
74390 3
74400 4
74410 8
74420 8
74430 15
74440 6
74450 9
74460 11
74470 5
74480 9
74490 6
74500 9
74510 3
74520 14
74530 7
74540 7
74550 8
74560 3
74570 11
74580 15
74590 13
74600 10
74610 20
74620 17
74630 17
74640 18
74650 15
74660 10
74670 1
74680 18
74690 18
74700 9
74710 21
74720 15
74730 12
74740 6
74750 8
74760 9
74770 17
74780 18
74790 15
74800 7
74810 15
74820 13
74830 13
74840 12
74850 14
74860 18
74870 15
74880 15
74890 1
74900 2
74910 11
74920 16
74930 8
74940 14
74950 16
74960 19
74970 10
74980 19
74990 19
75000 13
75010 17
75020 19
75030 17
75040 22
75050 14
75060 11
75070 18
75080 16
75090 18
75100 21
75110 13
75120 19
75130 16
75140 5
75150 8
75160 11
75170 17
75180 7
75190 5
75200 7
75210 6
75220 13
75230 18
75240 12
75250 3
75260 19
75270 19
75280 7
75290 10
75300 16
75310 18
75320 15
75330 11
75340 17
75350 14
75360 12
75370 17
75380 15
75390 9
75400 16
75410 17
75420 15
75430 18
75440 17
75450 17
75460 13
75470 15
75480 18
75490 5
75500 18
75510 20
75520 17
75530 19
75540 4
75550 9
75560 11
75570 17
75580 14
75590 16
75600 14
75610 12
75620 21
75630 17
75640 18
75650 8
75660 15
75670 11
75680 13
75690 9
75700 15
75710 13
75720 3
75730 1
75740 8
75750 8
75760 13
75770 13
75780 9
75790 1
75800 3
75810 10
75820 8
75830 6
75840 13
75850 12
75860 17
75870 20
75880 13
75890 18
75900 23
75910 25
75920 23
75930 27
75940 26
75950 21
75960 21
75970 26
75980 28
75990 7
76000 0
76010 2
76020 12
76030 1
76040 5
76050 9
76060 20
76070 14
76080 8
76090 2
76100 2
76110 0
76120 0
76130 0
76140 0
76150 1
76160 2
76170 1
76180 1
76190 4
76200 11
76210 1
76220 9
76230 10
76240 0
76250 13
76260 6
76270 5
76280 9
76290 3
76300 13
76310 9
76320 13
76330 8
76340 11
76350 15
76360 9
76370 6
76380 18
76390 21
76400 9
76410 12
76420 16
76430 14
76440 23
76450 14
76460 11
76470 13
76480 16
76490 15
76500 16
76510 18
76520 16
76530 11
76540 16
76550 10
76560 11
76570 13
76580 12
76590 11
76600 19
76610 10
76620 12
76630 20
76640 21
76650 16
76660 11
76670 4
76680 2
76690 21
76700 14
76710 21
76720 9
76730 16
76740 13
76750 18
76760 16
76770 13
76780 13
76790 18
76800 20
76810 15
76820 9
76830 15
76840 17
76850 19
76860 16
76870 16
76880 14
76890 12
76900 20
76910 8
76920 19
76930 23
76940 15
76950 4
76960 16
76970 12
76980 11
76990 17
77000 15
77010 9
77020 18
77030 16
77040 3
77050 10
77060 15
77070 12
77080 8
77090 19
77100 14
77110 15
77120 1
77130 18
77140 8
77150 17
77160 17
77170 20
77180 19
77190 13
77200 18
77210 19
77220 14
77230 11
77240 13
77250 14
77260 16
77270 24
77280 12
77290 8
77300 12
77310 17
77320 24
77330 17
77340 17
77350 24
77360 18
77370 17
77380 23
77390 15
77400 20
77410 22
77420 14
77430 22
77440 13
77450 19
77460 19
77470 19
77480 21
77490 16
77500 20
77510 15
77520 18
77530 10
77540 19
77550 14
77560 17
77570 16
77580 14
77590 18
77600 14
77610 22
77620 16
77630 7
77640 19
77650 21
77660 17
77670 14
77680 9
77690 13
77700 17
77710 17
77720 13
77730 8
77740 16
77750 18
77760 19
77770 13
77780 15
77790 14
77800 7
77810 14
77820 15
77830 18
77840 14
77850 12
77860 18
77870 14
77880 13
77890 13
77900 26
77910 16
77920 15
77930 18
77940 19
77950 18
77960 16
77970 22
77980 17
77990 16
78000 13
78010 20
78020 22
78030 22
78040 19
78050 14
78060 20
78070 11
78080 16
78090 14
78100 7
78110 17
78120 3
78130 17
78140 11
78150 6
78160 9
78170 13
78180 8
78190 18
78200 17
78210 15
78220 15
78230 13
78240 18
78250 13
78260 14
78270 16
78280 24
78290 19
78300 19
78310 13
78320 15
78330 14
78340 19
78350 19
78360 21
78370 12
78380 11
78390 15
78400 15
78410 20
78420 9
78430 13
78440 15
78450 18
78460 14
78470 22
78480 22
78490 23
78500 16
78510 16
78520 16
78530 15
78540 10
78550 10
78560 14
78570 18
78580 11
78590 11
78600 7
78610 18
78620 19
78630 10
78640 16
78650 13
78660 9
78670 12
78680 11
78690 12
78700 14
78710 19
78720 16
78730 14
78740 6
78750 19
78760 7
78770 5
78780 10
78790 8
78800 12
78810 7
78820 10
78830 14
78840 18
78850 10
78860 14
78870 15
78880 6
78890 4
78900 4
78910 7
78920 3
78930 11
78940 5
78950 5
78960 6
78970 6
78980 4
78990 6
79000 10
79010 13
79020 16
79030 15
79040 16
79050 14
79060 9
79070 14
79080 14
79090 17
79100 7
79110 17
79120 8
79130 8
79140 24
79150 15
79160 15
79170 16
79180 19
79190 15
79200 14
79210 16
79220 16
79230 13
79240 10
79250 13
79260 7
79270 13
79280 8
79290 4
79300 7
79310 7
79320 11
79330 7
79340 9
79350 17
79360 9
79370 16
79380 9
79390 18
79400 15
79410 8
79420 17
79430 13
79440 4
79450 15
79460 10
79470 20
79480 17
79490 13
79500 16
79510 14
79520 7
79530 12
79540 15
79550 14
79560 13
79570 11
79580 20
79590 14
79600 7
79610 18
79620 20
79630 9
79640 11
79650 16
79660 11
79670 12
79680 21
79690 10
79700 15
79710 15
79720 12
79730 11
79740 3
79750 1
79760 4
79770 3
79780 2
79790 0
79800 1
79810 0
79820 1
79830 8
79840 7
79850 9
79860 4
79870 7
79880 6
79890 9
79900 3
79910 1
79920 3
79930 2
79940 6
79950 8
79960 5
79970 5
79980 4
79990 1
80000 2
80010 1
80020 9
80030 2
80040 1
80050 4
80060 2
80070 0
80080 2
80090 5
80100 8
80110 7
80120 7
80130 17
80140 11
80150 18
80160 3
80170 13
80180 18
80190 13
80200 10
80210 8
80220 8
80230 4
80240 6
80250 3
80260 14
80270 10
80280 4
80290 2
80300 8
80310 5
80320 5
80330 7
80340 7
80350 7
80360 6
80370 5
80380 4
80390 5
80400 5
80410 3
80420 4
80430 4
80440 1
80450 1
80460 1
80470 8
80480 1
80490 5
80500 2
80510 2
80520 2
80530 1
80540 0
80550 3
80560 12
80570 7
80580 9
80590 16
80600 9
80610 3
80620 14
80630 9
80640 14
80650 4
80660 9
80670 9
80680 9
80690 9
80700 7
80710 12
80720 8
80730 9
80740 5
80750 8
80760 6
80770 12
80780 8
80790 3
80800 2
80810 6
80820 1
80830 4
80840 1
80850 2
80860 0
80870 3
80880 3
80890 1
80900 9
80910 3
80920 1
80930 1
80940 1
80950 1
80960 1
80970 4
80980 5
80990 7
81000 6
81010 9
81020 9
81030 9
81040 7
81050 11
81060 10
81070 3
81080 6
81090 2
81100 0
81110 0
81120 7
81130 10
81140 3
81150 7
81160 3
81170 8
81180 6
81190 6
81200 8
81210 6
81220 2
81230 13
81240 11
81250 6
81260 10
81270 18
81280 17
81290 4
81300 4
81310 4
81320 1
81330 2
81340 3
81350 4
81360 7
81370 8
81380 3
81390 6
81400 1
81410 5
81420 3
81430 1
81440 6
81450 15
81460 9
81470 5
81480 3
81490 7
81500 8
81510 4
81520 5
81530 8
81540 4
81550 5
81560 1
81570 6
81580 4
81590 5
81600 2
81610 9
81620 2
81630 9
81640 4
81650 2
81660 6
81670 13
81680 2
81690 7
81700 8
81710 9
81720 1
81730 4
81740 10
81750 18
81760 10
81770 4
81780 1
81790 13
81800 14
81810 11
81820 4
81830 9
81840 2
81850 10
81860 12
81870 6
81880 8
81890 8
81900 7
81910 15
81920 10
81930 10
81940 7
81950 18
81960 9
81970 10
81980 7
81990 0
82000 3
82010 2
82020 7
82030 5
82040 7
82050 4
82060 0
82070 3
82080 3
82090 6
82100 4
82110 1
82120 1
82130 1
82140 0
82150 2
82160 7
82170 13
82180 6
82190 2
82200 6
82210 2
82220 7
82230 17
82240 11
82250 11
82260 8
82270 10
82280 12
82290 14
82300 6
82310 7
82320 6
82330 11
82340 11
82350 7
82360 7
82370 6
82380 2
82390 6
82400 2
82410 3
82420 7
82430 7
82440 13
82450 10
82460 8
82470 10
82480 6
82490 13
82500 9
82510 13
82520 8
82530 7
82540 11
82550 9
82560 4
82570 4
82580 7
82590 5
82600 5
82610 10
82620 2
82630 5
82640 4
82650 4
82660 7
82670 1
82680 0
82690 4
82700 10
82710 4
82720 9
82730 16
82740 13
82750 10
82760 8
82770 9
82780 11
82790 6
82800 9
82810 6
82820 7
82830 2
82840 4
82850 8
82860 4
82870 4
82880 10
82890 8
82900 2
82910 3
82920 3
82930 1
82940 1
82950 8
82960 3
82970 7
82980 3
82990 10
83000 6
83010 4
83020 18
83030 14
83040 11
83050 16
83060 16
83070 13
83080 13
83090 14
83100 15
83110 14
83120 15
83130 16
83140 14
83150 12
83160 17
83170 14
83180 15
83190 16
83200 16
83210 17
83220 14
83230 16
83240 14
83250 12
83260 16
83270 15
83280 7
83290 8
83300 17
83310 14
83320 14
83330 14
83340 12
83350 17
83360 16
83370 14
83380 15
83390 15
83400 16
83410 16
83420 15
83430 14
83440 13
83450 15
83460 12
83470 12
83480 12
83490 9
83500 13
83510 16
83520 8
83530 11
83540 10
83550 10
83560 12
83570 17
83580 10
83590 10
83600 7
83610 15
83620 13
83630 6
83640 7
83650 7
83660 12
83670 15
83680 7
83690 7
83700 6
83710 6
83720 10
83730 8
83740 5
83750 10
83760 13
83770 6
83780 14
83790 8
83800 10
83810 10
83820 6
83830 8
83840 10
83850 7
83860 14
83870 6
83880 4
83890 6
83900 7
83910 6
83920 9
83930 11
83940 6
83950 15
83960 6
83970 2
83980 14
83990 2
84000 8
84010 7
84020 5
84030 8
84040 7
84050 6
84060 13
84070 7
84080 13
84090 13
84100 6
84110 3
84120 5
84130 1
84140 4
84150 10
84160 11
84170 10
84180 7
84190 9
84200 8
84210 12
84220 4
84230 3
84240 8
84250 8
84260 9
84270 4
84280 9
84290 10
84300 12
84310 11
84320 12
84330 8
84340 6
84350 9
84360 7
84370 4
84380 7
84390 15
84400 3
84410 1
84420 0
84430 4
84440 5
84450 9
84460 6
84470 8
84480 12
84490 1
84500 3
84510 3
84520 11
84530 6
84540 7
84550 2
84560 10
84570 11
84580 3
84590 7
84600 4
84610 10
84620 9
84630 7
84640 6
84650 8
84660 1
84670 3
84680 7
84690 10
84700 9
84710 7
84720 9
84730 15
84740 14
84750 9
84760 6
84770 8
84780 10
84790 9
84800 7
84810 7
84820 4
84830 2
84840 6
84850 6
84860 6
84870 7
84880 7
84890 7
84900 8
84910 6
84920 7
84930 1
84940 7
84950 7
84960 3
84970 6
84980 8
84990 7
85000 6
85010 9
85020 1
85030 6
85040 5
85050 5
85060 2
85070 5
85080 3
85090 6
85100 7
85110 3
85120 1
85130 2
85140 2
85150 8
85160 3
85170 7
85180 6
85190 7
85200 1
85210 6
85220 8
85230 7
85240 13
85250 7
85260 8
85270 7
85280 9
85290 12
85300 12
85310 6
85320 7
85330 3
85340 10
85350 5
85360 14
85370 5
85380 10
85390 16
85400 14
85410 6
85420 12
85430 2
85440 10
85450 10
85460 14
85470 7
85480 7
85490 11
85500 7
85510 4
85520 3
85530 8
85540 9
85550 15
85560 11
85570 15
85580 19
85590 10
85600 12
85610 16
85620 10
85630 9
85640 12
85650 9
85660 13
85670 13
85680 13
85690 13
85700 8
85710 15
85720 16
85730 17
85740 14
85750 15
85760 14
85770 9
85780 17
85790 12
85800 6
85810 15
85820 6
85830 11
85840 11
85850 11
85860 12
85870 15
85880 4
85890 0
85900 1
85910 2
85920 12
85930 4
85940 5
85950 13
85960 12
85970 13
85980 18
85990 7
86000 11
86010 8
86020 16
86030 13
86040 12
86050 20
86060 14
86070 16
86080 18
86090 17
86100 19
86110 17
86120 16
86130 17
86140 18
86150 6
86160 5
86170 1
86180 6
86190 5
86200 8
86210 9
86220 6
86230 8
86240 10
86250 10
86260 9
86270 7
86280 9
86290 4
86300 2
86310 15
86320 7
86330 7
86340 0
86350 1
86360 0
86370 0
86380 4
86390 12
86400 17
86410 12
86420 13
86430 19
86440 9
86450 6
86460 18
86470 11
86480 1
86490 4
86500 8
86510 13
86520 10
86530 16
86540 12
86550 15
86560 13
86570 12
86580 12
86590 13
86600 12
86610 2
86620 16
86630 12
86640 10
86650 13
86660 16
86670 11
86680 12
86690 16
86700 12
86710 11
86720 11
86730 10
86740 12
86750 11
86760 16
86770 13
86780 11
86790 11
86800 17
86810 11
86820 6
86830 1
86840 1
86850 2
86860 11
86870 5
86880 7
86890 3
86900 4
86910 9
86920 1
86930 2
86940 9
86950 9
86960 7
86970 5
86980 7
86990 12
87000 7
87010 18
87020 13
87030 17
87040 20
87050 16
87060 3
87070 4
87080 4
87090 6
87100 4
87110 13
87120 15
87130 7
87140 5
87150 1
87160 3
87170 5
87180 1
87190 1
87200 6
87210 7
87220 10
87230 9
87240 10
87250 12
87260 14
87270 6
87280 12
87290 0
87300 6
87310 11
87320 9
87330 4
87340 9
87350 9
87360 8
87370 10
87380 6
87390 6
87400 1
87410 5
87420 1
87430 4
87440 8
87450 5
87460 5
87470 4
87480 5
87490 7
87500 8
87510 7
87520 6
87530 6
87540 9
87550 8
87560 16
87570 7
87580 5
87590 3
87600 3
87610 5
87620 3
87630 8
87640 5
87650 4
87660 4
87670 5
87680 10
87690 5
87700 4
87710 5
87720 3
87730 4
87740 5
87750 5
87760 2
87770 10
87780 15
87790 6
87800 17
87810 15
87820 17
87830 7
87840 15
87850 15
87860 1
87870 5
87880 3
87890 4
87900 11
87910 2
87920 8
87930 7
87940 6
87950 8
87960 1
87970 9
87980 4
87990 9
88000 10
88010 5
88020 11
88030 4
88040 12
88050 8
88060 5
88070 7
88080 8
88090 4
88100 2
88110 11
88120 10
88130 4
88140 3
88150 0
88160 1
88170 1
88180 13
88190 15
88200 6
88210 14
88220 6
88230 6
88240 7
88250 7
88260 2
88270 6
88280 0
88290 1
88300 10
88310 0
88320 7
88330 8
88340 1
88350 5
88360 2
88370 4
88380 1
88390 0
88400 4
88410 17
88420 5
88430 2
88440 4
88450 10
88460 9
88470 9
88480 9
88490 4
88500 4
88510 9
88520 9
88530 8
88540 0
88550 1
88560 0
88570 1
88580 1
88590 13
88600 20
88610 19
88620 15
88630 13
88640 5
88650 3
88660 9
88670 7
88680 2
88690 2
88700 8
88710 20
88720 8
88730 16
88740 4
88750 8
88760 1
88770 10
88780 11
88790 3
88800 2
88810 5
88820 7
88830 4
88840 8
88850 7
88860 12
88870 14
88880 2
88890 2
88900 8
88910 14
88920 8
88930 7
88940 8
88950 13
88960 7
88970 9
88980 7
88990 8
89000 15
89010 6
89020 7
89030 15
89040 5
89050 11
89060 5
89070 15
89080 7
89090 11
89100 7
89110 6
89120 1
89130 7
89140 12
89150 1
89160 4
89170 13
89180 8
89190 15
89200 11
89210 14
89220 16
89230 16
89240 14
89250 13
89260 8
89270 17
89280 15
89290 15
89300 16
89310 12
89320 3
89330 12
89340 16
89350 5
89360 3
89370 7
89380 8
89390 5
89400 6
89410 4
89420 6
89430 1
89440 12
89450 9
89460 10
89470 9
89480 11
89490 12
89500 10
89510 8
89520 12
89530 10
89540 12
89550 12
89560 8
89570 10
89580 13
89590 9
89600 6
89610 9
89620 13
89630 7
89640 7
89650 12
89660 10
89670 13
89680 14
89690 14
89700 3
89710 12
89720 7
89730 10
89740 12
89750 12
89760 14
89770 19
89780 17
89790 19
89800 12
89810 11
89820 10
89830 10
89840 15
89850 11
89860 15
89870 4
89880 13
89890 11
89900 13
89910 10
89920 18
89930 6
89940 17
89950 14
89960 15
89970 19
89980 16
89990 11
90000 16
90010 14
90020 17
90030 14
90040 20
90050 9
90060 11
90070 14
90080 10
90090 6
90100 11
90110 12
90120 20
90130 15
90140 14
90150 12
90160 9
90170 11
90180 9
90190 16
90200 3
90210 3
90220 10
90230 20
90240 8
90250 7
90260 11
90270 9
90280 13
90290 6
90300 8
90310 5
90320 10
90330 3
90340 10
90350 6
90360 7
90370 2
90380 7
90390 4
90400 4
90410 5
90420 3
90430 9
90440 15
90450 10
90460 8
90470 6
90480 10
90490 11
90500 16
90510 9
90520 10
90530 16
90540 14
90550 12
90560 13
90570 9
90580 2
90590 14
90600 13
90610 16
90620 17
90630 20
90640 15
90650 13
90660 17
90670 16
90680 13
90690 12
90700 7
90710 10
90720 8
90730 9
90740 10
90750 9
90760 13
90770 8
90780 8
90790 6
90800 9
90810 13
90820 11
90830 16
90840 9
90850 6
90860 11
90870 6
90880 6
90890 11
90900 12
90910 13
90920 15
90930 10
90940 13
90950 15
90960 16
90970 16
90980 16
90990 7
91000 15
91010 7
91020 13
91030 12
91040 10
91050 7
91060 14
91070 6
91080 5
91090 5
91100 7
91110 7
91120 9
91130 12
91140 7
91150 15
91160 4
91170 14
91180 14
91190 7
91200 19
91210 13
91220 15
91230 16
91240 14
91250 16
91260 11
91270 16
91280 10
91290 16
91300 14
91310 10
91320 16
91330 8
91340 8
91350 15
91360 15
91370 15
91380 9
91390 15
91400 18
91410 11
91420 9
91430 12
91440 15
91450 13
91460 13
91470 8
91480 14
91490 8
91500 13
91510 18
91520 16
91530 13
91540 20
91550 15
91560 13
91570 16
91580 15
91590 17
91600 17
91610 17
91620 19
91630 17
91640 24
91650 11
91660 17
91670 19
91680 16
91690 17
91700 17
91710 16
91720 8
91730 8
91740 4
91750 16
91760 14
91770 17
91780 15
91790 20
91800 16
91810 20
91820 15
91830 12
91840 18
91850 17
91860 13
91870 19
91880 18
91890 14
91900 14
91910 13
91920 16
91930 15
91940 13
91950 5
91960 10
91970 12
91980 16
91990 15
92000 15
92010 13
92020 14
92030 22
92040 14
92050 16
92060 18
92070 14
92080 14
92090 8
92100 5
92110 16
92120 14
92130 14
92140 17
92150 14
92160 11
92170 16
92180 10
92190 15
92200 15
92210 12
92220 13
92230 12
92240 15
92250 12
92260 12
92270 6
92280 5
92290 12
92300 17
92310 16
92320 12
92330 13
92340 16
92350 5
92360 12
92370 12
92380 9
92390 4
92400 8
92410 5
92420 15
92430 10
92440 11
92450 13
92460 16
92470 14
92480 14
92490 15
92500 15
92510 16
92520 13
92530 4
92540 17
92550 17
92560 11
92570 17
92580 23
92590 17
92600 16
92610 14
92620 9
92630 12
92640 24
92650 20
92660 14
92670 9
92680 16
92690 19
92700 15
92710 8
92720 3
92730 16
92740 20
92750 13
92760 19
92770 11
92780 19
92790 12
92800 17
92810 17
92820 13
92830 18
92840 11
92850 14
92860 14
92870 11
92880 19
92890 16
92900 13
92910 19
92920 18
92930 18
92940 24
92950 19
92960 14
92970 14
92980 19
92990 18
93000 20
93010 9
93020 19
93030 15
93040 14
93050 15
93060 11
93070 15
93080 20
93090 15
93100 19
93110 14
93120 14
93130 14
93140 14
93150 16
93160 13
93170 16
93180 18
93190 9
93200 16
93210 16
93220 11
93230 13
93240 8
93250 16
93260 16
93270 18
93280 14
93290 7
93300 13
93310 10
93320 5
93330 6
93340 7
93350 7
93360 15
93370 19
93380 16
93390 9
93400 14
93410 10
93420 8
93430 4
93440 11
93450 6
93460 8
93470 10
93480 10
93490 19
93500 5
93510 19
93520 14
93530 12
93540 9
93550 11
93560 8
93570 10
93580 10
93590 15
93600 16
93610 9
93620 8
93630 17
93640 9
93650 8
93660 13
93670 13
93680 12
93690 9
93700 10
93710 16
93720 16
93730 7
93740 14
93750 12
93760 14
93770 8
93780 4
93790 14
93800 8
93810 13
93820 10
93830 12
93840 9
93850 13
93860 10
93870 13
93880 17
93890 15
93900 13
93910 11
93920 21
93930 18
93940 12
93950 12
93960 8
93970 2
93980 9
93990 7
94000 11
94010 9
94020 7
94030 1
94040 1
94050 2
94060 5
94070 5
94080 2
94090 3
94100 5
94110 0
94120 0
94130 3
94140 3
94150 3
94160 4
94170 4
94180 1
94190 10
94200 5
94210 8
94220 1
94230 6
94240 4
94250 3
94260 11
94270 3
94280 4
94290 1
94300 5
94310 1
94320 2
94330 12
94340 9
94350 4
94360 3
94370 2
94380 2
94390 3
94400 7
94410 2
94420 3
94430 1
94440 2
94450 3
94460 3
94470 1
94480 1
94490 2
94500 1
94510 5
94520 5
94530 0
94540 1
94550 2
94560 3
94570 4
94580 3
94590 3
94600 5
94610 7
94620 3
94630 3
94640 1
94650 1
94660 9
94670 8
94680 3
94690 3
94700 11
94710 5
94720 1
94730 3
94740 2
94750 2
94760 4
94770 8
94780 1
94790 1
94800 1
94810 2
94820 1
94830 2
94840 4
94850 3
94860 2
94870 1
94880 1
94890 2
94900 2
94910 6
94920 1
94930 3
94940 1
94950 0
94960 1
94970 1
94980 0
94990 1
95000 8
95010 3
95020 5
95030 6
95040 2
95050 2
95060 4
95070 2
95080 4
95090 8
95100 7
95110 6
95120 3
95130 3
95140 1
95150 4
95160 0
95170 0
95180 2
95190 1
95200 0
95210 3
95220 5
95230 2
95240 2
95250 5
95260 6
95270 2
95280 3
95290 6
95300 1
95310 1
95320 1
95330 1
95340 6
95350 2
95360 5
95370 7
95380 7
95390 1
95400 3
95410 3
95420 9
95430 2
95440 5
95450 4
95460 6
95470 5
95480 6
95490 6
95500 5
95510 4
95520 6
95530 5
95540 4
95550 8
95560 2
95570 6
95580 4
95590 6
95600 5
95610 4
95620 8
95630 3
95640 5
95650 8
95660 6
95670 6
95680 6
95690 9
95700 7
95710 5
95720 5
95730 4
95740 6
95750 4
95760 5
95770 4
95780 4
95790 8
95800 3
95810 4
95820 4
95830 5
95840 5
95850 5
95860 3
95870 5
95880 4
95890 4
95900 5
95910 5
95920 5
95930 9
95940 6
95950 4
95960 9
95970 6
95980 8
95990 5
96000 7
96010 6
96020 5
96030 5
96040 5
96050 4
96060 7
96070 12
96080 1
96090 14
96100 2
96110 2
96120 8
96130 1
96140 6
96150 1
96160 3
96170 3
96180 6
96190 4
96200 5
96210 2
96220 2
96230 7
96240 2
96250 0
96260 0
96270 1
96280 1
96290 16
96300 4
96310 8
96320 5
96330 6
96340 3
96350 5
96360 5
96370 2
96380 0
96390 4
96400 3
96410 0
96420 1
96430 0
96440 3
96450 3
96460 6
96470 5
96480 4
96490 7
96500 9
96510 5
96520 8
96530 10
96540 9
96550 9
96560 6
96570 4
96580 5
96590 5
96600 6
96610 4
96620 8
96630 4
96640 5
96650 4
96660 6
96670 7
96680 1
96690 3
96700 2
96710 5
96720 5
96730 6
96740 8
96750 7
96760 4
96770 2
96780 7
96790 5
96800 2
96810 6
96820 5
96830 10
96840 3
96850 4
96860 6
96870 3
96880 5
96890 5
96900 4
96910 4
96920 8
96930 7
96940 5
96950 9
96960 7
96970 4
96980 5
96990 9
97000 10
97010 6
97020 5
97030 7
97040 6
97050 3
97060 5
97070 8
97080 0
97090 0
97100 5
97110 8
97120 5
97130 7
97140 13
97150 5
97160 4
97170 4
97180 1
97190 7
97200 15
97210 14
97220 11
97230 8
97240 1
97250 6
97260 3
97270 1
97280 5
97290 4
97300 1
97310 11
97320 6
97330 6
97340 2
97350 6
97360 6
97370 7
97380 9
97390 4
97400 0
97410 1
97420 0
97430 2
97440 0
97450 4
97460 0
97470 2
97480 7
97490 7
97500 8
97510 6
97520 0
97530 14
97540 10
97550 8
97560 11
97570 12
97580 11
97590 12
97600 10
97610 13
97620 9
97630 12
97640 12
97650 5
97660 9
97670 8
97680 10
97690 6
97700 9
97710 8
97720 8
97730 3
97740 11
97750 10
97760 10
97770 10
97780 11
97790 8
97800 11
97810 8
97820 9
97830 5
97840 9
97850 3
97860 2
97870 12
97880 9
97890 13
97900 11
97910 5
97920 7
97930 8
97940 11
97950 6
97960 11
97970 9
97980 14
97990 3
98000 9
98010 18
98020 14
98030 11
98040 0
98050 9
98060 11
98070 6
98080 8
98090 5
98100 8
98110 2
98120 6
98130 12
98140 6
98150 8
98160 4
98170 3
98180 9
98190 16
98200 5
98210 8
98220 12
98230 8
98240 7
98250 12
98260 5
98270 5
98280 4
98290 5
98300 4
98310 8
98320 12
98330 10
98340 2
98350 15
98360 10
98370 11
98380 12
98390 6
98400 8
98410 12
98420 11
98430 11
98440 12
98450 4
98460 6
98470 14
98480 10
98490 18
98500 10
98510 9
98520 12
98530 10
98540 10
98550 7
98560 13
98570 8
98580 8
98590 14
98600 9
98610 7
98620 7
98630 9
98640 11
98650 4
98660 8
98670 3
98680 9
98690 14
98700 3
98710 12
98720 2
98730 12
98740 9
98750 5
98760 9
98770 7
98780 7
98790 3
98800 6
98810 12
98820 4
98830 1
98840 9
98850 2
98860 11
98870 4
98880 4
98890 6
98900 9
98910 8
98920 8
98930 13
98940 12
98950 10
98960 8
98970 8
98980 12
98990 8
99000 8
99010 11
99020 7
99030 10
99040 10
99050 9
99060 14
99070 13
99080 14
99090 10
99100 9
99110 13
99120 14
99130 12
99140 7
99150 12
99160 10
99170 11
99180 7
99190 8
99200 11
99210 11
99220 13
99230 10
99240 13
99250 8
99260 7
99270 14
99280 6
99290 14
99300 7
99310 8
99320 13
99330 9
99340 6
99350 0
99360 2
99370 6
99380 8
99390 9
99400 8
99410 10
99420 6
99430 5
99440 13
99450 15
99460 10
99470 15
99480 17
99490 13
99500 7
99510 14
99520 16
99530 11
99540 14
99550 13
99560 2
99570 4
99580 13
99590 12
99600 6
99610 14
99620 3
99630 4
99640 11
99650 9
99660 10
99670 2
99680 9
99690 5
99700 3
99710 3
99720 10
99730 6
99740 11
99750 13
99760 4
99770 8
99780 7
99790 5
99800 3
99810 4
99820 10
99830 16
99840 14
99850 9
99860 6
99870 11
99880 4
99890 11
99900 5
99910 4
99920 4
99930 9
99940 1
99950 11
99960 7
99970 4
99980 8
99990 9
