# Frame Contacts
30000 0
30010 0
30020 0
30030 0
30040 0
30050 0
30060 0
30070 0
30080 0
30090 0
30100 0
30110 0
30120 0
30130 0
30140 0
30150 0
30160 0
30170 0
30180 0
30190 0
30200 0
30210 0
30220 0
30230 0
30240 0
30250 0
30260 0
30270 0
30280 0
30290 0
30300 0
30310 0
30320 0
30330 1
30340 0
30350 0
30360 0
30370 0
30380 0
30390 0
30400 0
30410 0
30420 0
30430 0
30440 0
30450 0
30460 1
30470 0
30480 0
30490 0
30500 0
30510 0
30520 0
30530 0
30540 0
30550 0
30560 0
30570 0
30580 0
30590 0
30600 0
30610 0
30620 0
30630 0
30640 0
30650 0
30660 0
30670 0
30680 0
30690 0
30700 0
30710 0
30720 0
30730 0
30740 0
30750 0
30760 0
30770 0
30780 0
30790 0
30800 0
30810 0
30820 0
30830 0
30840 0
30850 0
30860 0
30870 0
30880 0
30890 0
30900 0
30910 0
30920 0
30930 0
30940 0
30950 0
30960 0
30970 0
30980 0
30990 0
31000 0
31010 0
31020 0
31030 0
31040 0
31050 0
31060 0
31070 0
31080 0
31090 0
31100 0
31110 0
31120 0
31130 0
31140 2
31150 0
31160 0
31170 0
31180 0
31190 0
31200 0
31210 0
31220 0
31230 0
31240 0
31250 0
31260 0
31270 0
31280 0
31290 0
31300 0
31310 0
31320 0
31330 0
31340 0
31350 0
31360 0
31370 0
31380 0
31390 0
31400 0
31410 0
31420 0
31430 0
31440 0
31450 0
31460 0
31470 0
31480 0
31490 0
31500 0
31510 0
31520 0
31530 0
31540 0
31550 0
31560 0
31570 0
31580 0
31590 0
31600 0
31610 0
31620 0
31630 0
31640 0
31650 0
31660 0
31670 0
31680 0
31690 0
31700 0
31710 0
31720 0
31730 0
31740 0
31750 0
31760 0
31770 0
31780 0
31790 0
31800 0
31810 0
31820 0
31830 0
31840 0
31850 0
31860 0
31870 0
31880 0
31890 0
31900 0
31910 0
31920 0
31930 0
31940 0
31950 0
31960 0
31970 0
31980 0
31990 0
32000 0
32010 0
32020 0
32030 0
32040 0
32050 0
32060 0
32070 0
32080 0
32090 0
32100 0
32110 0
32120 0
32130 0
32140 0
32150 0
32160 0
32170 0
32180 0
32190 0
32200 0
32210 0
32220 0
32230 0
32240 0
32250 0
32260 0
32270 0
32280 0
32290 0
32300 0
32310 0
32320 0
32330 0
32340 0
32350 0
32360 0
32370 0
32380 0
32390 0
32400 0
32410 0
32420 0
32430 0
32440 0
32450 0
32460 0
32470 0
32480 0
32490 0
32500 0
32510 0
32520 0
32530 0
32540 0
32550 0
32560 0
32570 0
32580 0
32590 0
32600 0
32610 0
32620 0
32630 0
32640 0
32650 0
32660 0
32670 0
32680 0
32690 0
32700 0
32710 0
32720 0
32730 0
32740 0
32750 0
32760 0
32770 0
32780 0
32790 0
32800 0
32810 0
32820 0
32830 0
32840 0
32850 0
32860 0
32870 0
32880 0
32890 0
32900 0
32910 0
32920 0
32930 0
32940 0
32950 0
32960 0
32970 0
32980 0
32990 0
33000 0
33010 0
33020 0
33030 0
33040 0
33050 0
33060 0
33070 0
33080 0
33090 0
33100 0
33110 0
33120 0
33130 0
33140 0
33150 0
33160 0
33170 0
33180 0
33190 0
33200 0
33210 0
33220 0
33230 0
33240 0
33250 0
33260 0
33270 0
33280 0
33290 0
33300 0
33310 0
33320 0
33330 0
33340 0
33350 0
33360 0
33370 0
33380 0
33390 0
33400 0
33410 0
33420 0
33430 0
33440 0
33450 0
33460 0
33470 0
33480 0
33490 0
33500 0
33510 0
33520 0
33530 0
33540 0
33550 0
33560 0
33570 0
33580 0
33590 0
33600 0
33610 0
33620 0
33630 0
33640 0
33650 0
33660 0
33670 0
33680 0
33690 0
33700 0
33710 0
33720 0
33730 0
33740 0
33750 0
33760 0
33770 0
33780 0
33790 0
33800 0
33810 0
33820 0
33830 0
33840 0
33850 0
33860 0
33870 0
33880 0
33890 0
33900 0
33910 0
33920 0
33930 0
33940 0
33950 0
33960 0
33970 0
33980 0
33990 0
34000 0
34010 0
34020 0
34030 0
34040 0
34050 0
34060 0
34070 0
34080 0
34090 0
34100 0
34110 0
34120 0
34130 0
34140 0
34150 0
34160 0
34170 0
34180 0
34190 0
34200 0
34210 0
34220 0
34230 0
34240 0
34250 0
34260 0
34270 0
34280 0
34290 0
34300 0
34310 0
34320 0
34330 0
34340 0
34350 0
34360 0
34370 0
34380 0
34390 0
34400 0
34410 0
34420 0
34430 0
34440 0
34450 0
34460 0
34470 0
34480 0
34490 0
34500 0
34510 0
34520 0
34530 0
34540 0
34550 0
34560 0
34570 0
34580 0
34590 0
34600 0
34610 0
34620 0
34630 0
34640 0
34650 0
34660 0
34670 0
34680 0
34690 0
34700 0
34710 0
34720 0
34730 0
34740 0
34750 0
34760 0
34770 0
34780 0
34790 0
34800 0
34810 0
34820 0
34830 0
34840 0
34850 0
34860 0
34870 0
34880 0
34890 0
34900 0
34910 0
34920 0
34930 0
34940 0
34950 0
34960 0
34970 0
34980 0
34990 0
35000 0
35010 0
35020 0
35030 0
35040 0
35050 0
35060 0
35070 0
35080 0
35090 0
35100 0
35110 0
35120 0
35130 0
35140 0
35150 0
35160 0
35170 0
35180 0
35190 0
35200 0
35210 0
35220 0
35230 0
35240 0
35250 0
35260 0
35270 0
35280 0
35290 0
35300 0
35310 0
35320 0
35330 0
35340 0
35350 0
35360 0
35370 0
35380 0
35390 0
35400 0
35410 0
35420 0
35430 0
35440 0
35450 0
35460 0
35470 0
35480 0
35490 0
35500 0
35510 0
35520 0
35530 0
35540 0
35550 0
35560 0
35570 0
35580 0
35590 0
35600 0
35610 0
35620 0
35630 0
35640 0
35650 0
35660 0
35670 0
35680 0
35690 0
35700 1
35710 0
35720 0
35730 0
35740 0
35750 0
35760 0
35770 0
35780 0
35790 0
35800 0
35810 0
35820 0
35830 0
35840 0
35850 0
35860 0
35870 0
35880 0
35890 0
35900 0
35910 0
35920 0
35930 0
35940 0
35950 0
35960 0
35970 0
35980 0
35990 0
36000 0
36010 0
36020 0
36030 0
36040 0
36050 0
36060 0
36070 0
36080 0
36090 0
36100 0
36110 0
36120 0
36130 0
36140 0
36150 0
36160 0
36170 0
36180 0
36190 0
36200 0
36210 0
36220 0
36230 0
36240 0
36250 0
36260 0
36270 0
36280 0
36290 0
36300 0
36310 0
36320 0
36330 0
36340 0
36350 0
36360 0
36370 0
36380 0
36390 0
36400 0
36410 0
36420 0
36430 0
36440 0
36450 0
36460 0
36470 0
36480 0
36490 0
36500 0
36510 0
36520 0
36530 0
36540 0
36550 0
36560 0
36570 0
36580 0
36590 0
36600 0
36610 0
36620 0
36630 0
36640 0
36650 0
36660 2
36670 0
36680 0
36690 0
36700 0
36710 0
36720 0
36730 0
36740 0
36750 0
36760 0
36770 0
36780 0
36790 0
36800 0
36810 0
36820 0
36830 0
36840 0
36850 0
36860 0
36870 0
36880 0
36890 0
36900 0
36910 0
36920 0
36930 0
36940 0
36950 0
36960 0
36970 0
36980 0
36990 0
37000 0
37010 0
37020 0
37030 0
37040 0
37050 0
37060 0
37070 0
37080 0
37090 0
37100 0
37110 0
37120 0
37130 0
37140 0
37150 0
37160 0
37170 0
37180 0
37190 0
37200 0
37210 0
37220 0
37230 0
37240 0
37250 0
37260 0
37270 0
37280 0
37290 0
37300 0
37310 0
37320 0
37330 0
37340 0
37350 0
37360 0
37370 0
37380 0
37390 0
37400 0
37410 0
37420 0
37430 0
37440 0
37450 0
37460 0
37470 0
37480 0
37490 0
37500 0
37510 0
37520 0
37530 0
37540 0
37550 0
37560 0
37570 0
37580 0
37590 0
37600 0
37610 0
37620 0
37630 0
37640 0
37650 0
37660 0
37670 0
37680 0
37690 0
37700 0
37710 0
37720 0
37730 0
37740 0
37750 0
37760 0
37770 0
37780 0
37790 0
37800 0
37810 0
37820 0
37830 0
37840 0
37850 0
37860 0
37870 0
37880 0
37890 0
37900 0
37910 0
37920 0
37930 0
37940 0
37950 0
37960 0
37970 0
37980 0
37990 0
38000 0
38010 0
38020 0
38030 0
38040 0
38050 0
38060 0
38070 0
38080 0
38090 6
38100 0
38110 1
38120 3
38130 0
38140 0
38150 0
38160 0
38170 0
38180 0
38190 0
38200 0
38210 0
38220 0
38230 0
38240 0
38250 0
38260 0
38270 0
38280 0
38290 0
38300 0
38310 0
38320 0
38330 0
38340 0
38350 0
38360 0
38370 1
38380 0
38390 0
38400 0
38410 0
38420 1
38430 0
38440 0
38450 0
38460 0
38470 0
38480 0
38490 0
38500 0
38510 0
38520 0
38530 0
38540 2
38550 0
38560 0
38570 0
38580 0
38590 0
38600 0
38610 0
38620 0
38630 0
38640 0
38650 0
38660 0
38670 3
38680 0
38690 0
38700 0
38710 0
38720 0
38730 0
38740 0
38750 0
38760 5
38770 0
38780 1
38790 0
38800 0
38810 3
38820 1
38830 0
38840 0
38850 0
38860 0
38870 0
38880 0
38890 0
38900 0
38910 0
38920 0
38930 0
38940 0
38950 0
38960 0
38970 0
38980 0
38990 0
39000 0
39010 0
39020 0
39030 0
39040 0
39050 0
39060 1
39070 0
39080 0
39090 2
39100 0
39110 0
39120 0
39130 0
39140 0
39150 0
39160 1
39170 0
39180 0
39190 0
39200 0
39210 0
39220 0
39230 3
39240 2
39250 2
39260 0
39270 0
39280 0
39290 0
39300 0
39310 0
39320 0
39330 0
39340 0
39350 1
39360 1
39370 1
39380 0
39390 0
39400 0
39410 3
39420 0
39430 6
39440 6
39450 8
39460 6
39470 8
39480 7
39490 4
39500 4
39510 3
39520 4
39530 5
39540 8
39550 9
39560 7
39570 2
39580 0
39590 2
39600 0
39610 2
39620 0
39630 4
39640 4
39650 1
39660 0
39670 1
39680 2
39690 1
39700 7
39710 4
39720 3
39730 10
39740 8
39750 8
39760 7
39770 7
39780 7
39790 8
39800 6
39810 7
39820 1
39830 8
39840 7
39850 7
39860 10
39870 7
39880 5
39890 6
39900 6
39910 0
39920 5
39930 0
39940 1
39950 0
39960 0
39970 0
39980 0
39990 0
40000 6
40010 7
40020 8
40030 6
40040 7
40050 8
40060 7
40070 4
40080 9
40090 10
40100 9
40110 8
40120 7
40130 7
40140 5
40150 6
40160 6
40170 6
40180 7
40190 9
40200 9
40210 4
40220 11
40230 6
40240 0
40250 0
40260 0
40270 0
40280 0
40290 0
40300 0
40310 0
40320 0
40330 0
40340 0
40350 0
40360 0
40370 0
40380 0
40390 0
40400 0
40410 0
40420 0
40430 0
40440 0
40450 0
40460 0
40470 0
40480 0
40490 0
40500 0
40510 0
40520 0
40530 0
40540 0
40550 0
40560 0
40570 0
40580 0
40590 0
40600 0
40610 0
40620 0
40630 0
40640 0
40650 0
40660 0
40670 0
40680 2
40690 2
40700 2
40710 2
40720 7
40730 1
40740 2
40750 5
40760 2
40770 2
40780 2
40790 3
40800 10
40810 3
40820 13
40830 9
40840 14
40850 13
40860 13
40870 9
40880 13
40890 2
40900 0
40910 0
40920 0
40930 0
40940 0
40950 0
40960 0
40970 0
40980 0
40990 0
41000 0
41010 0
41020 0
41030 0
41040 0
41050 0
41060 0
41070 0
41080 0
41090 0
41100 0
41110 0
41120 0
41130 0
41140 0
41150 0
41160 0
41170 0
41180 0
41190 0
41200 0
41210 0
41220 0
41230 0
41240 0
41250 0
41260 0
41270 0
41280 0
41290 0
41300 0
41310 1
41320 16
41330 16
41340 5
41350 16
41360 11
41370 7
41380 10
41390 14
41400 14
41410 23
41420 12
41430 19
41440 4
41450 10
41460 15
41470 4
41480 10
41490 1
41500 4
41510 8
41520 7
41530 13
41540 7
41550 10
41560 6
41570 9
41580 5
41590 9
41600 5
41610 7
41620 10
41630 3
41640 3
41650 9
41660 9
41670 2
41680 10
41690 10
41700 18
41710 15
41720 11
41730 15
41740 17
41750 7
41760 17
41770 18
41780 14
41790 14
41800 15
41810 6
41820 0
41830 12
41840 6
41850 12
41860 8
41870 4
41880 5
41890 0
41900 0
41910 0
41920 0
41930 0
41940 0
41950 0
41960 0
41970 0
41980 0
41990 0
42000 0
42010 0
42020 0
42030 0
42040 0
42050 0
42060 0
42070 0
42080 0
42090 0
42100 0
42110 0
42120 0
42130 0
42140 0
42150 0
42160 0
42170 0
42180 0
42190 0
42200 0
42210 0
42220 0
42230 0
42240 0
42250 0
42260 0
42270 0
42280 0
42290 0
42300 0
42310 0
42320 0
42330 0
42340 0
42350 0
42360 0
42370 0
42380 0
42390 0
42400 0
42410 0
42420 0
42430 0
42440 0
42450 0
42460 0
42470 0
42480 0
42490 0
42500 0
42510 0
42520 0
42530 0
42540 0
42550 0
42560 0
42570 0
42580 0
42590 0
42600 0
42610 0
42620 0
42630 0
42640 0
42650 0
42660 0
42670 0
42680 0
42690 0
42700 0
42710 0
42720 0
42730 0
42740 0
42750 0
42760 0
42770 0
42780 0
42790 0
42800 0
42810 0
42820 0
42830 0
42840 0
42850 0
42860 0
42870 0
42880 0
42890 0
42900 0
42910 0
42920 0
42930 0
42940 0
42950 0
42960 0
42970 0
42980 0
42990 0
43000 0
43010 0
43020 0
43030 0
43040 0
43050 0
43060 0
43070 0
43080 0
43090 0
43100 0
43110 0
43120 0
43130 0
43140 0
43150 0
43160 0
43170 0
43180 0
43190 0
43200 0
43210 0
43220 0
43230 0
43240 0
43250 0
43260 0
43270 0
43280 0
43290 0
43300 0
43310 0
43320 0
43330 0
43340 0
43350 0
43360 0
43370 0
43380 0
43390 0
43400 0
43410 0
43420 0
43430 0
43440 0
43450 0
43460 0
43470 0
43480 0
43490 0
43500 0
43510 0
43520 0
43530 0
43540 0
43550 0
43560 0
43570 0
43580 0
43590 0
43600 0
43610 0
43620 0
43630 0
43640 0
43650 0
43660 0
43670 0
43680 0
43690 0
43700 0
43710 0
43720 0
43730 0
43740 0
43750 0
43760 0
43770 0
43780 0
43790 0
43800 0
43810 0
43820 0
43830 0
43840 0
43850 0
43860 0
43870 0
43880 0
43890 0
43900 0
43910 0
43920 0
43930 0
43940 0
43950 0
43960 0
43970 0
43980 0
43990 0
44000 0
44010 0
44020 0
44030 0
44040 0
44050 0
44060 0
44070 0
44080 0
44090 0
44100 0
44110 0
44120 0
44130 0
44140 0
44150 0
44160 0
44170 0
44180 0
44190 0
44200 0
44210 0
44220 0
44230 0
44240 0
44250 0
44260 0
44270 0
44280 0
44290 0
44300 0
44310 0
44320 0
44330 0
44340 0
44350 0
44360 0
44370 0
44380 0
44390 0
44400 0
44410 0
44420 0
44430 0
44440 0
44450 0
44460 0
44470 0
44480 0
44490 0
44500 0
44510 0
44520 0
44530 0
44540 0
44550 0
44560 0
44570 0
44580 0
44590 0
44600 0
44610 0
44620 0
44630 0
44640 0
44650 0
44660 0
44670 0
44680 0
44690 0
44700 0
44710 0
44720 0
44730 0
44740 0
44750 0
44760 0
44770 0
44780 0
44790 0
44800 0
44810 0
44820 0
44830 0
44840 0
44850 0
44860 0
44870 0
44880 0
44890 0
44900 0
44910 0
44920 0
44930 0
44940 0
44950 0
44960 0
44970 0
44980 0
44990 0
45000 0
45010 0
45020 0
45030 0
45040 0
45050 0
45060 0
45070 0
45080 0
45090 0
45100 0
45110 0
45120 0
45130 0
45140 0
45150 0
45160 0
45170 0
45180 0
45190 0
45200 0
45210 0
45220 0
45230 0
45240 0
45250 0
45260 0
45270 0
45280 0
45290 0
45300 0
45310 0
45320 0
45330 0
45340 0
45350 0
45360 0
45370 0
45380 0
45390 0
45400 0
45410 0
45420 0
45430 0
45440 0
45450 0
45460 0
45470 0
45480 0
45490 0
45500 0
45510 0
45520 0
45530 0
45540 0
45550 0
45560 0
45570 0
45580 0
45590 0
45600 0
45610 0
45620 0
45630 0
45640 0
45650 0
45660 0
45670 0
45680 0
45690 0
45700 0
45710 0
45720 0
45730 0
45740 0
45750 0
45760 0
45770 0
45780 0
45790 0
45800 0
45810 0
45820 0
45830 0
45840 0
45850 0
45860 0
45870 0
45880 0
45890 0
45900 0
45910 0
45920 0
45930 0
45940 0
45950 0
45960 0
45970 0
45980 0
45990 0
46000 0
46010 0
46020 0
46030 0
46040 0
46050 0
46060 0
46070 0
46080 0
46090 0
46100 0
46110 0
46120 0
46130 0
46140 0
46150 0
46160 0
46170 0
46180 0
46190 0
46200 0
46210 0
46220 0
46230 0
46240 0
46250 0
46260 0
46270 0
46280 0
46290 0
46300 0
46310 0
46320 0
46330 0
46340 0
46350 0
46360 0
46370 0
46380 0
46390 0
46400 0
46410 0
46420 0
46430 0
46440 0
46450 0
46460 0
46470 0
46480 0
46490 0
46500 0
46510 0
46520 0
46530 0
46540 0
46550 0
46560 0
46570 0
46580 0
46590 0
46600 0
46610 0
46620 0
46630 0
46640 0
46650 0
46660 0
46670 0
46680 0
46690 0
46700 0
46710 0
46720 0
46730 0
46740 0
46750 0
46760 0
46770 0
46780 0
46790 0
46800 0
46810 0
46820 0
46830 0
46840 0
46850 0
46860 0
46870 0
46880 0
46890 0
46900 4
46910 5
46920 0
46930 0
46940 0
46950 0
46960 0
46970 0
46980 0
46990 0
47000 0
47010 0
47020 0
47030 0
47040 0
47050 0
47060 0
47070 0
47080 0
47090 0
47100 0
47110 0
47120 0
47130 0
47140 0
47150 0
47160 0
47170 0
47180 0
47190 0
47200 0
47210 0
47220 0
47230 0
47240 0
47250 0
47260 0
47270 0
47280 0
47290 0
47300 0
47310 0
47320 0
47330 0
47340 0
47350 0
47360 0
47370 0
47380 0
47390 0
47400 0
47410 0
47420 0
47430 0
47440 0
47450 0
47460 0
47470 0
47480 0
47490 0
47500 0
47510 0
47520 0
47530 0
47540 0
47550 0
47560 0
47570 0
47580 0
47590 0
47600 0
47610 0
47620 0
47630 0
47640 0
47650 0
47660 0
47670 0
47680 0
47690 0
47700 0
47710 0
47720 0
47730 0
47740 0
47750 0
47760 0
47770 0
47780 0
47790 0
47800 0
47810 0
47820 0
47830 0
47840 0
47850 0
47860 0
47870 0
47880 1
47890 0
47900 0
47910 0
47920 0
47930 0
47940 1
47950 5
47960 3
47970 9
47980 12
47990 19
48000 5
48010 12
48020 4
48030 6
48040 10
48050 20
48060 9
48070 16
48080 12
48090 14
48100 14
48110 20
48120 14
48130 21
48140 18
48150 16
48160 10
48170 15
48180 24
48190 20
48200 20
48210 15
48220 5
48230 7
48240 9
48250 5
48260 13
48270 4
48280 7
48290 7
48300 4
48310 5
48320 12
48330 7
48340 7
48350 23
48360 13
48370 6
48380 7
48390 10
48400 8
48410 14
48420 11
48430 8
48440 11
48450 9
48460 6
48470 8
48480 11
48490 5
48500 12
48510 7
48520 8
48530 10
48540 7
48550 5
48560 5
48570 6
48580 13
48590 8
48600 15
48610 22
48620 21
48630 17
48640 18
48650 14
48660 12
48670 11
48680 8
48690 24
48700 32
48710 11
48720 30
48730 20
48740 11
48750 19
48760 8
48770 8
48780 16
48790 17
48800 16
48810 16
48820 11
48830 14
48840 27
48850 14
48860 13
48870 17
48880 10
48890 20
48900 15
48910 12
48920 16
48930 22
48940 17
48950 15
48960 20
48970 13
48980 23
48990 21
49000 15
49010 13
49020 21
49030 16
49040 11
49050 21
49060 15
49070 18
49080 20
49090 11
49100 13
49110 18
49120 23
49130 19
49140 11
49150 21
49160 14
49170 18
49180 15
49190 13
49200 9
49210 13
49220 28
49230 17
49240 19
49250 23
49260 12
49270 11
49280 18
49290 27
49300 20
49310 13
49320 29
49330 13
49340 21
49350 20
49360 25
49370 22
49380 16
49390 17
49400 7
49410 19
49420 23
49430 10
49440 10
49450 10
49460 5
49470 11
49480 14
49490 15
49500 17
49510 18
49520 21
49530 16
49540 6
49550 25
49560 8
49570 29
49580 17
49590 16
49600 22
49610 23
49620 14
49630 23
49640 17
49650 21
49660 11
49670 15
49680 20
49690 29
49700 12
49710 15
49720 14
49730 9
49740 15
49750 21
49760 26
49770 10
49780 22
49790 11
49800 11
49810 2
49820 19
49830 12
49840 9
49850 19
49860 15
49870 7
49880 17
49890 17
49900 16
49910 13
49920 5
49930 17
49940 7
49950 12
49960 16
49970 13
49980 23
49990 7
50000 10
50010 12
50020 7
50030 17
50040 21
50050 13
50060 18
50070 6
50080 9
50090 8
50100 14
50110 13
50120 8
50130 6
50140 19
50150 5
50160 9
50170 7
50180 12
50190 10
50200 13
50210 15
50220 15
50230 12
50240 11
50250 8
50260 23
50270 13
50280 11
50290 20
50300 24
50310 10
50320 17
50330 14
50340 20
50350 21
50360 10
50370 16
50380 14
50390 13
50400 27
50410 31
50420 14
50430 23
50440 22
50450 33
50460 12
50470 14
50480 20
50490 19
50500 13
50510 13
50520 21
50530 20
50540 8
50550 6
50560 3
50570 3
50580 7
50590 1
50600 12
50610 9
50620 4
50630 9
50640 9
50650 12
50660 10
50670 10
50680 11
50690 11
50700 4
50710 10
50720 14
50730 15
50740 15
50750 10
50760 11
50770 9
50780 17
50790 13
50800 6
50810 14
50820 12
50830 17
50840 11
50850 17
50860 6
50870 16
50880 17
50890 11
50900 16
50910 10
50920 8
50930 10
50940 7
50950 16
50960 17
50970 14
50980 19
50990 12
51000 13
51010 10
51020 17
51030 10
51040 12
51050 14
51060 16
51070 12
51080 12
51090 6
51100 11
51110 16
51120 18
51130 15
51140 10
51150 17
51160 13
51170 13
51180 9
51190 13
51200 13
51210 16
51220 18
51230 7
51240 7
51250 13
51260 22
51270 3
51280 7
51290 9
51300 13
51310 10
51320 9
51330 7
51340 17
51350 5
51360 12
51370 8
51380 5
51390 11
51400 13
51410 14
51420 6
51430 14
51440 16
51450 22
51460 16
51470 18
51480 7
51490 14
51500 13
51510 7
51520 18
51530 22
51540 19
51550 19
51560 25
51570 13
51580 19
51590 23
51600 19
51610 16
51620 23
51630 14
51640 11
51650 19
51660 18
51670 13
51680 6
51690 9
51700 7
51710 12
51720 11
51730 7
51740 16
51750 12
51760 16
51770 16
51780 9
51790 27
51800 16
51810 15
51820 6
51830 8
51840 8
51850 21
51860 10
51870 10
51880 9
51890 14
51900 13
51910 14
51920 20
51930 25
51940 25
51950 20
51960 18
51970 18
51980 23
51990 21
52000 18
52010 16
52020 14
52030 18
52040 20
52050 14
52060 22
52070 23
52080 21
52090 17
52100 18
52110 26
52120 19
52130 22
52140 17
52150 15
52160 15
52170 17
52180 31
52190 24
52200 15
52210 12
52220 17
52230 26
52240 15
52250 17
52260 18
52270 18
52280 21
52290 19
52300 25
52310 22
52320 9
52330 22
52340 17
52350 28
52360 31
52370 14
52380 20
52390 20
52400 28
52410 14
52420 16
52430 24
52440 15
52450 10
52460 21
52470 12
52480 19
52490 19
52500 17
52510 21
52520 9
52530 26
52540 15
52550 22
52560 18
52570 27
52580 21
52590 23
52600 23
52610 18
52620 25
52630 13
52640 33
52650 19
52660 21
52670 21
52680 14
52690 27
52700 25
52710 29
52720 28
52730 21
52740 23
52750 27
52760 25
52770 20
52780 20
52790 27
52800 25
52810 26
52820 19
52830 21
52840 20
52850 18
52860 19
52870 24
52880 37
52890 14
52900 17
52910 11
52920 17
52930 14
52940 19
52950 15
52960 21
52970 25
52980 35
52990 18
53000 16
53010 26
53020 20
53030 14
53040 20
53050 20
53060 27
53070 21
53080 22
53090 22
53100 16
53110 18
53120 17
53130 17
53140 18
53150 20
53160 27
53170 22
53180 14
53190 12
53200 19
53210 12
53220 15
53230 17
53240 15
53250 12
53260 19
53270 13
53280 18
53290 13
53300 16
53310 13
53320 14
53330 18
53340 19
53350 18
53360 9
53370 22
53380 10
53390 16
53400 16
53410 22
53420 13
53430 15
53440 19
53450 24
53460 18
53470 23
53480 19
53490 18
53500 18
53510 20
53520 15
53530 18
53540 23
53550 24
53560 25
53570 21
53580 12
53590 17
53600 26
53610 27
53620 32
53630 19
53640 15
53650 13
53660 23
53670 17
53680 23
53690 19
53700 22
53710 14
53720 20
53730 17
53740 11
53750 13
53760 9
53770 15
53780 11
53790 11
53800 12
53810 18
53820 12
53830 9
53840 17
53850 16
53860 16
53870 13
53880 7
53890 17
53900 13
53910 14
53920 10
53930 15
53940 7
53950 12
53960 10
53970 12
53980 10
53990 16
54000 18
54010 21
54020 5
54030 16
54040 14
54050 11
54060 6
54070 12
54080 4
54090 7
54100 4
54110 13
54120 7
54130 10
54140 10
54150 11
54160 8
54170 12
54180 17
54190 7
54200 14
54210 13
54220 7
54230 13
54240 6
54250 9
54260 14
54270 7
54280 9
54290 15
54300 4
54310 8
54320 17
54330 18
54340 19
54350 4
54360 4
54370 7
54380 20
54390 9
54400 10
54410 10
54420 4
54430 19
54440 18
54450 14
54460 15
54470 10
54480 10
54490 15
54500 10
54510 19
54520 13
54530 5
54540 9
54550 14
54560 2
54570 5
54580 13
54590 8
54600 12
54610 7
54620 6
54630 15
54640 21
54650 6
54660 6
54670 9
54680 8
54690 13
54700 14
54710 13
54720 8
54730 6
54740 11
54750 10
54760 7
54770 22
54780 13
54790 11
54800 11
54810 15
54820 4
54830 6
54840 2
54850 6
54860 5
54870 12
54880 14
54890 18
54900 10
54910 8
54920 11
54930 5
54940 13
54950 17
54960 16
54970 18
54980 17
54990 21
55000 12
55010 9
55020 11
55030 10
55040 17
55050 18
55060 12
55070 17
55080 8
55090 22
55100 19
55110 23
55120 9
55130 5
55140 2
55150 3
55160 11
55170 9
55180 0
55190 9
55200 10
55210 2
55220 7
55230 8
55240 15
55250 6
55260 3
55270 6
55280 7
55290 2
55300 6
55310 2
55320 8
55330 10
55340 12
55350 5
55360 1
55370 0
55380 0
55390 2
55400 1
55410 2
55420 9
55430 6
55440 4
55450 5
55460 6
55470 8
55480 4
55490 5
55500 19
55510 7
55520 8
55530 8
55540 6
55550 7
55560 1
55570 5
55580 8
55590 1
55600 11
55610 15
55620 8
55630 21
55640 5
55650 19
55660 5
55670 1
55680 3
55690 12
55700 2
55710 2
55720 1
55730 4
55740 16
55750 7
55760 12
55770 11
55780 5
55790 6
55800 16
55810 3
55820 6
55830 8
55840 9
55850 8
55860 9
55870 8
55880 7
55890 15
55900 8
55910 12
55920 9
55930 5
55940 16
55950 12
55960 13
55970 7
55980 10
55990 12
56000 14
56010 9
56020 6
56030 1
56040 8
56050 3
56060 12
56070 4
56080 9
56090 3
56100 14
56110 10
56120 11
56130 12
56140 4
56150 6
56160 5
56170 16
56180 10
56190 20
56200 13
56210 12
56220 19
56230 14
56240 22
56250 20
56260 8
56270 8
56280 4
56290 4
56300 4
56310 22
56320 25
56330 2
56340 3
56350 2
56360 4
56370 12
56380 6
56390 15
56400 9
56410 7
56420 8
56430 6
56440 13
56450 23
56460 11
56470 4
56480 6
56490 3
56500 8
56510 8
56520 4
56530 8
56540 8
56550 4
56560 8
56570 12
56580 9
56590 12
56600 8
56610 14
56620 8
56630 14
56640 5
56650 11
56660 5
56670 6
56680 13
56690 12
56700 11
56710 6
56720 3
56730 8
56740 3
56750 11
56760 10
56770 14
56780 9
56790 10
56800 11
56810 9
56820 12
56830 14
56840 12
56850 10
56860 11
56870 9
56880 13
56890 16
56900 12
56910 12
56920 6
56930 7
56940 9
56950 10
56960 9
56970 12
56980 12
56990 6
57000 6
57010 12
57020 13
57030 11
57040 15
57050 13
57060 18
57070 11
57080 23
57090 21
57100 9
57110 15
57120 5
57130 15
57140 7
57150 8
57160 4
57170 6
57180 20
57190 9
57200 5
57210 7
57220 7
57230 18
57240 5
57250 7
57260 11
57270 7
57280 7
57290 13
57300 6
57310 10
57320 8
57330 9
57340 4
57350 12
57360 10
57370 4
57380 8
57390 7
57400 8
57410 6
57420 14
57430 12
57440 12
57450 9
57460 5
57470 9
57480 18
57490 8
57500 15
57510 11
57520 11
57530 18
57540 10
57550 9
57560 11
57570 8
57580 8
57590 12
57600 9
57610 13
57620 8
57630 6
57640 5
57650 14
57660 18
57670 9
57680 11
57690 11
57700 12
57710 13
57720 16
57730 12
57740 10
57750 15
57760 11
57770 8
57780 8
57790 7
57800 9
57810 9
57820 10
57830 7
57840 8
57850 11
57860 13
57870 7
57880 4
57890 5
57900 15
57910 8
57920 4
57930 8
57940 6
57950 9
57960 11
57970 10
57980 10
57990 11
58000 11
58010 10
58020 10
58030 3
58040 5
58050 8
58060 14
58070 16
58080 16
58090 10
58100 5
58110 7
58120 7
58130 9
58140 9
58150 14
58160 11
58170 7
58180 10
58190 10
58200 15
58210 15
58220 14
58230 12
58240 14
58250 14
58260 16
58270 15
58280 10
58290 9
58300 6
58310 12
58320 9
58330 17
58340 13
58350 15
58360 5
58370 8
58380 15
58390 9
58400 13
58410 13
58420 8
58430 15
58440 11
58450 11
58460 14
58470 10
58480 12
58490 8
58500 7
58510 12
58520 13
58530 9
58540 17
58550 16
58560 8
58570 13
58580 9
58590 10
58600 12
58610 9
58620 7
58630 10
58640 9
58650 5
58660 9
58670 16
58680 5
58690 12
58700 5
58710 19
58720 7
58730 10
58740 10
58750 9
58760 5
58770 9
58780 16
58790 18
58800 10
58810 15
58820 5
58830 5
58840 7
58850 11
58860 9
58870 13
58880 14
58890 13
58900 15
58910 3
58920 6
58930 11
58940 16
58950 8
58960 14
58970 6
58980 13
58990 6
59000 8
59010 8
59020 7
59030 10
59040 8
59050 11
59060 6
59070 12
59080 10
59090 15
59100 15
59110 17
59120 6
59130 19
59140 10
59150 8
59160 9
59170 12
59180 19
59190 8
59200 14
59210 13
59220 18
59230 14
59240 9
59250 15
59260 8
59270 6
59280 8
59290 8
59300 5
59310 9
59320 6
59330 3
59340 16
59350 20
59360 7
59370 7
59380 12
59390 12
59400 13
59410 7
59420 12
59430 9
59440 5
59450 18
59460 18
59470 23
59480 5
59490 9
59500 13
59510 16
59520 11
59530 8
59540 13
59550 7
59560 17
59570 3
59580 18
59590 8
59600 9
59610 6
59620 17
59630 14
59640 9
59650 13
59660 10
59670 4
59680 7
59690 5
59700 8
59710 15
59720 9
59730 13
59740 12
59750 8
59760 20
59770 10
59780 11
59790 7
59800 12
59810 11
59820 13
59830 8
59840 9
59850 6
59860 18
59870 5
59880 10
59890 12
59900 8
59910 12
59920 8
59930 10
59940 7
59950 14
59960 14
59970 13
59980 8
59990 22
60000 18
60010 12
60020 13
60030 3
60040 7
60050 15
60060 8
60070 4
60080 10
60090 5
60100 6
60110 19
60120 5
60130 17
60140 6
60150 8
60160 16
60170 6
60180 5
60190 6
60200 6
60210 7
60220 8
60230 4
60240 2
60250 3
60260 5
60270 10
60280 0
60290 2
60300 4
60310 5
60320 6
60330 3
60340 9
60350 6
60360 5
60370 1
60380 4
60390 4
60400 7
60410 9
60420 2
60430 3
60440 4
60450 9
60460 2
60470 3
60480 5
60490 6
60500 8
60510 7
60520 2
60530 11
60540 6
60550 9
60560 9
60570 4
60580 6
60590 9
60600 4
60610 9
60620 9
60630 9
60640 9
60650 2
60660 3
60670 7
60680 2
60690 5
60700 5
60710 7
60720 2
60730 3
60740 3
60750 9
60760 6
60770 1
60780 12
60790 9
60800 4
60810 5
60820 4
60830 3
60840 6
60850 2
60860 4
60870 11
60880 4
60890 0
60900 11
60910 12
60920 9
60930 8
60940 13
60950 16
60960 15
60970 13
60980 19
60990 6
61000 15
61010 16
61020 12
61030 13
61040 10
61050 11
61060 8
61070 6
61080 5
61090 12
61100 5
61110 8
61120 7
61130 6
61140 8
61150 9
61160 25
61170 10
61180 6
61190 8
61200 11
61210 12
61220 5
61230 6
61240 8
61250 11
61260 7
61270 4
61280 7
61290 18
61300 11
61310 5
61320 9
61330 12
61340 7
61350 9
61360 5
61370 12
61380 13
61390 7
61400 12
61410 3
61420 5
61430 9
61440 2
61450 7
61460 5
61470 3
61480 11
61490 9
61500 6
61510 4
61520 12
61530 5
61540 7
61550 5
61560 5
61570 8
61580 8
61590 10
61600 8
61610 1
61620 4
61630 2
61640 4
61650 8
61660 2
61670 6
61680 4
61690 8
61700 8
61710 4
61720 4
61730 5
61740 9
61750 9
61760 5
61770 5
61780 7
61790 7
61800 5
61810 3
61820 8
61830 17
61840 17
61850 9
61860 5
61870 8
61880 6
61890 6
61900 8
61910 21
61920 12
61930 5
61940 16
61950 8
61960 15
61970 12
61980 10
61990 10
62000 16
62010 9
62020 10
62030 0
62040 7
62050 5
62060 10
62070 6
62080 6
62090 9
62100 18
62110 16
62120 11
62130 18
62140 20
62150 24
62160 9
62170 16
62180 9
62190 35
62200 8
62210 21
62220 13
62230 17
62240 6
62250 21
62260 18
62270 23
62280 15
62290 23
62300 6
62310 18
62320 12
62330 7
62340 13
62350 14
62360 12
62370 20
62380 21
62390 15
62400 18
62410 10
62420 18
62430 11
62440 10
62450 18
62460 20
62470 17
62480 21
62490 21
62500 22
62510 19
62520 25
62530 18
62540 28
62550 20
62560 23
62570 19
62580 23
62590 29
62600 27
62610 23
62620 24
62630 20
62640 23
62650 27
62660 13
62670 21
62680 16
62690 19
62700 26
62710 25
62720 10
62730 19
62740 14
62750 27
62760 25
62770 22
62780 19
62790 23
62800 26
62810 19
62820 17
62830 16
62840 15
62850 21
62860 8
62870 17
62880 17
62890 18
62900 27
62910 25
62920 19
62930 20
62940 22
62950 23
62960 25
62970 26
62980 17
62990 21
63000 17
63010 16
63020 18
63030 21
63040 20
63050 19
63060 26
63070 21
63080 22
63090 17
63100 12
63110 13
63120 13
63130 12
63140 12
63150 12
63160 8
63170 13
63180 17
63190 19
63200 11
63210 17
63220 12
63230 15
63240 24
63250 2
63260 9
63270 20
63280 22
63290 25
63300 18
63310 19
63320 21
63330 17
63340 9
63350 11
63360 22
63370 20
63380 14
63390 14
63400 16
63410 27
63420 21
63430 25
63440 9
63450 9
63460 3
63470 14
63480 9
63490 17
63500 17
63510 12
63520 1
63530 2
63540 0
63550 8
63560 14
63570 15
63580 8
63590 19
63600 23
63610 21
63620 9
63630 22
63640 30
63650 15
63660 16
63670 8
63680 19
63690 10
63700 12
63710 24
63720 20
63730 23
63740 21
63750 21
63760 18
63770 18
63780 5
63790 6
63800 21
63810 10
63820 17
63830 23
63840 16
63850 22
63860 11
63870 24
63880 10
63890 20
63900 12
63910 10
63920 12
63930 15
63940 8
63950 23
63960 16
63970 18
63980 13
63990 17
64000 12
64010 16
64020 15
64030 21
64040 17
64050 16
64060 3
64070 9
64080 17
64090 18
64100 10
64110 13
64120 9
64130 19
64140 4
64150 16
64160 9
64170 10
64180 12
64190 15
64200 13
64210 14
64220 16
64230 9
64240 16
64250 8
64260 17
64270 8
64280 5
64290 12
64300 14
64310 8
64320 8
64330 14
64340 15
64350 14
64360 22
64370 8
64380 14
64390 6
64400 12
64410 10
64420 11
64430 25
64440 19
64450 16
64460 21
64470 22
64480 13
64490 14
64500 15
64510 14
64520 16
64530 10
64540 20
64550 19
64560 5
64570 20
64580 12
64590 9
64600 7
64610 12
64620 10
64630 23
64640 10
64650 15
64660 17
64670 25
64680 9
64690 11
64700 5
64710 10
64720 19
64730 14
64740 20
64750 16
64760 8
64770 16
64780 13
64790 28
64800 5
64810 25
64820 13
64830 5
64840 23
64850 18
64860 14
64870 17
64880 18
64890 13
64900 15
64910 16
64920 10
64930 17
64940 15
64950 11
64960 11
64970 14
64980 9
64990 19
65000 14
65010 14
65020 6
65030 27
65040 23
65050 11
65060 15
65070 26
65080 22
65090 15
65100 11
65110 26
65120 21
65130 15
65140 17
65150 14
65160 15
65170 12
65180 17
65190 16
65200 13
65210 14
65220 15
65230 15
65240 12
65250 10
65260 12
65270 11
65280 17
65290 14
65300 14
65310 21
65320 12
65330 13
65340 13
65350 17
65360 15
65370 10
65380 18
65390 10
65400 11
65410 18
65420 22
65430 7
65440 14
65450 20
65460 6
65470 10
65480 24
65490 15
65500 17
65510 10
65520 5
65530 4
65540 20
65550 14
65560 10
65570 23
65580 18
65590 13
65600 11
65610 17
65620 9
65630 19
65640 17
65650 14
65660 6
65670 13
65680 19
65690 11
65700 18
65710 18
65720 7
65730 12
65740 13
65750 21
65760 13
65770 21
65780 25
65790 16
65800 12
65810 18
65820 16
65830 9
65840 29
65850 18
65860 27
65870 6
65880 23
65890 26
65900 9
65910 25
65920 13
65930 15
65940 18
65950 17
65960 15
65970 23
65980 18
65990 14
66000 10
66010 32
66020 24
66030 5
66040 26
66050 14
66060 12
66070 18
66080 12
66090 29
66100 13
66110 18
66120 19
66130 10
66140 21
66150 30
66160 28
66170 21
66180 16
66190 27
66200 28
66210 24
66220 26
66230 16
66240 14
66250 17
66260 11
66270 13
66280 20
66290 16
66300 14
66310 12
66320 17
66330 19
66340 13
66350 13
66360 12
66370 23
66380 17
66390 17
66400 10
66410 20
66420 19
66430 5
66440 19
66450 23
66460 10
66470 16
66480 10
66490 18
66500 18
66510 12
66520 20
66530 9
66540 11
66550 24
66560 13
66570 16
66580 17
66590 14
66600 14
66610 16
66620 19
66630 17
66640 18
66650 16
66660 16
66670 20
66680 25
66690 16
66700 16
66710 20
66720 20
66730 16
66740 16
66750 18
66760 9
66770 14
66780 14
66790 17
66800 15
66810 19
66820 15
66830 15
66840 21
66850 17
66860 11
66870 5
66880 5
66890 12
66900 8
66910 22
66920 20
66930 12
66940 19
66950 5
66960 19
66970 14
66980 13
66990 22
67000 12
67010 14
67020 12
67030 16
67040 10
67050 19
67060 12
67070 10
67080 9
67090 14
67100 16
67110 8
67120 12
67130 13
67140 13
67150 10
67160 19
67170 26
67180 15
67190 6
67200 26
67210 19
67220 20
67230 14
67240 17
67250 18
67260 22
67270 18
67280 23
67290 15
67300 16
67310 24
67320 14
67330 15
67340 16
67350 22
67360 15
67370 21
67380 24
67390 5
67400 17
67410 13
67420 18
67430 29
67440 19
67450 16
67460 15
67470 20
67480 20
67490 19
67500 11
67510 24
67520 25
67530 20
67540 19
67550 15
67560 25
67570 22
67580 23
67590 20
67600 11
67610 15
67620 15
67630 23
67640 21
67650 15
67660 18
67670 8
67680 16
67690 30
67700 18
67710 18
67720 20
67730 29
67740 26
67750 37
67760 18
67770 19
67780 28
67790 16
67800 22
67810 28
67820 24
67830 30
67840 20
67850 17
67860 31
67870 29
67880 22
67890 17
67900 23
67910 25
67920 19
67930 17
67940 21
67950 20
67960 9
67970 18
67980 18
67990 14
68000 16
68010 13
68020 8
68030 11
68040 14
68050 18
68060 23
68070 17
68080 22
68090 22
68100 18
68110 5
68120 11
68130 11
68140 10
68150 23
68160 4
68170 20
68180 22
68190 10
68200 15
68210 23
68220 24
68230 21
68240 20
68250 11
68260 19
68270 15
68280 16
68290 13
68300 19
68310 26
68320 26
68330 26
68340 30
68350 23
68360 29
68370 14
68380 30
68390 27
68400 24
68410 24
68420 7
68430 27
68440 29
68450 28
68460 22
68470 10
68480 17
68490 24
68500 14
68510 9
68520 24
68530 17
68540 17
68550 13
68560 28
68570 13
68580 11
68590 14
68600 14
68610 22
68620 17
68630 23
68640 17
68650 26
68660 25
68670 11
68680 30
68690 20
68700 27
68710 23
68720 15
68730 14
68740 31
68750 25
68760 17
68770 15
68780 6
68790 15
68800 4
68810 9
68820 6
68830 6
68840 18
68850 7
68860 20
68870 25
68880 4
68890 19
68900 4
68910 9
68920 9
68930 10
68940 13
68950 23
68960 16
68970 12
68980 27
68990 25
69000 23
69010 10
69020 13
69030 4
69040 18
69050 20
69060 17
69070 16
69080 15
69090 16
69100 14
69110 10
69120 11
69130 26
69140 10
69150 24
69160 8
69170 2
69180 12
69190 14
69200 17
69210 9
69220 11
69230 12
69240 14
69250 18
69260 12
69270 6
69280 9
69290 20
69300 25
69310 18
69320 10
69330 19
69340 15
69350 5
69360 24
69370 7
69380 11
69390 9
69400 5
69410 8
69420 16
69430 23
69440 10
69450 7
69460 29
69470 18
69480 27
69490 10
69500 16
69510 10
69520 8
69530 6
69540 20
69550 17
69560 17
69570 10
69580 12
69590 11
69600 21
69610 23
69620 16
69630 20
69640 14
69650 18
69660 16
69670 19
69680 11
69690 13
69700 11
69710 5
69720 23
69730 21
69740 20
69750 11
69760 20
69770 13
69780 18
69790 21
69800 8
69810 15
69820 8
69830 10
69840 24
69850 22
69860 20
69870 18
69880 19
69890 23
69900 12
69910 19
69920 19
69930 7
69940 26
69950 11
69960 16
69970 12
69980 13
69990 22
70000 9
70010 21
70020 12
70030 9
70040 15
70050 19
70060 10
70070 15
70080 14
70090 21
70100 17
70110 12
70120 22
70130 11
70140 11
70150 14
70160 16
70170 11
70180 10
70190 15
70200 9
70210 20
70220 20
70230 18
70240 18
70250 17
70260 6
70270 13
70280 16
70290 8
70300 15
70310 14
70320 19
70330 3
70340 13
70350 15
70360 17
70370 9
70380 11
70390 9
70400 9
70410 4
70420 14
70430 14
70440 2
70450 7
70460 6
70470 10
70480 18
70490 22
70500 13
70510 17
70520 10
70530 13
70540 11
70550 16
70560 11
70570 15
70580 14
70590 22
70600 6
70610 13
70620 14
70630 10
70640 7
70650 22
70660 8
70670 19
70680 5
70690 18
70700 16
70710 18
70720 18
70730 10
70740 12
70750 13
70760 16
70770 7
70780 17
70790 4
70800 13
70810 6
70820 18
70830 12
70840 12
70850 14
70860 10
70870 15
70880 10
70890 19
70900 15
70910 17
70920 11
70930 15
70940 19
70950 16
70960 18
70970 6
70980 15
70990 16
71000 10
71010 16
71020 15
71030 18
71040 20
71050 31
71060 25
71070 17
71080 18
71090 16
71100 21
71110 10
71120 22
71130 10
71140 11
71150 8
71160 18
71170 22
71180 16
71190 5
71200 6
71210 23
71220 6
71230 13
71240 5
71250 8
71260 3
71270 6
71280 15
71290 7
71300 7
71310 5
71320 5
71330 5
71340 3
71350 0
71360 11
71370 7
71380 5
71390 7
71400 12
71410 11
71420 9
71430 14
71440 14
71450 0
71460 0
71470 5
71480 8
71490 6
71500 10
71510 10
71520 27
71530 20
71540 23
71550 12
71560 16
71570 7
71580 3
71590 7
71600 1
71610 8
71620 2
71630 2
71640 8
71650 11
71660 13
71670 10
71680 4
71690 16
71700 6
71710 8
71720 11
71730 11
71740 4
71750 11
71760 0
71770 4
71780 12
71790 8
71800 7
71810 5
71820 13
71830 9
71840 6
71850 7
71860 6
71870 26
71880 10
71890 5
71900 2
71910 2
71920 5
71930 1
71940 5
71950 7
71960 8
71970 5
71980 1
71990 1
72000 3
72010 5
72020 5
72030 8
72040 11
72050 9
72060 7
72070 6
72080 13
72090 3
72100 4
72110 5
72120 8
72130 13
72140 6
72150 3
72160 2
72170 7
72180 5
72190 3
72200 3
72210 9
72220 1
72230 6
72240 4
72250 3
72260 7
72270 3
72280 1
72290 6
72300 10
72310 1
72320 8
72330 6
72340 1
72350 8
72360 0
72370 5
72380 3
72390 7
72400 8
72410 9
72420 10
72430 6
72440 13
72450 17
72460 17
72470 10
72480 19
72490 16
72500 12
72510 15
72520 14
72530 17
72540 17
72550 15
72560 2
72570 3
72580 9
72590 2
72600 2
72610 2
72620 0
72630 3
72640 3
72650 3
72660 1
72670 3
72680 1
72690 2
72700 6
72710 1
72720 7
72730 2
72740 0
72750 0
72760 1
72770 4
72780 2
72790 4
72800 2
72810 0
72820 1
72830 1
72840 2
72850 0
72860 5
72870 11
72880 4
72890 6
72900 2
72910 6
72920 3
72930 0
72940 5
72950 4
72960 4
72970 9
72980 1
72990 5
73000 3
73010 4
73020 8
73030 6
73040 9
73050 4
73060 3
73070 9
73080 6
73090 4
73100 8
73110 6
73120 8
73130 10
73140 6
73150 9
73160 6
73170 12
73180 4
73190 8
73200 2
73210 2
73220 7
73230 7
73240 1
73250 1
73260 8
73270 7
73280 7
73290 6
73300 12
73310 4
73320 10
73330 8
73340 4
73350 6
73360 6
73370 9
73380 5
73390 9
73400 4
73410 10
73420 5
73430 7
73440 5
73450 5
73460 7
73470 4
73480 4
73490 6
73500 6
73510 1
73520 2
73530 3
73540 11
73550 4
73560 5
73570 6
73580 1
73590 10
73600 8
73610 5
73620 7
73630 6
73640 9
73650 8
73660 13
73670 14
73680 14
73690 5
73700 9
73710 9
73720 7
73730 14
73740 11
73750 9
73760 7
73770 4
73780 8
73790 1
73800 13
73810 8
73820 12
73830 13
73840 10
73850 6
73860 7
73870 14
73880 8
73890 9
73900 31
73910 30
73920 29
73930 8
73940 20
73950 19
73960 9
73970 25
73980 22
73990 41
74000 11
74010 27
74020 31
74030 21
74040 30
74050 20
74060 13
74070 28
74080 25
74090 15
74100 35
74110 16
74120 8
74130 14
74140 25
74150 39
74160 23
74170 26
74180 11
74190 18
74200 18
74210 22
74220 27
74230 11
74240 11
74250 14
74260 17
74270 12
74280 11
74290 10
74300 9
74310 10
74320 12
74330 19
74340 19
74350 11
74360 12
74370 15
74380 12
74390 18
74400 15
74410 17
74420 19
74430 13
74440 18
74450 10
74460 8
74470 14
74480 15
74490 13
74500 19
74510 19
74520 12
74530 19
74540 21
74550 17
74560 16
74570 17
74580 18
74590 16
74600 18
74610 15
74620 19
74630 9
74640 8
74650 20
74660 13
74670 5
74680 16
74690 18
74700 23
74710 25
74720 13
74730 19
74740 13
74750 16
74760 19
74770 19
74780 14
74790 17
74800 9
74810 19
74820 15
74830 6
74840 10
74850 12
74860 12
74870 12
74880 29
74890 20
74900 20
74910 19
74920 18
74930 14
74940 12
74950 12
74960 14
74970 13
74980 13
74990 15
75000 17
75010 13
75020 6
75030 9
75040 18
75050 11
75060 22
75070 21
75080 20
75090 16
75100 15
75110 16
75120 13
75130 17
75140 15
75150 16
75160 15
75170 18
75180 2
75190 14
75200 3
75210 3
75220 9
75230 11
75240 10
75250 5
75260 16
75270 13
75280 12
75290 17
75300 14
75310 7
75320 13
75330 15
75340 7
75350 11
75360 14
75370 12
75380 11
75390 7
75400 9
75410 14
75420 12
75430 14
75440 16
75450 11
75460 21
75470 21
75480 13
75490 12
75500 12
75510 22
75520 15
75530 11
75540 7
75550 8
75560 12
75570 21
75580 13
75590 14
75600 19
75610 16
75620 6
75630 19
75640 23
75650 11
75660 15
75670 6
75680 15
75690 18
75700 8
75710 16
75720 12
75730 10
75740 14
75750 17
75760 13
75770 14
75780 8
75790 14
75800 12
75810 22
75820 13
75830 18
75840 14
75850 12
75860 14
75870 14
75880 14
75890 19
75900 11
75910 16
75920 10
75930 20
75940 17
75950 20
75960 17
75970 20
75980 20
75990 13
76000 17
76010 18
76020 15
76030 11
76040 12
76050 12
76060 13
76070 14
76080 17
76090 17
76100 18
76110 23
76120 19
76130 21
76140 22
76150 17
76160 20
76170 21
76180 19
76190 12
76200 22
76210 20
76220 18
76230 18
76240 21
76250 18
76260 15
76270 15
76280 18
76290 17
76300 24
76310 23
76320 16
76330 15
76340 16
76350 27
76360 14
76370 19
76380 10
76390 17
76400 16
76410 20
76420 19
76430 18
76440 19
76450 17
76460 16
76470 14
76480 21
76490 4
76500 17
76510 12
76520 14
76530 15
76540 14
76550 15
76560 10
76570 10
76580 14
76590 13
76600 14
76610 13
76620 4
76630 13
76640 15
76650 9
76660 9
76670 9
76680 11
76690 14
76700 16
76710 15
76720 12
76730 6
76740 17
76750 13
76760 9
76770 5
76780 12
76790 17
76800 12
76810 16
76820 11
76830 8
76840 20
76850 13
76860 15
76870 15
76880 16
76890 13
76900 12
76910 11
76920 9
76930 11
76940 13
76950 13
76960 17
76970 10
76980 12
76990 11
77000 8
77010 13
77020 12
77030 12
77040 11
77050 10
77060 12
77070 7
77080 15
77090 10
77100 11
77110 10
77120 20
77130 12
77140 12
77150 17
77160 7
77170 15
77180 15
77190 13
77200 7
77210 18
77220 12
77230 15
77240 7
77250 9
77260 15
77270 12
77280 14
77290 13
77300 3
77310 6
77320 7
77330 10
77340 6
77350 11
77360 14
77370 8
77380 3
77390 8
77400 0
77410 3
77420 6
77430 0
77440 8
77450 13
77460 0
77470 1
77480 11
77490 13
77500 8
77510 13
77520 5
77530 12
77540 16
77550 8
77560 8
77570 12
77580 20
77590 8
77600 10
77610 12
77620 11
77630 12
77640 9
77650 11
77660 16
77670 12
77680 8
77690 9
77700 12
77710 8
77720 4
77730 11
77740 5
77750 6
77760 12
77770 8
77780 8
77790 12
77800 14
77810 5
77820 6
77830 8
77840 8
77850 14
77860 13
77870 9
77880 13
77890 14
77900 11
77910 11
77920 13
77930 15
77940 11
77950 3
77960 6
77970 11
77980 12
77990 8
78000 12
78010 12
78020 16
78030 12
78040 13
78050 10
78060 9
78070 18
78080 13
78090 13
78100 20
78110 16
78120 18
78130 21
78140 17
78150 6
78160 9
78170 16
78180 9
78190 7
78200 12
78210 12
78220 5
78230 12
78240 12
78250 13
78260 10
78270 12
78280 9
78290 8
78300 13
78310 14
78320 14
78330 7
78340 13
78350 7
78360 17
78370 13
78380 12
78390 9
78400 17
78410 19
78420 11
78430 12
78440 11
78450 3
78460 7
78470 10
78480 7
78490 14
78500 12
78510 14
78520 14
78530 13
78540 28
78550 12
78560 12
78570 17
78580 15
78590 11
78600 7
78610 6
78620 8
78630 6
78640 12
78650 3
78660 8
78670 13
78680 8
78690 4
78700 3
78710 8
78720 10
78730 4
78740 9
78750 9
78760 12
78770 8
78780 10
78790 19
78800 18
78810 19
78820 21
78830 21
78840 16
78850 10
78860 14
78870 12
78880 12
78890 15
78900 19
78910 17
78920 9
78930 18
78940 22
78950 12
78960 10
78970 7
78980 11
78990 6
79000 11
79010 11
79020 10
79030 5
79040 11
79050 18
79060 15
79070 12
79080 11
79090 5
79100 11
79110 12
79120 10
79130 21
79140 16
79150 9
79160 5
79170 7
79180 4
79190 8
79200 11
79210 5
79220 7
79230 7
79240 8
79250 6
79260 10
79270 12
79280 6
79290 10
79300 8
79310 11
79320 11
79330 14
79340 15
79350 10
79360 15
79370 12
79380 19
79390 15
79400 18
79410 20
79420 16
79430 16
79440 23
79450 13
79460 15
79470 19
79480 18
79490 27
79500 18
79510 31
79520 16
79530 19
79540 10
79550 23
79560 10
79570 16
79580 12
79590 15
79600 14
79610 18
79620 16
79630 15
79640 11
79650 14
79660 15
79670 12
79680 11
79690 14
79700 12
79710 16
79720 9
79730 13
79740 11
79750 13
79760 8
79770 9
79780 4
79790 0
79800 0
79810 14
79820 3
79830 4
79840 9
79850 9
79860 12
79870 8
79880 11
79890 9
79900 11
79910 12
79920 9
79930 10
79940 10
79950 9
79960 11
79970 14
79980 17
79990 18
80000 7
80010 11
80020 13
80030 10
80040 11
80050 16
80060 19
80070 16
80080 12
80090 14
80100 13
80110 13
80120 11
80130 9
80140 13
80150 6
80160 12
80170 11
80180 22
80190 13
80200 23
80210 12
80220 15
80230 15
80240 12
80250 10
80260 9
80270 8
80280 15
80290 12
80300 10
80310 16
80320 10
80330 11
80340 17
80350 17
80360 18
80370 13
80380 16
80390 12
80400 21
80410 20
80420 22
80430 16
80440 16
80450 12
80460 11
80470 6
80480 13
80490 15
80500 12
80510 14
80520 11
80530 17
80540 17
80550 4
80560 20
80570 11
80580 16
80590 9
80600 14
80610 13
80620 16
80630 3
80640 10
80650 12
80660 4
80670 3
80680 13
80690 2
80700 9
80710 7
80720 9
80730 11
80740 14
80750 11
80760 9
80770 12
80780 4
80790 11
80800 13
80810 6
80820 4
80830 8
80840 5
80850 16
80860 11
80870 8
80880 9
80890 9
80900 9
80910 8
80920 7
80930 10
80940 10
80950 1
80960 4
80970 6
80980 6
80990 11
81000 3
81010 12
81020 11
81030 5
81040 14
81050 2
81060 8
81070 7
81080 10
81090 11
81100 18
81110 17
81120 15
81130 11
81140 2
81150 14
81160 14
81170 4
81180 7
81190 10
81200 1
81210 12
81220 4
81230 12
81240 17
81250 17
81260 5
81270 3
81280 2
81290 7
81300 3
81310 4
81320 15
81330 11
81340 18
81350 16
81360 8
81370 5
81380 9
81390 8
81400 5
81410 4
81420 9
81430 13
81440 12
81450 8
81460 13
81470 9
81480 0
81490 8
81500 8
81510 13
81520 7
81530 13
81540 7
81550 11
81560 11
81570 13
81580 6
81590 10
81600 10
81610 10
81620 7
81630 13
81640 13
81650 14
81660 13
81670 8
81680 10
81690 11
81700 12
81710 12
81720 13
81730 13
81740 9
81750 9
81760 13
81770 9
81780 13
81790 13
81800 14
81810 13
81820 14
81830 11
81840 7
81850 14
81860 11
81870 15
81880 11
81890 5
81900 7
81910 9
81920 6
81930 13
81940 14
81950 8
81960 5
81970 11
81980 10
81990 13
82000 17
82010 13
82020 14
82030 16
82040 12
82050 13
82060 7
82070 5
82080 9
82090 13
82100 4
82110 10
82120 8
82130 9
82140 11
82150 7
82160 4
82170 13
82180 9
82190 6
82200 1
82210 6
82220 11
82230 8
82240 4
82250 8
82260 15
82270 15
82280 13
82290 5
82300 10
82310 11
82320 10
82330 9
82340 13
82350 5
82360 8
82370 14
82380 10
82390 15
82400 11
82410 16
82420 14
82430 13
82440 8
82450 13
82460 12
82470 14
82480 16
82490 19
82500 16
82510 6
82520 18
82530 8
82540 19
82550 21
82560 17
82570 13
82580 22
82590 22
82600 7
82610 19
82620 18
82630 26
82640 20
82650 11
82660 21
82670 22
82680 20
82690 16
82700 16
82710 19
82720 19
82730 17
82740 24
82750 12
82760 3
82770 20
82780 18
82790 15
82800 16
82810 24
82820 16
82830 15
82840 14
82850 21
82860 24
82870 16
82880 17
82890 16
82900 20
82910 13
82920 22
82930 12
82940 20
82950 25
82960 20
82970 23
82980 14
82990 9
83000 14
83010 16
83020 27
83030 18
83040 15
83050 14
83060 10
83070 16
83080 13
83090 15
83100 13
83110 17
83120 15
83130 14
83140 13
83150 11
83160 12
83170 14
83180 14
83190 16
83200 12
83210 10
83220 5
83230 15
83240 12
83250 17
83260 20
83270 10
83280 11
83290 13
83300 12
83310 14
83320 10
83330 20
83340 17
83350 9
83360 12
83370 8
83380 7
83390 15
83400 15
83410 11
83420 17
83430 15
83440 15
83450 15
83460 16
83470 19
83480 6
83490 26
83500 16
83510 13
83520 17
83530 9
83540 9
83550 6
83560 13
83570 11
83580 13
83590 11
83600 17
83610 18
83620 24
83630 23
83640 27
83650 14
83660 18
83670 19
83680 10
83690 14
83700 13
83710 9
83720 16
83730 14
83740 6
83750 9
83760 14
83770 12
83780 10
83790 29
83800 23
83810 12
83820 16
83830 26
83840 26
83850 11
83860 9
83870 15
83880 12
83890 18
83900 17
83910 18
83920 14
83930 14
83940 14
83950 10
83960 18
83970 12
83980 14
83990 22
84000 16
84010 15
84020 6
84030 9
84040 15
84050 14
84060 3
84070 10
84080 18
84090 10
84100 17
84110 15
84120 21
84130 15
84140 19
84150 23
84160 16
84170 25
84180 18
84190 8
84200 17
84210 20
84220 28
84230 17
84240 17
84250 16
84260 20
84270 9
84280 7
84290 4
84300 4
84310 10
84320 12
84330 13
84340 5
84350 12
84360 13
84370 15
84380 13
84390 6
84400 9
84410 13
84420 12
84430 14
84440 13
84450 4
84460 15
84470 11
84480 6
84490 10
84500 9
84510 7
84520 11
84530 16
84540 10
84550 14
84560 16
84570 10
84580 10
84590 7
84600 8
84610 6
84620 12
84630 7
84640 8
84650 15
84660 10
84670 13
84680 9
84690 9
84700 10
84710 11
84720 17
84730 8
84740 15
84750 6
84760 13
84770 8
84780 7
84790 5
84800 15
84810 12
84820 17
84830 13
84840 8
84850 15
84860 6
84870 13
84880 12
84890 7
84900 11
84910 12
84920 12
84930 12
84940 0
84950 11
84960 15
84970 9
84980 14
84990 7
85000 12
85010 10
85020 14
85030 11
85040 11
85050 15
85060 19
85070 18
85080 13
85090 13
85100 8
85110 11
85120 13
85130 5
85140 14
85150 7
85160 13
85170 10
85180 4
85190 11
85200 17
85210 25
85220 8
85230 8
85240 18
85250 24
85260 22
85270 20
85280 28
85290 12
85300 16
85310 16
85320 20
85330 6
85340 8
85350 9
85360 14
85370 12
85380 17
85390 11
85400 14
85410 14
85420 19
85430 19
85440 24
85450 18
85460 9
85470 14
85480 8
85490 10
85500 16
85510 18
85520 11
85530 18
85540 5
85550 18
85560 15
85570 12
85580 17
85590 15
85600 12
85610 6
85620 15
85630 13
85640 12
85650 15
85660 10
85670 16
85680 9
85690 10
85700 8
85710 18
85720 9
85730 15
85740 16
85750 6
85760 12
85770 15
85780 10
85790 11
85800 18
85810 9
85820 16
85830 16
85840 11
85850 9
85860 15
85870 15
85880 10
85890 11
85900 17
85910 15
85920 13
85930 7
85940 13
85950 6
85960 11
85970 17
85980 11
85990 14
86000 11
86010 14
86020 14
86030 19
86040 16
86050 12
86060 7
86070 8
86080 15
86090 15
86100 12
86110 11
86120 18
86130 17
86140 6
86150 8
86160 14
86170 9
86180 14
86190 9
86200 16
86210 12
86220 9
86230 4
86240 14
86250 11
86260 12
86270 15
86280 7
86290 16
86300 15
86310 3
86320 14
86330 9
86340 13
86350 13
86360 4
86370 9
86380 10
86390 15
86400 13
86410 6
86420 14
86430 18
86440 15
86450 16
86460 10
86470 9
86480 15
86490 10
86500 20
86510 8
86520 15
86530 19
86540 20
86550 23
86560 19
86570 18
86580 12
86590 15
86600 21
86610 14
86620 13
86630 20
86640 14
86650 12
86660 15
86670 8
86680 9
86690 14
86700 14
86710 20
86720 16
86730 22
86740 15
86750 17
86760 17
86770 17
86780 16
86790 20
86800 13
86810 15
86820 7
86830 10
86840 6
86850 6
86860 8
86870 6
86880 18
86890 19
86900 17
86910 10
86920 21
86930 12
86940 17
86950 6
86960 15
86970 11
86980 12
86990 11
87000 17
87010 18
87020 9
87030 15
87040 20
87050 17
87060 10
87070 14
87080 12
87090 13
87100 14
87110 16
87120 11
87130 18
87140 15
87150 12
87160 8
87170 16
87180 10
87190 8
87200 4
87210 12
87220 10
87230 11
87240 14
87250 9
87260 20
87270 11
87280 12
87290 14
87300 13
87310 6
87320 10
87330 8
87340 14
87350 9
87360 11
87370 13
87380 10
87390 16
87400 14
87410 14
87420 9
87430 8
87440 10
87450 5
87460 12
87470 11
87480 8
87490 5
87500 10
87510 19
87520 4
87530 9
87540 14
87550 9
87560 10
87570 10
87580 9
87590 15
87600 8
87610 5
87620 15
87630 13
87640 10
87650 16
87660 17
87670 11
87680 9
87690 11
87700 10
87710 13
87720 10
87730 11
87740 14
87750 8
87760 14
87770 17
87780 12
87790 9
87800 10
87810 7
87820 9
87830 7
87840 6
87850 7
87860 11
87870 5
87880 9
87890 11
87900 12
87910 11
87920 12
87930 15
87940 13
87950 12
87960 12
87970 12
87980 11
87990 17
88000 8
88010 13
88020 5
88030 16
88040 11
88050 11
88060 13
88070 16
88080 14
88090 12
88100 12
88110 13
88120 10
88130 16
88140 12
88150 13
88160 7
88170 5
88180 7
88190 11
88200 9
88210 7
88220 10
88230 23
88240 9
88250 14
88260 16
88270 12
88280 9
88290 16
88300 13
88310 17
88320 17
88330 14
88340 14
88350 16
88360 16
88370 13
88380 15
88390 16
88400 18
88410 13
88420 12
88430 14
88440 23
88450 15
88460 14
88470 19
88480 10
88490 14
88500 12
88510 6
88520 7
88530 14
88540 19
88550 10
88560 11
88570 12
88580 16
88590 14
88600 17
88610 8
88620 7
88630 12
88640 13
88650 10
88660 13
88670 15
88680 8
88690 1
88700 1
88710 8
88720 14
88730 8
88740 14
88750 14
88760 10
88770 13
88780 8
88790 12
88800 10
88810 17
88820 12
88830 20
88840 11
88850 13
88860 12
88870 11
88880 10
88890 14
88900 1
88910 12
88920 5
88930 4
88940 11
88950 15
88960 12
88970 12
88980 16
88990 16
89000 15
89010 18
89020 13
89030 15
89040 14
89050 14
89060 3
89070 0
89080 3
89090 11
89100 9
89110 16
89120 14
89130 11
89140 7
89150 9
89160 12
89170 14
89180 11
89190 14
89200 11
89210 7
89220 20
89230 9
89240 13
89250 10
89260 6
89270 16
89280 14
89290 14
89300 16
89310 14
89320 17
89330 9
89340 13
89350 14
89360 11
89370 13
89380 5
89390 7
89400 7
89410 11
89420 4
89430 9
89440 2
89450 13
89460 10
89470 9
89480 17
89490 15
89500 8
89510 12
89520 7
89530 7
89540 12
89550 13
89560 3
89570 14
89580 10
89590 7
89600 9
89610 14
89620 13
89630 11
89640 9
89650 16
89660 13
89670 13
89680 15
89690 13
89700 14
89710 10
89720 11
89730 9
89740 13
89750 11
89760 17
89770 15
89780 17
89790 14
89800 10
89810 9
89820 5
89830 16
89840 10
89850 11
89860 12
89870 20
89880 6
89890 11
89900 9
89910 13
89920 11
89930 7
89940 13
89950 13
89960 13
89970 8
89980 15
89990 10
90000 16
90010 22
90020 17
90030 18
90040 16
90050 20
90060 17
90070 13
90080 13
90090 14
90100 8
90110 16
90120 6
90130 14
90140 5
90150 14
90160 9
90170 13
90180 2
90190 5
90200 7
90210 10
90220 3
90230 5
90240 9
90250 4
90260 5
90270 3
90280 4
90290 12
90300 7
90310 8
90320 12
90330 12
90340 4
90350 5
90360 6
90370 7
90380 6
90390 13
90400 9
90410 11
90420 6
90430 7
90440 8
90450 8
90460 10
90470 10
90480 3
90490 8
90500 7
90510 11
90520 8
90530 13
90540 14
90550 5
90560 8
90570 8
90580 10
90590 12
90600 5
90610 8
90620 11
90630 6
90640 18
90650 8
90660 8
90670 7
90680 5
90690 5
90700 8
90710 6
90720 4
90730 9
90740 6
90750 6
90760 5
90770 4
90780 6
90790 7
90800 7
90810 4
90820 9
90830 5
90840 9
90850 6
90860 8
90870 6
90880 6
90890 6
90900 6
90910 7
90920 7
90930 4
90940 5
90950 8
90960 2
90970 6
90980 7
90990 9
91000 8
91010 4
91020 6
91030 11
91040 8
91050 4
91060 4
91070 6
91080 6
91090 4
91100 4
91110 7
91120 7
91130 6
91140 5
91150 11
91160 7
91170 7
91180 6
91190 11
91200 8
91210 9
91220 8
91230 7
91240 5
91250 7
91260 9
91270 6
91280 8
91290 7
91300 8
91310 4
91320 4
91330 6
91340 6
91350 7
91360 6
91370 8
91380 5
91390 8
91400 5
91410 8
91420 13
91430 8
91440 4
91450 6
91460 3
91470 2
91480 4
91490 7
91500 2
91510 5
91520 7
91530 3
91540 12
91550 10
91560 6
91570 6
91580 9
91590 10
91600 5
91610 6
91620 9
91630 7
91640 5
91650 10
91660 9
91670 12
91680 5
91690 4
91700 0
91710 6
91720 6
91730 5
91740 2
91750 4
91760 0
91770 0
91780 0
91790 0
91800 0
91810 0
91820 0
91830 0
91840 0
91850 0
91860 0
91870 0
91880 0
91890 0
91900 0
91910 0
91920 0
91930 0
91940 0
91950 0
91960 0
91970 0
91980 0
91990 0
92000 0
92010 0
92020 0
92030 0
92040 0
92050 0
92060 0
92070 0
92080 0
92090 0
92100 0
92110 0
92120 0
92130 0
92140 0
92150 0
92160 0
92170 0
92180 0
92190 0
92200 0
92210 0
92220 0
92230 0
92240 0
92250 0
92260 0
92270 0
92280 0
92290 0
92300 0
92310 0
92320 0
92330 0
92340 0
92350 0
92360 0
92370 2
92380 3
92390 1
92400 4
92410 3
92420 13
92430 11
92440 17
92450 4
92460 5
92470 8
92480 1
92490 7
92500 6
92510 4
92520 16
92530 10
92540 14
92550 18
92560 24
92570 16
92580 12
92590 7
92600 12
92610 15
92620 16
92630 13
92640 14
92650 16
92660 13
92670 14
92680 14
92690 15
92700 13
92710 21
92720 5
92730 10
92740 12
92750 17
92760 18
92770 15
92780 8
92790 16
92800 10
92810 5
92820 11
92830 9
92840 9
92850 2
92860 10
92870 9
92880 8
92890 6
92900 9
92910 13
92920 10
92930 5
92940 7
92950 9
92960 2
92970 7
92980 9
92990 11
93000 10
93010 9
93020 6
93030 14
93040 14
93050 23
93060 7
93070 21
93080 17
93090 24
93100 16
93110 10
93120 8
93130 5
93140 14
93150 5
93160 8
93170 13
93180 16
93190 14
93200 11
93210 16
93220 16
93230 21
93240 12
93250 5
93260 7
93270 12
93280 11
93290 20
93300 3
93310 8
93320 9
93330 4
93340 4
93350 9
93360 8
93370 10
93380 13
93390 7
93400 2
93410 6
93420 8
93430 0
93440 2
93450 6
93460 6
93470 6
93480 4
93490 7
93500 12
93510 11
93520 5
93530 19
93540 14
93550 12
93560 8
93570 15
93580 10
93590 19
93600 18
93610 14
93620 7
93630 13
93640 8
93650 11
93660 7
93670 6
93680 7
93690 12
93700 11
93710 5
93720 12
93730 11
93740 12
93750 16
93760 15
93770 18
93780 13
93790 16
93800 10
93810 7
93820 11
93830 18
93840 11
93850 20
93860 18
93870 9
93880 9
93890 10
93900 6
93910 12
93920 9
93930 21
93940 10
93950 11
93960 18
93970 11
93980 15
93990 10
94000 16
94010 15
94020 19
94030 24
94040 14
94050 20
94060 16
94070 10
94080 21
94090 12
94100 11
94110 14
94120 14
94130 11
94140 13
94150 4
94160 5
94170 1
94180 0
94190 4
94200 2
94210 1
94220 4
94230 0
94240 4
94250 13
94260 8
94270 0
94280 4
94290 4
94300 6
94310 19
94320 16
94330 11
94340 19
94350 12
94360 15
94370 21
94380 18
94390 12
94400 15
94410 13
94420 20
94430 20
94440 20
94450 21
94460 21
94470 23
94480 19
94490 20
94500 22
94510 20
94520 14
94530 19
94540 6
94550 16
94560 14
94570 12
94580 13
94590 12
94600 13
94610 15
94620 11
94630 18
94640 15
94650 9
94660 16
94670 26
94680 13
94690 16
94700 12
94710 7
94720 6
94730 12
94740 20
94750 19
94760 13
94770 18
94780 18
94790 11
94800 12
94810 10
94820 4
94830 15
94840 17
94850 13
94860 17
94870 14
94880 7
94890 18
94900 11
94910 14
94920 6
94930 14
94940 9
94950 4
94960 10
94970 12
94980 14
94990 8
95000 11
95010 7
95020 12
95030 11
95040 7
95050 5
95060 2
95070 10
95080 15
95090 12
95100 4
95110 13
95120 12
95130 18
95140 18
95150 13
95160 8
95170 13
95180 10
95190 9
95200 14
95210 13
95220 11
95230 11
95240 16
95250 19
95260 13
95270 6
95280 5
95290 14
95300 9
95310 16
95320 17
95330 14
95340 14
95350 14
95360 23
95370 15
95380 20
95390 10
95400 16
95410 12
95420 17
95430 22
95440 10
95450 15
95460 15
95470 15
95480 10
95490 7
95500 15
95510 12
95520 14
95530 23
95540 10
95550 19
95560 15
95570 18
95580 15
95590 11
95600 23
95610 13
95620 8
95630 9
95640 18
95650 3
95660 19
95670 16
95680 16
95690 18
95700 15
95710 16
95720 10
95730 17
95740 12
95750 9
95760 21
95770 16
95780 3
95790 7
95800 20
95810 17
95820 16
95830 24
95840 14
95850 25
95860 19
95870 16
95880 16
95890 21
95900 24
95910 7
95920 5
95930 30
95940 26
95950 23
95960 20
95970 17
95980 14
95990 18
96000 11
96010 13
96020 13
96030 25
96040 19
96050 10
96060 22
96070 14
96080 15
96090 10
96100 19
96110 14
96120 10
96130 21
96140 4
96150 24
96160 34
96170 6
96180 17
96190 18
96200 10
96210 16
96220 9
96230 22
96240 17
96250 14
96260 6
96270 6
96280 20
96290 9
96300 10
96310 20
96320 9
96330 19
96340 7
96350 10
96360 11
96370 4
96380 19
96390 23
96400 26
96410 25
96420 8
96430 6
96440 10
96450 21
96460 19
96470 16
96480 28
96490 18
96500 14
96510 15
96520 14
96530 18
96540 10
96550 14
96560 27
96570 13
96580 20
96590 10
96600 20
96610 19
96620 8
96630 16
96640 9
96650 9
96660 4
96670 16
96680 7
96690 12
96700 18
96710 18
96720 20
96730 14
96740 13
96750 19
96760 24
96770 17
96780 18
96790 19
96800 21
96810 23
96820 11
96830 12
96840 14
96850 13
96860 20
96870 15
96880 11
96890 15
96900 11
96910 21
96920 11
96930 15
96940 17
96950 11
96960 15
96970 18
96980 15
96990 13
97000 14
97010 19
97020 17
97030 20
97040 22
97050 12
97060 12
97070 10
97080 14
97090 13
97100 12
97110 19
97120 13
97130 14
97140 5
97150 19
97160 23
97170 17
97180 14
97190 14
97200 16
97210 15
97220 23
97230 12
97240 25
97250 21
97260 17
97270 20
97280 22
97290 16
97300 15
97310 10
97320 19
97330 15
97340 28
97350 13
97360 21
97370 22
97380 26
97390 23
97400 19
97410 17
97420 9
97430 23
97440 13
97450 17
97460 19
97470 19
97480 16
97490 22
97500 25
97510 21
97520 18
97530 20
97540 17
97550 23
97560 12
97570 29
97580 25
97590 18
97600 26
97610 20
97620 13
97630 29
97640 20
97650 12
97660 15
97670 21
97680 12
97690 22
97700 13
97710 22
97720 26
97730 28
97740 39
97750 18
97760 26
97770 29
97780 29
97790 24
97800 14
97810 15
97820 18
97830 20
97840 22
97850 13
97860 20
97870 17
97880 23
97890 28
97900 26
97910 18
97920 31
97930 18
97940 29
97950 26
97960 27
97970 16
97980 15
97990 24
98000 17
98010 17
98020 27
98030 23
98040 23
98050 19
98060 22
98070 28
98080 18
98090 17
98100 24
98110 19
98120 21
98130 22
98140 23
98150 21
98160 22
98170 30
98180 21
98190 12
98200 26
98210 19
98220 28
98230 26
98240 16
98250 28
98260 36
98270 24
98280 27
98290 28
98300 22
98310 25
98320 19
98330 26
98340 18
98350 28
98360 20
98370 23
98380 23
98390 31
98400 24
98410 19
98420 29
98430 23
98440 30
98450 27
98460 22
98470 21
98480 24
98490 21
98500 13
98510 9
98520 13
98530 18
98540 22
98550 16
98560 15
98570 18
98580 13
98590 23
98600 18
98610 17
98620 18
98630 15
98640 21
98650 19
98660 19
98670 12
98680 16
98690 16
98700 19
98710 15
98720 18
98730 17
98740 16
98750 21
98760 13
98770 15
98780 12
98790 9
98800 11
98810 14
98820 14
98830 7
98840 8
98850 14
98860 12
98870 6
98880 0
98890 13
98900 7
98910 7
98920 6
98930 8
98940 9
98950 7
98960 6
98970 5
98980 5
98990 4
99000 2
99010 0
99020 2
99030 5
99040 2
99050 5
99060 0
99070 7
99080 6
99090 1
99100 10
99110 3
99120 16
99130 15
99140 15
99150 15
99160 13
99170 7
99180 15
99190 8
99200 5
99210 17
99220 17
99230 12
99240 19
99250 13
99260 4
99270 16
99280 14
99290 12
99300 9
99310 13
99320 6
99330 16
99340 17
99350 9
99360 9
99370 4
99380 2
99390 22
99400 3
99410 4
99420 1
99430 2
99440 4
99450 12
99460 11
99470 7
99480 12
99490 0
99500 0
99510 6
99520 9
99530 12
99540 8
99550 8
99560 10
99570 7
99580 2
99590 10
99600 6
99610 10
99620 12
99630 14
99640 12
99650 3
99660 0
99670 3
99680 4
99690 3
99700 4
99710 0
99720 9
99730 7
99740 2
99750 4
99760 7
99770 5
99780 13
99790 7
99800 10
99810 6
99820 12
99830 17
99840 6
99850 10
99860 14
99870 14
99880 8
99890 7
99900 16
99910 11
99920 11
99930 10
99940 12
99950 12
99960 12
99970 9
99980 13
99990 6
