# Frame Contacts
30000 0
30010 0
30020 0
30030 0
30040 0
30050 0
30060 0
30070 0
30080 0
30090 0
30100 0
30110 0
30120 0
30130 0
30140 0
30150 0
30160 0
30170 0
30180 0
30190 0
30200 0
30210 0
30220 0
30230 0
30240 0
30250 0
30260 0
30270 0
30280 0
30290 0
30300 0
30310 0
30320 0
30330 0
30340 0
30350 0
30360 0
30370 0
30380 0
30390 0
30400 0
30410 0
30420 0
30430 0
30440 0
30450 0
30460 0
30470 0
30480 0
30490 0
30500 0
30510 0
30520 0
30530 0
30540 0
30550 0
30560 0
30570 0
30580 0
30590 0
30600 0
30610 0
30620 0
30630 0
30640 0
30650 0
30660 0
30670 0
30680 0
30690 0
30700 0
30710 0
30720 0
30730 0
30740 0
30750 0
30760 0
30770 0
30780 0
30790 0
30800 0
30810 0
30820 0
30830 0
30840 0
30850 0
30860 0
30870 0
30880 0
30890 0
30900 0
30910 0
30920 0
30930 0
30940 0
30950 0
30960 0
30970 0
30980 0
30990 0
31000 0
31010 0
31020 0
31030 0
31040 0
31050 0
31060 0
31070 0
31080 0
31090 0
31100 0
31110 0
31120 0
31130 0
31140 0
31150 0
31160 0
31170 0
31180 0
31190 0
31200 0
31210 0
31220 0
31230 0
31240 0
31250 0
31260 0
31270 0
31280 0
31290 0
31300 0
31310 0
31320 0
31330 0
31340 0
31350 0
31360 0
31370 0
31380 0
31390 0
31400 0
31410 0
31420 0
31430 0
31440 0
31450 0
31460 0
31470 0
31480 0
31490 0
31500 0
31510 0
31520 0
31530 0
31540 0
31550 0
31560 0
31570 0
31580 0
31590 0
31600 0
31610 0
31620 0
31630 0
31640 0
31650 0
31660 0
31670 0
31680 0
31690 0
31700 0
31710 0
31720 0
31730 0
31740 0
31750 0
31760 0
31770 0
31780 0
31790 0
31800 0
31810 0
31820 0
31830 0
31840 0
31850 0
31860 0
31870 0
31880 0
31890 0
31900 0
31910 0
31920 0
31930 0
31940 0
31950 0
31960 0
31970 0
31980 0
31990 0
32000 0
32010 0
32020 0
32030 0
32040 0
32050 0
32060 0
32070 0
32080 0
32090 0
32100 0
32110 0
32120 0
32130 0
32140 0
32150 0
32160 0
32170 0
32180 0
32190 0
32200 0
32210 0
32220 0
32230 0
32240 0
32250 0
32260 0
32270 0
32280 0
32290 0
32300 0
32310 0
32320 0
32330 0
32340 0
32350 0
32360 0
32370 0
32380 0
32390 0
32400 0
32410 0
32420 0
32430 0
32440 0
32450 0
32460 0
32470 0
32480 0
32490 0
32500 0
32510 0
32520 0
32530 0
32540 0
32550 0
32560 0
32570 0
32580 0
32590 0
32600 0
32610 1
32620 4
32630 2
32640 0
32650 0
32660 5
32670 3
32680 10
32690 15
32700 12
32710 12
32720 6
32730 7
32740 13
32750 16
32760 10
32770 13
32780 0
32790 0
32800 0
32810 11
32820 11
32830 7
32840 0
32850 0
32860 0
32870 0
32880 0
32890 0
32900 0
32910 0
32920 0
32930 0
32940 0
32950 0
32960 0
32970 0
32980 0
32990 0
33000 0
33010 0
33020 0
33030 0
33040 0
33050 0
33060 0
33070 0
33080 0
33090 0
33100 0
33110 0
33120 0
33130 0
33140 0
33150 0
33160 0
33170 0
33180 0
33190 0
33200 0
33210 0
33220 0
33230 0
33240 0
33250 0
33260 0
33270 0
33280 0
33290 0
33300 0
33310 0
33320 0
33330 0
33340 0
33350 0
33360 0
33370 0
33380 0
33390 0
33400 0
33410 0
33420 0
33430 0
33440 0
33450 0
33460 0
33470 0
33480 0
33490 0
33500 0
33510 0
33520 0
33530 0
33540 0
33550 0
33560 0
33570 0
33580 0
33590 0
33600 0
33610 0
33620 0
33630 0
33640 0
33650 0
33660 0
33670 0
33680 0
33690 0
33700 0
33710 0
33720 0
33730 0
33740 0
33750 0
33760 0
33770 0
33780 0
33790 0
33800 0
33810 0
33820 0
33830 0
33840 0
33850 0
33860 0
33870 0
33880 0
33890 0
33900 0
33910 0
33920 0
33930 0
33940 0
33950 0
33960 0
33970 0
33980 0
33990 0
34000 0
34010 0
34020 0
34030 0
34040 0
34050 0
34060 0
34070 0
34080 0
34090 0
34100 0
34110 0
34120 0
34130 0
34140 0
34150 0
34160 0
34170 0
34180 0
34190 0
34200 0
34210 0
34220 0
34230 0
34240 0
34250 0
34260 0
34270 0
34280 0
34290 0
34300 0
34310 0
34320 0
34330 0
34340 0
34350 0
34360 0
34370 0
34380 0
34390 0
34400 0
34410 0
34420 0
34430 0
34440 0
34450 0
34460 0
34470 0
34480 0
34490 0
34500 0
34510 0
34520 0
34530 0
34540 0
34550 0
34560 0
34570 0
34580 0
34590 0
34600 0
34610 0
34620 0
34630 0
34640 5
34650 0
34660 0
34670 0
34680 0
34690 0
34700 0
34710 0
34720 0
34730 0
34740 0
34750 0
34760 0
34770 0
34780 0
34790 0
34800 0
34810 0
34820 0
34830 0
34840 0
34850 0
34860 0
34870 0
34880 0
34890 0
34900 0
34910 0
34920 0
34930 0
34940 0
34950 0
34960 0
34970 0
34980 0
34990 0
35000 0
35010 0
35020 0
35030 0
35040 0
35050 0
35060 0
35070 0
35080 0
35090 0
35100 0
35110 0
35120 0
35130 0
35140 0
35150 0
35160 0
35170 0
35180 0
35190 0
35200 0
35210 0
35220 0
35230 0
35240 0
35250 0
35260 0
35270 0
35280 0
35290 0
35300 0
35310 0
35320 0
35330 0
35340 0
35350 0
35360 0
35370 0
35380 0
35390 0
35400 0
35410 0
35420 0
35430 0
35440 0
35450 0
35460 0
35470 0
35480 0
35490 0
35500 0
35510 0
35520 0
35530 0
35540 0
35550 0
35560 0
35570 0
35580 0
35590 0
35600 0
35610 0
35620 0
35630 0
35640 0
35650 0
35660 0
35670 0
35680 0
35690 0
35700 0
35710 0
35720 0
35730 0
35740 0
35750 0
35760 0
35770 0
35780 0
35790 0
35800 0
35810 0
35820 0
35830 0
35840 0
35850 0
35860 0
35870 0
35880 0
35890 0
35900 0
35910 0
35920 0
35930 0
35940 0
35950 0
35960 0
35970 0
35980 0
35990 0
36000 0
36010 0
36020 0
36030 0
36040 0
36050 0
36060 0
36070 0
36080 0
36090 0
36100 0
36110 0
36120 0
36130 0
36140 0
36150 0
36160 0
36170 0
36180 0
36190 0
36200 0
36210 0
36220 0
36230 0
36240 0
36250 0
36260 0
36270 0
36280 0
36290 0
36300 0
36310 0
36320 0
36330 0
36340 0
36350 0
36360 0
36370 0
36380 0
36390 0
36400 0
36410 0
36420 0
36430 0
36440 0
36450 0
36460 0
36470 0
36480 0
36490 0
36500 0
36510 0
36520 0
36530 0
36540 0
36550 0
36560 0
36570 0
36580 0
36590 0
36600 0
36610 0
36620 0
36630 0
36640 0
36650 0
36660 0
36670 0
36680 0
36690 0
36700 0
36710 0
36720 0
36730 0
36740 0
36750 0
36760 0
36770 0
36780 0
36790 0
36800 0
36810 0
36820 0
36830 0
36840 0
36850 0
36860 0
36870 0
36880 0
36890 0
36900 0
36910 0
36920 0
36930 0
36940 1
36950 1
36960 0
36970 0
36980 0
36990 0
37000 0
37010 0
37020 0
37030 0
37040 0
37050 0
37060 0
37070 0
37080 0
37090 0
37100 0
37110 0
37120 0
37130 0
37140 0
37150 0
37160 0
37170 0
37180 0
37190 0
37200 4
37210 2
37220 1
37230 8
37240 0
37250 0
37260 0
37270 0
37280 0
37290 0
37300 0
37310 1
37320 0
37330 0
37340 0
37350 0
37360 0
37370 0
37380 0
37390 0
37400 0
37410 0
37420 0
37430 0
37440 0
37450 0
37460 0
37470 0
37480 0
37490 0
37500 0
37510 0
37520 0
37530 0
37540 0
37550 0
37560 0
37570 0
37580 0
37590 0
37600 0
37610 0
37620 0
37630 0
37640 0
37650 0
37660 0
37670 0
37680 0
37690 0
37700 0
37710 0
37720 0
37730 0
37740 0
37750 0
37760 0
37770 0
37780 0
37790 0
37800 0
37810 0
37820 0
37830 0
37840 0
37850 0
37860 0
37870 0
37880 0
37890 0
37900 0
37910 0
37920 0
37930 0
37940 0
37950 0
37960 0
37970 0
37980 0
37990 0
38000 0
38010 0
38020 0
38030 0
38040 0
38050 0
38060 0
38070 0
38080 0
38090 0
38100 3
38110 3
38120 0
38130 0
38140 0
38150 0
38160 0
38170 0
38180 0
38190 0
38200 0
38210 0
38220 0
38230 0
38240 0
38250 0
38260 0
38270 0
38280 1
38290 0
38300 0
38310 0
38320 3
38330 2
38340 5
38350 4
38360 5
38370 3
38380 5
38390 1
38400 1
38410 6
38420 0
38430 2
38440 8
38450 4
38460 1
38470 6
38480 0
38490 1
38500 0
38510 0
38520 11
38530 14
38540 7
38550 1
38560 4
38570 4
38580 5
38590 3
38600 1
38610 2
38620 3
38630 11
38640 4
38650 2
38660 3
38670 3
38680 5
38690 0
38700 7
38710 8
38720 9
38730 6
38740 10
38750 4
38760 6
38770 4
38780 3
38790 6
38800 3
38810 2
38820 6
38830 8
38840 8
38850 3
38860 1
38870 2
38880 5
38890 2
38900 2
38910 2
38920 6
38930 4
38940 0
38950 8
38960 7
38970 6
38980 2
38990 7
39000 6
39010 8
39020 10
39030 4
39040 3
39050 6
39060 8
39070 2
39080 2
39090 5
39100 9
39110 10
39120 9
39130 10
39140 0
39150 9
39160 10
39170 10
39180 6
39190 7
39200 8
39210 1
39220 4
39230 4
39240 6
39250 3
39260 3
39270 5
39280 1
39290 0
39300 2
39310 4
39320 5
39330 0
39340 0
39350 0
39360 0
39370 0
39380 1
39390 0
39400 0
39410 0
39420 0
39430 0
39440 0
39450 0
39460 0
39470 0
39480 0
39490 0
39500 0
39510 0
39520 0
39530 0
39540 0
39550 0
39560 0
39570 0
39580 0
39590 0
39600 6
39610 3
39620 2
39630 2
39640 1
39650 1
39660 0
39670 2
39680 2
39690 2
39700 0
39710 0
39720 0
39730 0
39740 1
39750 1
39760 0
39770 0
39780 0
39790 0
39800 0
39810 0
39820 0
39830 0
39840 0
39850 0
39860 0
39870 0
39880 0
39890 0
39900 0
39910 0
39920 0
39930 0
39940 0
39950 0
39960 0
39970 0
39980 0
39990 0
40000 0
40010 0
40020 0
40030 0
40040 0
40050 0
40060 0
40070 0
40080 0
40090 0
40100 0
40110 0
40120 0
40130 0
40140 0
40150 0
40160 0
40170 0
40180 0
40190 0
40200 0
40210 0
40220 0
40230 0
40240 0
40250 0
40260 0
40270 0
40280 0
40290 0
40300 0
40310 0
40320 0
40330 0
40340 0
40350 0
40360 0
40370 0
40380 0
40390 0
40400 0
40410 0
40420 0
40430 0
40440 0
40450 0
40460 0
40470 0
40480 0
40490 0
40500 0
40510 0
40520 0
40530 0
40540 0
40550 0
40560 0
40570 0
40580 0
40590 0
40600 0
40610 0
40620 0
40630 0
40640 0
40650 0
40660 0
40670 0
40680 0
40690 0
40700 0
40710 0
40720 0
40730 0
40740 0
40750 0
40760 0
40770 0
40780 0
40790 0
40800 0
40810 0
40820 0
40830 0
40840 0
40850 0
40860 0
40870 0
40880 0
40890 0
40900 0
40910 0
40920 0
40930 0
40940 0
40950 0
40960 0
40970 0
40980 0
40990 0
41000 0
41010 0
41020 0
41030 0
41040 0
41050 0
41060 0
41070 0
41080 0
41090 0
41100 0
41110 0
41120 0
41130 0
41140 0
41150 0
41160 0
41170 0
41180 0
41190 0
41200 0
41210 0
41220 0
41230 0
41240 0
41250 0
41260 0
41270 0
41280 0
41290 0
41300 0
41310 0
41320 0
41330 0
41340 0
41350 0
41360 0
41370 0
41380 0
41390 0
41400 0
41410 0
41420 0
41430 0
41440 0
41450 0
41460 0
41470 0
41480 0
41490 0
41500 0
41510 0
41520 0
41530 0
41540 0
41550 0
41560 0
41570 0
41580 0
41590 0
41600 0
41610 0
41620 0
41630 0
41640 0
41650 0
41660 0
41670 0
41680 0
41690 0
41700 0
41710 0
41720 0
41730 0
41740 0
41750 0
41760 0
41770 0
41780 0
41790 0
41800 0
41810 0
41820 0
41830 0
41840 0
41850 0
41860 0
41870 0
41880 0
41890 0
41900 0
41910 0
41920 0
41930 0
41940 0
41950 0
41960 0
41970 0
41980 0
41990 0
42000 0
42010 0
42020 0
42030 0
42040 0
42050 0
42060 0
42070 0
42080 0
42090 0
42100 0
42110 0
42120 0
42130 0
42140 0
42150 0
42160 0
42170 0
42180 0
42190 0
42200 0
42210 0
42220 0
42230 0
42240 0
42250 0
42260 0
42270 0
42280 0
42290 0
42300 0
42310 0
42320 0
42330 0
42340 0
42350 0
42360 0
42370 0
42380 0
42390 0
42400 0
42410 0
42420 0
42430 0
42440 0
42450 0
42460 0
42470 0
42480 0
42490 0
42500 0
42510 0
42520 0
42530 0
42540 0
42550 0
42560 0
42570 0
42580 0
42590 0
42600 0
42610 0
42620 0
42630 0
42640 0
42650 0
42660 0
42670 0
42680 0
42690 0
42700 0
42710 0
42720 0
42730 3
42740 0
42750 0
42760 0
42770 0
42780 0
42790 0
42800 0
42810 0
42820 6
42830 3
42840 1
42850 2
42860 0
42870 0
42880 0
42890 3
42900 1
42910 1
42920 0
42930 3
42940 0
42950 0
42960 0
42970 0
42980 0
42990 0
43000 0
43010 0
43020 0
43030 1
43040 0
43050 0
43060 2
43070 1
43080 1
43090 0
43100 3
43110 3
43120 3
43130 3
43140 3
43150 3
43160 1
43170 5
43180 4
43190 5
43200 3
43210 4
43220 0
43230 1
43240 2
43250 3
43260 3
43270 5
43280 1
43290 3
43300 1
43310 0
43320 0
43330 1
43340 0
43350 3
43360 0
43370 0
43380 3
43390 1
43400 6
43410 6
43420 4
43430 4
43440 8
43450 2
43460 4
43470 0
43480 3
43490 3
43500 4
43510 2
43520 4
43530 2
43540 5
43550 6
43560 3
43570 7
43580 9
43590 8
43600 8
43610 6
43620 7
43630 9
43640 7
43650 8
43660 8
43670 9
43680 9
43690 10
43700 9
43710 10
43720 10
43730 14
43740 5
43750 9
43760 0
43770 9
43780 5
43790 2
43800 3
43810 4
43820 0
43830 1
43840 0
43850 3
43860 2
43870 3
43880 0
43890 1
43900 5
43910 10
43920 6
43930 9
43940 6
43950 3
43960 2
43970 3
43980 3
43990 3
44000 0
44010 1
44020 3
44030 2
44040 2
44050 5
44060 3
44070 3
44080 4
44090 4
44100 12
44110 8
44120 8
44130 6
44140 9
44150 7
44160 10
44170 11
44180 12
44190 14
44200 13
44210 14
44220 13
44230 8
44240 16
44250 14
44260 12
44270 11
44280 11
44290 9
44300 9
44310 8
44320 8
44330 19
44340 13
44350 11
44360 8
44370 5
44380 10
44390 8
44400 10
44410 15
44420 8
44430 13
44440 10
44450 14
44460 12
44470 11
44480 7
44490 9
44500 14
44510 17
44520 12
44530 15
44540 12
44550 9
44560 10
44570 10
44580 13
44590 11
44600 18
44610 11
44620 12
44630 11
44640 7
44650 10
44660 16
44670 11
44680 13
44690 13
44700 12
44710 11
44720 14
44730 7
44740 8
44750 11
44760 11
44770 9
44780 9
44790 8
44800 9
44810 10
44820 16
44830 15
44840 12
44850 11
44860 5
44870 10
44880 13
44890 5
44900 7
44910 11
44920 12
44930 8
44940 14
44950 13
44960 11
44970 18
44980 15
44990 10
45000 8
45010 9
45020 7
45030 15
45040 12
45050 12
45060 9
45070 10
45080 17
45090 13
45100 16
45110 13
45120 17
45130 14
45140 16
45150 18
45160 19
45170 21
45180 24
45190 22
45200 25
45210 13
45220 16
45230 19
45240 19
45250 19
45260 17
45270 14
45280 16
45290 11
45300 24
45310 14
45320 21
45330 21
45340 14
45350 20
45360 14
45370 15
45380 19
45390 15
45400 16
45410 14
45420 15
45430 15
45440 10
45450 21
45460 17
45470 23
45480 18
45490 11
45500 20
45510 10
45520 16
45530 21
45540 22
45550 16
45560 15
45570 21
45580 18
45590 18
45600 14
45610 18
45620 12
45630 17
45640 15
45650 17
45660 11
45670 14
45680 15
45690 14
45700 16
45710 19
45720 19
45730 16
45740 15
45750 20
45760 17
45770 18
45780 18
45790 14
45800 21
45810 24
45820 16
45830 13
45840 12
45850 19
45860 10
45870 11
45880 19
45890 13
45900 18
45910 19
45920 12
45930 15
45940 12
45950 20
45960 16
45970 21
45980 19
45990 11
46000 13
46010 16
46020 14
46030 12
46040 19
46050 18
46060 12
46070 12
46080 17
46090 13
46100 20
46110 23
46120 20
46130 19
46140 13
46150 15
46160 15
46170 18
46180 17
46190 18
46200 18
46210 18
46220 19
46230 7
46240 14
46250 15
46260 14
46270 8
46280 7
46290 7
46300 12
46310 18
46320 24
46330 21
46340 11
46350 11
46360 12
46370 12
46380 16
46390 7
46400 17
46410 13
46420 10
46430 17
46440 13
46450 13
46460 15
46470 12
46480 13
46490 14
46500 13
46510 13
46520 10
46530 11
46540 13
46550 13
46560 13
46570 12
46580 16
46590 17
46600 13
46610 10
46620 13
46630 17
46640 15
46650 10
46660 14
46670 17
46680 13
46690 20
46700 13
46710 16
46720 21
46730 7
46740 8
46750 15
46760 13
46770 8
46780 8
46790 9
46800 6
46810 17
46820 12
46830 12
46840 21
46850 6
46860 9
46870 12
46880 11
46890 16
46900 8
46910 12
46920 9
46930 15
46940 8
46950 14
46960 10
46970 9
46980 1
46990 5
47000 5
47010 7
47020 6
47030 18
47040 10
47050 5
47060 14
47070 17
47080 14
47090 9
47100 10
47110 16
47120 7
47130 14
47140 18
47150 8
47160 10
47170 13
47180 17
47190 17
47200 20
47210 13
47220 15
47230 11
47240 12
47250 14
47260 12
47270 13
47280 9
47290 9
47300 7
47310 13
47320 18
47330 16
47340 18
47350 26
47360 14
47370 14
47380 21
47390 17
47400 5
47410 15
47420 13
47430 10
47440 16
47450 16
47460 18
47470 18
47480 16
47490 19
47500 17
47510 17
47520 14
47530 14
47540 15
47550 11
47560 19
47570 16
47580 21
47590 11
47600 21
47610 10
47620 17
47630 10
47640 14
47650 11
47660 20
47670 16
47680 8
47690 14
47700 20
47710 19
47720 3
47730 13
47740 8
47750 10
47760 8
47770 11
47780 16
47790 11
47800 13
47810 14
47820 11
47830 8
47840 10
47850 10
47860 11
47870 13
47880 19
47890 16
47900 14
47910 17
47920 14
47930 13
47940 10
47950 7
47960 5
47970 5
47980 0
47990 3
48000 2
48010 3
48020 2
48030 3
48040 3
48050 3
48060 2
48070 2
48080 2
48090 8
48100 5
48110 6
48120 3
48130 6
48140 9
48150 6
48160 5
48170 6
48180 9
48190 4
48200 7
48210 11
48220 10
48230 8
48240 9
48250 3
48260 5
48270 11
48280 8
48290 1
48300 2
48310 6
48320 6
48330 5
48340 5
48350 6
48360 6
48370 6
48380 2
48390 0
48400 5
48410 11
48420 5
48430 20
48440 16
48450 4
48460 5
48470 3
48480 6
48490 6
48500 11
48510 13
48520 21
48530 27
48540 24
48550 15
48560 23
48570 23
48580 29
48590 32
48600 25
48610 20
48620 24
48630 20
48640 18
48650 21
48660 28
48670 25
48680 19
48690 22
48700 25
48710 19
48720 22
48730 21
48740 22
48750 21
48760 18
48770 17
48780 26
48790 26
48800 15
48810 22
48820 26
48830 23
48840 28
48850 25
48860 21
48870 15
48880 24
48890 24
48900 25
48910 26
48920 28
48930 25
48940 24
48950 24
48960 30
48970 22
48980 21
48990 23
49000 25
49010 26
49020 21
49030 18
49040 21
49050 29
49060 16
49070 26
49080 17
49090 26
49100 21
49110 23
49120 32
49130 24
49140 19
49150 23
49160 19
49170 24
49180 20
49190 29
49200 33
49210 21
49220 29
49230 22
49240 21
49250 15
49260 25
49270 20
49280 24
49290 30
49300 30
49310 27
49320 15
49330 22
49340 28
49350 17
49360 30
49370 19
49380 21
49390 18
49400 25
49410 22
49420 20
49430 16
49440 16
49450 20
49460 19
49470 15
49480 20
49490 18
49500 19
49510 11
49520 18
49530 18
49540 21
49550 17
49560 20
49570 22
49580 18
49590 18
49600 19
49610 13
49620 18
49630 24
49640 17
49650 16
49660 23
49670 23
49680 21
49690 16
49700 26
49710 18
49720 21
49730 20
49740 13
49750 17
49760 16
49770 19
49780 24
49790 20
49800 23
49810 21
49820 22
49830 17
49840 27
49850 22
49860 25
49870 19
49880 25
49890 24
49900 19
49910 23
49920 24
49930 21
49940 18
49950 22
49960 27
49970 22
49980 24
49990 26
50000 26
50010 16
50020 24
50030 29
50040 25
50050 21
50060 26
50070 23
50080 23
50090 24
50100 18
50110 16
50120 26
50130 20
50140 20
50150 16
50160 30
50170 17
50180 19
50190 18
50200 15
50210 14
50220 23
50230 22
50240 22
50250 31
50260 23
50270 23
50280 19
50290 23
50300 22
50310 21
50320 24
50330 18
50340 25
50350 20
50360 21
50370 19
50380 23
50390 23
50400 17
50410 18
50420 23
50430 19
50440 10
50450 15
50460 20
50470 18
50480 16
50490 12
50500 16
50510 31
50520 20
50530 19
50540 17
50550 20
50560 15
50570 19
50580 23
50590 22
50600 17
50610 20
50620 24
50630 19
50640 15
50650 24
50660 26
50670 17
50680 27
50690 15
50700 13
50710 7
50720 17
50730 15
50740 13
50750 14
50760 10
50770 11
50780 16
50790 24
50800 20
50810 17
50820 13
50830 23
50840 21
50850 17
50860 32
50870 24
50880 15
50890 23
50900 18
50910 23
50920 17
50930 25
50940 25
50950 20
50960 18
50970 21
50980 22
50990 23
51000 19
51010 19
51020 27
51030 24
51040 16
51050 20
51060 22
51070 20
51080 16
51090 13
51100 22
51110 27
51120 16
51130 19
51140 19
51150 25
51160 19
51170 19
51180 25
51190 27
51200 23
51210 19
51220 28
51230 15
51240 22
51250 24
51260 25
51270 23
51280 18
51290 13
51300 23
51310 21
51320 17
51330 21
51340 21
51350 21
51360 9
51370 24
51380 24
51390 36
51400 26
51410 26
51420 27
51430 22
51440 23
51450 12
51460 26
51470 20
51480 17
51490 17
51500 14
51510 21
51520 24
51530 17
51540 14
51550 17
51560 22
51570 27
51580 22
51590 22
51600 24
51610 15
51620 19
51630 24
51640 16
51650 20
51660 21
51670 19
51680 21
51690 20
51700 21
51710 20
51720 18
51730 15
51740 19
51750 23
51760 24
51770 30
51780 15
51790 27
51800 28
51810 28
51820 29
51830 23
51840 24
51850 29
51860 31
51870 25
51880 24
51890 23
51900 21
51910 22
51920 31
51930 24
51940 37
51950 36
51960 38
51970 21
51980 25
51990 24
52000 20
52010 16
52020 17
52030 17
52040 17
52050 35
52060 25
52070 26
52080 18
52090 17
52100 35
52110 29
52120 14
52130 20
52140 12
52150 21
52160 30
52170 25
52180 15
52190 24
52200 34
52210 20
52220 26
52230 17
52240 16
52250 23
52260 17
52270 21
52280 26
52290 20
52300 25
52310 18
52320 24
52330 24
52340 26
52350 19
52360 27
52370 15
52380 17
52390 11
52400 21
52410 25
52420 18
52430 21
52440 20
52450 19
52460 23
52470 14
52480 12
52490 27
52500 17
52510 14
52520 12
52530 12
52540 14
52550 3
52560 3
52570 0
52580 0
52590 0
52600 0
52610 2
52620 3
52630 0
52640 3
52650 7
52660 2
52670 2
52680 0
52690 2
52700 2
52710 3
52720 3
52730 3
52740 1
52750 0
52760 1
52770 2
52780 2
52790 0
52800 2
52810 0
52820 1
52830 1
52840 0
52850 0
52860 1
52870 0
52880 1
52890 0
52900 1
52910 0
52920 0
52930 0
52940 0
52950 1
52960 5
52970 4
52980 8
52990 5
53000 6
53010 5
53020 2
53030 2
53040 0
53050 0
53060 0
53070 2
53080 1
53090 1
53100 1
53110 0
53120 1
53130 2
53140 2
53150 1
53160 1
53170 0
53180 6
53190 3
53200 2
53210 4
53220 4
53230 5
53240 16
53250 18
53260 18
53270 31
53280 18
53290 9
53300 4
53310 11
53320 13
53330 12
53340 17
53350 24
53360 20
53370 18
53380 15
53390 22
53400 20
53410 23
53420 25
53430 20
53440 18
53450 18
53460 19
53470 17
53480 27
53490 19
53500 17
53510 20
53520 22
53530 20
53540 18
53550 23
53560 17
53570 21
53580 13
53590 25
53600 18
53610 18
53620 25
53630 28
53640 22
53650 34
53660 25
53670 18
53680 22
53690 29
53700 24
53710 28
53720 31
53730 19
53740 26
53750 23
53760 25
53770 32
53780 25
53790 33
53800 25
53810 24
53820 26
53830 31
53840 37
53850 23
53860 33
53870 30
53880 31
53890 32
53900 22
53910 26
53920 28
53930 33
53940 23
53950 32
53960 26
53970 31
53980 20
53990 20
54000 19
54010 18
54020 20
54030 19
54040 22
54050 22
54060 19
54070 22
54080 20
54090 21
54100 20
54110 22
54120 19
54130 23
54140 22
54150 19
54160 19
54170 18
54180 19
54190 24
54200 19
54210 26
54220 19
54230 19
54240 15
54250 22
54260 18
54270 17
54280 25
54290 13
54300 19
54310 21
54320 18
54330 19
54340 22
54350 17
54360 20
54370 30
54380 10
54390 15
54400 22
54410 27
54420 22
54430 19
54440 24
54450 22
54460 25
54470 28
54480 23
54490 26
54500 16
54510 29
54520 14
54530 19
54540 22
54550 26
54560 16
54570 25
54580 26
54590 28
54600 16
54610 20
54620 23
54630 22
54640 27
54650 28
54660 39
54670 12
54680 21
54690 25
54700 15
54710 10
54720 15
54730 15
54740 7
54750 9
54760 7
54770 11
54780 14
54790 16
54800 16
54810 15
54820 9
54830 6
54840 19
54850 12
54860 11
54870 16
54880 18
54890 15
54900 11
54910 30
54920 23
54930 6
54940 3
54950 16
54960 21
54970 12
54980 12
54990 18
55000 22
55010 25
55020 16
55030 17
55040 22
55050 18
55060 17
55070 22
55080 17
55090 13
55100 20
55110 23
55120 23
55130 19
55140 20
55150 16
55160 16
55170 19
55180 19
55190 11
55200 16
55210 18
55220 16
55230 14
55240 20
55250 14
55260 25
55270 13
55280 16
55290 15
55300 18
55310 17
55320 20
55330 18
55340 16
55350 17
55360 15
55370 18
55380 13
55390 13
55400 17
55410 25
55420 18
55430 16
55440 22
55450 19
55460 17
55470 18
55480 25
55490 19
55500 17
55510 22
55520 14
55530 19
55540 21
55550 5
55560 13
55570 12
55580 9
55590 15
55600 23
55610 16
55620 19
55630 21
55640 13
55650 13
55660 17
55670 11
55680 20
55690 15
55700 9
55710 15
55720 16
55730 3
55740 4
55750 1
55760 8
55770 4
55780 4
55790 3
55800 5
55810 4
55820 3
55830 3
55840 1
55850 3
55860 4
55870 2
55880 3
55890 4
55900 2
55910 5
55920 3
55930 7
55940 3
55950 2
55960 4
55970 4
55980 5
55990 4
56000 6
56010 6
56020 2
56030 2
56040 4
56050 4
56060 5
56070 6
56080 5
56090 6
56100 5
56110 5
56120 4
56130 5
56140 5
56150 0
56160 5
56170 4
56180 9
56190 4
56200 6
56210 17
56220 16
56230 15
56240 10
56250 15
56260 14
56270 13
56280 5
56290 11
56300 12
56310 8
56320 8
56330 3
56340 7
56350 9
56360 12
56370 12
56380 12
56390 8
56400 14
56410 10
56420 9
56430 10
56440 11
56450 8
56460 7
56470 7
56480 16
56490 9
56500 7
56510 8
56520 7
56530 4
56540 1
56550 11
56560 16
56570 16
56580 15
56590 14
56600 14
56610 8
56620 7
56630 3
56640 9
56650 8
56660 15
56670 4
56680 7
56690 2
56700 5
56710 6
56720 14
56730 17
56740 15
56750 5
56760 6
56770 7
56780 20
56790 10
56800 11
56810 3
56820 2
56830 1
56840 5
56850 2
56860 7
56870 2
56880 1
56890 2
56900 2
56910 3
56920 5
56930 5
56940 3
56950 1
56960 0
56970 2
56980 0
56990 2
57000 2
57010 0
57020 2
57030 0
57040 1
57050 0
57060 17
57070 10
57080 2
57090 12
57100 10
57110 0
57120 10
57130 1
57140 3
57150 1
57160 2
57170 1
57180 1
57190 4
57200 2
57210 3
57220 4
57230 1
57240 3
57250 2
57260 3
57270 0
57280 3
57290 4
57300 4
57310 2
57320 0
57330 0
57340 0
57350 0
57360 3
57370 1
57380 3
57390 2
57400 1
57410 0
57420 2
57430 2
57440 1
57450 4
57460 7
57470 4
57480 3
57490 7
57500 0
57510 1
57520 3
57530 2
57540 6
57550 3
57560 1
57570 0
57580 3
57590 1
57600 2
57610 0
57620 0
57630 0
57640 0
57650 0
57660 2
57670 0
57680 0
57690 0
57700 0
57710 4
57720 2
57730 1
57740 2
57750 1
57760 2
57770 0
57780 5
57790 0
57800 0
57810 4
57820 0
57830 0
57840 0
57850 0
57860 0
57870 0
57880 0
57890 0
57900 0
57910 0
57920 0
57930 1
57940 0
57950 8
57960 3
57970 0
57980 5
57990 2
58000 0
58010 0
58020 0
58030 2
58040 0
58050 2
58060 6
58070 0
58080 1
58090 1
58100 1
58110 1
58120 3
58130 0
58140 1
58150 2
58160 3
58170 0
58180 2
58190 0
58200 0
58210 0
58220 0
58230 0
58240 0
58250 3
58260 2
58270 5
58280 0
58290 1
58300 0
58310 4
58320 0
58330 0
58340 0
58350 0
58360 0
58370 0
58380 1
58390 1
58400 0
58410 0
58420 0
58430 1
58440 0
58450 0
58460 1
58470 0
58480 0
58490 0
58500 3
58510 0
58520 0
58530 0
58540 0
58550 0
58560 0
58570 1
58580 1
58590 2
58600 0
58610 0
58620 1
58630 0
58640 0
58650 6
58660 0
58670 0
58680 0
58690 1
58700 1
58710 1
58720 0
58730 0
58740 1
58750 1
58760 2
58770 1
58780 3
58790 5
58800 3
58810 0
58820 1
58830 2
58840 5
58850 7
58860 4
58870 4
58880 3
58890 1
58900 1
58910 2
58920 3
58930 7
58940 2
58950 1
58960 2
58970 3
58980 3
58990 2
59000 4
59010 3
59020 5
59030 4
59040 2
59050 4
59060 0
59070 2
59080 1
59090 0
59100 1
59110 1
59120 1
59130 1
59140 4
59150 1
59160 3
59170 6
59180 2
59190 4
59200 3
59210 5
59220 3
59230 1
59240 2
59250 2
59260 1
59270 2
59280 0
59290 0
59300 1
59310 2
59320 5
59330 6
59340 10
59350 8
59360 9
59370 4
59380 11
59390 2
59400 6
59410 3
59420 0
59430 1
59440 4
59450 3
59460 0
59470 0
59480 6
59490 1
59500 2
59510 7
59520 5
59530 2
59540 1
59550 3
59560 0
59570 1
59580 2
59590 5
59600 3
59610 3
59620 6
59630 6
59640 1
59650 6
59660 3
59670 0
59680 3
59690 2
59700 15
59710 19
59720 14
59730 15
59740 17
59750 13
59760 13
59770 11
59780 8
59790 10
59800 0
59810 5
59820 10
59830 15
59840 17
59850 12
59860 12
59870 13
59880 10
59890 13
59900 18
59910 9
59920 20
59930 23
59940 6
59950 12
59960 13
59970 16
59980 17
59990 10
60000 9
60010 10
60020 6
60030 3
60040 11
60050 17
60060 8
60070 2
60080 7
60090 7
60100 17
60110 9
60120 13
60130 10
60140 18
60150 8
60160 2
60170 20
60180 10
60190 13
60200 11
60210 13
60220 17
60230 13
60240 16
60250 9
60260 15
60270 13
60280 9
60290 14
60300 15
60310 22
60320 16
60330 16
60340 21
60350 15
60360 17
60370 17
60380 8
60390 4
60400 0
60410 1
60420 1
60430 3
60440 1
60450 3
60460 2
60470 3
60480 0
60490 1
60500 3
60510 5
60520 3
60530 3
60540 1
60550 3
60560 1
60570 1
60580 2
60590 3
60600 1
60610 3
60620 3
60630 5
60640 1
60650 3
60660 1
60670 5
60680 1
60690 1
60700 2
60710 1
60720 2
60730 0
60740 0
60750 2
60760 1
60770 2
60780 2
60790 0
60800 0
60810 3
60820 2
60830 2
60840 1
60850 0
60860 1
60870 0
60880 1
60890 3
60900 1
60910 3
60920 3
60930 0
60940 1
60950 2
60960 1
60970 0
60980 0
60990 2
61000 5
61010 18
61020 12
61030 4
61040 7
61050 2
61060 4
61070 9
61080 16
61090 1
61100 4
61110 1
61120 3
61130 2
61140 1
61150 1
61160 2
61170 6
61180 3
61190 2
61200 2
61210 3
61220 3
61230 2
61240 4
61250 3
61260 2
61270 2
61280 0
61290 1
61300 2
61310 4
61320 3
61330 3
61340 3
61350 2
61360 1
61370 3
61380 1
61390 1
61400 1
61410 0
61420 1
61430 2
61440 2
61450 3
61460 2
61470 4
61480 2
61490 1
61500 5
61510 6
61520 7
61530 9
61540 8
61550 6
61560 9
61570 6
61580 8
61590 7
61600 7
61610 8
61620 6
61630 6
61640 7
61650 7
61660 7
61670 8
61680 6
61690 9
61700 8
61710 7
61720 8
61730 10
61740 8
61750 7
61760 9
61770 8
61780 4
61790 7
61800 6
61810 8
61820 6
61830 6
61840 8
61850 7
61860 7
61870 6
61880 9
61890 17
61900 11
61910 15
61920 9
61930 15
61940 7
61950 8
61960 14
61970 10
61980 8
61990 6
62000 10
62010 10
62020 13
62030 11
62040 19
62050 15
62060 18
62070 11
62080 13
62090 11
62100 7
62110 11
62120 9
62130 9
62140 11
62150 9
62160 10
62170 12
62180 7
62190 7
62200 8
62210 9
62220 5
62230 7
62240 5
62250 14
62260 7
62270 8
62280 12
62290 8
62300 12
62310 7
62320 9
62330 13
62340 11
62350 10
62360 10
62370 10
62380 14
62390 10
62400 11
62410 10
62420 7
62430 10
62440 10
62450 8
62460 11
62470 10
62480 10
62490 10
62500 8
62510 8
62520 6
62530 4
62540 6
62550 9
62560 3
62570 6
62580 4
62590 6
62600 7
62610 5
62620 7
62630 10
62640 9
62650 5
62660 8
62670 7
62680 7
62690 8
62700 4
62710 6
62720 5
62730 9
62740 8
62750 11
62760 10
62770 14
62780 9
62790 11
62800 8
62810 7
62820 9
62830 7
62840 7
62850 9
62860 14
62870 8
62880 7
62890 12
62900 4
62910 6
62920 8
62930 7
62940 10
62950 8
62960 5
62970 0
62980 6
62990 0
63000 0
63010 1
63020 0
63030 1
63040 2
63050 3
63060 6
63070 10
63080 5
63090 1
63100 2
63110 3
63120 2
63130 2
63140 5
63150 2
63160 7
63170 7
63180 11
63190 8
63200 11
63210 4
63220 10
63230 10
63240 9
63250 9
63260 5
63270 6
63280 4
63290 4
63300 3
63310 3
63320 7
63330 6
63340 15
63350 24
63360 13
63370 17
63380 17
63390 11
63400 3
63410 16
63420 17
63430 14
63440 9
63450 14
63460 20
63470 17
63480 17
63490 10
63500 25
63510 20
63520 15
63530 6
63540 11
63550 17
63560 7
63570 14
63580 11
63590 9
63600 11
63610 6
63620 9
63630 14
63640 12
63650 5
63660 9
63670 10
63680 10
63690 6
63700 1
63710 2
63720 0
63730 5
63740 0
63750 0
63760 0
63770 0
63780 0
63790 0
63800 0
63810 0
63820 0
63830 1
63840 0
63850 0
63860 0
63870 0
63880 1
63890 4
63900 2
63910 0
63920 5
63930 3
63940 7
63950 6
63960 7
63970 4
63980 6
63990 1
64000 0
64010 9
64020 6
64030 7
64040 5
64050 6
64060 5
64070 2
64080 5
64090 7
64100 0
64110 1
64120 1
64130 2
64140 3
64150 3
64160 4
64170 2
64180 1
64190 1
64200 3
64210 2
64220 5
64230 3
64240 6
64250 3
64260 2
64270 2
64280 2
64290 3
64300 1
64310 2
64320 1
64330 1
64340 3
64350 1
64360 0
64370 0
64380 0
64390 0
64400 0
64410 0
64420 0
64430 0
64440 0
64450 0
64460 4
64470 0
64480 6
64490 5
64500 3
64510 2
64520 0
64530 3
64540 5
64550 6
64560 1
64570 0
64580 1
64590 2
64600 0
64610 13
64620 0
64630 5
64640 6
64650 8
64660 4
64670 2
64680 4
64690 3
64700 2
64710 4
64720 4
64730 7
64740 0
64750 1
64760 1
64770 1
64780 5
64790 4
64800 5
64810 3
64820 14
64830 9
64840 6
64850 5
64860 17
64870 18
64880 1
64890 6
64900 9
64910 9
64920 0
64930 10
64940 3
64950 5
64960 9
64970 4
64980 3
64990 6
65000 7
65010 3
65020 0
65030 9
65040 4
65050 5
65060 4
65070 0
65080 10
65090 1
65100 3
65110 6
65120 3
65130 4
65140 6
65150 7
65160 12
65170 6
65180 8
65190 9
65200 7
65210 5
65220 9
65230 6
65240 6
65250 3
65260 2
65270 1
65280 2
65290 10
65300 0
65310 2
65320 9
65330 9
65340 10
65350 10
65360 1
65370 5
65380 10
65390 2
65400 7
65410 4
65420 15
65430 13
65440 9
65450 6
65460 14
65470 9
65480 13
65490 5
65500 6
65510 10
65520 14
65530 14
65540 13
65550 19
65560 10
65570 18
65580 14
65590 18
65600 10
65610 17
65620 13
65630 20
65640 7
65650 16
65660 12
65670 16
65680 14
65690 11
65700 17
65710 18
65720 14
65730 14
65740 4
65750 10
65760 11
65770 11
65780 11
65790 13
65800 14
65810 12
65820 20
65830 19
65840 14
65850 12
65860 16
65870 10
65880 12
65890 8
65900 14
65910 12
65920 13
65930 11
65940 13
65950 13
65960 12
65970 15
65980 15
65990 20
66000 9
66010 15
66020 16
66030 15
66040 15
66050 11
66060 9
66070 17
66080 21
66090 22
66100 36
66110 32
66120 31
66130 30
66140 33
66150 31
66160 36
66170 26
66180 32
66190 25
66200 29
66210 29
66220 31
66230 33
66240 28
66250 31
66260 28
66270 24
66280 29
66290 31
66300 29
66310 28
66320 24
66330 27
66340 19
66350 26
66360 25
66370 27
66380 29
66390 33
66400 25
66410 26
66420 24
66430 11
66440 2
66450 5
66460 5
66470 6
66480 3
66490 3
66500 0
66510 5
66520 0
66530 3
66540 0
66550 3
66560 1
66570 1
66580 0
66590 1
66600 3
66610 3
66620 0
66630 3
66640 1
66650 3
66660 1
66670 4
66680 1
66690 2
66700 0
66710 0
66720 0
66730 0
66740 0
66750 0
66760 0
66770 0
66780 3
66790 4
66800 0
66810 3
66820 2
66830 2
66840 0
66850 2
66860 3
66870 3
66880 3
66890 2
66900 3
66910 5
66920 9
66930 4
66940 8
66950 0
66960 0
66970 2
66980 1
66990 0
67000 3
67010 3
67020 0
67030 1
67040 1
67050 3
67060 3
67070 0
67080 4
67090 0
67100 0
67110 4
67120 0
67130 0
67140 3
67150 5
67160 2
67170 3
67180 0
67190 4
67200 3
67210 2
67220 1
67230 4
67240 2
67250 1
67260 7
67270 7
67280 2
67290 2
67300 3
67310 4
67320 1
67330 1
67340 3
67350 2
67360 2
67370 3
67380 3
67390 2
67400 4
67410 1
67420 3
67430 4
67440 10
67450 10
67460 3
67470 2
67480 3
67490 6
67500 3
67510 4
67520 4
67530 2
67540 5
67550 12
67560 9
67570 9
67580 7
67590 2
67600 3
67610 3
67620 3
67630 3
67640 5
67650 4
67660 1
67670 1
67680 1
67690 1
67700 4
67710 3
67720 2
67730 3
67740 3
67750 4
67760 0
67770 3
67780 2
67790 3
67800 2
67810 1
67820 1
67830 0
67840 3
67850 3
67860 3
67870 0
67880 2
67890 2
67900 1
67910 1
67920 1
67930 2
67940 0
67950 0
67960 1
67970 3
67980 1
67990 1
68000 1
68010 3
68020 3
68030 3
68040 2
68050 3
68060 0
68070 1
68080 2
68090 0
68100 0
68110 2
68120 8
68130 7
68140 1
68150 0
68160 0
68170 2
68180 0
68190 1
68200 0
68210 0
68220 0
68230 0
68240 1
68250 1
68260 5
68270 1
68280 1
68290 0
68300 1
68310 3
68320 3
68330 2
68340 1
68350 1
68360 2
68370 2
68380 1
68390 3
68400 1
68410 2
68420 5
68430 2
68440 3
68450 3
68460 0
68470 0
68480 1
68490 3
68500 0
68510 2
68520 0
68530 2
68540 4
68550 3
68560 1
68570 2
68580 2
68590 3
68600 1
68610 1
68620 1
68630 2
68640 8
68650 3
68660 3
68670 6
68680 12
68690 7
68700 4
68710 9
68720 11
68730 0
68740 11
68750 2
68760 5
68770 5
68780 0
68790 5
68800 3
68810 4
68820 8
68830 4
68840 2
68850 1
68860 0
68870 0
68880 0
68890 0
68900 10
68910 6
68920 3
68930 3
68940 0
68950 2
68960 3
68970 3
68980 2
68990 1
69000 2
69010 3
69020 0
69030 3
69040 0
69050 2
69060 0
69070 3
69080 4
69090 1
69100 3
69110 3
69120 1
69130 4
69140 3
69150 1
69160 2
69170 2
69180 2
69190 1
69200 4
69210 4
69220 15
69230 7
69240 3
69250 6
69260 3
69270 1
69280 1
69290 3
69300 0
69310 1
69320 4
69330 2
69340 2
69350 1
69360 3
69370 3
69380 2
69390 3
69400 17
69410 3
69420 3
69430 2
69440 3
69450 2
69460 0
69470 2
69480 0
69490 1
69500 0
69510 0
69520 1
69530 0
69540 5
69550 0
69560 2
69570 1
69580 4
69590 9
69600 5
69610 9
69620 1
69630 2
69640 9
69650 6
69660 2
69670 14
69680 11
69690 12
69700 4
69710 2
69720 2
69730 2
69740 1
69750 0
69760 4
69770 0
69780 6
69790 5
69800 0
69810 0
69820 2
69830 3
69840 0
69850 0
69860 0
69870 0
69880 0
69890 0
69900 0
69910 0
69920 0
69930 0
69940 2
69950 0
69960 0
69970 0
69980 0
69990 0
70000 0
70010 0
70020 0
70030 0
70040 0
70050 0
70060 1
70070 0
70080 0
70090 0
70100 0
70110 0
70120 3
70130 3
70140 0
70150 0
70160 0
70170 1
70180 3
70190 0
70200 0
70210 1
70220 4
70230 2
70240 8
70250 3
70260 0
70270 12
70280 9
70290 15
70300 23
70310 22
70320 22
70330 19
70340 14
70350 16
70360 14
70370 16
70380 14
70390 12
70400 10
70410 14
70420 10
70430 18
70440 20
70450 15
70460 15
70470 16
70480 12
70490 20
70500 10
70510 14
70520 23
70530 19
70540 20
70550 21
70560 25
70570 24
70580 9
70590 19
70600 14
70610 23
70620 22
70630 23
70640 15
70650 16
70660 10
70670 15
70680 4
70690 5
70700 13
70710 13
70720 16
70730 19
70740 15
70750 19
70760 15
70770 12
70780 2
70790 5
70800 11
70810 4
70820 1
70830 16
70840 3
70850 6
70860 10
70870 7
70880 19
70890 9
70900 21
70910 8
70920 15
70930 7
70940 18
70950 13
70960 12
70970 20
70980 19
70990 19
71000 22
71010 17
71020 20
71030 7
71040 13
71050 18
71060 16
71070 15
71080 17
71090 16
71100 10
71110 21
71120 18
71130 15
71140 15
71150 20
71160 20
71170 18
71180 8
71190 2
71200 11
71210 11
71220 8
71230 22
71240 3
71250 7
71260 8
71270 0
71280 2
71290 17
71300 2
71310 18
71320 7
71330 11
71340 17
71350 12
71360 12
71370 14
71380 15
71390 19
71400 15
71410 21
71420 15
71430 18
71440 11
71450 13
71460 19
71470 6
71480 4
71490 12
71500 12
71510 19
71520 6
71530 12
71540 10
71550 14
71560 18
71570 17
71580 20
71590 4
71600 12
71610 14
71620 10
71630 15
71640 14
71650 12
71660 10
71670 13
71680 15
71690 13
71700 13
71710 15
71720 12
71730 1
71740 2
71750 22
71760 6
71770 10
71780 12
71790 14
71800 7
71810 13
71820 19
71830 15
71840 14
71850 17
71860 9
71870 23
71880 17
71890 20
71900 8
71910 23
71920 18
71930 3
71940 23
71950 14
71960 20
71970 16
71980 17
71990 21
72000 20
72010 14
72020 23
72030 6
72040 7
72050 11
72060 18
72070 4
72080 18
72090 5
72100 8
72110 13
72120 5
72130 8
72140 16
72150 8
72160 23
72170 21
72180 13
72190 10
72200 12
72210 12
72220 11
72230 4
72240 11
72250 16
72260 5
72270 6
72280 14
72290 6
72300 11
72310 5
72320 17
72330 9
72340 5
72350 7
72360 10
72370 14
72380 6
72390 6
72400 6
72410 14
72420 14
72430 8
72440 13
72450 17
72460 20
72470 10
72480 17
72490 15
72500 22
72510 21
72520 19
72530 17
72540 24
72550 24
72560 15
72570 26
72580 22
72590 21
72600 20
72610 19
72620 19
72630 1
72640 3
72650 25
72660 15
72670 14
72680 20
72690 16
72700 16
72710 13
72720 19
72730 22
72740 24
72750 23
72760 20
72770 14
72780 19
72790 21
72800 20
72810 25
72820 18
72830 17
72840 16
72850 22
72860 23
72870 22
72880 16
72890 17
72900 24
72910 22
72920 19
72930 19
72940 21
72950 21
72960 13
72970 22
72980 19
72990 18
73000 7
73010 16
73020 19
73030 15
73040 3
73050 4
73060 0
73070 22
73080 5
73090 5
73100 4
73110 2
73120 4
73130 4
73140 0
73150 3
73160 3
73170 0
73180 0
73190 0
73200 2
73210 7
73220 6
73230 17
73240 3
73250 21
73260 18
73270 20
73280 16
73290 12
73300 14
73310 19
73320 24
73330 17
73340 18
73350 10
73360 15
73370 18
73380 18
73390 19
73400 13
73410 19
73420 14
73430 15
73440 17
73450 19
73460 11
73470 20
73480 21
73490 13
73500 20
73510 14
73520 20
73530 21
73540 13
73550 17
73560 13
73570 5
73580 9
73590 16
73600 12
73610 8
73620 15
73630 6
73640 13
73650 4
73660 2
73670 4
73680 1
73690 0
73700 0
73710 0
73720 0
73730 0
73740 0
73750 0
73760 0
73770 0
73780 0
73790 0
73800 0
73810 0
73820 0
73830 2
73840 2
73850 2
73860 0
73870 0
73880 0
73890 0
73900 0
73910 0
73920 0
73930 0
73940 0
73950 0
73960 0
73970 0
73980 0
73990 0
74000 0
74010 1
74020 1
74030 0
74040 0
74050 1
74060 0
74070 0
74080 0
74090 4
74100 4
74110 8
74120 7
74130 6
74140 4
74150 0
74160 8
74170 4
74180 6
74190 4
74200 4
74210 4
74220 7
74230 5
74240 5
74250 6
74260 6
74270 1
74280 4
74290 0
74300 7
74310 3
74320 0
74330 1
74340 1
74350 0
74360 0
74370 0
74380 0
74390 0
74400 0
74410 0
74420 1
74430 0
74440 0
74450 0
74460 0
74470 0
74480 0
74490 0
74500 0
74510 0
74520 0
74530 0
74540 0
74550 0
74560 0
74570 0
74580 0
74590 0
74600 0
74610 0
74620 0
74630 0
74640 0
74650 0
74660 0
74670 0
74680 0
74690 0
74700 0
74710 0
74720 0
74730 0
74740 0
74750 0
74760 0
74770 0
74780 0
74790 0
74800 0
74810 0
74820 0
74830 0
74840 0
74850 1
74860 4
74870 0
74880 0
74890 0
74900 0
74910 0
74920 0
74930 0
74940 0
74950 0
74960 0
74970 0
74980 0
74990 0
75000 0
75010 0
75020 0
75030 0
75040 0
75050 0
75060 0
75070 0
75080 0
75090 0
75100 0
75110 0
75120 0
75130 0
75140 0
75150 0
75160 0
75170 0
75180 0
75190 0
75200 0
75210 0
75220 0
75230 0
75240 0
75250 0
75260 0
75270 0
75280 0
75290 0
75300 0
75310 0
75320 0
75330 0
75340 0
75350 0
75360 0
75370 0
75380 0
75390 0
75400 0
75410 0
75420 0
75430 0
75440 0
75450 0
75460 0
75470 0
75480 0
75490 0
75500 0
75510 0
75520 0
75530 0
75540 0
75550 0
75560 0
75570 0
75580 0
75590 0
75600 0
75610 1
75620 0
75630 0
75640 0
75650 0
75660 0
75670 0
75680 0
75690 0
75700 0
75710 0
75720 0
75730 0
75740 0
75750 0
75760 1
75770 1
75780 2
75790 0
75800 0
75810 0
75820 0
75830 0
75840 0
75850 0
75860 0
75870 0
75880 0
75890 0
75900 0
75910 0
75920 0
75930 1
75940 0
75950 2
75960 0
75970 4
75980 3
75990 2
76000 1
76010 3
76020 3
76030 6
76040 1
76050 1
76060 1
76070 5
76080 3
76090 0
76100 0
76110 2
76120 2
76130 0
76140 0
76150 4
76160 5
76170 0
76180 4
76190 1
76200 1
76210 2
76220 1
76230 2
76240 4
76250 2
76260 2
76270 4
76280 4
76290 4
76300 1
76310 2
76320 0
76330 3
76340 2
76350 3
76360 3
76370 4
76380 2
76390 1
76400 3
76410 5
76420 3
76430 6
76440 6
76450 4
76460 5
76470 5
76480 4
76490 4
76500 4
76510 3
76520 1
76530 3
76540 2
76550 3
76560 5
76570 2
76580 2
76590 4
76600 6
76610 5
76620 3
76630 2
76640 3
76650 3
76660 1
76670 4
76680 2
76690 3
76700 2
76710 3
76720 2
76730 2
76740 2
76750 2
76760 0
76770 5
76780 6
76790 5
76800 1
76810 0
76820 0
76830 0
76840 1
76850 4
76860 5
76870 9
76880 11
76890 2
76900 3
76910 1
76920 2
76930 3
76940 5
76950 6
76960 1
76970 2
76980 3
76990 4
77000 3
77010 0
77020 3
77030 3
77040 1
77050 3
77060 2
77070 2
77080 1
77090 1
77100 5
77110 3
77120 4
77130 2
77140 1
77150 2
77160 3
77170 1
77180 2
77190 2
77200 1
77210 2
77220 3
77230 3
77240 3
77250 3
77260 3
77270 2
77280 2
77290 3
77300 2
77310 1
77320 1
77330 2
77340 3
77350 4
77360 3
77370 3
77380 4
77390 4
77400 5
77410 3
77420 1
77430 4
77440 1
77450 1
77460 2
77470 2
77480 1
77490 0
77500 0
77510 1
77520 1
77530 2
77540 3
77550 2
77560 3
77570 2
77580 3
77590 2
77600 1
77610 2
77620 2
77630 3
77640 1
77650 0
77660 3
77670 3
77680 1
77690 2
77700 1
77710 3
77720 4
77730 3
77740 2
77750 4
77760 1
77770 2
77780 3
77790 5
77800 2
77810 4
77820 4
77830 2
77840 4
77850 2
77860 5
77870 5
77880 5
77890 1
77900 4
77910 4
77920 1
77930 6
77940 4
77950 1
77960 1
77970 6
77980 3
77990 7
78000 2
78010 8
78020 1
78030 1
78040 3
78050 2
78060 5
78070 7
78080 0
78090 1
78100 0
78110 4
78120 0
78130 2
78140 5
78150 3
78160 2
78170 6
78180 4
78190 5
78200 3
78210 4
78220 5
78230 4
78240 3
78250 8
78260 5
78270 4
78280 2
78290 2
78300 2
78310 1
78320 2
78330 2
78340 2
78350 0
78360 2
78370 0
78380 3
78390 2
78400 2
78410 3
78420 1
78430 0
78440 0
78450 0
78460 0
78470 0
78480 1
78490 1
78500 2
78510 0
78520 1
78530 6
78540 0
78550 4
78560 0
78570 2
78580 0
78590 3
78600 1
78610 3
78620 1
78630 1
78640 0
78650 0
78660 7
78670 1
78680 0
78690 0
78700 0
78710 0
78720 0
78730 0
78740 3
78750 0
78760 0
78770 0
78780 0
78790 0
78800 0
78810 0
78820 0
78830 0
78840 0
78850 0
78860 0
78870 0
78880 0
78890 0
78900 0
78910 0
78920 0
78930 0
78940 0
78950 1
78960 0
78970 0
78980 0
78990 0
79000 0
79010 0
79020 0
79030 1
79040 1
79050 0
79060 2
79070 0
79080 0
79090 2
79100 7
79110 5
79120 7
79130 12
79140 0
79150 0
79160 3
79170 4
79180 3
79190 0
79200 2
79210 1
79220 1
79230 0
79240 2
79250 0
79260 2
79270 0
79280 0
79290 1
79300 1
79310 0
79320 1
79330 0
79340 1
79350 0
79360 5
79370 0
79380 2
79390 1
79400 5
79410 4
79420 1
79430 2
79440 3
79450 5
79460 9
79470 4
79480 1
79490 0
79500 0
79510 6
79520 6
79530 4
79540 4
79550 2
79560 0
79570 1
79580 0
79590 0
79600 1
79610 1
79620 1
79630 2
79640 2
79650 1
79660 0
79670 0
79680 0
79690 0
79700 0
79710 0
79720 1
79730 1
79740 1
79750 0
79760 0
79770 2
79780 3
79790 5
79800 10
79810 4
79820 6
79830 7
79840 14
79850 9
79860 8
79870 11
79880 18
79890 4
79900 6
79910 15
79920 12
79930 8
79940 12
79950 6
79960 11
79970 10
79980 9
79990 5
80000 6
80010 11
80020 1
80030 8
80040 8
80050 11
80060 4
80070 11
80080 7
80090 11
80100 9
80110 6
80120 14
80130 9
80140 11
80150 15
80160 8
80170 12
80180 15
80190 8
80200 5
80210 12
80220 8
80230 3
80240 6
80250 11
80260 10
80270 7
80280 7
80290 11
80300 9
80310 6
80320 4
80330 19
80340 13
80350 17
80360 20
80370 19
80380 22
80390 19
80400 18
80410 12
80420 22
80430 18
80440 25
80450 19
80460 24
80470 23
80480 21
80490 23
80500 26
80510 23
80520 24
80530 16
80540 18
80550 18
80560 21
80570 27
80580 13
80590 24
80600 18
80610 21
80620 28
80630 28
80640 26
80650 21
80660 12
80670 25
80680 25
80690 28
80700 12
80710 21
80720 24
80730 29
80740 15
80750 21
80760 18
80770 22
80780 25
80790 25
80800 19
80810 28
80820 20
80830 27
80840 29
80850 30
80860 24
80870 21
80880 20
80890 23
80900 16
80910 14
80920 20
80930 18
80940 26
80950 19
80960 21
80970 20
80980 22
80990 23
81000 17
81010 18
81020 23
81030 20
81040 23
81050 14
81060 24
81070 23
81080 13
81090 23
81100 20
81110 26
81120 20
81130 16
81140 12
81150 21
81160 13
81170 14
81180 22
81190 18
81200 21
81210 19
81220 23
81230 14
81240 23
81250 21
81260 23
81270 18
81280 19
81290 16
81300 20
81310 18
81320 21
81330 13
81340 18
81350 22
81360 17
81370 21
81380 22
81390 21
81400 25
81410 9
81420 21
81430 21
81440 17
81450 11
81460 12
81470 12
81480 15
81490 18
81500 16
81510 14
81520 10
81530 12
81540 18
81550 17
81560 11
81570 19
81580 15
81590 13
81600 20
81610 11
81620 12
81630 10
81640 11
81650 14
81660 15
81670 14
81680 13
81690 16
81700 11
81710 15
81720 13
81730 13
81740 14
81750 14
81760 8
81770 14
81780 12
81790 13
81800 12
81810 13
81820 17
81830 14
81840 19
81850 13
81860 16
81870 19
81880 21
81890 15
81900 11
81910 12
81920 11
81930 15
81940 12
81950 12
81960 10
81970 8
81980 11
81990 12
82000 10
82010 16
82020 19
82030 13
82040 14
82050 12
82060 17
82070 12
82080 12
82090 14
82100 12
82110 20
82120 21
82130 15
82140 18
82150 19
82160 17
82170 12
82180 16
82190 17
82200 17
82210 21
82220 18
82230 15
82240 9
82250 13
82260 14
82270 14
82280 16
82290 24
82300 25
82310 20
82320 17
82330 15
82340 19
82350 14
82360 14
82370 18
82380 16
82390 13
82400 15
82410 12
82420 13
82430 13
82440 25
82450 17
82460 16
82470 19
82480 17
82490 21
82500 18
82510 12
82520 18
82530 22
82540 16
82550 16
82560 23
82570 24
82580 15
82590 16
82600 8
82610 5
82620 11
82630 21
82640 14
82650 13
82660 14
82670 18
82680 21
82690 14
82700 22
82710 17
82720 18
82730 9
82740 23
82750 8
82760 16
82770 15
82780 12
82790 19
82800 13
82810 12
82820 12
82830 11
82840 13
82850 11
82860 12
82870 11
82880 12
82890 10
82900 6
82910 13
82920 15
82930 11
82940 10
82950 12
82960 18
82970 10
82980 21
82990 14
83000 18
83010 12
83020 11
83030 11
83040 5
83050 12
83060 16
83070 14
83080 10
83090 10
83100 12
83110 15
83120 13
83130 17
83140 16
83150 16
83160 15
83170 11
83180 14
83190 16
83200 12
83210 14
83220 15
83230 12
83240 16
83250 16
83260 17
83270 17
83280 13
83290 14
83300 21
83310 17
83320 16
83330 16
83340 21
83350 20
83360 14
83370 25
83380 14
83390 20
83400 10
83410 22
83420 13
83430 24
83440 25
83450 9
83460 8
83470 12
83480 15
83490 10
83500 13
83510 14
83520 11
83530 13
83540 19
83550 16
83560 7
83570 9
83580 3
83590 14
83600 7
83610 6
83620 1
83630 4
83640 5
83650 9
83660 7
83670 8
83680 7
83690 4
83700 16
83710 18
83720 13
83730 12
83740 12
83750 13
83760 13
83770 15
83780 15
83790 17
83800 20
83810 22
83820 18
83830 20
83840 13
83850 21
83860 21
83870 15
83880 19
83890 19
83900 13
83910 14
83920 13
83930 12
83940 16
83950 24
83960 22
83970 21
83980 21
83990 6
84000 15
84010 18
84020 23
84030 8
84040 18
84050 24
84060 21
84070 19
84080 16
84090 19
84100 23
84110 8
84120 7
84130 6
84140 8
84150 4
84160 3
84170 4
84180 5
84190 0
84200 5
84210 8
84220 8
84230 0
84240 17
84250 3
84260 6
84270 21
84280 20
84290 1
84300 0
84310 15
84320 17
84330 16
84340 11
84350 11
84360 13
84370 14
84380 12
84390 11
84400 12
84410 13
84420 14
84430 12
84440 11
84450 15
84460 14
84470 11
84480 16
84490 14
84500 14
84510 13
84520 11
84530 14
84540 10
84550 8
84560 19
84570 18
84580 13
84590 15
84600 12
84610 2
84620 0
84630 0
84640 0
84650 0
84660 3
84670 0
84680 0
84690 1
84700 0
84710 0
84720 0
84730 0
84740 0
84750 0
84760 0
84770 0
84780 0
84790 0
84800 0
84810 0
84820 1
84830 13
84840 2
84850 0
84860 0
84870 8
84880 1
84890 0
84900 0
84910 0
84920 0
84930 0
84940 0
84950 0
84960 0
84970 0
84980 0
84990 0
85000 0
85010 0
85020 0
85030 0
85040 0
85050 0
85060 0
85070 0
85080 0
85090 0
85100 0
85110 0
85120 0
85130 0
85140 0
85150 0
85160 0
85170 1
85180 0
85190 0
85200 0
85210 0
85220 0
85230 0
85240 0
85250 0
85260 0
85270 0
85280 0
85290 0
85300 0
85310 0
85320 0
85330 0
85340 0
85350 0
85360 0
85370 0
85380 0
85390 0
85400 0
85410 0
85420 0
85430 0
85440 0
85450 0
85460 0
85470 0
85480 0
85490 0
85500 0
85510 0
85520 0
85530 0
85540 0
85550 0
85560 1
85570 0
85580 0
85590 0
85600 0
85610 0
85620 0
85630 0
85640 0
85650 0
85660 0
85670 3
85680 0
85690 0
85700 0
85710 0
85720 0
85730 0
85740 0
85750 0
85760 0
85770 0
85780 0
85790 0
85800 0
85810 0
85820 0
85830 0
85840 0
85850 0
85860 0
85870 0
85880 0
85890 0
85900 0
85910 0
85920 0
85930 0
85940 0
85950 0
85960 0
85970 0
85980 0
85990 0
86000 0
86010 0
86020 0
86030 0
86040 0
86050 0
86060 0
86070 0
86080 2
86090 3
86100 2
86110 3
86120 3
86130 0
86140 0
86150 0
86160 0
86170 0
86180 0
86190 0
86200 0
86210 0
86220 0
86230 0
86240 0
86250 0
86260 0
86270 0
86280 0
86290 0
86300 0
86310 0
86320 0
86330 0
86340 0
86350 0
86360 0
86370 0
86380 0
86390 0
86400 0
86410 0
86420 0
86430 0
86440 1
86450 6
86460 8
86470 0
86480 0
86490 0
86500 0
86510 0
86520 0
86530 0
86540 0
86550 1
86560 0
86570 1
86580 0
86590 4
86600 1
86610 0
86620 0
86630 0
86640 0
86650 0
86660 0
86670 0
86680 0
86690 2
86700 1
86710 0
86720 0
86730 0
86740 0
86750 0
86760 0
86770 0
86780 0
86790 0
86800 0
86810 0
86820 0
86830 0
86840 0
86850 0
86860 0
86870 0
86880 0
86890 0
86900 0
86910 0
86920 0
86930 0
86940 0
86950 0
86960 0
86970 0
86980 0
86990 0
87000 0
87010 0
87020 0
87030 0
87040 3
87050 2
87060 0
87070 0
87080 0
87090 0
87100 0
87110 0
87120 0
87130 0
87140 0
87150 0
87160 0
87170 0
87180 0
87190 0
87200 0
87210 0
87220 0
87230 0
87240 0
87250 0
87260 0
87270 0
87280 0
87290 0
87300 0
87310 0
87320 0
87330 0
87340 0
87350 0
87360 0
87370 0
87380 0
87390 0
87400 0
87410 0
87420 1
87430 0
87440 0
87450 0
87460 0
87470 0
87480 0
87490 0
87500 0
87510 0
87520 0
87530 0
87540 0
87550 1
87560 0
87570 0
87580 0
87590 0
87600 0
87610 0
87620 0
87630 0
87640 0
87650 0
87660 0
87670 0
87680 3
87690 0
87700 1
87710 1
87720 0
87730 0
87740 0
87750 0
87760 0
87770 0
87780 0
87790 0
87800 0
87810 0
87820 0
87830 0
87840 0
87850 0
87860 0
87870 0
87880 0
87890 0
87900 0
87910 0
87920 0
87930 0
87940 0
87950 0
87960 0
87970 0
87980 0
87990 0
88000 0
88010 0
88020 0
88030 0
88040 0
88050 0
88060 0
88070 0
88080 0
88090 0
88100 0
88110 0
88120 2
88130 6
88140 3
88150 6
88160 0
88170 0
88180 0
88190 0
88200 0
88210 0
88220 0
88230 0
88240 0
88250 0
88260 0
88270 0
88280 0
88290 0
88300 0
88310 0
88320 0
88330 0
88340 0
88350 0
88360 0
88370 0
88380 0
88390 0
88400 0
88410 0
88420 0
88430 0
88440 0
88450 0
88460 1
88470 0
88480 3
88490 14
88500 11
88510 9
88520 12
88530 15
88540 11
88550 13
88560 11
88570 13
88580 11
88590 24
88600 10
88610 15
88620 12
88630 10
88640 13
88650 15
88660 20
88670 14
88680 11
88690 9
88700 11
88710 8
88720 7
88730 12
88740 16
88750 15
88760 14
88770 12
88780 13
88790 12
88800 11
88810 16
88820 9
88830 9
88840 10
88850 11
88860 12
88870 14
88880 19
88890 12
88900 12
88910 16
88920 11
88930 19
88940 12
88950 10
88960 12
88970 10
88980 13
88990 12
89000 8
89010 12
89020 13
89030 21
89040 19
89050 12
89060 16
89070 13
89080 10
89090 11
89100 13
89110 11
89120 14
89130 14
89140 11
89150 10
89160 15
89170 14
89180 11
89190 9
89200 7
89210 11
89220 15
89230 10
89240 14
89250 13
89260 16
89270 10
89280 8
89290 10
89300 13
89310 14
89320 14
89330 13
89340 10
89350 10
89360 12
89370 15
89380 13
89390 10
89400 12
89410 14
89420 10
89430 12
89440 11
89450 11
89460 9
89470 16
89480 11
89490 10
89500 15
89510 19
89520 13
89530 16
89540 17
89550 14
89560 24
89570 19
89580 13
89590 17
89600 11
89610 14
89620 10
89630 9
89640 13
89650 10
89660 10
89670 13
89680 16
89690 15
89700 13
89710 11
89720 15
89730 13
89740 12
89750 9
89760 15
89770 12
89780 12
89790 9
89800 12
89810 10
89820 11
89830 8
89840 12
89850 10
89860 12
89870 15
89880 13
89890 15
89900 9
89910 13
89920 11
89930 3
89940 13
89950 14
89960 11
89970 15
89980 12
89990 11
90000 12
90010 9
90020 16
90030 12
90040 14
90050 17
90060 14
90070 14
90080 11
90090 14
90100 12
90110 14
90120 9
90130 16
90140 12
90150 14
90160 13
90170 12
90180 13
90190 12
90200 14
90210 14
90220 14
90230 15
90240 14
90250 16
90260 12
90270 10
90280 11
90290 0
90300 0
90310 0
90320 0
90330 0
90340 0
90350 0
90360 0
90370 0
90380 0
90390 0
90400 0
90410 0
90420 0
90430 0
90440 0
90450 0
90460 1
90470 0
90480 0
90490 0
90500 0
90510 1
90520 0
90530 0
90540 0
90550 0
90560 0
90570 0
90580 0
90590 0
90600 0
90610 0
90620 0
90630 0
90640 0
90650 0
90660 0
90670 0
90680 0
90690 0
90700 0
90710 0
90720 0
90730 0
90740 0
90750 0
90760 0
90770 0
90780 0
90790 0
90800 0
90810 0
90820 0
90830 0
90840 0
90850 0
90860 0
90870 0
90880 0
90890 0
90900 0
90910 0
90920 0
90930 0
90940 0
90950 0
90960 0
90970 0
90980 0
90990 0
91000 0
91010 0
91020 0
91030 0
91040 0
91050 0
91060 0
91070 0
91080 0
91090 0
91100 0
91110 0
91120 0
91130 0
91140 0
91150 0
91160 0
91170 0
91180 0
91190 0
91200 0
91210 0
91220 0
91230 0
91240 0
91250 0
91260 0
91270 0
91280 0
91290 0
91300 0
91310 0
91320 0
91330 0
91340 0
91350 0
91360 0
91370 0
91380 0
91390 0
91400 0
91410 0
91420 0
91430 0
91440 0
91450 0
91460 0
91470 0
91480 0
91490 0
91500 0
91510 0
91520 0
91530 0
91540 0
91550 0
91560 0
91570 0
91580 0
91590 0
91600 0
91610 0
91620 0
91630 0
91640 0
91650 0
91660 0
91670 0
91680 0
91690 0
91700 0
91710 0
91720 0
91730 0
91740 0
91750 0
91760 0
91770 0
91780 0
91790 0
91800 0
91810 0
91820 0
91830 0
91840 0
91850 0
91860 0
91870 0
91880 0
91890 0
91900 0
91910 0
91920 0
91930 0
91940 0
91950 0
91960 0
91970 0
91980 0
91990 0
92000 0
92010 0
92020 0
92030 0
92040 0
92050 0
92060 0
92070 0
92080 0
92090 0
92100 0
92110 0
92120 0
92130 0
92140 0
92150 0
92160 0
92170 0
92180 0
92190 0
92200 0
92210 0
92220 0
92230 0
92240 0
92250 0
92260 0
92270 0
92280 0
92290 0
92300 0
92310 0
92320 0
92330 0
92340 0
92350 0
92360 0
92370 0
92380 0
92390 0
92400 0
92410 0
92420 0
92430 0
92440 0
92450 0
92460 0
92470 0
92480 0
92490 0
92500 0
92510 0
92520 0
92530 0
92540 0
92550 0
92560 0
92570 0
92580 0
92590 0
92600 0
92610 0
92620 0
92630 0
92640 0
92650 0
92660 0
92670 0
92680 1
92690 0
92700 1
92710 0
92720 3
92730 2
92740 0
92750 0
92760 0
92770 0
92780 0
92790 0
92800 0
92810 0
92820 0
92830 0
92840 0
92850 0
92860 0
92870 0
92880 0
92890 0
92900 0
92910 0
92920 0
92930 0
92940 0
92950 0
92960 0
92970 0
92980 0
92990 0
93000 0
93010 0
93020 0
93030 0
93040 0
93050 0
93060 0
93070 0
93080 0
93090 0
93100 0
93110 0
93120 0
93130 0
93140 0
93150 0
93160 0
93170 0
93180 0
93190 0
93200 0
93210 0
93220 2
93230 10
93240 11
93250 0
93260 3
93270 3
93280 1
93290 0
93300 0
93310 0
93320 0
93330 0
93340 0
93350 0
93360 0
93370 0
93380 0
93390 0
93400 0
93410 0
93420 0
93430 0
93440 0
93450 0
93460 0
93470 0
93480 0
93490 0
93500 0
93510 0
93520 0
93530 0
93540 0
93550 0
93560 0
93570 0
93580 0
93590 0
93600 0
93610 0
93620 0
93630 0
93640 0
93650 0
93660 0
93670 0
93680 0
93690 0
93700 0
93710 0
93720 0
93730 0
93740 0
93750 0
93760 0
93770 0
93780 0
93790 0
93800 0
93810 0
93820 0
93830 0
93840 0
93850 0
93860 0
93870 0
93880 0
93890 0
93900 0
93910 0
93920 0
93930 0
93940 0
93950 0
93960 0
93970 0
93980 0
93990 0
94000 0
94010 0
94020 0
94030 0
94040 0
94050 0
94060 0
94070 0
94080 0
94090 0
94100 0
94110 0
94120 0
94130 0
94140 0
94150 0
94160 0
94170 0
94180 0
94190 0
94200 0
94210 0
94220 0
94230 0
94240 0
94250 0
94260 0
94270 0
94280 0
94290 0
94300 0
94310 0
94320 0
94330 0
94340 0
94350 0
94360 0
94370 0
94380 0
94390 0
94400 0
94410 0
94420 0
94430 0
94440 0
94450 0
94460 0
94470 0
94480 0
94490 0
94500 0
94510 0
94520 0
94530 0
94540 0
94550 0
94560 0
94570 0
94580 0
94590 0
94600 0
94610 0
94620 0
94630 0
94640 0
94650 0
94660 0
94670 0
94680 0
94690 0
94700 0
94710 0
94720 0
94730 0
94740 0
94750 0
94760 0
94770 0
94780 0
94790 0
94800 0
94810 0
94820 0
94830 0
94840 0
94850 0
94860 0
94870 0
94880 0
94890 0
94900 0
94910 0
94920 0
94930 0
94940 0
94950 0
94960 0
94970 0
94980 0
94990 0
95000 0
95010 0
95020 0
95030 0
95040 0
95050 0
95060 0
95070 0
95080 0
95090 0
95100 0
95110 0
95120 0
95130 0
95140 0
95150 0
95160 0
95170 0
95180 0
95190 0
95200 0
95210 0
95220 0
95230 0
95240 0
95250 0
95260 0
95270 0
95280 0
95290 0
95300 0
95310 0
95320 0
95330 0
95340 0
95350 0
95360 0
95370 0
95380 0
95390 0
95400 0
95410 0
95420 0
95430 0
95440 0
95450 0
95460 0
95470 0
95480 0
95490 0
95500 0
95510 0
95520 0
95530 0
95540 0
95550 0
95560 0
95570 0
95580 0
95590 0
95600 0
95610 0
95620 0
95630 0
95640 1
95650 0
95660 0
95670 0
95680 0
95690 0
95700 0
95710 0
95720 0
95730 0
95740 0
95750 0
95760 0
95770 0
95780 0
95790 0
95800 0
95810 0
95820 0
95830 0
95840 0
95850 0
95860 0
95870 0
95880 0
95890 0
95900 0
95910 0
95920 0
95930 0
95940 0
95950 0
95960 0
95970 0
95980 0
95990 0
96000 0
96010 0
96020 0
96030 0
96040 0
96050 0
96060 0
96070 0
96080 1
96090 0
96100 0
96110 0
96120 1
96130 0
96140 0
96150 0
96160 0
96170 1
96180 0
96190 0
96200 1
96210 0
96220 2
96230 2
96240 1
96250 0
96260 0
96270 0
96280 0
96290 0
96300 0
96310 0
96320 0
96330 0
96340 0
96350 0
96360 0
96370 0
96380 0
96390 0
96400 0
96410 0
96420 0
96430 0
96440 0
96450 0
96460 0
96470 0
96480 0
96490 0
96500 0
96510 0
96520 0
96530 0
96540 0
96550 0
96560 0
96570 0
96580 0
96590 0
96600 0
96610 0
96620 0
96630 0
96640 0
96650 0
96660 0
96670 0
96680 0
96690 0
96700 0
96710 0
96720 0
96730 0
96740 0
96750 1
96760 3
96770 3
96780 4
96790 6
96800 3
96810 4
96820 1
96830 4
96840 4
96850 1
96860 1
96870 1
96880 1
96890 0
96900 0
96910 0
96920 0
96930 0
96940 1
96950 1
96960 0
96970 0
96980 0
96990 0
97000 0
97010 0
97020 0
97030 0
97040 0
97050 0
97060 0
97070 0
97080 0
97090 0
97100 0
97110 0
97120 1
97130 1
97140 2
97150 1
97160 0
97170 1
97180 0
97190 1
97200 0
97210 0
97220 0
97230 0
97240 0
97250 0
97260 0
97270 0
97280 0
97290 0
97300 0
97310 0
97320 0
97330 0
97340 0
97350 0
97360 0
97370 0
97380 0
97390 0
97400 0
97410 0
97420 0
97430 0
97440 0
97450 0
97460 0
97470 0
97480 0
97490 0
97500 0
97510 0
97520 0
97530 0
97540 0
97550 0
97560 0
97570 0
97580 0
97590 0
97600 0
97610 0
97620 0
97630 0
97640 0
97650 0
97660 0
97670 0
97680 0
97690 0
97700 0
97710 0
97720 0
97730 0
97740 0
97750 0
97760 0
97770 0
97780 0
97790 0
97800 0
97810 0
97820 0
97830 0
97840 0
97850 0
97860 0
97870 0
97880 0
97890 0
97900 0
97910 0
97920 0
97930 0
97940 0
97950 0
97960 0
97970 0
97980 0
97990 0
98000 0
98010 0
98020 0
98030 0
98040 0
98050 0
98060 0
98070 0
98080 0
98090 0
98100 0
98110 0
98120 0
98130 0
98140 0
98150 0
98160 0
98170 0
98180 0
98190 0
98200 0
98210 0
98220 0
98230 0
98240 0
98250 0
98260 0
98270 0
98280 0
98290 0
98300 0
98310 0
98320 0
98330 0
98340 0
98350 0
98360 0
98370 0
98380 0
98390 0
98400 0
98410 0
98420 0
98430 0
98440 0
98450 0
98460 0
98470 0
98480 0
98490 0
98500 0
98510 0
98520 0
98530 0
98540 0
98550 0
98560 0
98570 0
98580 0
98590 0
98600 0
98610 0
98620 0
98630 0
98640 0
98650 0
98660 0
98670 0
98680 0
98690 0
98700 0
98710 0
98720 0
98730 0
98740 0
98750 0
98760 0
98770 0
98780 0
98790 0
98800 0
98810 0
98820 0
98830 0
98840 0
98850 0
98860 0
98870 0
98880 0
98890 0
98900 0
98910 0
98920 0
98930 0
98940 0
98950 0
98960 0
98970 0
98980 0
98990 0
99000 0
99010 0
99020 0
99030 0
99040 0
99050 0
99060 0
99070 0
99080 0
99090 0
99100 0
99110 0
99120 0
99130 0
99140 1
99150 0
99160 0
99170 0
99180 0
99190 3
99200 5
99210 2
99220 1
99230 4
99240 3
99250 1
99260 4
99270 4
99280 6
99290 0
99300 4
99310 2
99320 4
99330 0
99340 3
99350 2
99360 4
99370 3
99380 4
99390 1
99400 2
99410 0
99420 0
99430 0
99440 0
99450 0
99460 0
99470 0
99480 0
99490 0
99500 0
99510 0
99520 0
99530 0
99540 0
99550 0
99560 0
99570 0
99580 0
99590 0
99600 0
99610 0
99620 0
99630 0
99640 0
99650 0
99660 0
99670 0
99680 0
99690 0
99700 0
99710 0
99720 0
99730 0
99740 0
99750 2
99760 0
99770 0
99780 4
99790 2
99800 2
99810 0
99820 0
99830 0
99840 0
99850 0
99860 0
99870 0
99880 0
99890 0
99900 0
99910 0
99920 0
99930 0
99940 0
99950 0
99960 0
99970 0
99980 0
99990 0
