# Frame Contacts
30000 0
30010 0
30020 0
30030 0
30040 0
30050 0
30060 0
30070 0
30080 0
30090 0
30100 0
30110 0
30120 0
30130 0
30140 0
30150 0
30160 0
30170 0
30180 0
30190 0
30200 0
30210 0
30220 0
30230 0
30240 0
30250 0
30260 0
30270 0
30280 0
30290 0
30300 0
30310 0
30320 0
30330 0
30340 0
30350 0
30360 0
30370 0
30380 0
30390 0
30400 0
30410 0
30420 0
30430 0
30440 0
30450 0
30460 0
30470 0
30480 0
30490 0
30500 0
30510 0
30520 0
30530 0
30540 0
30550 0
30560 0
30570 0
30580 0
30590 0
30600 0
30610 0
30620 0
30630 0
30640 0
30650 0
30660 0
30670 0
30680 0
30690 0
30700 0
30710 0
30720 0
30730 0
30740 0
30750 0
30760 0
30770 0
30780 0
30790 0
30800 0
30810 0
30820 0
30830 0
30840 0
30850 0
30860 0
30870 0
30880 0
30890 0
30900 0
30910 0
30920 0
30930 0
30940 0
30950 0
30960 0
30970 0
30980 0
30990 0
31000 0
31010 0
31020 0
31030 0
31040 0
31050 0
31060 0
31070 0
31080 0
31090 0
31100 0
31110 0
31120 0
31130 0
31140 0
31150 0
31160 0
31170 0
31180 0
31190 0
31200 0
31210 0
31220 0
31230 0
31240 0
31250 0
31260 0
31270 0
31280 0
31290 0
31300 0
31310 0
31320 0
31330 0
31340 0
31350 0
31360 0
31370 0
31380 0
31390 0
31400 0
31410 0
31420 0
31430 0
31440 0
31450 0
31460 0
31470 0
31480 0
31490 0
31500 0
31510 0
31520 0
31530 0
31540 0
31550 0
31560 0
31570 0
31580 0
31590 0
31600 0
31610 0
31620 0
31630 0
31640 0
31650 0
31660 0
31670 0
31680 0
31690 0
31700 0
31710 0
31720 0
31730 0
31740 0
31750 0
31760 0
31770 0
31780 0
31790 0
31800 0
31810 0
31820 0
31830 0
31840 0
31850 0
31860 0
31870 0
31880 0
31890 0
31900 0
31910 0
31920 0
31930 0
31940 0
31950 0
31960 0
31970 0
31980 0
31990 0
32000 0
32010 0
32020 0
32030 0
32040 0
32050 0
32060 0
32070 0
32080 0
32090 0
32100 0
32110 0
32120 0
32130 0
32140 0
32150 0
32160 0
32170 0
32180 0
32190 0
32200 0
32210 0
32220 0
32230 0
32240 0
32250 0
32260 0
32270 0
32280 0
32290 0
32300 0
32310 0
32320 0
32330 0
32340 0
32350 0
32360 0
32370 0
32380 0
32390 0
32400 0
32410 0
32420 0
32430 0
32440 0
32450 0
32460 0
32470 0
32480 0
32490 0
32500 0
32510 0
32520 0
32530 0
32540 0
32550 0
32560 0
32570 0
32580 0
32590 0
32600 0
32610 0
32620 0
32630 0
32640 0
32650 0
32660 0
32670 0
32680 0
32690 0
32700 0
32710 0
32720 0
32730 0
32740 0
32750 0
32760 0
32770 0
32780 0
32790 0
32800 0
32810 0
32820 0
32830 0
32840 0
32850 0
32860 0
32870 0
32880 0
32890 0
32900 0
32910 0
32920 0
32930 0
32940 0
32950 0
32960 0
32970 0
32980 0
32990 0
33000 0
33010 0
33020 0
33030 0
33040 0
33050 0
33060 0
33070 0
33080 0
33090 0
33100 0
33110 0
33120 0
33130 0
33140 0
33150 0
33160 0
33170 0
33180 0
33190 0
33200 0
33210 0
33220 0
33230 0
33240 0
33250 0
33260 0
33270 0
33280 0
33290 0
33300 0
33310 0
33320 0
33330 0
33340 0
33350 0
33360 0
33370 0
33380 0
33390 0
33400 0
33410 0
33420 0
33430 0
33440 0
33450 0
33460 0
33470 0
33480 0
33490 0
33500 0
33510 0
33520 0
33530 0
33540 0
33550 0
33560 0
33570 0
33580 0
33590 0
33600 0
33610 0
33620 0
33630 0
33640 0
33650 0
33660 0
33670 0
33680 0
33690 0
33700 0
33710 0
33720 0
33730 0
33740 0
33750 0
33760 0
33770 0
33780 0
33790 0
33800 0
33810 0
33820 0
33830 0
33840 0
33850 0
33860 0
33870 0
33880 0
33890 0
33900 0
33910 0
33920 0
33930 0
33940 0
33950 0
33960 0
33970 0
33980 0
33990 0
34000 0
34010 0
34020 0
34030 0
34040 0
34050 0
34060 0
34070 0
34080 0
34090 0
34100 0
34110 0
34120 0
34130 0
34140 0
34150 0
34160 0
34170 0
34180 0
34190 0
34200 0
34210 0
34220 0
34230 0
34240 0
34250 0
34260 0
34270 0
34280 0
34290 0
34300 0
34310 0
34320 0
34330 0
34340 0
34350 0
34360 0
34370 0
34380 0
34390 0
34400 0
34410 0
34420 0
34430 0
34440 0
34450 0
34460 0
34470 0
34480 0
34490 0
34500 0
34510 0
34520 0
34530 0
34540 0
34550 0
34560 0
34570 0
34580 0
34590 0
34600 0
34610 0
34620 0
34630 0
34640 0
34650 0
34660 0
34670 0
34680 0
34690 0
34700 0
34710 0
34720 0
34730 0
34740 0
34750 0
34760 0
34770 0
34780 0
34790 0
34800 0
34810 0
34820 0
34830 0
34840 0
34850 0
34860 0
34870 0
34880 0
34890 0
34900 0
34910 0
34920 0
34930 0
34940 0
34950 0
34960 0
34970 0
34980 0
34990 0
35000 0
35010 0
35020 0
35030 0
35040 0
35050 0
35060 0
35070 0
35080 0
35090 0
35100 0
35110 0
35120 0
35130 0
35140 0
35150 0
35160 0
35170 0
35180 0
35190 0
35200 0
35210 0
35220 0
35230 0
35240 0
35250 0
35260 0
35270 0
35280 0
35290 0
35300 0
35310 0
35320 0
35330 0
35340 0
35350 0
35360 0
35370 0
35380 0
35390 0
35400 0
35410 0
35420 0
35430 0
35440 0
35450 0
35460 0
35470 0
35480 0
35490 0
35500 0
35510 0
35520 0
35530 0
35540 0
35550 0
35560 0
35570 0
35580 0
35590 0
35600 0
35610 0
35620 0
35630 0
35640 0
35650 0
35660 0
35670 0
35680 0
35690 0
35700 0
35710 0
35720 0
35730 0
35740 0
35750 0
35760 0
35770 0
35780 0
35790 0
35800 0
35810 0
35820 0
35830 0
35840 0
35850 0
35860 0
35870 0
35880 0
35890 0
35900 0
35910 0
35920 0
35930 0
35940 0
35950 0
35960 0
35970 0
35980 0
35990 0
36000 0
36010 0
36020 0
36030 0
36040 0
36050 0
36060 0
36070 0
36080 0
36090 0
36100 0
36110 0
36120 0
36130 0
36140 0
36150 0
36160 0
36170 0
36180 0
36190 0
36200 0
36210 0
36220 0
36230 0
36240 0
36250 0
36260 0
36270 0
36280 0
36290 0
36300 0
36310 0
36320 0
36330 0
36340 0
36350 0
36360 0
36370 0
36380 0
36390 0
36400 0
36410 0
36420 0
36430 0
36440 0
36450 0
36460 0
36470 0
36480 0
36490 0
36500 0
36510 0
36520 0
36530 0
36540 0
36550 0
36560 0
36570 0
36580 0
36590 0
36600 0
36610 0
36620 0
36630 0
36640 0
36650 0
36660 0
36670 0
36680 0
36690 0
36700 0
36710 0
36720 0
36730 0
36740 0
36750 0
36760 0
36770 0
36780 0
36790 0
36800 0
36810 0
36820 0
36830 0
36840 0
36850 0
36860 0
36870 0
36880 0
36890 0
36900 0
36910 0
36920 0
36930 0
36940 0
36950 0
36960 0
36970 0
36980 0
36990 0
37000 0
37010 0
37020 0
37030 0
37040 0
37050 0
37060 0
37070 0
37080 0
37090 0
37100 0
37110 0
37120 0
37130 0
37140 0
37150 0
37160 0
37170 0
37180 0
37190 0
37200 0
37210 0
37220 0
37230 0
37240 0
37250 0
37260 0
37270 0
37280 0
37290 0
37300 0
37310 0
37320 0
37330 0
37340 0
37350 0
37360 0
37370 0
37380 0
37390 0
37400 0
37410 0
37420 0
37430 0
37440 0
37450 0
37460 0
37470 0
37480 0
37490 0
37500 0
37510 0
37520 0
37530 0
37540 0
37550 0
37560 0
37570 0
37580 0
37590 0
37600 0
37610 0
37620 0
37630 0
37640 0
37650 0
37660 0
37670 0
37680 0
37690 0
37700 0
37710 0
37720 0
37730 0
37740 0
37750 0
37760 0
37770 0
37780 0
37790 0
37800 0
37810 0
37820 0
37830 0
37840 0
37850 0
37860 0
37870 0
37880 0
37890 0
37900 0
37910 0
37920 0
37930 0
37940 0
37950 0
37960 0
37970 0
37980 0
37990 0
38000 0
38010 0
38020 0
38030 0
38040 0
38050 0
38060 0
38070 0
38080 0
38090 0
38100 0
38110 0
38120 0
38130 0
38140 0
38150 0
38160 0
38170 0
38180 0
38190 0
38200 0
38210 0
38220 0
38230 0
38240 0
38250 0
38260 0
38270 0
38280 0
38290 0
38300 0
38310 0
38320 0
38330 0
38340 0
38350 0
38360 0
38370 0
38380 0
38390 0
38400 0
38410 0
38420 0
38430 0
38440 0
38450 0
38460 0
38470 0
38480 0
38490 0
38500 0
38510 0
38520 0
38530 0
38540 0
38550 0
38560 0
38570 0
38580 0
38590 0
38600 0
38610 0
38620 0
38630 0
38640 0
38650 0
38660 0
38670 0
38680 0
38690 0
38700 0
38710 0
38720 0
38730 0
38740 0
38750 0
38760 0
38770 0
38780 0
38790 0
38800 0
38810 0
38820 0
38830 0
38840 0
38850 0
38860 0
38870 0
38880 0
38890 0
38900 0
38910 0
38920 0
38930 0
38940 0
38950 0
38960 0
38970 0
38980 0
38990 0
39000 0
39010 0
39020 0
39030 0
39040 0
39050 0
39060 0
39070 0
39080 0
39090 0
39100 0
39110 0
39120 0
39130 0
39140 0
39150 0
39160 0
39170 0
39180 0
39190 0
39200 0
39210 0
39220 0
39230 0
39240 0
39250 0
39260 0
39270 0
39280 0
39290 0
39300 0
39310 0
39320 0
39330 0
39340 0
39350 0
39360 0
39370 0
39380 0
39390 0
39400 0
39410 0
39420 0
39430 0
39440 0
39450 0
39460 0
39470 0
39480 0
39490 0
39500 0
39510 0
39520 0
39530 0
39540 0
39550 0
39560 0
39570 0
39580 0
39590 0
39600 0
39610 0
39620 0
39630 0
39640 0
39650 0
39660 0
39670 0
39680 0
39690 0
39700 0
39710 0
39720 0
39730 0
39740 0
39750 0
39760 0
39770 0
39780 0
39790 0
39800 0
39810 0
39820 0
39830 0
39840 0
39850 0
39860 0
39870 0
39880 0
39890 0
39900 0
39910 0
39920 0
39930 0
39940 0
39950 0
39960 0
39970 0
39980 0
39990 0
40000 0
40010 0
40020 0
40030 0
40040 0
40050 0
40060 0
40070 0
40080 0
40090 0
40100 0
40110 0
40120 0
40130 0
40140 0
40150 0
40160 0
40170 0
40180 0
40190 0
40200 0
40210 0
40220 0
40230 0
40240 0
40250 0
40260 0
40270 0
40280 0
40290 0
40300 0
40310 0
40320 0
40330 0
40340 0
40350 0
40360 0
40370 0
40380 0
40390 0
40400 0
40410 0
40420 0
40430 0
40440 0
40450 0
40460 0
40470 0
40480 0
40490 0
40500 0
40510 0
40520 0
40530 0
40540 0
40550 0
40560 0
40570 0
40580 0
40590 0
40600 0
40610 0
40620 0
40630 0
40640 0
40650 0
40660 0
40670 0
40680 0
40690 0
40700 0
40710 0
40720 0
40730 0
40740 0
40750 0
40760 0
40770 0
40780 0
40790 0
40800 0
40810 0
40820 0
40830 0
40840 0
40850 0
40860 0
40870 0
40880 0
40890 0
40900 0
40910 0
40920 0
40930 0
40940 0
40950 0
40960 0
40970 0
40980 0
40990 0
41000 0
41010 0
41020 0
41030 0
41040 0
41050 0
41060 0
41070 0
41080 0
41090 0
41100 0
41110 0
41120 0
41130 0
41140 0
41150 0
41160 0
41170 0
41180 0
41190 0
41200 0
41210 0
41220 0
41230 0
41240 0
41250 0
41260 0
41270 0
41280 0
41290 0
41300 0
41310 0
41320 0
41330 0
41340 0
41350 0
41360 0
41370 0
41380 0
41390 0
41400 0
41410 0
41420 0
41430 0
41440 0
41450 0
41460 0
41470 0
41480 0
41490 0
41500 0
41510 0
41520 0
41530 0
41540 0
41550 0
41560 0
41570 0
41580 0
41590 0
41600 0
41610 0
41620 0
41630 0
41640 0
41650 0
41660 0
41670 0
41680 0
41690 0
41700 0
41710 0
41720 0
41730 0
41740 0
41750 0
41760 0
41770 0
41780 0
41790 0
41800 0
41810 0
41820 0
41830 0
41840 0
41850 0
41860 0
41870 0
41880 0
41890 0
41900 0
41910 0
41920 0
41930 0
41940 0
41950 0
41960 0
41970 0
41980 0
41990 0
42000 0
42010 0
42020 0
42030 0
42040 0
42050 0
42060 0
42070 0
42080 0
42090 0
42100 0
42110 0
42120 0
42130 0
42140 0
42150 0
42160 0
42170 0
42180 0
42190 0
42200 0
42210 0
42220 0
42230 0
42240 0
42250 0
42260 0
42270 0
42280 0
42290 0
42300 0
42310 0
42320 0
42330 0
42340 0
42350 0
42360 0
42370 0
42380 0
42390 0
42400 0
42410 0
42420 0
42430 0
42440 0
42450 0
42460 0
42470 0
42480 0
42490 0
42500 0
42510 0
42520 0
42530 0
42540 0
42550 0
42560 0
42570 0
42580 0
42590 0
42600 0
42610 0
42620 0
42630 0
42640 0
42650 0
42660 0
42670 0
42680 0
42690 0
42700 0
42710 0
42720 0
42730 0
42740 0
42750 0
42760 0
42770 0
42780 0
42790 0
42800 0
42810 0
42820 0
42830 0
42840 0
42850 0
42860 0
42870 0
42880 0
42890 0
42900 0
42910 0
42920 0
42930 0
42940 0
42950 0
42960 0
42970 0
42980 0
42990 0
43000 0
43010 0
43020 0
43030 0
43040 0
43050 0
43060 0
43070 0
43080 0
43090 0
43100 0
43110 0
43120 0
43130 0
43140 0
43150 0
43160 0
43170 0
43180 0
43190 0
43200 0
43210 0
43220 0
43230 0
43240 0
43250 0
43260 0
43270 0
43280 0
43290 0
43300 0
43310 0
43320 0
43330 0
43340 0
43350 0
43360 0
43370 0
43380 0
43390 0
43400 0
43410 0
43420 0
43430 0
43440 0
43450 0
43460 0
43470 0
43480 0
43490 0
43500 0
43510 0
43520 0
43530 0
43540 0
43550 0
43560 0
43570 0
43580 0
43590 0
43600 0
43610 0
43620 0
43630 0
43640 0
43650 0
43660 0
43670 0
43680 0
43690 0
43700 0
43710 0
43720 0
43730 0
43740 0
43750 0
43760 0
43770 0
43780 0
43790 0
43800 0
43810 0
43820 0
43830 0
43840 0
43850 0
43860 0
43870 0
43880 0
43890 0
43900 0
43910 0
43920 0
43930 0
43940 0
43950 0
43960 0
43970 0
43980 0
43990 0
44000 0
44010 0
44020 0
44030 0
44040 0
44050 0
44060 0
44070 0
44080 0
44090 0
44100 0
44110 0
44120 0
44130 0
44140 0
44150 0
44160 0
44170 0
44180 0
44190 0
44200 0
44210 0
44220 0
44230 0
44240 0
44250 0
44260 0
44270 0
44280 0
44290 0
44300 0
44310 0
44320 0
44330 0
44340 0
44350 0
44360 0
44370 0
44380 0
44390 0
44400 0
44410 0
44420 0
44430 0
44440 0
44450 0
44460 0
44470 0
44480 0
44490 0
44500 0
44510 0
44520 0
44530 0
44540 0
44550 0
44560 0
44570 0
44580 0
44590 0
44600 0
44610 0
44620 0
44630 0
44640 0
44650 0
44660 0
44670 0
44680 0
44690 0
44700 0
44710 0
44720 0
44730 0
44740 0
44750 0
44760 0
44770 0
44780 0
44790 0
44800 0
44810 0
44820 0
44830 0
44840 0
44850 0
44860 0
44870 0
44880 0
44890 0
44900 0
44910 0
44920 0
44930 0
44940 0
44950 0
44960 0
44970 0
44980 0
44990 0
45000 0
45010 0
45020 0
45030 0
45040 0
45050 0
45060 0
45070 0
45080 0
45090 0
45100 0
45110 0
45120 0
45130 0
45140 0
45150 0
45160 0
45170 0
45180 0
45190 0
45200 0
45210 0
45220 0
45230 0
45240 0
45250 0
45260 0
45270 0
45280 0
45290 0
45300 0
45310 0
45320 0
45330 0
45340 0
45350 0
45360 0
45370 0
45380 0
45390 0
45400 0
45410 0
45420 0
45430 0
45440 0
45450 0
45460 0
45470 0
45480 0
45490 0
45500 0
45510 0
45520 0
45530 0
45540 0
45550 0
45560 0
45570 0
45580 0
45590 0
45600 0
45610 0
45620 0
45630 0
45640 0
45650 0
45660 0
45670 0
45680 0
45690 0
45700 0
45710 0
45720 0
45730 0
45740 0
45750 0
45760 0
45770 0
45780 0
45790 0
45800 0
45810 0
45820 0
45830 0
45840 0
45850 0
45860 0
45870 0
45880 0
45890 0
45900 0
45910 0
45920 0
45930 0
45940 0
45950 0
45960 0
45970 0
45980 0
45990 0
46000 0
46010 0
46020 0
46030 0
46040 0
46050 0
46060 0
46070 0
46080 0
46090 0
46100 0
46110 0
46120 0
46130 0
46140 0
46150 0
46160 0
46170 0
46180 0
46190 0
46200 0
46210 0
46220 0
46230 0
46240 0
46250 0
46260 0
46270 0
46280 0
46290 0
46300 0
46310 0
46320 0
46330 0
46340 0
46350 0
46360 0
46370 0
46380 0
46390 0
46400 0
46410 0
46420 0
46430 0
46440 0
46450 0
46460 0
46470 0
46480 0
46490 0
46500 0
46510 0
46520 0
46530 0
46540 0
46550 0
46560 0
46570 0
46580 0
46590 0
46600 0
46610 0
46620 0
46630 0
46640 0
46650 0
46660 0
46670 0
46680 0
46690 0
46700 0
46710 0
46720 0
46730 0
46740 0
46750 0
46760 0
46770 0
46780 0
46790 0
46800 0
46810 0
46820 0
46830 0
46840 0
46850 0
46860 0
46870 0
46880 0
46890 0
46900 0
46910 0
46920 0
46930 0
46940 0
46950 0
46960 0
46970 0
46980 0
46990 0
47000 0
47010 0
47020 0
47030 0
47040 0
47050 0
47060 0
47070 0
47080 0
47090 0
47100 0
47110 0
47120 0
47130 0
47140 0
47150 0
47160 0
47170 0
47180 0
47190 0
47200 0
47210 0
47220 0
47230 0
47240 0
47250 0
47260 0
47270 0
47280 0
47290 0
47300 0
47310 0
47320 0
47330 0
47340 0
47350 0
47360 0
47370 0
47380 0
47390 0
47400 0
47410 0
47420 0
47430 0
47440 0
47450 0
47460 0
47470 0
47480 0
47490 0
47500 0
47510 0
47520 0
47530 0
47540 0
47550 0
47560 0
47570 0
47580 0
47590 0
47600 0
47610 0
47620 0
47630 0
47640 0
47650 0
47660 0
47670 0
47680 0
47690 0
47700 0
47710 0
47720 0
47730 0
47740 0
47750 0
47760 0
47770 0
47780 0
47790 0
47800 0
47810 0
47820 0
47830 0
47840 0
47850 0
47860 0
47870 0
47880 0
47890 0
47900 0
47910 0
47920 0
47930 0
47940 0
47950 0
47960 0
47970 0
47980 0
47990 0
48000 0
48010 0
48020 0
48030 0
48040 0
48050 0
48060 0
48070 0
48080 0
48090 0
48100 0
48110 0
48120 0
48130 0
48140 0
48150 0
48160 0
48170 0
48180 0
48190 0
48200 0
48210 0
48220 0
48230 0
48240 0
48250 0
48260 0
48270 0
48280 0
48290 0
48300 0
48310 0
48320 0
48330 0
48340 0
48350 0
48360 0
48370 0
48380 0
48390 0
48400 0
48410 0
48420 0
48430 0
48440 0
48450 0
48460 0
48470 0
48480 0
48490 0
48500 0
48510 0
48520 0
48530 0
48540 0
48550 0
48560 0
48570 0
48580 0
48590 0
48600 0
48610 0
48620 0
48630 0
48640 0
48650 0
48660 0
48670 0
48680 0
48690 0
48700 0
48710 0
48720 0
48730 0
48740 0
48750 0
48760 0
48770 0
48780 0
48790 0
48800 0
48810 0
48820 0
48830 0
48840 0
48850 0
48860 0
48870 0
48880 0
48890 0
48900 0
48910 0
48920 0
48930 0
48940 0
48950 0
48960 0
48970 0
48980 0
48990 0
49000 0
49010 0
49020 0
49030 0
49040 0
49050 0
49060 0
49070 0
49080 0
49090 0
49100 0
49110 0
49120 0
49130 0
49140 0
49150 0
49160 0
49170 0
49180 0
49190 0
49200 0
49210 0
49220 0
49230 0
49240 0
49250 0
49260 0
49270 0
49280 0
49290 0
49300 0
49310 0
49320 0
49330 0
49340 0
49350 0
49360 0
49370 0
49380 0
49390 0
49400 0
49410 0
49420 0
49430 0
49440 0
49450 0
49460 0
49470 0
49480 0
49490 0
49500 0
49510 0
49520 0
49530 0
49540 0
49550 0
49560 0
49570 0
49580 0
49590 0
49600 0
49610 0
49620 0
49630 0
49640 0
49650 0
49660 0
49670 0
49680 0
49690 0
49700 0
49710 0
49720 0
49730 0
49740 0
49750 0
49760 0
49770 0
49780 0
49790 0
49800 0
49810 0
49820 0
49830 0
49840 0
49850 0
49860 0
49870 0
49880 0
49890 0
49900 0
49910 0
49920 0
49930 0
49940 0
49950 0
49960 0
49970 0
49980 0
49990 0
50000 0
50010 0
50020 0
50030 0
50040 0
50050 0
50060 0
50070 0
50080 0
50090 0
50100 0
50110 0
50120 0
50130 0
50140 0
50150 0
50160 0
50170 0
50180 0
50190 0
50200 0
50210 0
50220 0
50230 0
50240 0
50250 0
50260 0
50270 0
50280 0
50290 0
50300 0
50310 0
50320 0
50330 0
50340 0
50350 0
50360 0
50370 0
50380 0
50390 0
50400 0
50410 0
50420 0
50430 0
50440 0
50450 0
50460 0
50470 0
50480 0
50490 0
50500 0
50510 0
50520 0
50530 0
50540 0
50550 0
50560 0
50570 0
50580 0
50590 0
50600 0
50610 0
50620 0
50630 0
50640 0
50650 0
50660 0
50670 0
50680 0
50690 0
50700 0
50710 0
50720 0
50730 0
50740 0
50750 0
50760 0
50770 0
50780 0
50790 0
50800 0
50810 0
50820 0
50830 0
50840 0
50850 0
50860 0
50870 0
50880 0
50890 0
50900 0
50910 0
50920 0
50930 0
50940 0
50950 0
50960 0
50970 0
50980 0
50990 0
51000 0
51010 0
51020 0
51030 0
51040 0
51050 0
51060 0
51070 0
51080 0
51090 0
51100 0
51110 0
51120 0
51130 0
51140 0
51150 0
51160 0
51170 0
51180 0
51190 0
51200 0
51210 0
51220 0
51230 0
51240 0
51250 0
51260 0
51270 0
51280 0
51290 0
51300 0
51310 0
51320 0
51330 0
51340 0
51350 0
51360 0
51370 0
51380 0
51390 0
51400 0
51410 0
51420 0
51430 0
51440 0
51450 0
51460 0
51470 0
51480 0
51490 0
51500 0
51510 0
51520 0
51530 0
51540 0
51550 0
51560 0
51570 0
51580 0
51590 0
51600 0
51610 0
51620 0
51630 0
51640 0
51650 0
51660 0
51670 0
51680 0
51690 0
51700 0
51710 0
51720 0
51730 0
51740 0
51750 0
51760 0
51770 0
51780 0
51790 0
51800 0
51810 0
51820 0
51830 0
51840 0
51850 0
51860 0
51870 0
51880 0
51890 0
51900 0
51910 0
51920 0
51930 0
51940 0
51950 0
51960 0
51970 0
51980 0
51990 0
52000 0
52010 0
52020 0
52030 0
52040 0
52050 0
52060 0
52070 0
52080 0
52090 0
52100 0
52110 0
52120 0
52130 0
52140 0
52150 0
52160 0
52170 0
52180 0
52190 0
52200 0
52210 0
52220 0
52230 0
52240 0
52250 0
52260 0
52270 0
52280 0
52290 0
52300 0
52310 0
52320 0
52330 0
52340 0
52350 0
52360 0
52370 0
52380 0
52390 0
52400 0
52410 0
52420 0
52430 0
52440 0
52450 0
52460 0
52470 0
52480 0
52490 0
52500 0
52510 0
52520 0
52530 0
52540 0
52550 0
52560 0
52570 0
52580 0
52590 0
52600 0
52610 0
52620 0
52630 0
52640 0
52650 0
52660 0
52670 0
52680 0
52690 0
52700 0
52710 0
52720 0
52730 0
52740 0
52750 0
52760 0
52770 0
52780 0
52790 0
52800 0
52810 0
52820 0
52830 0
52840 0
52850 0
52860 0
52870 0
52880 0
52890 0
52900 0
52910 0
52920 0
52930 0
52940 0
52950 0
52960 0
52970 0
52980 0
52990 0
53000 0
53010 0
53020 0
53030 0
53040 0
53050 0
53060 0
53070 0
53080 0
53090 0
53100 0
53110 0
53120 0
53130 0
53140 0
53150 0
53160 0
53170 0
53180 0
53190 0
53200 0
53210 0
53220 0
53230 0
53240 0
53250 0
53260 0
53270 0
53280 0
53290 0
53300 0
53310 0
53320 0
53330 0
53340 0
53350 0
53360 0
53370 0
53380 0
53390 0
53400 0
53410 0
53420 0
53430 0
53440 0
53450 0
53460 0
53470 0
53480 0
53490 0
53500 0
53510 0
53520 0
53530 0
53540 0
53550 0
53560 0
53570 0
53580 0
53590 0
53600 0
53610 0
53620 0
53630 0
53640 0
53650 0
53660 0
53670 0
53680 0
53690 0
53700 0
53710 0
53720 0
53730 0
53740 0
53750 0
53760 0
53770 0
53780 0
53790 0
53800 0
53810 0
53820 0
53830 0
53840 0
53850 0
53860 0
53870 0
53880 0
53890 0
53900 0
53910 0
53920 0
53930 0
53940 0
53950 0
53960 0
53970 0
53980 0
53990 0
54000 0
54010 0
54020 0
54030 7
54040 1
54050 0
54060 0
54070 1
54080 0
54090 0
54100 0
54110 1
54120 0
54130 0
54140 0
54150 0
54160 0
54170 0
54180 0
54190 0
54200 0
54210 0
54220 0
54230 0
54240 0
54250 0
54260 2
54270 8
54280 8
54290 1
54300 0
54310 0
54320 0
54330 0
54340 0
54350 0
54360 0
54370 0
54380 0
54390 0
54400 0
54410 0
54420 0
54430 0
54440 0
54450 0
54460 0
54470 0
54480 0
54490 0
54500 0
54510 0
54520 0
54530 0
54540 0
54550 0
54560 0
54570 0
54580 0
54590 0
54600 0
54610 0
54620 0
54630 0
54640 0
54650 0
54660 0
54670 0
54680 0
54690 0
54700 0
54710 0
54720 0
54730 0
54740 0
54750 0
54760 0
54770 0
54780 0
54790 0
54800 0
54810 0
54820 0
54830 0
54840 0
54850 0
54860 0
54870 0
54880 0
54890 0
54900 0
54910 0
54920 0
54930 0
54940 0
54950 0
54960 0
54970 0
54980 0
54990 0
55000 0
55010 0
55020 0
55030 0
55040 0
55050 0
55060 0
55070 0
55080 0
55090 0
55100 0
55110 0
55120 0
55130 0
55140 0
55150 0
55160 0
55170 0
55180 0
55190 0
55200 0
55210 0
55220 0
55230 0
55240 0
55250 0
55260 0
55270 0
55280 0
55290 0
55300 0
55310 0
55320 0
55330 0
55340 0
55350 0
55360 0
55370 0
55380 0
55390 0
55400 0
55410 0
55420 0
55430 0
55440 0
55450 0
55460 0
55470 0
55480 0
55490 0
55500 0
55510 0
55520 0
55530 0
55540 0
55550 0
55560 0
55570 0
55580 0
55590 0
55600 0
55610 0
55620 0
55630 0
55640 0
55650 0
55660 0
55670 0
55680 0
55690 0
55700 0
55710 0
55720 0
55730 0
55740 0
55750 0
55760 0
55770 0
55780 0
55790 0
55800 0
55810 0
55820 0
55830 0
55840 0
55850 0
55860 0
55870 0
55880 0
55890 0
55900 0
55910 0
55920 0
55930 0
55940 0
55950 0
55960 0
55970 0
55980 0
55990 0
56000 0
56010 0
56020 0
56030 0
56040 0
56050 0
56060 0
56070 0
56080 0
56090 0
56100 0
56110 0
56120 0
56130 0
56140 0
56150 0
56160 0
56170 0
56180 0
56190 0
56200 0
56210 0
56220 0
56230 0
56240 0
56250 0
56260 0
56270 0
56280 0
56290 0
56300 0
56310 0
56320 0
56330 0
56340 0
56350 0
56360 0
56370 0
56380 0
56390 0
56400 0
56410 0
56420 0
56430 0
56440 0
56450 0
56460 0
56470 0
56480 0
56490 0
56500 0
56510 0
56520 0
56530 0
56540 0
56550 0
56560 0
56570 0
56580 0
56590 0
56600 0
56610 0
56620 0
56630 0
56640 0
56650 0
56660 0
56670 0
56680 0
56690 0
56700 0
56710 0
56720 0
56730 0
56740 0
56750 0
56760 0
56770 0
56780 0
56790 0
56800 0
56810 0
56820 0
56830 0
56840 0
56850 0
56860 0
56870 0
56880 0
56890 0
56900 0
56910 0
56920 0
56930 0
56940 0
56950 0
56960 0
56970 0
56980 0
56990 0
57000 0
57010 0
57020 0
57030 0
57040 0
57050 0
57060 0
57070 0
57080 0
57090 0
57100 0
57110 0
57120 0
57130 0
57140 0
57150 0
57160 0
57170 0
57180 0
57190 0
57200 0
57210 0
57220 0
57230 0
57240 0
57250 0
57260 0
57270 0
57280 0
57290 0
57300 0
57310 0
57320 0
57330 0
57340 0
57350 0
57360 0
57370 0
57380 0
57390 0
57400 0
57410 0
57420 0
57430 0
57440 0
57450 0
57460 0
57470 0
57480 0
57490 0
57500 0
57510 0
57520 0
57530 0
57540 0
57550 0
57560 0
57570 0
57580 0
57590 0
57600 0
57610 0
57620 0
57630 0
57640 0
57650 0
57660 0
57670 0
57680 0
57690 0
57700 0
57710 0
57720 0
57730 0
57740 0
57750 0
57760 0
57770 0
57780 0
57790 0
57800 0
57810 0
57820 0
57830 0
57840 0
57850 0
57860 0
57870 0
57880 0
57890 0
57900 0
57910 0
57920 0
57930 0
57940 0
57950 0
57960 0
57970 0
57980 0
57990 0
58000 0
58010 0
58020 0
58030 0
58040 0
58050 0
58060 0
58070 0
58080 0
58090 0
58100 0
58110 0
58120 0
58130 0
58140 0
58150 0
58160 0
58170 0
58180 0
58190 0
58200 0
58210 0
58220 0
58230 0
58240 0
58250 0
58260 0
58270 0
58280 0
58290 0
58300 0
58310 0
58320 0
58330 0
58340 0
58350 0
58360 0
58370 0
58380 0
58390 0
58400 0
58410 0
58420 0
58430 0
58440 0
58450 0
58460 0
58470 0
58480 0
58490 0
58500 0
58510 0
58520 0
58530 0
58540 0
58550 0
58560 0
58570 0
58580 0
58590 0
58600 0
58610 0
58620 0
58630 0
58640 0
58650 0
58660 0
58670 0
58680 0
58690 0
58700 0
58710 0
58720 0
58730 0
58740 0
58750 0
58760 0
58770 0
58780 0
58790 0
58800 0
58810 0
58820 0
58830 0
58840 0
58850 0
58860 0
58870 0
58880 0
58890 0
58900 0
58910 0
58920 0
58930 0
58940 0
58950 0
58960 0
58970 0
58980 0
58990 0
59000 0
59010 0
59020 0
59030 0
59040 0
59050 0
59060 0
59070 0
59080 0
59090 0
59100 0
59110 0
59120 0
59130 0
59140 0
59150 0
59160 0
59170 0
59180 0
59190 0
59200 0
59210 0
59220 0
59230 0
59240 0
59250 0
59260 0
59270 0
59280 0
59290 0
59300 0
59310 0
59320 0
59330 0
59340 0
59350 0
59360 0
59370 0
59380 0
59390 0
59400 0
59410 0
59420 0
59430 0
59440 0
59450 0
59460 0
59470 0
59480 0
59490 0
59500 0
59510 0
59520 0
59530 0
59540 0
59550 0
59560 0
59570 0
59580 0
59590 0
59600 0
59610 0
59620 0
59630 0
59640 0
59650 0
59660 0
59670 0
59680 0
59690 0
59700 0
59710 0
59720 0
59730 0
59740 0
59750 0
59760 0
59770 0
59780 0
59790 0
59800 0
59810 0
59820 0
59830 0
59840 0
59850 0
59860 0
59870 0
59880 0
59890 0
59900 0
59910 0
59920 0
59930 0
59940 0
59950 0
59960 0
59970 0
59980 0
59990 0
60000 0
60010 0
60020 0
60030 0
60040 0
60050 0
60060 0
60070 0
60080 0
60090 0
60100 0
60110 0
60120 0
60130 0
60140 0
60150 0
60160 0
60170 0
60180 0
60190 0
60200 0
60210 0
60220 0
60230 0
60240 0
60250 0
60260 0
60270 0
60280 0
60290 0
60300 0
60310 0
60320 0
60330 0
60340 0
60350 0
60360 0
60370 0
60380 0
60390 0
60400 0
60410 0
60420 0
60430 0
60440 0
60450 0
60460 0
60470 0
60480 0
60490 0
60500 0
60510 0
60520 0
60530 0
60540 0
60550 0
60560 0
60570 0
60580 0
60590 0
60600 0
60610 0
60620 0
60630 0
60640 0
60650 0
60660 0
60670 0
60680 0
60690 0
60700 0
60710 0
60720 0
60730 0
60740 0
60750 0
60760 0
60770 0
60780 0
60790 0
60800 0
60810 0
60820 0
60830 0
60840 0
60850 0
60860 0
60870 0
60880 0
60890 0
60900 0
60910 0
60920 0
60930 0
60940 0
60950 0
60960 0
60970 0
60980 0
60990 0
61000 0
61010 0
61020 0
61030 0
61040 0
61050 0
61060 0
61070 0
61080 0
61090 0
61100 0
61110 0
61120 0
61130 0
61140 0
61150 0
61160 0
61170 0
61180 0
61190 0
61200 0
61210 0
61220 0
61230 0
61240 0
61250 0
61260 0
61270 0
61280 0
61290 0
61300 0
61310 0
61320 0
61330 0
61340 0
61350 0
61360 0
61370 0
61380 0
61390 0
61400 0
61410 0
61420 0
61430 0
61440 0
61450 0
61460 0
61470 0
61480 0
61490 0
61500 0
61510 0
61520 0
61530 0
61540 0
61550 0
61560 0
61570 0
61580 0
61590 0
61600 0
61610 0
61620 0
61630 0
61640 0
61650 0
61660 0
61670 0
61680 0
61690 0
61700 0
61710 0
61720 0
61730 0
61740 0
61750 0
61760 0
61770 0
61780 0
61790 0
61800 0
61810 0
61820 0
61830 0
61840 0
61850 0
61860 0
61870 0
61880 0
61890 0
61900 0
61910 0
61920 0
61930 0
61940 0
61950 0
61960 0
61970 0
61980 0
61990 0
62000 0
62010 0
62020 0
62030 0
62040 0
62050 0
62060 0
62070 0
62080 0
62090 0
62100 0
62110 0
62120 0
62130 0
62140 0
62150 0
62160 0
62170 0
62180 0
62190 0
62200 0
62210 0
62220 0
62230 0
62240 0
62250 0
62260 0
62270 0
62280 0
62290 0
62300 0
62310 0
62320 0
62330 0
62340 0
62350 0
62360 0
62370 0
62380 0
62390 0
62400 0
62410 0
62420 0
62430 0
62440 0
62450 0
62460 0
62470 0
62480 0
62490 0
62500 0
62510 0
62520 0
62530 0
62540 0
62550 0
62560 0
62570 0
62580 0
62590 0
62600 0
62610 0
62620 0
62630 0
62640 0
62650 0
62660 0
62670 0
62680 0
62690 0
62700 0
62710 0
62720 0
62730 0
62740 0
62750 0
62760 0
62770 0
62780 0
62790 0
62800 0
62810 0
62820 0
62830 0
62840 0
62850 0
62860 0
62870 0
62880 0
62890 0
62900 0
62910 0
62920 0
62930 0
62940 0
62950 0
62960 0
62970 0
62980 0
62990 0
63000 0
63010 0
63020 0
63030 0
63040 0
63050 0
63060 0
63070 0
63080 0
63090 0
63100 0
63110 0
63120 0
63130 0
63140 0
63150 0
63160 0
63170 0
63180 0
63190 0
63200 0
63210 0
63220 0
63230 0
63240 0
63250 0
63260 0
63270 0
63280 0
63290 0
63300 0
63310 0
63320 0
63330 0
63340 0
63350 0
63360 0
63370 0
63380 0
63390 0
63400 0
63410 0
63420 0
63430 0
63440 0
63450 0
63460 0
63470 0
63480 0
63490 0
63500 0
63510 0
63520 0
63530 0
63540 0
63550 0
63560 0
63570 0
63580 0
63590 0
63600 0
63610 0
63620 0
63630 0
63640 0
63650 0
63660 0
63670 0
63680 0
63690 0
63700 0
63710 0
63720 0
63730 0
63740 0
63750 0
63760 0
63770 0
63780 0
63790 0
63800 0
63810 0
63820 0
63830 0
63840 0
63850 0
63860 0
63870 0
63880 0
63890 0
63900 0
63910 0
63920 0
63930 0
63940 0
63950 0
63960 0
63970 0
63980 0
63990 0
64000 0
64010 0
64020 0
64030 0
64040 0
64050 0
64060 0
64070 0
64080 0
64090 0
64100 0
64110 0
64120 0
64130 0
64140 0
64150 0
64160 0
64170 0
64180 0
64190 0
64200 0
64210 0
64220 0
64230 0
64240 0
64250 0
64260 0
64270 0
64280 0
64290 0
64300 0
64310 0
64320 0
64330 0
64340 0
64350 0
64360 0
64370 0
64380 0
64390 0
64400 0
64410 0
64420 0
64430 0
64440 0
64450 0
64460 0
64470 0
64480 0
64490 0
64500 0
64510 0
64520 0
64530 0
64540 0
64550 0
64560 0
64570 0
64580 0
64590 0
64600 0
64610 0
64620 0
64630 0
64640 0
64650 0
64660 0
64670 0
64680 0
64690 0
64700 0
64710 0
64720 0
64730 0
64740 0
64750 0
64760 0
64770 0
64780 0
64790 0
64800 0
64810 0
64820 0
64830 0
64840 0
64850 0
64860 0
64870 0
64880 0
64890 0
64900 0
64910 0
64920 0
64930 0
64940 0
64950 0
64960 0
64970 0
64980 0
64990 0
65000 0
65010 0
65020 0
65030 0
65040 0
65050 0
65060 0
65070 0
65080 0
65090 0
65100 0
65110 0
65120 0
65130 0
65140 0
65150 0
65160 0
65170 0
65180 0
65190 0
65200 0
65210 0
65220 0
65230 0
65240 0
65250 0
65260 0
65270 0
65280 0
65290 0
65300 0
65310 0
65320 0
65330 0
65340 0
65350 0
65360 0
65370 0
65380 0
65390 0
65400 0
65410 0
65420 0
65430 0
65440 0
65450 0
65460 0
65470 0
65480 0
65490 0
65500 0
65510 0
65520 0
65530 0
65540 0
65550 0
65560 0
65570 0
65580 0
65590 0
65600 0
65610 0
65620 0
65630 0
65640 0
65650 0
65660 0
65670 0
65680 0
65690 0
65700 0
65710 0
65720 0
65730 0
65740 0
65750 0
65760 0
65770 0
65780 0
65790 0
65800 0
65810 0
65820 0
65830 0
65840 0
65850 0
65860 0
65870 0
65880 0
65890 0
65900 0
65910 0
65920 0
65930 0
65940 0
65950 0
65960 0
65970 0
65980 0
65990 0
66000 0
66010 0
66020 0
66030 0
66040 0
66050 0
66060 0
66070 0
66080 0
66090 0
66100 0
66110 0
66120 0
66130 0
66140 0
66150 0
66160 0
66170 0
66180 0
66190 0
66200 0
66210 0
66220 0
66230 0
66240 0
66250 0
66260 0
66270 0
66280 0
66290 0
66300 0
66310 0
66320 0
66330 0
66340 0
66350 0
66360 0
66370 0
66380 0
66390 0
66400 0
66410 0
66420 0
66430 0
66440 0
66450 0
66460 0
66470 0
66480 0
66490 0
66500 0
66510 0
66520 0
66530 0
66540 0
66550 0
66560 0
66570 0
66580 0
66590 0
66600 0
66610 0
66620 0
66630 0
66640 0
66650 0
66660 0
66670 0
66680 0
66690 0
66700 0
66710 0
66720 0
66730 0
66740 0
66750 0
66760 0
66770 0
66780 0
66790 0
66800 0
66810 0
66820 0
66830 0
66840 0
66850 0
66860 0
66870 0
66880 0
66890 0
66900 0
66910 0
66920 0
66930 0
66940 0
66950 0
66960 0
66970 0
66980 0
66990 0
67000 0
67010 0
67020 0
67030 0
67040 0
67050 0
67060 0
67070 0
67080 0
67090 0
67100 0
67110 0
67120 0
67130 0
67140 0
67150 0
67160 0
67170 0
67180 0
67190 0
67200 0
67210 0
67220 0
67230 0
67240 0
67250 0
67260 0
67270 0
67280 0
67290 0
67300 0
67310 0
67320 0
67330 0
67340 0
67350 0
67360 0
67370 0
67380 0
67390 0
67400 0
67410 0
67420 0
67430 0
67440 0
67450 0
67460 0
67470 0
67480 0
67490 0
67500 0
67510 0
67520 0
67530 0
67540 0
67550 0
67560 0
67570 0
67580 0
67590 0
67600 0
67610 0
67620 0
67630 0
67640 0
67650 0
67660 0
67670 0
67680 0
67690 0
67700 0
67710 0
67720 0
67730 0
67740 0
67750 0
67760 0
67770 0
67780 0
67790 0
67800 0
67810 0
67820 0
67830 0
67840 0
67850 0
67860 0
67870 0
67880 0
67890 0
67900 0
67910 0
67920 0
67930 0
67940 0
67950 0
67960 0
67970 0
67980 0
67990 0
68000 0
68010 0
68020 0
68030 0
68040 0
68050 0
68060 0
68070 0
68080 0
68090 0
68100 0
68110 0
68120 0
68130 0
68140 0
68150 0
68160 0
68170 0
68180 0
68190 0
68200 0
68210 0
68220 0
68230 0
68240 0
68250 0
68260 0
68270 0
68280 0
68290 0
68300 0
68310 0
68320 0
68330 0
68340 0
68350 0
68360 0
68370 0
68380 0
68390 0
68400 0
68410 0
68420 0
68430 0
68440 0
68450 0
68460 0
68470 0
68480 0
68490 0
68500 0
68510 0
68520 0
68530 0
68540 0
68550 0
68560 0
68570 0
68580 0
68590 0
68600 0
68610 0
68620 0
68630 0
68640 0
68650 0
68660 0
68670 0
68680 0
68690 0
68700 0
68710 0
68720 1
68730 0
68740 1
68750 0
68760 0
68770 0
68780 0
68790 0
68800 0
68810 0
68820 0
68830 0
68840 0
68850 0
68860 0
68870 0
68880 0
68890 0
68900 0
68910 0
68920 0
68930 0
68940 0
68950 7
68960 11
68970 11
68980 9
68990 9
69000 7
69010 0
69020 1
69030 0
69040 6
69050 0
69060 9
69070 4
69080 5
69090 7
69100 0
69110 0
69120 8
69130 0
69140 1
69150 0
69160 8
69170 0
69180 4
69190 1
69200 4
69210 0
69220 3
69230 0
69240 0
69250 0
69260 0
69270 1
69280 1
69290 0
69300 0
69310 1
69320 0
69330 0
69340 2
69350 0
69360 0
69370 0
69380 0
69390 0
69400 0
69410 0
69420 0
69430 0
69440 0
69450 0
69460 0
69470 0
69480 0
69490 0
69500 0
69510 0
69520 0
69530 0
69540 0
69550 0
69560 0
69570 0
69580 0
69590 0
69600 0
69610 0
69620 0
69630 0
69640 0
69650 0
69660 0
69670 0
69680 0
69690 0
69700 0
69710 0
69720 0
69730 0
69740 0
69750 0
69760 0
69770 0
69780 0
69790 0
69800 0
69810 0
69820 0
69830 0
69840 0
69850 0
69860 0
69870 0
69880 0
69890 0
69900 0
69910 0
69920 0
69930 0
69940 0
69950 0
69960 0
69970 0
69980 0
69990 0
70000 0
70010 0
70020 0
70030 0
70040 0
70050 0
70060 0
70070 0
70080 0
70090 0
70100 0
70110 0
70120 0
70130 0
70140 0
70150 0
70160 0
70170 0
70180 0
70190 0
70200 0
70210 0
70220 0
70230 0
70240 0
70250 0
70260 0
70270 0
70280 0
70290 0
70300 0
70310 0
70320 0
70330 4
70340 0
70350 0
70360 0
70370 3
70380 0
70390 0
70400 0
70410 0
70420 0
70430 0
70440 0
70450 0
70460 0
70470 0
70480 0
70490 0
70500 2
70510 0
70520 0
70530 0
70540 0
70550 0
70560 0
70570 0
70580 0
70590 0
70600 0
70610 0
70620 0
70630 0
70640 0
70650 0
70660 0
70670 0
70680 0
70690 0
70700 0
70710 0
70720 0
70730 0
70740 0
70750 0
70760 0
70770 0
70780 0
70790 0
70800 0
70810 0
70820 0
70830 0
70840 0
70850 0
70860 0
70870 0
70880 0
70890 0
70900 0
70910 0
70920 0
70930 0
70940 0
70950 0
70960 0
70970 0
70980 0
70990 0
71000 0
71010 0
71020 0
71030 0
71040 0
71050 0
71060 0
71070 0
71080 0
71090 0
71100 0
71110 0
71120 0
71130 0
71140 0
71150 0
71160 0
71170 0
71180 0
71190 0
71200 0
71210 0
71220 0
71230 0
71240 0
71250 0
71260 0
71270 0
71280 0
71290 0
71300 0
71310 0
71320 0
71330 0
71340 0
71350 0
71360 0
71370 0
71380 0
71390 0
71400 0
71410 0
71420 0
71430 0
71440 0
71450 0
71460 0
71470 0
71480 0
71490 0
71500 0
71510 0
71520 0
71530 0
71540 0
71550 0
71560 0
71570 0
71580 0
71590 0
71600 0
71610 0
71620 0
71630 0
71640 0
71650 0
71660 0
71670 0
71680 0
71690 0
71700 0
71710 0
71720 0
71730 0
71740 0
71750 0
71760 0
71770 0
71780 0
71790 0
71800 0
71810 0
71820 0
71830 0
71840 0
71850 0
71860 0
71870 0
71880 0
71890 0
71900 0
71910 0
71920 0
71930 0
71940 0
71950 0
71960 0
71970 0
71980 0
71990 0
72000 0
72010 0
72020 0
72030 0
72040 0
72050 0
72060 0
72070 0
72080 0
72090 0
72100 0
72110 0
72120 0
72130 2
72140 9
72150 5
72160 7
72170 0
72180 0
72190 5
72200 7
72210 1
72220 5
72230 3
72240 0
72250 0
72260 0
72270 0
72280 0
72290 0
72300 0
72310 0
72320 0
72330 1
72340 1
72350 0
72360 4
72370 0
72380 0
72390 0
72400 2
72410 4
72420 3
72430 1
72440 0
72450 0
72460 2
72470 4
72480 3
72490 1
72500 0
72510 0
72520 1
72530 4
72540 0
72550 3
72560 4
72570 14
72580 11
72590 11
72600 9
72610 13
72620 1
72630 7
72640 8
72650 10
72660 9
72670 0
72680 8
72690 6
72700 7
72710 11
72720 10
72730 13
72740 14
72750 7
72760 8
72770 9
72780 6
72790 8
72800 11
72810 0
72820 1
72830 9
72840 3
72850 5
72860 9
72870 12
72880 8
72890 5
72900 7
72910 2
72920 16
72930 10
72940 0
72950 0
72960 8
72970 7
72980 10
72990 7
73000 0
73010 7
73020 8
73030 0
73040 4
73050 7
73060 10
73070 5
73080 8
73090 5
73100 4
73110 3
73120 4
73130 0
73140 3
73150 3
73160 11
73170 4
73180 5
73190 7
73200 4
73210 1
73220 6
73230 3
73240 6
73250 2
73260 0
73270 0
73280 8
73290 7
73300 10
73310 2
73320 0
73330 0
73340 11
73350 0
73360 4
73370 0
73380 6
73390 11
73400 0
73410 0
73420 7
73430 3
73440 5
73450 9
73460 5
73470 9
73480 5
73490 0
73500 1
73510 0
73520 6
73530 4
73540 3
73550 9
73560 3
73570 4
73580 2
73590 3
73600 3
73610 4
73620 6
73630 5
73640 4
73650 5
73660 5
73670 4
73680 8
73690 0
73700 1
73710 0
73720 0
73730 1
73740 0
73750 9
73760 2
73770 0
73780 9
73790 0
73800 7
73810 4
73820 0
73830 3
73840 3
73850 0
73860 0
73870 0
73880 1
73890 2
73900 1
73910 5
73920 0
73930 0
73940 0
73950 3
73960 0
73970 8
73980 0
73990 3
74000 0
74010 0
74020 0
74030 6
74040 2
74050 3
74060 3
74070 3
74080 0
74090 2
74100 2
74110 2
74120 4
74130 0
74140 2
74150 3
74160 1
74170 6
74180 2
74190 2
74200 1
74210 2
74220 1
74230 0
74240 3
74250 0
74260 1
74270 1
74280 0
74290 4
74300 0
74310 1
74320 0
74330 1
74340 1
74350 0
74360 0
74370 0
74380 1
74390 4
74400 1
74410 2
74420 4
74430 1
74440 2
74450 1
74460 1
74470 1
74480 2
74490 1
74500 0
74510 2
74520 2
74530 1
74540 2
74550 2
74560 0
74570 2
74580 2
74590 2
74600 1
74610 1
74620 2
74630 0
74640 4
74650 2
74660 9
74670 6
74680 1
74690 2
74700 1
74710 0
74720 3
74730 3
74740 3
74750 3
74760 0
74770 1
74780 0
74790 0
74800 0
74810 1
74820 1
74830 0
74840 2
74850 1
74860 3
74870 4
74880 1
74890 0
74900 0
74910 0
74920 0
74930 0
74940 0
74950 0
74960 0
74970 0
74980 0
74990 0
75000 0
75010 0
75020 0
75030 1
75040 0
75050 0
75060 0
75070 0
75080 0
75090 0
75100 0
75110 0
75120 0
75130 0
75140 3
75150 5
75160 7
75170 1
75180 0
75190 0
75200 0
75210 2
75220 3
75230 2
75240 4
75250 4
75260 5
75270 6
75280 8
75290 5
75300 7
75310 7
75320 7
75330 4
75340 3
75350 5
75360 6
75370 4
75380 0
75390 0
75400 1
75410 2
75420 4
75430 1
75440 1
75450 2
75460 0
75470 0
75480 1
75490 1
75500 0
75510 0
75520 0
75530 0
75540 5
75550 7
75560 8
75570 20
75580 9
75590 3
75600 3
75610 5
75620 4
75630 9
75640 5
75650 5
75660 2
75670 4
75680 2
75690 3
75700 2
75710 7
75720 4
75730 5
75740 1
75750 0
75760 0
75770 0
75780 0
75790 0
75800 0
75810 0
75820 0
75830 0
75840 0
75850 0
75860 6
75870 0
75880 1
75890 0
75900 0
75910 7
75920 8
75930 0
75940 0
75950 1
75960 6
75970 0
75980 0
75990 0
76000 8
76010 5
76020 2
76030 9
76040 1
76050 7
76060 1
76070 10
76080 7
76090 11
76100 5
76110 11
76120 7
76130 6
76140 11
76150 10
76160 9
76170 7
76180 9
76190 2
76200 5
76210 10
76220 6
76230 11
76240 11
76250 9
76260 12
76270 4
76280 12
76290 13
76300 2
76310 4
76320 12
76330 11
76340 6
76350 4
76360 1
76370 3
76380 5
76390 5
76400 6
76410 3
76420 7
76430 4
76440 6
76450 5
76460 7
76470 3
76480 2
76490 6
76500 8
76510 6
76520 8
76530 4
76540 5
76550 0
76560 4
76570 8
76580 0
76590 6
76600 3
76610 6
76620 5
76630 5
76640 10
76650 5
76660 9
76670 8
76680 8
76690 3
76700 6
76710 9
76720 8
76730 5
76740 3
76750 12
76760 4
76770 8
76780 8
76790 5
76800 1
76810 0
76820 0
76830 0
76840 0
76850 0
76860 0
76870 0
76880 0
76890 0
76900 0
76910 0
76920 0
76930 0
76940 2
76950 0
76960 0
76970 0
76980 2
76990 1
77000 0
77010 0
77020 0
77030 0
77040 0
77050 4
77060 8
77070 10
77080 7
77090 6
77100 4
77110 4
77120 0
77130 2
77140 7
77150 2
77160 4
77170 4
77180 5
77190 6
77200 11
77210 12
77220 1
77230 6
77240 10
77250 15
77260 0
77270 0
77280 0
77290 0
77300 0
77310 0
77320 0
77330 0
77340 0
77350 0
77360 0
77370 0
77380 0
77390 0
77400 2
77410 4
77420 0
77430 0
77440 0
77450 0
77460 0
77470 0
77480 0
77490 0
77500 0
77510 0
77520 0
77530 0
77540 0
77550 0
77560 0
77570 0
77580 0
77590 0
77600 0
77610 0
77620 0
77630 0
77640 0
77650 0
77660 0
77670 0
77680 0
77690 0
77700 0
77710 0
77720 0
77730 0
77740 0
77750 0
77760 0
77770 0
77780 0
77790 0
77800 0
77810 0
77820 0
77830 0
77840 0
77850 0
77860 1
77870 3
77880 2
77890 0
77900 0
77910 0
77920 0
77930 0
77940 0
77950 0
77960 0
77970 0
77980 0
77990 0
78000 0
78010 0
78020 0
78030 0
78040 0
78050 0
78060 0
78070 0
78080 0
78090 0
78100 0
78110 0
78120 0
78130 0
78140 0
78150 0
78160 0
78170 0
78180 0
78190 0
78200 0
78210 0
78220 0
78230 0
78240 0
78250 0
78260 0
78270 0
78280 0
78290 0
78300 0
78310 0
78320 0
78330 0
78340 3
78350 4
78360 1
78370 0
78380 0
78390 0
78400 0
78410 0
78420 0
78430 0
78440 0
78450 0
78460 0
78470 0
78480 1
78490 0
78500 0
78510 0
78520 0
78530 0
78540 0
78550 0
78560 0
78570 0
78580 1
78590 1
78600 0
78610 1
78620 2
78630 4
78640 4
78650 5
78660 2
78670 4
78680 4
78690 5
78700 5
78710 8
78720 4
78730 5
78740 7
78750 4
78760 4
78770 0
78780 3
78790 6
78800 3
78810 3
78820 2
78830 0
78840 0
78850 0
78860 0
78870 0
78880 0
78890 0
78900 0
78910 0
78920 0
78930 0
78940 0
78950 0
78960 0
78970 0
78980 0
78990 0
79000 0
79010 0
79020 0
79030 0
79040 0
79050 0
79060 0
79070 0
79080 0
79090 0
79100 0
79110 0
79120 0
79130 0
79140 0
79150 0
79160 0
79170 0
79180 0
79190 0
79200 0
79210 0
79220 0
79230 0
79240 0
79250 0
79260 0
79270 0
79280 0
79290 0
79300 0
79310 0
79320 0
79330 0
79340 3
79350 0
79360 0
79370 5
79380 3
79390 0
79400 9
79410 0
79420 0
79430 0
79440 0
79450 0
79460 4
79470 0
79480 4
79490 0
79500 8
79510 3
79520 8
79530 9
79540 15
79550 13
79560 7
79570 6
79580 3
79590 10
79600 4
79610 4
79620 6
79630 4
79640 1
79650 7
79660 0
79670 4
79680 1
79690 13
79700 1
79710 0
79720 0
79730 0
79740 0
79750 0
79760 3
79770 3
79780 7
79790 2
79800 0
79810 0
79820 1
79830 9
79840 11
79850 2
79860 11
79870 7
79880 11
79890 7
79900 7
79910 7
79920 12
79930 13
79940 12
79950 9
79960 9
79970 0
79980 4
79990 8
80000 7
80010 2
80020 11
80030 4
80040 3
80050 11
80060 3
80070 9
80080 10
80090 6
80100 7
80110 8
80120 9
80130 0
80140 0
80150 0
80160 0
80170 0
80180 0
80190 0
80200 0
80210 0
80220 0
80230 0
80240 0
80250 0
80260 0
80270 0
80280 0
80290 0
80300 0
80310 0
80320 0
80330 0
80340 0
80350 0
80360 0
80370 0
80380 0
80390 0
80400 0
80410 0
80420 0
80430 0
80440 1
80450 0
80460 0
80470 0
80480 0
80490 0
80500 0
80510 0
80520 0
80530 0
80540 0
80550 0
80560 0
80570 0
80580 0
80590 0
80600 0
80610 0
80620 0
80630 0
80640 0
80650 0
80660 0
80670 0
80680 0
80690 3
80700 0
80710 0
80720 0
80730 0
80740 8
80750 14
80760 4
80770 11
80780 12
80790 11
80800 8
80810 3
80820 11
80830 9
80840 7
80850 12
80860 11
80870 9
80880 11
80890 12
80900 2
80910 1
80920 5
80930 13
80940 6
80950 1
80960 1
80970 3
80980 7
80990 8
81000 8
81010 17
81020 10
81030 5
81040 7
81050 6
81060 16
81070 13
81080 6
81090 14
81100 8
81110 4
81120 13
81130 9
81140 9
81150 0
81160 8
81170 11
81180 7
81190 10
81200 7
81210 16
81220 11
81230 10
81240 9
81250 14
81260 11
81270 12
81280 13
81290 13
81300 12
81310 8
81320 10
81330 13
81340 15
81350 9
81360 10
81370 9
81380 12
81390 9
81400 12
81410 11
81420 11
81430 8
81440 8
81450 9
81460 3
81470 3
81480 0
81490 0
81500 1
81510 2
81520 0
81530 0
81540 0
81550 0
81560 7
81570 1
81580 4
81590 3
81600 6
81610 7
81620 1
81630 3
81640 5
81650 3
81660 7
81670 10
81680 13
81690 11
81700 9
81710 7
81720 6
81730 8
81740 7
81750 6
81760 9
81770 10
81780 14
81790 8
81800 4
81810 0
81820 2
81830 0
81840 0
81850 1
81860 3
81870 3
81880 0
81890 2
81900 3
81910 0
81920 0
81930 4
81940 5
81950 5
81960 9
81970 3
81980 4
81990 4
82000 2
82010 1
82020 1
82030 2
82040 3
82050 3
82060 4
82070 1
82080 0
82090 0
82100 0
82110 1
82120 1
82130 4
82140 4
82150 8
82160 1
82170 6
82180 3
82190 2
82200 5
82210 2
82220 13
82230 12
82240 8
82250 7
82260 2
82270 5
82280 5
82290 8
82300 10
82310 0
82320 1
82330 1
82340 7
82350 0
82360 6
82370 8
82380 6
82390 5
82400 3
82410 8
82420 8
82430 6
82440 3
82450 2
82460 0
82470 3
82480 3
82490 8
82500 3
82510 6
82520 9
82530 7
82540 9
82550 4
82560 1
82570 7
82580 3
82590 6
82600 11
82610 12
82620 11
82630 8
82640 11
82650 13
82660 5
82670 7
82680 6
82690 15
82700 7
82710 0
82720 0
82730 14
82740 3
82750 0
82760 1
82770 6
82780 1
82790 5
82800 1
82810 5
82820 2
82830 7
82840 9
82850 1
82860 0
82870 9
82880 0
82890 1
82900 5
82910 11
82920 5
82930 5
82940 6
82950 10
82960 8
82970 8
82980 10
82990 10
83000 6
83010 8
83020 2
83030 5
83040 11
83050 6
83060 5
83070 7
83080 5
83090 5
83100 5
83110 4
83120 5
83130 5
83140 8
83150 7
83160 8
83170 11
83180 7
83190 8
83200 9
83210 7
83220 8
83230 4
83240 5
83250 6
83260 6
83270 8
83280 8
83290 7
83300 4
83310 12
83320 8
83330 4
83340 7
83350 3
83360 3
83370 11
83380 10
83390 7
83400 7
83410 12
83420 10
83430 8
83440 8
83450 11
83460 8
83470 5
83480 4
83490 5
83500 7
83510 8
83520 8
83530 1
83540 5
83550 3
83560 5
83570 8
83580 6
83590 6
83600 7
83610 9
83620 7
83630 1
83640 7
83650 8
83660 9
83670 11
83680 6
83690 11
83700 10
83710 5
83720 4
83730 6
83740 1
83750 8
83760 3
83770 8
83780 4
83790 6
83800 13
83810 12
83820 7
83830 8
83840 12
83850 4
83860 4
83870 9
83880 3
83890 12
83900 9
83910 8
83920 7
83930 8
83940 7
83950 4
83960 7
83970 5
83980 9
83990 6
84000 9
84010 6
84020 14
84030 5
84040 4
84050 5
84060 5
84070 4
84080 3
84090 4
84100 2
84110 6
84120 6
84130 2
84140 5
84150 5
84160 5
84170 7
84180 8
84190 12
84200 8
84210 9
84220 10
84230 10
84240 1
84250 0
84260 6
84270 11
84280 8
84290 9
84300 1
84310 1
84320 1
84330 4
84340 4
84350 3
84360 9
84370 9
84380 8
84390 11
84400 4
84410 7
84420 3
84430 5
84440 6
84450 12
84460 13
84470 9
84480 17
84490 9
84500 4
84510 7
84520 4
84530 5
84540 5
84550 5
84560 2
84570 2
84580 3
84590 1
84600 5
84610 5
84620 5
84630 14
84640 10
84650 5
84660 6
84670 5
84680 2
84690 7
84700 6
84710 5
84720 4
84730 6
84740 3
84750 4
84760 5
84770 5
84780 1
84790 1
84800 0
84810 2
84820 2
84830 3
84840 4
84850 1
84860 4
84870 3
84880 1
84890 1
84900 4
84910 5
84920 5
84930 2
84940 0
84950 1
84960 2
84970 4
84980 4
84990 9
85000 4
85010 2
85020 1
85030 6
85040 3
85050 5
85060 6
85070 1
85080 6
85090 4
85100 5
85110 3
85120 3
85130 3
85140 7
85150 4
85160 4
85170 2
85180 2
85190 2
85200 5
85210 4
85220 3
85230 0
85240 5
85250 12
85260 1
85270 6
85280 6
85290 4
85300 3
85310 11
85320 13
85330 10
85340 4
85350 14
85360 7
85370 4
85380 1
85390 2
85400 4
85410 8
85420 5
85430 3
85440 12
85450 12
85460 11
85470 5
85480 6
85490 3
85500 0
85510 3
85520 2
85530 5
85540 5
85550 0
85560 4
85570 4
85580 3
85590 2
85600 4
85610 5
85620 5
85630 4
85640 2
85650 2
85660 2
85670 0
85680 8
85690 5
85700 12
85710 10
85720 8
85730 1
85740 3
85750 4
85760 3
85770 4
85780 1
85790 3
85800 2
85810 6
85820 8
85830 6
85840 1
85850 7
85860 8
85870 9
85880 8
85890 6
85900 2
85910 6
85920 2
85930 3
85940 11
85950 8
85960 3
85970 5
85980 11
85990 11
86000 9
86010 0
86020 4
86030 6
86040 3
86050 3
86060 0
86070 0
86080 10
86090 14
86100 9
86110 3
86120 3
86130 6
86140 8
86150 6
86160 8
86170 7
86180 4
86190 3
86200 5
86210 7
86220 8
86230 2
86240 10
86250 8
86260 11
86270 7
86280 3
86290 0
86300 10
86310 6
86320 10
86330 10
86340 5
86350 5
86360 2
86370 4
86380 5
86390 5
86400 4
86410 4
86420 6
86430 8
86440 5
86450 7
86460 4
86470 6
86480 1
86490 4
86500 3
86510 0
86520 4
86530 2
86540 6
86550 5
86560 7
86570 3
86580 2
86590 6
86600 4
86610 9
86620 5
86630 12
86640 14
86650 4
86660 5
86670 9
86680 8
86690 6
86700 4
86710 9
86720 12
86730 12
86740 5
86750 5
86760 8
86770 4
86780 8
86790 3
86800 11
86810 13
86820 4
86830 12
86840 3
86850 11
86860 7
86870 7
86880 7
86890 5
86900 11
86910 5
86920 5
86930 4
86940 6
86950 5
86960 7
86970 4
86980 9
86990 4
87000 9
87010 11
87020 6
87030 9
87040 9
87050 10
87060 9
87070 11
87080 9
87090 9
87100 8
87110 3
87120 4
87130 7
87140 3
87150 10
87160 13
87170 13
87180 7
87190 5
87200 8
87210 5
87220 5
87230 5
87240 8
87250 3
87260 11
87270 5
87280 5
87290 5
87300 1
87310 6
87320 9
87330 4
87340 4
87350 5
87360 5
87370 3
87380 5
87390 1
87400 7
87410 7
87420 6
87430 4
87440 11
87450 7
87460 6
87470 7
87480 5
87490 5
87500 11
87510 14
87520 6
87530 7
87540 6
87550 4
87560 3
87570 5
87580 1
87590 5
87600 11
87610 3
87620 1
87630 2
87640 3
87650 2
87660 3
87670 0
87680 4
87690 5
87700 7
87710 5
87720 5
87730 3
87740 6
87750 6
87760 7
87770 7
87780 4
87790 6
87800 7
87810 6
87820 4
87830 5
87840 8
87850 5
87860 3
87870 5
87880 5
87890 7
87900 6
87910 8
87920 6
87930 5
87940 11
87950 3
87960 6
87970 5
87980 4
87990 1
88000 6
88010 2
88020 5
88030 5
88040 5
88050 5
88060 7
88070 6
88080 9
88090 2
88100 6
88110 6
88120 6
88130 5
88140 8
88150 7
88160 8
88170 5
88180 12
88190 4
88200 4
88210 7
88220 3
88230 5
88240 5
88250 2
88260 5
88270 3
88280 4
88290 9
88300 4
88310 0
88320 4
88330 4
88340 6
88350 4
88360 3
88370 4
88380 6
88390 6
88400 5
88410 5
88420 6
88430 2
88440 7
88450 5
88460 8
88470 5
88480 5
88490 6
88500 4
88510 9
88520 0
88530 5
88540 5
88550 5
88560 6
88570 3
88580 7
88590 2
88600 5
88610 1
88620 2
88630 5
88640 7
88650 4
88660 3
88670 4
88680 4
88690 7
88700 5
88710 3
88720 4
88730 6
88740 4
88750 6
88760 11
88770 5
88780 7
88790 8
88800 11
88810 12
88820 12
88830 8
88840 8
88850 7
88860 8
88870 7
88880 11
88890 12
88900 9
88910 8
88920 11
88930 11
88940 9
88950 8
88960 3
88970 12
88980 7
88990 9
89000 8
89010 9
89020 11
89030 7
89040 11
89050 9
89060 13
89070 9
89080 7
89090 8
89100 12
89110 11
89120 12
89130 11
89140 9
89150 10
89160 12
89170 7
89180 13
89190 8
89200 11
89210 10
89220 5
89230 8
89240 5
89250 10
89260 12
89270 9
89280 11
89290 8
89300 8
89310 8
89320 4
89330 8
89340 10
89350 5
89360 4
89370 8
89380 10
89390 8
89400 4
89410 6
89420 8
89430 6
89440 12
89450 7
89460 11
89470 9
89480 8
89490 6
89500 5
89510 6
89520 9
89530 12
89540 7
89550 8
89560 8
89570 4
89580 8
89590 10
89600 8
89610 7
89620 10
89630 2
89640 8
89650 7
89660 12
89670 11
89680 9
89690 12
89700 9
89710 7
89720 0
89730 8
89740 5
89750 4
89760 4
89770 3
89780 0
89790 4
89800 8
89810 6
89820 7
89830 5
89840 6
89850 4
89860 6
89870 1
89880 8
89890 8
89900 8
89910 6
89920 5
89930 8
89940 10
89950 6
89960 5
89970 7
89980 2
89990 4
90000 8
90010 4
90020 3
90030 3
90040 9
90050 11
90060 10
90070 9
90080 1
90090 4
90100 6
90110 12
90120 8
90130 3
90140 6
90150 4
90160 5
90170 0
90180 0
90190 5
90200 8
90210 4
90220 4
90230 16
90240 0
90250 4
90260 3
90270 4
90280 5
90290 7
90300 5
90310 6
90320 6
90330 5
90340 8
90350 9
90360 3
90370 7
90380 4
90390 5
90400 7
90410 9
90420 7
90430 9
90440 11
90450 11
90460 5
90470 8
90480 6
90490 7
90500 6
90510 6
90520 5
90530 8
90540 6
90550 5
90560 5
90570 5
90580 6
90590 5
90600 7
90610 9
90620 5
90630 6
90640 7
90650 6
90660 6
90670 6
90680 7
90690 6
90700 5
90710 7
90720 5
90730 5
90740 5
90750 6
90760 5
90770 7
90780 4
90790 6
90800 6
90810 7
90820 12
90830 7
90840 4
90850 7
90860 5
90870 6
90880 7
90890 7
90900 5
90910 7
90920 6
90930 7
90940 9
90950 6
90960 6
90970 8
90980 6
90990 9
91000 3
91010 7
91020 7
91030 8
91040 7
91050 13
91060 3
91070 5
91080 2
91090 1
91100 8
91110 5
91120 3
91130 3
91140 6
91150 3
91160 8
91170 6
91180 2
91190 5
91200 5
91210 2
91220 2
91230 7
91240 5
91250 3
91260 6
91270 1
91280 2
91290 6
91300 5
91310 4
91320 1
91330 1
91340 6
91350 7
91360 8
91370 5
91380 5
91390 6
91400 5
91410 6
91420 7
91430 3
91440 1
91450 6
91460 5
91470 5
91480 9
91490 4
91500 5
91510 4
91520 6
91530 5
91540 6
91550 5
91560 7
91570 4
91580 6
91590 0
91600 5
91610 10
91620 8
91630 9
91640 2
91650 8
91660 7
91670 5
91680 6
91690 6
91700 3
91710 8
91720 2
91730 6
91740 6
91750 5
91760 8
91770 7
91780 5
91790 7
91800 3
91810 7
91820 5
91830 5
91840 7
91850 6
91860 6
91870 4
91880 6
91890 7
91900 3
91910 6
91920 5
91930 6
91940 1
91950 5
91960 4
91970 4
91980 4
91990 5
92000 7
92010 7
92020 5
92030 7
92040 8
92050 6
92060 5
92070 5
92080 5
92090 4
92100 1
92110 2
92120 3
92130 5
92140 4
92150 4
92160 5
92170 4
92180 1
92190 5
92200 5
92210 3
92220 2
92230 3
92240 5
92250 6
92260 4
92270 5
92280 6
92290 5
92300 4
92310 5
92320 6
92330 8
92340 5
92350 0
92360 6
92370 6
92380 6
92390 5
92400 1
92410 2
92420 4
92430 5
92440 4
92450 1
92460 2
92470 3
92480 5
92490 6
92500 6
92510 7
92520 5
92530 6
92540 5
92550 6
92560 3
92570 2
92580 3
92590 6
92600 3
92610 5
92620 3
92630 6
92640 4
92650 5
92660 6
92670 3
92680 5
92690 5
92700 5
92710 3
92720 3
92730 6
92740 3
92750 6
92760 5
92770 3
92780 5
92790 4
92800 6
92810 5
92820 3
92830 5
92840 1
92850 5
92860 4
92870 4
92880 4
92890 6
92900 6
92910 7
92920 5
92930 4
92940 5
92950 5
92960 3
92970 0
92980 4
92990 7
93000 4
93010 5
93020 7
93030 5
93040 6
93050 5
93060 3
93070 4
93080 4
93090 4
93100 0
93110 2
93120 4
93130 5
93140 5
93150 2
93160 5
93170 4
93180 5
93190 5
93200 2
93210 3
93220 5
93230 5
93240 7
93250 5
93260 4
93270 5
93280 3
93290 4
93300 3
93310 4
93320 4
93330 4
93340 5
93350 4
93360 5
93370 5
93380 2
93390 4
93400 5
93410 6
93420 5
93430 5
93440 4
93450 2
93460 3
93470 5
93480 4
93490 6
93500 6
93510 4
93520 5
93530 5
93540 6
93550 4
93560 6
93570 7
93580 3
93590 5
93600 5
93610 5
93620 8
93630 3
93640 5
93650 4
93660 3
93670 5
93680 6
93690 5
93700 4
93710 3
93720 7
93730 8
93740 8
93750 14
93760 7
93770 13
93780 3
93790 8
93800 3
93810 7
93820 7
93830 7
93840 6
93850 5
93860 6
93870 9
93880 10
93890 12
93900 11
93910 10
93920 10
93930 7
93940 7
93950 8
93960 8
93970 12
93980 12
93990 4
94000 7
94010 7
94020 6
94030 8
94040 3
94050 2
94060 5
94070 7
94080 2
94090 2
94100 2
94110 4
94120 4
94130 0
94140 6
94150 6
94160 7
94170 6
94180 9
94190 8
94200 6
94210 6
94220 8
94230 6
94240 6
94250 8
94260 4
94270 8
94280 6
94290 5
94300 6
94310 5
94320 4
94330 8
94340 4
94350 5
94360 5
94370 6
94380 6
94390 7
94400 8
94410 6
94420 4
94430 6
94440 6
94450 8
94460 6
94470 9
94480 3
94490 6
94500 7
94510 4
94520 6
94530 8
94540 6
94550 5
94560 5
94570 5
94580 5
94590 6
94600 7
94610 6
94620 4
94630 8
94640 3
94650 6
94660 5
94670 6
94680 7
94690 6
94700 7
94710 6
94720 7
94730 6
94740 5
94750 7
94760 6
94770 6
94780 4
94790 8
94800 5
94810 6
94820 8
94830 4
94840 6
94850 6
94860 8
94870 5
94880 5
94890 5
94900 5
94910 5
94920 8
94930 7
94940 7
94950 4
94960 4
94970 8
94980 6
94990 8
95000 4
95010 5
95020 4
95030 4
95040 6
95050 5
95060 2
95070 6
95080 4
95090 5
95100 5
95110 11
95120 7
95130 4
95140 8
95150 4
95160 3
95170 8
95180 6
95190 6
95200 4
95210 8
95220 5
95230 4
95240 5
95250 8
95260 5
95270 6
95280 5
95290 5
95300 6
95310 5
95320 4
95330 5
95340 7
95350 4
95360 7
95370 6
95380 3
95390 6
95400 6
95410 7
95420 5
95430 6
95440 5
95450 8
95460 4
95470 3
95480 8
95490 8
95500 5
95510 6
95520 6
95530 7
95540 8
95550 6
95560 8
95570 5
95580 5
95590 7
95600 4
95610 4
95620 6
95630 8
95640 4
95650 7
95660 6
95670 7
95680 6
95690 4
95700 8
95710 5
95720 5
95730 5
95740 8
95750 8
95760 6
95770 6
95780 10
95790 6
95800 4
95810 6
95820 6
95830 4
95840 7
95850 5
95860 5
95870 9
95880 6
95890 6
95900 7
95910 9
95920 8
95930 9
95940 13
95950 6
95960 12
95970 10
95980 5
95990 5
96000 8
96010 6
96020 6
96030 8
96040 8
96050 5
96060 5
96070 10
96080 5
96090 7
96100 7
96110 5
96120 6
96130 8
96140 10
96150 8
96160 10
96170 7
96180 6
96190 5
96200 4
96210 6
96220 7
96230 8
96240 8
96250 6
96260 0
96270 5
96280 6
96290 5
96300 5
96310 12
96320 8
96330 5
96340 6
96350 6
96360 3
96370 7
96380 5
96390 2
96400 4
96410 5
96420 6
96430 6
96440 6
96450 6
96460 7
96470 1
96480 8
96490 4
96500 5
96510 4
96520 5
96530 3
96540 7
96550 6
96560 5
96570 6
96580 5
96590 6
96600 8
96610 7
96620 8
96630 6
96640 4
96650 7
96660 5
96670 6
96680 0
96690 1
96700 6
96710 2
96720 8
96730 7
96740 4
96750 13
96760 9
96770 2
96780 0
96790 0
96800 2
96810 6
96820 5
96830 8
96840 5
96850 5
96860 5
96870 8
96880 3
96890 8
96900 5
96910 4
96920 5
96930 3
96940 5
96950 7
96960 8
96970 5
96980 7
96990 5
97000 5
97010 4
97020 6
97030 4
97040 6
97050 6
97060 8
97070 7
97080 2
97090 3
97100 5
97110 2
97120 2
97130 4
97140 3
97150 10
97160 3
97170 4
97180 6
97190 5
97200 5
97210 4
97220 6
97230 7
97240 5
97250 6
97260 6
97270 5
97280 0
97290 8
97300 5
97310 5
97320 4
97330 6
97340 5
97350 6
97360 7
97370 5
97380 5
97390 5
97400 6
97410 5
97420 6
97430 5
97440 5
97450 6
97460 3
97470 6
97480 7
97490 7
97500 5
97510 4
97520 3
97530 3
97540 6
97550 0
97560 2
97570 3
97580 8
97590 5
97600 5
97610 2
97620 2
97630 4
97640 1
97650 1
97660 2
97670 0
97680 0
97690 0
97700 3
97710 7
97720 4
97730 4
97740 3
97750 5
97760 0
97770 2
97780 2
97790 0
97800 0
97810 4
97820 0
97830 1
97840 0
97850 0
97860 1
97870 0
97880 1
97890 0
97900 0
97910 5
97920 0
97930 1
97940 0
97950 0
97960 2
97970 3
97980 0
97990 3
98000 4
98010 7
98020 5
98030 6
98040 5
98050 0
98060 4
98070 5
98080 0
98090 2
98100 5
98110 4
98120 0
98130 5
98140 5
98150 2
98160 5
98170 5
98180 3
98190 5
98200 7
98210 4
98220 7
98230 6
98240 4
98250 5
98260 5
98270 4
98280 4
98290 5
98300 5
98310 5
98320 8
98330 6
98340 19
98350 18
98360 14
98370 18
98380 20
98390 11
98400 10
98410 11
98420 18
98430 10
98440 11
98450 12
98460 14
98470 16
98480 16
98490 12
98500 12
98510 8
98520 9
98530 13
98540 10
98550 10
98560 13
98570 16
98580 18
98590 12
98600 12
98610 8
98620 10
98630 5
98640 16
98650 16
98660 8
98670 14
98680 12
98690 9
98700 4
98710 8
98720 5
98730 5
98740 6
98750 5
98760 5
98770 5
98780 4
98790 4
98800 3
98810 5
98820 2
98830 5
98840 4
98850 6
98860 3
98870 2
98880 3
98890 1
98900 3
98910 3
98920 3
98930 5
98940 3
98950 3
98960 2
98970 5
98980 1
98990 1
99000 1
99010 1
99020 6
99030 4
99040 3
99050 5
99060 8
99070 6
99080 3
99090 8
99100 9
99110 8
99120 5
99130 6
99140 9
99150 7
99160 4
99170 5
99180 6
99190 5
99200 5
99210 5
99220 5
99230 4
99240 6
99250 4
99260 5
99270 6
99280 8
99290 7
99300 5
99310 6
99320 7
99330 9
99340 5
99350 8
99360 10
99370 7
99380 7
99390 6
99400 5
99410 4
99420 5
99430 4
99440 5
99450 9
99460 7
99470 6
99480 7
99490 4
99500 9
99510 9
99520 9
99530 10
99540 5
99550 7
99560 3
99570 5
99580 7
99590 6
99600 5
99610 8
99620 7
99630 7
99640 5
99650 6
99660 4
99670 5
99680 7
99690 5
99700 7
99710 5
99720 6
99730 6
99740 6
99750 8
99760 5
99770 7
99780 3
99790 6
99800 7
99810 5
99820 5
99830 0
99840 3
99850 5
99860 0
99870 0
99880 3
99890 5
99900 4
99910 3
99920 4
99930 0
99940 0
99950 0
99960 4
99970 0
99980 3
99990 0
