# Frame Contacts
30000 0
30010 0
30020 0
30030 0
30040 0
30050 0
30060 0
30070 0
30080 0
30090 0
30100 0
30110 0
30120 0
30130 0
30140 0
30150 0
30160 0
30170 0
30180 0
30190 0
30200 0
30210 0
30220 0
30230 0
30240 0
30250 0
30260 0
30270 0
30280 0
30290 0
30300 0
30310 0
30320 0
30330 0
30340 0
30350 0
30360 0
30370 0
30380 0
30390 0
30400 0
30410 0
30420 0
30430 0
30440 0
30450 0
30460 0
30470 0
30480 0
30490 0
30500 0
30510 0
30520 0
30530 0
30540 0
30550 0
30560 0
30570 0
30580 0
30590 0
30600 0
30610 0
30620 0
30630 0
30640 0
30650 0
30660 0
30670 0
30680 0
30690 0
30700 0
30710 0
30720 0
30730 0
30740 0
30750 0
30760 0
30770 0
30780 0
30790 0
30800 0
30810 0
30820 0
30830 0
30840 0
30850 0
30860 0
30870 0
30880 0
30890 0
30900 0
30910 0
30920 0
30930 0
30940 0
30950 0
30960 0
30970 0
30980 0
30990 0
31000 0
31010 0
31020 0
31030 0
31040 0
31050 0
31060 0
31070 0
31080 0
31090 0
31100 0
31110 0
31120 0
31130 0
31140 0
31150 0
31160 0
31170 0
31180 0
31190 0
31200 0
31210 0
31220 0
31230 0
31240 0
31250 0
31260 0
31270 0
31280 0
31290 0
31300 0
31310 0
31320 0
31330 0
31340 0
31350 0
31360 0
31370 0
31380 0
31390 0
31400 0
31410 0
31420 0
31430 0
31440 0
31450 0
31460 0
31470 0
31480 0
31490 0
31500 0
31510 0
31520 0
31530 0
31540 0
31550 0
31560 0
31570 0
31580 0
31590 0
31600 0
31610 0
31620 0
31630 0
31640 0
31650 0
31660 0
31670 0
31680 0
31690 0
31700 0
31710 0
31720 0
31730 0
31740 0
31750 0
31760 0
31770 0
31780 0
31790 0
31800 0
31810 0
31820 0
31830 0
31840 0
31850 0
31860 0
31870 0
31880 0
31890 0
31900 0
31910 0
31920 0
31930 0
31940 0
31950 0
31960 0
31970 0
31980 0
31990 0
32000 0
32010 0
32020 0
32030 0
32040 0
32050 0
32060 0
32070 0
32080 0
32090 0
32100 0
32110 0
32120 0
32130 0
32140 0
32150 0
32160 0
32170 0
32180 0
32190 0
32200 0
32210 0
32220 0
32230 0
32240 0
32250 0
32260 0
32270 0
32280 0
32290 0
32300 0
32310 0
32320 0
32330 0
32340 0
32350 0
32360 0
32370 0
32380 0
32390 0
32400 0
32410 9
32420 0
32430 0
32440 0
32450 0
32460 0
32470 0
32480 0
32490 0
32500 0
32510 0
32520 0
32530 0
32540 0
32550 0
32560 0
32570 0
32580 0
32590 0
32600 0
32610 0
32620 0
32630 0
32640 0
32650 0
32660 0
32670 0
32680 0
32690 0
32700 0
32710 0
32720 0
32730 0
32740 0
32750 0
32760 0
32770 0
32780 0
32790 0
32800 0
32810 0
32820 0
32830 0
32840 0
32850 0
32860 0
32870 0
32880 0
32890 0
32900 0
32910 0
32920 0
32930 0
32940 0
32950 0
32960 0
32970 0
32980 0
32990 0
33000 0
33010 1
33020 6
33030 11
33040 8
33050 10
33060 5
33070 14
33080 7
33090 10
33100 13
33110 5
33120 9
33130 9
33140 11
33150 13
33160 5
33170 5
33180 8
33190 9
33200 5
33210 0
33220 7
33230 10
33240 4
33250 5
33260 16
33270 13
33280 6
33290 7
33300 9
33310 11
33320 10
33330 8
33340 15
33350 9
33360 8
33370 7
33380 8
33390 8
33400 12
33410 6
33420 10
33430 7
33440 8
33450 7
33460 8
33470 2
33480 8
33490 12
33500 10
33510 10
33520 2
33530 5
33540 5
33550 8
33560 2
33570 5
33580 6
33590 5
33600 12
33610 4
33620 5
33630 2
33640 4
33650 13
33660 2
33670 0
33680 4
33690 8
33700 6
33710 11
33720 9
33730 9
33740 5
33750 9
33760 6
33770 13
33780 12
33790 5
33800 8
33810 10
33820 9
33830 1
33840 10
33850 17
33860 17
33870 6
33880 13
33890 10
33900 15
33910 15
33920 12
33930 13
33940 14
33950 11
33960 4
33970 5
33980 8
33990 2
34000 4
34010 13
34020 5
34030 1
34040 0
34050 0
34060 0
34070 0
34080 0
34090 0
34100 0
34110 1
34120 0
34130 1
34140 0
34150 0
34160 0
34170 0
34180 1
34190 0
34200 1
34210 0
34220 3
34230 3
34240 0
34250 0
34260 0
34270 1
34280 0
34290 0
34300 0
34310 1
34320 0
34330 0
34340 0
34350 2
34360 7
34370 15
34380 12
34390 13
34400 13
34410 12
34420 12
34430 13
34440 13
34450 7
34460 8
34470 14
34480 7
34490 8
34500 9
34510 0
34520 8
34530 10
34540 10
34550 14
34560 11
34570 0
34580 0
34590 0
34600 8
34610 4
34620 10
34630 1
34640 1
34650 5
34660 5
34670 12
34680 9
34690 10
34700 14
34710 7
34720 14
34730 10
34740 8
34750 10
34760 7
34770 0
34780 0
34790 9
34800 0
34810 6
34820 2
34830 0
34840 0
34850 0
34860 0
34870 1
34880 1
34890 3
34900 9
34910 8
34920 7
34930 12
34940 9
34950 6
34960 8
34970 4
34980 11
34990 8
35000 12
35010 9
35020 10
35030 0
35040 1
35050 4
35060 6
35070 11
35080 2
35090 12
35100 11
35110 4
35120 8
35130 1
35140 9
35150 7
35160 3
35170 0
35180 0
35190 0
35200 0
35210 0
35220 0
35230 0
35240 0
35250 0
35260 0
35270 0
35280 0
35290 0
35300 0
35310 0
35320 0
35330 0
35340 0
35350 0
35360 0
35370 0
35380 0
35390 1
35400 0
35410 0
35420 0
35430 0
35440 0
35450 0
35460 0
35470 0
35480 0
35490 0
35500 0
35510 0
35520 0
35530 0
35540 0
35550 0
35560 0
35570 0
35580 0
35590 0
35600 0
35610 0
35620 0
35630 0
35640 0
35650 0
35660 0
35670 0
35680 0
35690 0
35700 0
35710 0
35720 0
35730 0
35740 0
35750 0
35760 0
35770 0
35780 0
35790 0
35800 0
35810 0
35820 0
35830 0
35840 0
35850 0
35860 0
35870 0
35880 0
35890 0
35900 0
35910 0
35920 0
35930 0
35940 0
35950 0
35960 0
35970 0
35980 0
35990 0
36000 0
36010 0
36020 0
36030 0
36040 0
36050 0
36060 0
36070 0
36080 0
36090 0
36100 0
36110 0
36120 0
36130 0
36140 0
36150 0
36160 0
36170 0
36180 0
36190 0
36200 0
36210 0
36220 0
36230 0
36240 0
36250 0
36260 0
36270 0
36280 0
36290 0
36300 0
36310 0
36320 0
36330 0
36340 0
36350 0
36360 0
36370 0
36380 0
36390 0
36400 0
36410 0
36420 0
36430 0
36440 0
36450 0
36460 0
36470 0
36480 0
36490 3
36500 8
36510 11
36520 10
36530 5
36540 2
36550 8
36560 9
36570 0
36580 9
36590 4
36600 4
36610 6
36620 7
36630 0
36640 11
36650 11
36660 17
36670 6
36680 9
36690 8
36700 16
36710 13
36720 12
36730 10
36740 14
36750 16
36760 12
36770 17
36780 15
36790 3
36800 10
36810 5
36820 10
36830 11
36840 9
36850 16
36860 9
36870 11
36880 2
36890 4
36900 9
36910 3
36920 8
36930 13
36940 9
36950 7
36960 10
36970 7
36980 8
36990 12
37000 2
37010 8
37020 6
37030 5
37040 9
37050 8
37060 7
37070 12
37080 8
37090 8
37100 12
37110 13
37120 11
37130 10
37140 10
37150 9
37160 5
37170 8
37180 15
37190 10
37200 13
37210 10
37220 6
37230 12
37240 7
37250 9
37260 11
37270 7
37280 12
37290 14
37300 7
37310 14
37320 8
37330 7
37340 9
37350 12
37360 12
37370 14
37380 6
37390 8
37400 9
37410 8
37420 9
37430 13
37440 5
37450 3
37460 14
37470 11
37480 10
37490 7
37500 9
37510 10
37520 6
37530 13
37540 11
37550 10
37560 8
37570 14
37580 12
37590 11
37600 15
37610 5
37620 9
37630 5
37640 10
37650 11
37660 8
37670 9
37680 7
37690 7
37700 7
37710 8
37720 8
37730 4
37740 11
37750 12
37760 8
37770 6
37780 9
37790 5
37800 8
37810 9
37820 7
37830 7
37840 7
37850 6
37860 2
37870 5
37880 5
37890 8
37900 8
37910 8
37920 7
37930 5
37940 4
37950 2
37960 2
37970 4
37980 3
37990 0
38000 2
38010 1
38020 2
38030 0
38040 1
38050 7
38060 5
38070 3
38080 2
38090 1
38100 5
38110 6
38120 4
38130 6
38140 2
38150 7
38160 10
38170 9
38180 4
38190 8
38200 2
38210 6
38220 4
38230 5
38240 6
38250 7
38260 2
38270 1
38280 4
38290 0
38300 1
38310 0
38320 1
38330 5
38340 2
38350 1
38360 5
38370 8
38380 11
38390 11
38400 0
38410 6
38420 8
38430 6
38440 8
38450 4
38460 5
38470 3
38480 1
38490 0
38500 5
38510 3
38520 12
38530 6
38540 5
38550 3
38560 4
38570 3
38580 5
38590 6
38600 2
38610 7
38620 5
38630 6
38640 4
38650 7
38660 7
38670 6
38680 10
38690 15
38700 23
38710 18
38720 6
38730 6
38740 7
38750 0
38760 0
38770 0
38780 0
38790 0
38800 0
38810 0
38820 0
38830 0
38840 0
38850 0
38860 0
38870 0
38880 0
38890 0
38900 0
38910 0
38920 0
38930 0
38940 0
38950 0
38960 3
38970 7
38980 6
38990 5
39000 3
39010 0
39020 0
39030 0
39040 0
39050 0
39060 0
39070 0
39080 0
39090 0
39100 0
39110 0
39120 0
39130 0
39140 0
39150 0
39160 0
39170 0
39180 0
39190 0
39200 0
39210 0
39220 0
39230 0
39240 0
39250 0
39260 0
39270 0
39280 0
39290 0
39300 0
39310 0
39320 0
39330 0
39340 0
39350 1
39360 0
39370 3
39380 0
39390 0
39400 1
39410 4
39420 4
39430 0
39440 0
39450 3
39460 10
39470 0
39480 3
39490 5
39500 0
39510 0
39520 0
39530 6
39540 7
39550 1
39560 2
39570 4
39580 3
39590 4
39600 6
39610 4
39620 6
39630 8
39640 6
39650 4
39660 5
39670 4
39680 0
39690 0
39700 0
39710 0
39720 0
39730 0
39740 0
39750 0
39760 0
39770 0
39780 0
39790 0
39800 0
39810 0
39820 2
39830 1
39840 6
39850 3
39860 6
39870 0
39880 0
39890 5
39900 2
39910 1
39920 5
39930 0
39940 0
39950 0
39960 0
39970 4
39980 7
39990 3
40000 8
40010 11
40020 7
40030 8
40040 5
40050 4
40060 14
40070 11
40080 8
40090 8
40100 10
40110 10
40120 8
40130 9
40140 12
40150 9
40160 5
40170 10
40180 7
40190 8
40200 7
40210 5
40220 5
40230 4
40240 7
40250 4
40260 5
40270 4
40280 5
40290 0
40300 5
40310 8
40320 3
40330 8
40340 8
40350 9
40360 9
40370 9
40380 11
40390 11
40400 9
40410 9
40420 7
40430 7
40440 3
40450 7
40460 6
40470 9
40480 7
40490 11
40500 2
40510 4
40520 5
40530 6
40540 6
40550 4
40560 9
40570 10
40580 7
40590 4
40600 6
40610 10
40620 9
40630 11
40640 5
40650 3
40660 3
40670 8
40680 11
40690 9
40700 5
40710 4
40720 2
40730 1
40740 5
40750 6
40760 5
40770 5
40780 0
40790 1
40800 0
40810 0
40820 0
40830 4
40840 1
40850 6
40860 3
40870 8
40880 8
40890 5
40900 8
40910 6
40920 3
40930 8
40940 5
40950 3
40960 0
40970 0
40980 0
40990 0
41000 6
41010 3
41020 4
41030 5
41040 8
41050 6
41060 9
41070 8
41080 2
41090 6
41100 0
41110 0
41120 3
41130 7
41140 11
41150 9
41160 1
41170 1
41180 5
41190 0
41200 1
41210 5
41220 4
41230 7
41240 9
41250 12
41260 8
41270 11
41280 12
41290 15
41300 9
41310 8
41320 12
41330 11
41340 8
41350 15
41360 9
41370 14
41380 8
41390 7
41400 6
41410 7
41420 13
41430 5
41440 11
41450 4
41460 5
41470 4
41480 7
41490 8
41500 6
41510 7
41520 3
41530 4
41540 4
41550 9
41560 4
41570 13
41580 10
41590 11
41600 9
41610 9
41620 9
41630 10
41640 12
41650 9
41660 7
41670 4
41680 3
41690 4
41700 11
41710 5
41720 7
41730 9
41740 0
41750 3
41760 0
41770 0
41780 8
41790 7
41800 7
41810 0
41820 0
41830 2
41840 8
41850 7
41860 11
41870 4
41880 6
41890 8
41900 6
41910 5
41920 14
41930 10
41940 13
41950 9
41960 9
41970 9
41980 10
41990 11
42000 11
42010 9
42020 5
42030 2
42040 4
42050 4
42060 8
42070 4
42080 11
42090 5
42100 3
42110 4
42120 7
42130 10
42140 5
42150 6
42160 1
42170 11
42180 7
42190 4
42200 4
42210 4
42220 10
42230 3
42240 4
42250 0
42260 3
42270 0
42280 0
42290 3
42300 3
42310 7
42320 8
42330 2
42340 0
42350 1
42360 3
42370 5
42380 9
42390 2
42400 3
42410 0
42420 12
42430 10
42440 9
42450 6
42460 9
42470 14
42480 5
42490 3
42500 10
42510 9
42520 4
42530 10
42540 8
42550 9
42560 13
42570 13
42580 12
42590 9
42600 8
42610 8
42620 11
42630 13
42640 7
42650 8
42660 8
42670 6
42680 9
42690 10
42700 5
42710 8
42720 0
42730 5
42740 1
42750 7
42760 3
42770 7
42780 2
42790 4
42800 9
42810 4
42820 8
42830 8
42840 8
42850 12
42860 11
42870 13
42880 8
42890 11
42900 10
42910 13
42920 6
42930 9
42940 6
42950 5
42960 8
42970 10
42980 12
42990 14
43000 9
43010 8
43020 10
43030 7
43040 9
43050 7
43060 7
43070 11
43080 9
43090 7
43100 7
43110 2
43120 0
43130 0
43140 0
43150 0
43160 3
43170 2
43180 2
43190 2
43200 4
43210 2
43220 7
43230 7
43240 3
43250 5
43260 6
43270 6
43280 5
43290 2
43300 0
43310 0
43320 4
43330 0
43340 0
43350 2
43360 5
43370 3
43380 3
43390 5
43400 2
43410 4
43420 0
43430 0
43440 0
43450 0
43460 2
43470 0
43480 0
43490 0
43500 0
43510 0
43520 0
43530 0
43540 0
43550 10
43560 10
43570 8
43580 3
43590 4
43600 5
43610 9
43620 2
43630 8
43640 3
43650 5
43660 5
43670 4
43680 2
43690 6
43700 5
43710 2
43720 4
43730 7
43740 4
43750 7
43760 7
43770 8
43780 12
43790 9
43800 6
43810 6
43820 9
43830 2
43840 8
43850 9
43860 4
43870 10
43880 4
43890 7
43900 4
43910 1
43920 0
43930 10
43940 7
43950 8
43960 6
43970 1
43980 5
43990 6
44000 8
44010 9
44020 10
44030 10
44040 12
44050 11
44060 2
44070 6
44080 4
44090 7
44100 0
44110 5
44120 4
44130 3
44140 5
44150 3
44160 1
44170 1
44180 1
44190 5
44200 5
44210 4
44220 1
44230 4
44240 5
44250 10
44260 8
44270 5
44280 1
44290 1
44300 2
44310 1
44320 3
44330 1
44340 6
44350 6
44360 5
44370 1
44380 4
44390 0
44400 6
44410 5
44420 6
44430 6
44440 4
44450 1
44460 5
44470 4
44480 5
44490 3
44500 7
44510 7
44520 4
44530 0
44540 5
44550 5
44560 5
44570 3
44580 5
44590 6
44600 4
44610 3
44620 4
44630 3
44640 4
44650 4
44660 5
44670 6
44680 1
44690 4
44700 2
44710 3
44720 1
44730 3
44740 0
44750 0
44760 0
44770 0
44780 0
44790 0
44800 0
44810 0
44820 0
44830 0
44840 0
44850 0
44860 0
44870 0
44880 0
44890 0
44900 0
44910 0
44920 0
44930 0
44940 0
44950 0
44960 0
44970 0
44980 0
44990 0
45000 0
45010 0
45020 0
45030 0
45040 0
45050 0
45060 0
45070 0
45080 0
45090 0
45100 0
45110 0
45120 0
45130 0
45140 0
45150 0
45160 0
45170 2
45180 0
45190 0
45200 0
45210 0
45220 0
45230 0
45240 0
45250 0
45260 0
45270 0
45280 0
45290 0
45300 0
45310 0
45320 0
45330 0
45340 0
45350 0
45360 0
45370 0
45380 0
45390 0
45400 0
45410 0
45420 0
45430 0
45440 0
45450 0
45460 0
45470 0
45480 0
45490 0
45500 0
45510 0
45520 0
45530 0
45540 0
45550 3
45560 1
45570 0
45580 0
45590 0
45600 0
45610 0
45620 0
45630 0
45640 0
45650 0
45660 0
45670 0
45680 0
45690 0
45700 0
45710 0
45720 0
45730 0
45740 0
45750 0
45760 0
45770 0
45780 0
45790 0
45800 0
45810 0
45820 0
45830 0
45840 0
45850 0
45860 0
45870 0
45880 0
45890 0
45900 0
45910 0
45920 0
45930 0
45940 0
45950 0
45960 0
45970 0
45980 0
45990 0
46000 0
46010 0
46020 0
46030 0
46040 0
46050 0
46060 0
46070 0
46080 0
46090 0
46100 0
46110 0
46120 0
46130 0
46140 0
46150 0
46160 0
46170 0
46180 0
46190 0
46200 0
46210 0
46220 0
46230 0
46240 0
46250 0
46260 0
46270 0
46280 0
46290 0
46300 0
46310 0
46320 0
46330 0
46340 0
46350 0
46360 0
46370 0
46380 0
46390 0
46400 0
46410 0
46420 0
46430 0
46440 0
46450 0
46460 0
46470 0
46480 0
46490 0
46500 0
46510 0
46520 0
46530 0
46540 0
46550 0
46560 0
46570 0
46580 0
46590 0
46600 3
46610 5
46620 4
46630 4
46640 1
46650 2
46660 1
46670 0
46680 0
46690 0
46700 0
46710 0
46720 0
46730 0
46740 0
46750 0
46760 0
46770 0
46780 0
46790 5
46800 2
46810 0
46820 1
46830 1
46840 0
46850 0
46860 0
46870 5
46880 0
46890 0
46900 0
46910 1
46920 0
46930 1
46940 0
46950 0
46960 0
46970 0
46980 0
46990 0
47000 0
47010 0
47020 0
47030 0
47040 0
47050 0
47060 0
47070 0
47080 0
47090 0
47100 0
47110 0
47120 0
47130 0
47140 0
47150 0
47160 0
47170 0
47180 0
47190 0
47200 0
47210 0
47220 0
47230 0
47240 0
47250 0
47260 0
47270 1
47280 0
47290 0
47300 0
47310 0
47320 0
47330 0
47340 0
47350 0
47360 0
47370 0
47380 0
47390 0
47400 0
47410 0
47420 0
47430 0
47440 0
47450 0
47460 0
47470 0
47480 0
47490 0
47500 0
47510 0
47520 0
47530 0
47540 0
47550 0
47560 0
47570 0
47580 0
47590 0
47600 0
47610 0
47620 0
47630 2
47640 5
47650 0
47660 3
47670 5
47680 2
47690 9
47700 0
47710 0
47720 3
47730 5
47740 3
47750 0
47760 4
47770 1
47780 6
47790 0
47800 7
47810 1
47820 5
47830 7
47840 4
47850 4
47860 3
47870 4
47880 8
47890 3
47900 3
47910 9
47920 1
47930 2
47940 1
47950 2
47960 4
47970 1
47980 5
47990 5
48000 7
48010 1
48020 5
48030 4
48040 2
48050 5
48060 7
48070 4
48080 2
48090 1
48100 2
48110 0
48120 1
48130 1
48140 1
48150 0
48160 0
48170 1
48180 2
48190 4
48200 2
48210 0
48220 0
48230 2
48240 0
48250 2
48260 1
48270 1
48280 1
48290 5
48300 1
48310 0
48320 1
48330 3
48340 3
48350 3
48360 1
48370 1
48380 0
48390 4
48400 1
48410 0
48420 5
48430 5
48440 4
48450 11
48460 8
48470 8
48480 7
48490 4
48500 8
48510 8
48520 3
48530 4
48540 6
48550 3
48560 6
48570 8
48580 8
48590 0
48600 0
48610 2
48620 0
48630 7
48640 3
48650 2
48660 4
48670 3
48680 2
48690 3
48700 1
48710 0
48720 0
48730 0
48740 0
48750 1
48760 0
48770 0
48780 0
48790 0
48800 0
48810 0
48820 0
48830 1
48840 1
48850 10
48860 0
48870 0
48880 0
48890 0
48900 0
48910 0
48920 4
48930 1
48940 2
48950 12
48960 11
48970 1
48980 0
48990 0
49000 0
49010 0
49020 0
49030 0
49040 1
49050 1
49060 3
49070 0
49080 0
49090 0
49100 0
49110 0
49120 0
49130 0
49140 0
49150 0
49160 0
49170 2
49180 0
49190 0
49200 0
49210 0
49220 0
49230 0
49240 0
49250 0
49260 2
49270 0
49280 0
49290 0
49300 0
49310 0
49320 0
49330 0
49340 0
49350 0
49360 0
49370 0
49380 0
49390 0
49400 0
49410 0
49420 0
49430 0
49440 0
49450 0
49460 0
49470 0
49480 0
49490 0
49500 0
49510 0
49520 0
49530 0
49540 0
49550 4
49560 11
49570 8
49580 1
49590 0
49600 0
49610 0
49620 0
49630 0
49640 0
49650 0
49660 0
49670 0
49680 0
49690 0
49700 0
49710 0
49720 0
49730 5
49740 6
49750 10
49760 14
49770 0
49780 4
49790 4
49800 0
49810 1
49820 0
49830 0
49840 0
49850 0
49860 0
49870 0
49880 0
49890 0
49900 0
49910 0
49920 0
49930 0
49940 0
49950 0
49960 0
49970 0
49980 0
49990 0
50000 0
50010 0
50020 0
50030 0
50040 0
50050 0
50060 0
50070 0
50080 0
50090 0
50100 0
50110 0
50120 2
50130 0
50140 0
50150 0
50160 0
50170 0
50180 0
50190 0
50200 0
50210 0
50220 0
50230 0
50240 0
50250 0
50260 0
50270 0
50280 0
50290 0
50300 0
50310 0
50320 0
50330 0
50340 0
50350 0
50360 2
50370 0
50380 0
50390 0
50400 0
50410 0
50420 0
50430 0
50440 0
50450 0
50460 0
50470 0
50480 0
50490 0
50500 0
50510 0
50520 0
50530 0
50540 0
50550 0
50560 0
50570 0
50580 0
50590 0
50600 0
50610 0
50620 0
50630 0
50640 0
50650 0
50660 0
50670 2
50680 1
50690 0
50700 0
50710 0
50720 0
50730 0
50740 0
50750 0
50760 0
50770 0
50780 0
50790 2
50800 0
50810 0
50820 0
50830 0
50840 0
50850 0
50860 0
50870 0
50880 0
50890 0
50900 0
50910 0
50920 0
50930 0
50940 2
50950 6
50960 1
50970 0
50980 9
50990 1
51000 8
51010 5
51020 7
51030 5
51040 9
51050 4
51060 7
51070 6
51080 8
51090 9
51100 0
51110 0
51120 0
51130 0
51140 0
51150 0
51160 0
51170 0
51180 0
51190 0
51200 0
51210 0
51220 0
51230 0
51240 0
51250 0
51260 0
51270 0
51280 2
51290 7
51300 1
51310 7
51320 0
51330 5
51340 11
51350 2
51360 7
51370 9
51380 11
51390 14
51400 5
51410 4
51420 3
51430 0
51440 0
51450 0
51460 0
51470 0
51480 0
51490 0
51500 0
51510 0
51520 0
51530 0
51540 0
51550 0
51560 0
51570 0
51580 0
51590 0
51600 0
51610 0
51620 0
51630 0
51640 0
51650 0
51660 0
51670 0
51680 0
51690 0
51700 0
51710 0
51720 0
51730 0
51740 0
51750 0
51760 0
51770 0
51780 0
51790 5
51800 0
51810 1
51820 0
51830 4
51840 4
51850 1
51860 5
51870 5
51880 0
51890 3
51900 7
51910 0
51920 0
51930 0
51940 6
51950 0
51960 6
51970 0
51980 7
51990 5
52000 5
52010 5
52020 7
52030 3
52040 5
52050 7
52060 5
52070 6
52080 2
52090 5
52100 9
52110 5
52120 8
52130 3
52140 5
52150 5
52160 4
52170 6
52180 5
52190 5
52200 6
52210 5
52220 0
52230 4
52240 2
52250 5
52260 5
52270 5
52280 5
52290 6
52300 3
52310 2
52320 2
52330 2
52340 0
52350 2
52360 9
52370 5
52380 4
52390 7
52400 4
52410 4
52420 2
52430 0
52440 6
52450 0
52460 0
52470 0
52480 0
52490 0
52500 1
52510 2
52520 0
52530 0
52540 0
52550 1
52560 2
52570 2
52580 0
52590 6
52600 0
52610 0
52620 0
52630 0
52640 3
52650 0
52660 0
52670 0
52680 0
52690 0
52700 0
52710 0
52720 0
52730 0
52740 0
52750 1
52760 3
52770 4
52780 6
52790 8
52800 1
52810 0
52820 1
52830 2
52840 0
52850 2
52860 2
52870 1
52880 2
52890 2
52900 2
52910 0
52920 0
52930 0
52940 0
52950 0
52960 0
52970 0
52980 0
52990 0
53000 0
53010 0
53020 0
53030 0
53040 0
53050 0
53060 0
53070 0
53080 0
53090 1
53100 0
53110 0
53120 0
53130 0
53140 0
53150 0
53160 5
53170 1
53180 2
53190 0
53200 0
53210 0
53220 0
53230 0
53240 0
53250 0
53260 0
53270 0
53280 0
53290 0
53300 0
53310 0
53320 0
53330 2
53340 0
53350 0
53360 0
53370 0
53380 0
53390 0
53400 0
53410 0
53420 0
53430 0
53440 0
53450 0
53460 0
53470 0
53480 0
53490 0
53500 0
53510 0
53520 0
53530 0
53540 0
53550 0
53560 0
53570 0
53580 0
53590 0
53600 0
53610 0
53620 0
53630 0
53640 0
53650 0
53660 0
53670 0
53680 0
53690 0
53700 0
53710 0
53720 0
53730 0
53740 0
53750 0
53760 0
53770 4
53780 8
53790 4
53800 3
53810 4
53820 7
53830 3
53840 1
53850 0
53860 0
53870 0
53880 0
53890 0
53900 0
53910 0
53920 0
53930 0
53940 0
53950 0
53960 0
53970 0
53980 0
53990 0
54000 0
54010 0
54020 0
54030 0
54040 0
54050 0
54060 0
54070 0
54080 0
54090 0
54100 0
54110 0
54120 0
54130 0
54140 0
54150 0
54160 0
54170 0
54180 0
54190 0
54200 0
54210 0
54220 0
54230 0
54240 2
54250 0
54260 0
54270 0
54280 0
54290 7
54300 9
54310 7
54320 1
54330 0
54340 0
54350 1
54360 0
54370 0
54380 0
54390 0
54400 0
54410 0
54420 0
54430 0
54440 0
54450 0
54460 0
54470 3
54480 0
54490 0
54500 0
54510 0
54520 0
54530 0
54540 0
54550 0
54560 7
54570 0
54580 0
54590 0
54600 0
54610 0
54620 0
54630 0
54640 0
54650 0
54660 0
54670 0
54680 0
54690 0
54700 0
54710 0
54720 0
54730 0
54740 0
54750 7
54760 0
54770 0
54780 0
54790 0
54800 0
54810 0
54820 0
54830 0
54840 0
54850 0
54860 0
54870 0
54880 0
54890 0
54900 0
54910 0
54920 0
54930 0
54940 0
54950 0
54960 0
54970 0
54980 0
54990 0
55000 0
55010 0
55020 0
55030 0
55040 0
55050 0
55060 0
55070 0
55080 0
55090 0
55100 0
55110 0
55120 0
55130 0
55140 0
55150 0
55160 0
55170 0
55180 0
55190 0
55200 0
55210 0
55220 0
55230 0
55240 0
55250 0
55260 0
55270 0
55280 0
55290 0
55300 0
55310 0
55320 0
55330 0
55340 0
55350 0
55360 0
55370 0
55380 0
55390 0
55400 0
55410 0
55420 0
55430 0
55440 0
55450 0
55460 0
55470 0
55480 0
55490 0
55500 0
55510 0
55520 0
55530 0
55540 0
55550 0
55560 0
55570 0
55580 0
55590 0
55600 0
55610 0
55620 1
55630 0
55640 0
55650 0
55660 0
55670 2
55680 2
55690 2
55700 0
55710 0
55720 0
55730 0
55740 0
55750 0
55760 0
55770 0
55780 0
55790 0
55800 0
55810 0
55820 0
55830 0
55840 0
55850 0
55860 0
55870 0
55880 0
55890 0
55900 0
55910 0
55920 0
55930 0
55940 0
55950 1
55960 2
55970 2
55980 0
55990 0
56000 0
56010 0
56020 0
56030 0
56040 0
56050 0
56060 0
56070 0
56080 0
56090 0
56100 0
56110 0
56120 0
56130 0
56140 0
56150 0
56160 0
56170 0
56180 0
56190 0
56200 0
56210 0
56220 0
56230 0
56240 0
56250 0
56260 0
56270 0
56280 0
56290 0
56300 0
56310 0
56320 0
56330 0
56340 0
56350 0
56360 0
56370 0
56380 0
56390 0
56400 0
56410 0
56420 0
56430 0
56440 0
56450 0
56460 0
56470 0
56480 0
56490 0
56500 0
56510 0
56520 0
56530 0
56540 0
56550 0
56560 0
56570 0
56580 0
56590 0
56600 0
56610 0
56620 0
56630 0
56640 0
56650 0
56660 0
56670 0
56680 0
56690 0
56700 0
56710 0
56720 0
56730 0
56740 0
56750 0
56760 0
56770 0
56780 0
56790 0
56800 0
56810 0
56820 0
56830 1
56840 0
56850 0
56860 0
56870 0
56880 0
56890 0
56900 0
56910 0
56920 2
56930 0
56940 0
56950 0
56960 0
56970 0
56980 0
56990 0
57000 0
57010 0
57020 0
57030 0
57040 0
57050 0
57060 0
57070 0
57080 0
57090 0
57100 0
57110 0
57120 0
57130 0
57140 0
57150 4
57160 10
57170 8
57180 18
57190 16
57200 13
57210 15
57220 10
57230 16
57240 2
57250 13
57260 13
57270 11
57280 7
57290 9
57300 12
57310 13
57320 4
57330 14
57340 7
57350 11
57360 16
57370 10
57380 25
57390 20
57400 4
57410 11
57420 1
57430 1
57440 7
57450 5
57460 10
57470 16
57480 8
57490 9
57500 0
57510 11
57520 0
57530 14
57540 19
57550 21
57560 23
57570 15
57580 12
57590 10
57600 22
57610 13
57620 17
57630 11
57640 5
57650 23
57660 16
57670 3
57680 6
57690 11
57700 6
57710 4
57720 8
57730 8
57740 18
57750 13
57760 11
57770 20
57780 23
57790 18
57800 16
57810 11
57820 18
57830 18
57840 7
57850 12
57860 19
57870 14
57880 17
57890 13
57900 6
57910 12
57920 15
57930 9
57940 11
57950 10
57960 0
57970 0
57980 0
57990 0
58000 0
58010 0
58020 0
58030 0
58040 0
58050 0
58060 0
58070 14
58080 15
58090 13
58100 9
58110 15
58120 9
58130 5
58140 0
58150 0
58160 0
58170 0
58180 0
58190 0
58200 0
58210 0
58220 0
58230 0
58240 0
58250 0
58260 0
58270 0
58280 0
58290 0
58300 0
58310 0
58320 0
58330 0
58340 0
58350 0
58360 0
58370 0
58380 0
58390 0
58400 0
58410 0
58420 0
58430 0
58440 0
58450 0
58460 0
58470 0
58480 0
58490 0
58500 0
58510 0
58520 0
58530 0
58540 0
58550 0
58560 0
58570 0
58580 0
58590 1
58600 4
58610 0
58620 5
58630 4
58640 4
58650 13
58660 12
58670 13
58680 8
58690 8
58700 5
58710 12
58720 11
58730 4
58740 12
58750 7
58760 8
58770 0
58780 14
58790 11
58800 21
58810 8
58820 9
58830 10
58840 4
58850 7
58860 13
58870 6
58880 7
58890 1
58900 4
58910 8
58920 10
58930 11
58940 11
58950 11
58960 14
58970 10
58980 10
58990 19
59000 16
59010 10
59020 4
59030 13
59040 10
59050 11
59060 11
59070 16
59080 15
59090 10
59100 16
59110 16
59120 14
59130 18
59140 10
59150 11
59160 14
59170 13
59180 16
59190 20
59200 7
59210 8
59220 7
59230 21
59240 3
59250 5
59260 1
59270 3
59280 12
59290 5
59300 10
59310 11
59320 15
59330 11
59340 20
59350 21
59360 19
59370 10
59380 10
59390 4
59400 5
59410 17
59420 6
59430 9
59440 15
59450 0
59460 2
59470 10
59480 19
59490 9
59500 6
59510 10
59520 5
59530 5
59540 8
59550 4
59560 13
59570 14
59580 19
59590 2
59600 3
59610 17
59620 11
59630 7
59640 5
59650 8
59660 8
59670 8
59680 4
59690 5
59700 9
59710 10
59720 16
59730 14
59740 15
59750 19
59760 11
59770 19
59780 11
59790 9
59800 10
59810 18
59820 11
59830 22
59840 9
59850 11
59860 7
59870 5
59880 9
59890 10
59900 19
59910 13
59920 13
59930 5
59940 6
59950 20
59960 3
59970 14
59980 6
59990 10
60000 6
60010 16
60020 13
60030 6
60040 6
60050 14
60060 9
60070 12
60080 16
60090 15
60100 17
60110 18
60120 20
60130 20
60140 17
60150 19
60160 13
60170 17
60180 15
60190 9
60200 11
60210 9
60220 9
60230 2
60240 2
60250 18
60260 7
60270 13
60280 19
60290 15
60300 5
60310 10
60320 5
60330 12
60340 15
60350 10
60360 23
60370 13
60380 20
60390 20
60400 12
60410 15
60420 16
60430 9
60440 12
60450 7
60460 1
60470 0
60480 0
60490 5
60500 7
60510 8
60520 6
60530 8
60540 8
60550 2
60560 3
60570 5
60580 5
60590 9
60600 8
60610 10
60620 2
60630 1
60640 0
60650 7
60660 2
60670 10
60680 7
60690 9
60700 8
60710 8
60720 12
60730 11
60740 10
60750 4
60760 5
60770 2
60780 9
60790 1
60800 13
60810 8
60820 11
60830 9
60840 7
60850 12
60860 6
60870 12
60880 6
60890 7
60900 9
60910 5
60920 9
60930 4
60940 15
60950 10
60960 10
60970 13
60980 7
60990 8
61000 0
61010 4
61020 0
61030 1
61040 4
61050 4
61060 1
61070 3
61080 3
61090 0
61100 8
61110 2
61120 3
61130 7
61140 11
61150 6
61160 9
61170 9
61180 10
61190 10
61200 5
61210 2
61220 4
61230 7
61240 2
61250 12
61260 1
61270 1
61280 4
61290 1
61300 4
61310 3
61320 9
61330 5
61340 5
61350 6
61360 4
61370 8
61380 11
61390 5
61400 0
61410 11
61420 7
61430 8
61440 9
61450 6
61460 6
61470 8
61480 2
61490 9
61500 3
61510 12
61520 12
61530 9
61540 4
61550 13
61560 10
61570 15
61580 20
61590 18
61600 7
61610 11
61620 14
61630 14
61640 16
61650 7
61660 13
61670 24
61680 6
61690 11
61700 17
61710 7
61720 14
61730 9
61740 3
61750 18
61760 22
61770 13
61780 21
61790 10
61800 25
61810 10
61820 11
61830 9
61840 14
61850 7
61860 5
61870 10
61880 18
61890 17
61900 16
61910 21
61920 13
61930 8
61940 10
61950 7
61960 9
61970 11
61980 12
61990 14
62000 13
62010 15
62020 15
62030 12
62040 16
62050 14
62060 18
62070 17
62080 19
62090 11
62100 27
62110 19
62120 12
62130 14
62140 12
62150 10
62160 6
62170 10
62180 12
62190 18
62200 10
62210 9
62220 16
62230 13
62240 14
62250 5
62260 11
62270 12
62280 15
62290 15
62300 16
62310 19
62320 18
62330 12
62340 15
62350 10
62360 11
62370 14
62380 14
62390 12
62400 8
62410 9
62420 10
62430 14
62440 8
62450 16
62460 19
62470 19
62480 17
62490 10
62500 17
62510 18
62520 16
62530 18
62540 11
62550 16
62560 20
62570 12
62580 19
62590 16
62600 9
62610 22
62620 11
62630 8
62640 13
62650 11
62660 7
62670 14
62680 4
62690 7
62700 16
62710 8
62720 3
62730 8
62740 9
62750 9
62760 15
62770 18
62780 18
62790 17
62800 10
62810 13
62820 12
62830 14
62840 9
62850 9
62860 9
62870 11
62880 14
62890 10
62900 12
62910 6
62920 8
62930 11
62940 13
62950 8
62960 8
62970 9
62980 13
62990 10
63000 14
63010 13
63020 12
63030 9
63040 15
63050 14
63060 13
63070 14
63080 18
63090 6
63100 15
63110 9
63120 13
63130 19
63140 7
63150 10
63160 11
63170 16
63180 11
63190 19
63200 12
63210 8
63220 5
63230 5
63240 14
63250 20
63260 1
63270 12
63280 17
63290 9
63300 13
63310 10
63320 21
63330 12
63340 12
63350 13
63360 3
63370 12
63380 9
63390 17
63400 17
63410 16
63420 4
63430 19
63440 17
63450 16
63460 8
63470 5
63480 9
63490 13
63500 8
63510 4
63520 23
63530 2
63540 4
63550 16
63560 3
63570 7
63580 16
63590 9
63600 7
63610 6
63620 11
63630 21
63640 19
63650 11
63660 6
63670 2
63680 11
63690 7
63700 17
63710 17
63720 6
63730 11
63740 14
63750 17
63760 21
63770 8
63780 2
63790 0
63800 3
63810 5
63820 0
63830 0
63840 0
63850 0
63860 0
63870 0
63880 0
63890 0
63900 0
63910 0
63920 16
63930 2
63940 14
63950 8
63960 13
63970 6
63980 14
63990 1
64000 6
64010 6
64020 3
64030 4
64040 0
64050 0
64060 1
64070 8
64080 6
64090 1
64100 0
64110 10
64120 7
64130 1
64140 0
64150 0
64160 0
64170 7
64180 0
64190 0
64200 7
64210 5
64220 0
64230 4
64240 0
64250 6
64260 8
64270 3
64280 6
64290 4
64300 3
64310 7
64320 10
64330 10
64340 4
64350 9
64360 9
64370 8
64380 3
64390 0
64400 0
64410 0
64420 0
64430 1
64440 0
64450 0
64460 0
64470 0
64480 0
64490 0
64500 1
64510 0
64520 0
64530 0
64540 0
64550 0
64560 2
64570 0
64580 0
64590 1
64600 12
64610 16
64620 16
64630 12
64640 13
64650 6
64660 17
64670 15
64680 15
64690 15
64700 17
64710 12
64720 9
64730 10
64740 5
64750 1
64760 15
64770 18
64780 2
64790 3
64800 4
64810 13
64820 3
64830 13
64840 13
64850 9
64860 19
64870 5
64880 13
64890 14
64900 5
64910 7
64920 8
64930 6
64940 14
64950 13
64960 13
64970 10
64980 9
64990 12
65000 12
65010 26
65020 10
65030 13
65040 14
65050 14
65060 10
65070 11
65080 5
65090 1
65100 12
65110 7
65120 13
65130 15
65140 0
65150 3
65160 10
65170 15
65180 12
65190 6
65200 2
65210 7
65220 7
65230 8
65240 11
65250 15
65260 9
65270 9
65280 13
65290 8
65300 6
65310 8
65320 9
65330 15
65340 10
65350 19
65360 9
65370 16
65380 6
65390 13
65400 15
65410 2
65420 12
65430 19
65440 6
65450 20
65460 16
65470 21
65480 13
65490 16
65500 24
65510 16
65520 21
65530 20
65540 22
65550 9
65560 24
65570 24
65580 22
65590 14
65600 17
65610 11
65620 4
65630 28
65640 17
65650 11
65660 23
65670 20
65680 15
65690 5
65700 13
65710 13
65720 4
65730 16
65740 17
65750 14
65760 9
65770 5
65780 8
65790 13
65800 10
65810 0
65820 19
65830 10
65840 10
65850 16
65860 2
65870 16
65880 12
65890 15
65900 18
65910 19
65920 7
65930 15
65940 15
65950 4
65960 0
65970 14
65980 4
65990 18
66000 12
66010 0
66020 8
66030 14
66040 11
66050 16
66060 10
66070 6
66080 8
66090 8
66100 8
66110 9
66120 1
66130 0
66140 5
66150 6
66160 5
66170 8
66180 2
66190 6
66200 1
66210 5
66220 7
66230 2
66240 4
66250 8
66260 6
66270 6
66280 4
66290 4
66300 2
66310 3
66320 2
66330 2
66340 4
66350 7
66360 7
66370 9
66380 5
66390 5
66400 0
66410 3
66420 6
66430 2
66440 7
66450 9
66460 8
66470 7
66480 10
66490 8
66500 2
66510 2
66520 1
66530 6
66540 2
66550 13
66560 2
66570 0
66580 2
66590 3
66600 0
66610 0
66620 0
66630 3
66640 0
66650 0
66660 2
66670 7
66680 13
66690 8
66700 6
66710 3
66720 0
66730 2
66740 1
66750 0
66760 3
66770 0
66780 2
66790 0
66800 4
66810 0
66820 2
66830 2
66840 5
66850 3
66860 5
66870 6
66880 3
66890 5
66900 10
66910 0
66920 9
66930 4
66940 0
66950 0
66960 0
66970 0
66980 0
66990 0
67000 0
67010 1
67020 8
67030 10
67040 4
67050 16
67060 3
67070 13
67080 6
67090 3
67100 4
67110 3
67120 0
67130 3
67140 3
67150 0
67160 0
67170 2
67180 2
67190 4
67200 5
67210 0
67220 0
67230 0
67240 1
67250 3
67260 0
67270 3
67280 1
67290 1
67300 0
67310 10
67320 3
67330 2
67340 6
67350 0
67360 4
67370 5
67380 0
67390 2
67400 4
67410 0
67420 4
67430 9
67440 8
67450 9
67460 4
67470 6
67480 4
67490 5
67500 4
67510 6
67520 4
67530 7
67540 5
67550 9
67560 6
67570 8
67580 4
67590 5
67600 4
67610 4
67620 8
67630 11
67640 16
67650 8
67660 9
67670 14
67680 9
67690 12
67700 5
67710 4
67720 5
67730 4
67740 5
67750 5
67760 6
67770 8
67780 7
67790 6
67800 10
67810 8
67820 0
67830 6
67840 7
67850 4
67860 5
67870 8
67880 7
67890 0
67900 7
67910 10
67920 0
67930 0
67940 3
67950 2
67960 10
67970 7
67980 9
67990 9
68000 8
68010 14
68020 5
68030 9
68040 6
68050 11
68060 23
68070 8
68080 9
68090 22
68100 18
68110 11
68120 11
68130 15
68140 9
68150 3
68160 4
68170 14
68180 9
68190 6
68200 9
68210 14
68220 9
68230 11
68240 17
68250 12
68260 16
68270 23
68280 10
68290 11
68300 12
68310 17
68320 20
68330 15
68340 15
68350 17
68360 27
68370 19
68380 22
68390 15
68400 12
68410 8
68420 10
68430 0
68440 11
68450 13
68460 9
68470 12
68480 11
68490 9
68500 16
68510 10
68520 13
68530 13
68540 19
68550 7
68560 0
68570 3
68580 6
68590 20
68600 9
68610 10
68620 5
68630 10
68640 12
68650 0
68660 9
68670 0
68680 0
68690 0
68700 0
68710 0
68720 1
68730 0
68740 1
68750 0
68760 0
68770 0
68780 0
68790 0
68800 0
68810 0
68820 4
68830 7
68840 3
68850 0
68860 2
68870 0
68880 5
68890 5
68900 8
68910 2
68920 6
68930 11
68940 3
68950 7
68960 6
68970 10
68980 2
68990 0
69000 0
69010 0
69020 0
69030 3
69040 0
69050 0
69060 0
69070 2
69080 3
69090 3
69100 2
69110 8
69120 0
69130 0
69140 0
69150 0
69160 19
69170 10
69180 17
69190 14
69200 11
69210 1
69220 1
69230 1
69240 0
69250 4
69260 5
69270 1
69280 0
69290 14
69300 16
69310 8
69320 20
69330 6
69340 2
69350 6
69360 3
69370 0
69380 5
69390 14
69400 5
69410 5
69420 0
69430 10
69440 2
69450 2
69460 2
69470 0
69480 5
69490 8
69500 7
69510 0
69520 3
69530 0
69540 2
69550 0
69560 0
69570 0
69580 10
69590 9
69600 11
69610 12
69620 9
69630 9
69640 10
69650 9
69660 9
69670 9
69680 9
69690 7
69700 7
69710 6
69720 3
69730 13
69740 7
69750 13
69760 12
69770 14
69780 10
69790 13
69800 3
69810 6
69820 6
69830 3
69840 11
69850 5
69860 16
69870 17
69880 12
69890 14
69900 15
69910 16
69920 15
69930 11
69940 10
69950 12
69960 5
69970 9
69980 14
69990 13
70000 15
70010 10
70020 17
70030 13
70040 12
70050 11
70060 9
70070 19
70080 8
70090 12
70100 9
70110 16
70120 26
70130 27
70140 5
70150 15
70160 0
70170 6
70180 2
70190 2
70200 10
70210 2
70220 3
70230 3
70240 2
70250 2
70260 3
70270 12
70280 15
70290 8
70300 2
70310 2
70320 2
70330 2
70340 2
70350 2
70360 2
70370 1
70380 2
70390 2
70400 2
70410 4
70420 24
70430 32
70440 25
70450 24
70460 14
70470 4
70480 15
70490 3
70500 9
70510 3
70520 4
70530 4
70540 12
70550 24
70560 24
70570 19
70580 14
70590 21
70600 17
70610 5
70620 26
70630 16
70640 18
70650 20
70660 11
70670 19
70680 11
70690 11
70700 2
70710 5
70720 18
70730 23
70740 21
70750 31
70760 11
70770 32
70780 22
70790 23
70800 23
70810 25
70820 27
70830 18
70840 31
70850 22
70860 23
70870 28
70880 30
70890 32
70900 19
70910 27
70920 29
70930 20
70940 20
70950 11
70960 6
70970 6
70980 4
70990 20
71000 14
71010 11
71020 13
71030 17
71040 25
71050 23
71060 18
71070 23
71080 22
71090 23
71100 13
71110 5
71120 13
71130 17
71140 32
71150 25
71160 25
71170 23
71180 16
71190 16
71200 15
71210 14
71220 21
71230 11
71240 15
71250 8
71260 14
71270 21
71280 18
71290 16
71300 18
71310 26
71320 22
71330 19
71340 15
71350 23
71360 19
71370 25
71380 23
71390 25
71400 21
71410 29
71420 20
71430 23
71440 17
71450 15
71460 22
71470 23
71480 9
71490 3
71500 0
71510 1
71520 11
71530 16
71540 19
71550 16
71560 9
71570 23
71580 17
71590 18
71600 14
71610 31
71620 17
71630 26
71640 16
71650 25
71660 23
71670 24
71680 20
71690 15
71700 26
71710 13
71720 21
71730 23
71740 9
71750 22
71760 17
71770 15
71780 13
71790 18
71800 20
71810 17
71820 13
71830 14
71840 13
71850 15
71860 15
71870 16
71880 18
71890 13
71900 13
71910 13
71920 11
71930 12
71940 12
71950 15
71960 16
71970 14
71980 12
71990 8
72000 21
72010 16
72020 19
72030 16
72040 19
72050 21
72060 19
72070 18
72080 10
72090 13
72100 10
72110 8
72120 12
72130 11
72140 14
72150 8
72160 12
72170 22
72180 10
72190 7
72200 17
72210 15
72220 11
72230 13
72240 13
72250 12
72260 11
72270 12
72280 16
72290 19
72300 19
72310 14
72320 19
72330 19
72340 21
72350 18
72360 16
72370 9
72380 16
72390 13
72400 17
72410 18
72420 18
72430 8
72440 25
72450 26
72460 20
72470 20
72480 15
72490 15
72500 19
72510 17
72520 23
72530 10
72540 17
72550 16
72560 12
72570 16
72580 14
72590 21
72600 19
72610 9
72620 19
72630 14
72640 6
72650 16
72660 11
72670 11
72680 8
72690 25
72700 17
72710 5
72720 12
72730 15
72740 16
72750 13
72760 12
72770 17
72780 10
72790 13
72800 16
72810 15
72820 9
72830 14
72840 10
72850 6
72860 10
72870 0
72880 3
72890 3
72900 6
72910 9
72920 12
72930 12
72940 14
72950 15
72960 18
72970 14
72980 11
72990 16
73000 13
73010 13
73020 17
73030 17
73040 15
73050 6
73060 10
73070 5
73080 11
73090 0
73100 12
73110 18
73120 12
73130 18
73140 6
73150 11
73160 11
73170 14
73180 14
73190 19
73200 12
73210 24
73220 22
73230 16
73240 9
73250 7
73260 7
73270 8
73280 2
73290 6
73300 4
73310 9
73320 4
73330 3
73340 10
73350 0
73360 1
73370 16
73380 6
73390 5
73400 21
73410 12
73420 15
73430 23
73440 25
73450 17
73460 17
73470 4
73480 4
73490 4
73500 2
73510 2
73520 8
73530 11
73540 12
73550 9
73560 25
73570 22
73580 24
73590 20
73600 19
73610 14
73620 16
73630 6
73640 23
73650 31
73660 23
73670 30
73680 24
73690 17
73700 20
73710 17
73720 22
73730 22
73740 25
73750 20
73760 4
73770 14
73780 24
73790 15
73800 17
73810 20
73820 25
73830 24
73840 28
73850 25
73860 24
73870 20
73880 13
73890 14
73900 30
73910 22
73920 15
73930 9
73940 7
73950 29
73960 23
73970 26
73980 25
73990 24
74000 28
74010 24
74020 24
74030 12
74040 19
74050 26
74060 15
74070 23
74080 20
74090 19
74100 25
74110 30
74120 23
74130 25
74140 21
74150 35
74160 16
74170 20
74180 28
74190 13
74200 15
74210 17
74220 2
74230 16
74240 21
74250 17
74260 29
74270 23
74280 29
74290 33
74300 35
74310 32
74320 28
74330 30
74340 23
74350 4
74360 2
74370 3
74380 3
74390 29
74400 23
74410 17
74420 20
74430 20
74440 21
74450 20
74460 29
74470 22
74480 18
74490 23
74500 10
74510 4
74520 0
74530 2
74540 2
74550 2
74560 1
74570 3
74580 12
74590 4
74600 8
74610 1
74620 2
74630 0
74640 3
74650 12
74660 4
74670 4
74680 0
74690 12
74700 15
74710 3
74720 4
74730 4
74740 3
74750 4
74760 0
74770 3
74780 4
74790 2
74800 2
74810 8
74820 8
74830 1
74840 15
74850 11
74860 17
74870 8
74880 3
74890 6
74900 12
74910 10
74920 7
74930 17
74940 12
74950 7
74960 2
74970 0
74980 0
74990 0
75000 2
75010 1
75020 2
75030 0
75040 0
75050 0
75060 2
75070 1
75080 4
75090 2
75100 3
75110 3
75120 4
75130 0
75140 8
75150 17
75160 13
75170 8
75180 12
75190 11
75200 15
75210 15
75220 17
75230 12
75240 0
75250 5
75260 15
75270 9
75280 3
75290 25
75300 21
75310 10
75320 6
75330 10
75340 17
75350 0
75360 4
75370 11
75380 10
75390 9
75400 0
75410 0
75420 0
75430 3
75440 1
75450 3
75460 0
75470 3
75480 4
75490 4
75500 3
75510 5
75520 2
75530 4
75540 2
75550 6
75560 2
75570 3
75580 4
75590 5
75600 3
75610 6
75620 2
75630 2
75640 11
75650 16
75660 14
75670 17
75680 26
75690 27
75700 17
75710 23
75720 40
75730 16
75740 22
75750 14
75760 18
75770 0
75780 10
75790 12
75800 13
75810 17
75820 8
75830 19
75840 6
75850 14
75860 20
75870 15
75880 18
75890 9
75900 0
75910 13
75920 7
75930 22
75940 1
75950 13
75960 8
75970 12
75980 8
75990 1
76000 16
76010 5
76020 14
76030 3
76040 11
76050 1
76060 1
76070 14
76080 0
76090 6
76100 0
76110 2
76120 0
76130 0
76140 10
76150 3
76160 10
76170 6
76180 0
76190 3
76200 17
76210 2
76220 5
76230 6
76240 0
76250 0
76260 4
76270 0
76280 8
76290 2
76300 2
76310 3
76320 3
76330 6
76340 2
76350 3
76360 4
76370 0
76380 0
76390 3
76400 7
76410 0
76420 3
76430 2
76440 1
76450 0
76460 0
76470 0
76480 8
76490 0
76500 1
76510 6
76520 1
76530 0
76540 0
76550 4
76560 0
76570 0
76580 0
76590 2
76600 1
76610 1
76620 0
76630 9
76640 9
76650 6
76660 10
76670 8
76680 10
76690 11
76700 9
76710 9
76720 7
76730 4
76740 7
76750 9
76760 7
76770 3
76780 6
76790 10
76800 5
76810 3
76820 0
76830 0
76840 6
76850 5
76860 3
76870 5
76880 11
76890 3
76900 0
76910 3
76920 5
76930 5
76940 0
76950 3
76960 1
76970 3
76980 2
76990 2
77000 3
77010 3
77020 3
77030 1
77040 3
77050 2
77060 4
77070 6
77080 1
77090 1
77100 0
77110 2
77120 0
77130 1
77140 0
77150 3
77160 3
77170 2
77180 1
77190 2
77200 0
77210 3
77220 0
77230 0
77240 5
77250 0
77260 1
77270 3
77280 2
77290 0
77300 0
77310 2
77320 0
77330 0
77340 2
77350 3
77360 4
77370 4
77380 0
77390 1
77400 3
77410 9
77420 21
77430 17
77440 14
77450 14
77460 10
77470 18
77480 15
77490 19
77500 14
77510 8
77520 1
77530 7
77540 8
77550 11
77560 10
77570 12
77580 11
77590 8
77600 4
77610 8
77620 10
77630 10
77640 12
77650 8
77660 10
77670 12
77680 10
77690 12
77700 8
77710 17
77720 9
77730 14
77740 13
77750 9
77760 8
77770 10
77780 11
77790 9
77800 20
77810 7
77820 9
77830 8
77840 10
77850 8
77860 5
77870 10
77880 12
77890 12
77900 6
77910 8
77920 7
77930 10
77940 6
77950 4
77960 9
77970 8
77980 13
77990 9
78000 9
78010 11
78020 7
78030 1
78040 6
78050 0
78060 8
78070 20
78080 9
78090 2
78100 1
78110 6
78120 13
78130 12
78140 8
78150 9
78160 10
78170 6
78180 13
78190 0
78200 4
78210 0
78220 0
78230 0
78240 0
78250 0
78260 0
78270 0
78280 7
78290 1
78300 1
78310 0
78320 0
78330 2
78340 0
78350 4
78360 2
78370 0
78380 2
78390 14
78400 8
78410 16
78420 2
78430 0
78440 7
78450 10
78460 4
78470 10
78480 3
78490 13
78500 18
78510 19
78520 13
78530 11
78540 15
78550 9
78560 4
78570 4
78580 5
78590 4
78600 3
78610 3
78620 4
78630 1
78640 2
78650 0
78660 2
78670 4
78680 1
78690 18
78700 6
78710 24
78720 4
78730 25
78740 19
78750 22
78760 18
78770 12
78780 14
78790 5
78800 17
78810 16
78820 8
78830 10
78840 17
78850 1
78860 22
78870 15
78880 19
78890 0
78900 8
78910 20
78920 11
78930 1
78940 12
78950 1
78960 3
78970 8
78980 14
78990 6
79000 18
79010 6
79020 10
79030 13
79040 2
79050 4
79060 11
79070 5
79080 19
79090 15
79100 9
79110 23
79120 7
79130 16
79140 13
79150 16
79160 22
79170 21
79180 6
79190 6
79200 12
79210 16
79220 7
79230 16
79240 10
79250 16
79260 14
79270 13
79280 12
79290 19
79300 22
79310 17
79320 5
79330 13
79340 7
79350 22
79360 14
79370 22
79380 16
79390 20
79400 14
79410 16
79420 18
79430 19
79440 9
79450 25
79460 26
79470 9
79480 21
79490 18
79500 25
79510 13
79520 11
79530 12
79540 16
79550 20
79560 18
79570 9
79580 1
79590 15
79600 12
79610 15
79620 17
79630 19
79640 16
79650 6
79660 13
79670 14
79680 8
79690 8
79700 9
79710 9
79720 10
79730 13
79740 11
79750 9
79760 14
79770 9
79780 12
79790 11
79800 10
79810 11
79820 12
79830 8
79840 6
79850 15
79860 7
79870 15
79880 11
79890 10
79900 12
79910 4
79920 12
79930 14
79940 12
79950 13
79960 9
79970 12
79980 11
79990 10
80000 16
80010 5
80020 17
80030 8
80040 12
80050 5
80060 17
80070 17
80080 11
80090 9
80100 18
80110 12
80120 20
80130 12
80140 14
80150 20
80160 14
80170 14
80180 13
80190 8
80200 12
80210 16
80220 17
80230 13
80240 18
80250 9
80260 18
80270 18
80280 18
80290 10
80300 6
80310 16
80320 16
80330 11
80340 11
80350 16
80360 24
80370 13
80380 10
80390 13
80400 15
80410 12
80420 9
80430 1
80440 2
80450 0
80460 5
80470 0
80480 2
80490 2
80500 4
80510 2
80520 5
80530 2
80540 2
80550 2
80560 2
80570 2
80580 2
80590 1
80600 0
80610 3
80620 2
80630 2
80640 3
80650 5
80660 2
80670 2
80680 2
80690 3
80700 2
80710 0
80720 4
80730 2
80740 4
80750 4
80760 2
80770 0
80780 4
80790 2
80800 5
80810 2
80820 2
80830 2
80840 2
80850 2
80860 2
80870 2
80880 2
80890 9
80900 9
80910 0
80920 5
80930 2
80940 2
80950 2
80960 1
80970 0
80980 4
80990 2
81000 7
81010 18
81020 14
81030 7
81040 31
81050 19
81060 16
81070 8
81080 16
81090 6
81100 2
81110 10
81120 0
81130 12
81140 15
81150 1
81160 0
81170 0
81180 1
81190 0
81200 11
81210 17
81220 21
81230 12
81240 3
81250 3
81260 10
81270 5
81280 4
81290 5
81300 2
81310 6
81320 2
81330 1
81340 6
81350 2
81360 0
81370 19
81380 4
81390 2
81400 20
81410 16
81420 20
81430 15
81440 6
81450 13
81460 7
81470 5
81480 0
81490 3
81500 2
81510 0
81520 0
81530 0
81540 0
81550 1
81560 0
81570 0
81580 0
81590 2
81600 2
81610 2
81620 2
81630 0
81640 0
81650 2
81660 0
81670 0
81680 1
81690 0
81700 0
81710 0
81720 0
81730 0
81740 2
81750 0
81760 0
81770 0
81780 0
81790 0
81800 0
81810 0
81820 0
81830 0
81840 0
81850 0
81860 0
81870 0
81880 0
81890 0
81900 0
81910 0
81920 0
81930 0
81940 0
81950 5
81960 4
81970 0
81980 5
81990 2
82000 0
82010 0
82020 0
82030 4
82040 5
82050 1
82060 0
82070 0
82080 0
82090 0
82100 0
82110 0
82120 0
82130 0
82140 0
82150 0
82160 13
82170 0
82180 0
82190 0
82200 0
82210 0
82220 1
82230 1
82240 3
82250 2
82260 0
82270 2
82280 1
82290 2
82300 4
82310 2
82320 0
82330 0
82340 0
82350 2
82360 0
82370 2
82380 2
82390 0
82400 0
82410 2
82420 1
82430 2
82440 14
82450 11
82460 3
82470 0
82480 4
82490 4
82500 4
82510 4
82520 4
82530 2
82540 1
82550 4
82560 6
82570 5
82580 3
82590 3
82600 5
82610 0
82620 2
82630 0
82640 3
82650 4
82660 2
82670 2
82680 4
82690 4
82700 3
82710 3
82720 1
82730 2
82740 0
82750 1
82760 2
82770 1
82780 4
82790 1
82800 1
82810 0
82820 1
82830 5
82840 0
82850 0
82860 0
82870 1
82880 3
82890 4
82900 3
82910 2
82920 2
82930 0
82940 1
82950 0
82960 1
82970 2
82980 1
82990 0
83000 0
83010 0
83020 0
83030 1
83040 2
83050 0
83060 0
83070 0
83080 0
83090 0
83100 1
83110 0
83120 0
83130 0
83140 2
83150 0
83160 1
83170 2
83180 1
83190 0
83200 1
83210 1
83220 0
83230 0
83240 0
83250 2
83260 0
83270 0
83280 2
83290 0
83300 6
83310 2
83320 1
83330 0
83340 2
83350 10
83360 3
83370 4
83380 0
83390 4
83400 0
83410 1
83420 1
83430 1
83440 0
83450 0
83460 0
83470 7
83480 0
83490 0
83500 0
83510 0
83520 0
83530 0
83540 1
83550 0
83560 2
83570 0
83580 0
83590 0
83600 2
83610 3
83620 0
83630 1
83640 0
83650 3
83660 1
83670 0
83680 0
83690 0
83700 2
83710 3
83720 2
83730 0
83740 0
83750 3
83760 2
83770 0
83780 1
83790 2
83800 0
83810 2
83820 6
83830 12
83840 10
83850 2
83860 0
83870 2
83880 0
83890 0
83900 4
83910 2
83920 0
83930 0
83940 0
83950 1
83960 1
83970 1
83980 0
83990 2
84000 2
84010 0
84020 0
84030 0
84040 0
84050 0
84060 1
84070 2
84080 0
84090 0
84100 0
84110 0
84120 0
84130 0
84140 0
84150 0
84160 0
84170 0
84180 0
84190 1
84200 0
84210 0
84220 0
84230 0
84240 0
84250 0
84260 1
84270 0
84280 2
84290 1
84300 3
84310 0
84320 0
84330 0
84340 5
84350 8
84360 8
84370 2
84380 3
84390 0
84400 0
84410 0
84420 0
84430 0
84440 0
84450 0
84460 1
84470 0
84480 1
84490 0
84500 0
84510 0
84520 0
84530 4
84540 0
84550 3
84560 0
84570 0
84580 2
84590 0
84600 0
84610 0
84620 2
84630 2
84640 0
84650 0
84660 0
84670 1
84680 0
84690 0
84700 0
84710 0
84720 0
84730 0
84740 1
84750 0
84760 0
84770 0
84780 0
84790 0
84800 0
84810 0
84820 1
84830 0
84840 2
84850 2
84860 1
84870 0
84880 0
84890 0
84900 0
84910 2
84920 0
84930 1
84940 2
84950 2
84960 1
84970 0
84980 0
84990 0
85000 0
85010 1
85020 0
85030 0
85040 1
85050 0
85060 0
85070 3
85080 0
85090 0
85100 0
85110 0
85120 4
85130 0
85140 0
85150 0
85160 0
85170 0
85180 0
85190 0
85200 0
85210 2
85220 1
85230 0
85240 0
85250 0
85260 0
85270 0
85280 0
85290 2
85300 1
85310 1
85320 0
85330 2
85340 3
85350 0
85360 0
85370 0
85380 0
85390 2
85400 0
85410 0
85420 0
85430 0
85440 0
85450 0
85460 1
85470 4
85480 1
85490 0
85500 0
85510 0
85520 1
85530 0
85540 0
85550 0
85560 0
85570 2
85580 2
85590 0
85600 0
85610 3
85620 0
85630 0
85640 0
85650 0
85660 0
85670 0
85680 0
85690 0
85700 0
85710 0
85720 0
85730 0
85740 0
85750 0
85760 0
85770 0
85780 0
85790 2
85800 0
85810 2
85820 0
85830 1
85840 0
85850 0
85860 0
85870 0
85880 0
85890 1
85900 1
85910 0
85920 2
85930 1
85940 2
85950 0
85960 0
85970 0
85980 0
85990 1
86000 0
86010 0
86020 0
86030 0
86040 0
86050 2
86060 3
86070 2
86080 1
86090 0
86100 2
86110 4
86120 0
86130 2
86140 0
86150 0
86160 2
86170 0
86180 0
86190 4
86200 0
86210 0
86220 5
86230 2
86240 1
86250 2
86260 1
86270 0
86280 2
86290 2
86300 0
86310 0
86320 3
86330 0
86340 2
86350 0
86360 0
86370 0
86380 0
86390 0
86400 0
86410 0
86420 0
86430 0
86440 0
86450 0
86460 2
86470 0
86480 2
86490 1
86500 1
86510 0
86520 0
86530 0
86540 0
86550 0
86560 0
86570 0
86580 2
86590 0
86600 2
86610 0
86620 2
86630 0
86640 1
86650 0
86660 0
86670 2
86680 2
86690 2
86700 0
86710 0
86720 0
86730 0
86740 2
86750 0
86760 0
86770 0
86780 0
86790 0
86800 0
86810 0
86820 0
86830 0
86840 0
86850 0
86860 0
86870 0
86880 0
86890 0
86900 0
86910 0
86920 0
86930 2
86940 0
86950 0
86960 0
86970 0
86980 0
86990 0
87000 0
87010 0
87020 0
87030 0
87040 0
87050 0
87060 0
87070 4
87080 2
87090 0
87100 0
87110 0
87120 3
87130 0
87140 2
87150 0
87160 0
87170 0
87180 0
87190 0
87200 0
87210 0
87220 0
87230 0
87240 0
87250 0
87260 0
87270 0
87280 3
87290 0
87300 0
87310 0
87320 0
87330 0
87340 1
87350 0
87360 1
87370 0
87380 2
87390 0
87400 0
87410 0
87420 0
87430 0
87440 0
87450 0
87460 0
87470 0
87480 0
87490 0
87500 0
87510 3
87520 2
87530 2
87540 0
87550 0
87560 0
87570 0
87580 0
87590 0
87600 0
87610 1
87620 3
87630 0
87640 0
87650 0
87660 0
87670 0
87680 0
87690 0
87700 0
87710 0
87720 0
87730 0
87740 0
87750 0
87760 0
87770 0
87780 0
87790 2
87800 1
87810 2
87820 0
87830 4
87840 4
87850 4
87860 0
87870 0
87880 2
87890 0
87900 2
87910 0
87920 1
87930 0
87940 1
87950 0
87960 0
87970 5
87980 2
87990 2
88000 6
88010 3
88020 3
88030 0
88040 0
88050 1
88060 1
88070 0
88080 0
88090 0
88100 0
88110 0
88120 0
88130 0
88140 0
88150 0
88160 0
88170 0
88180 0
88190 0
88200 0
88210 0
88220 0
88230 0
88240 0
88250 0
88260 0
88270 0
88280 0
88290 0
88300 0
88310 0
88320 0
88330 1
88340 2
88350 0
88360 2
88370 0
88380 5
88390 1
88400 2
88410 0
88420 1
88430 1
88440 0
88450 0
88460 0
88470 3
88480 2
88490 0
88500 1
88510 0
88520 0
88530 0
88540 0
88550 0
88560 0
88570 0
88580 0
88590 0
88600 1
88610 0
88620 0
88630 0
88640 0
88650 0
88660 0
88670 0
88680 0
88690 0
88700 0
88710 0
88720 0
88730 1
88740 0
88750 0
88760 0
88770 0
88780 0
88790 0
88800 0
88810 0
88820 0
88830 0
88840 0
88850 0
88860 0
88870 0
88880 0
88890 1
88900 10
88910 4
88920 3
88930 0
88940 0
88950 0
88960 0
88970 0
88980 0
88990 0
89000 1
89010 0
89020 0
89030 0
89040 0
89050 0
89060 0
89070 0
89080 0
89090 0
89100 0
89110 0
89120 0
89130 0
89140 0
89150 0
89160 0
89170 0
89180 0
89190 0
89200 0
89210 0
89220 0
89230 0
89240 0
89250 0
89260 0
89270 3
89280 7
89290 3
89300 1
89310 0
89320 3
89330 2
89340 0
89350 0
89360 3
89370 1
89380 0
89390 0
89400 0
89410 2
89420 2
89430 2
89440 0
89450 0
89460 0
89470 0
89480 0
89490 0
89500 0
89510 0
89520 0
89530 0
89540 0
89550 0
89560 0
89570 0
89580 0
89590 0
89600 0
89610 0
89620 1
89630 4
89640 0
89650 10
89660 11
89670 0
89680 0
89690 0
89700 0
89710 1
89720 0
89730 0
89740 0
89750 0
89760 0
89770 0
89780 0
89790 0
89800 2
89810 0
89820 0
89830 0
89840 0
89850 0
89860 0
89870 0
89880 0
89890 0
89900 0
89910 0
89920 0
89930 2
89940 0
89950 0
89960 0
89970 0
89980 0
89990 0
90000 0
90010 0
90020 0
90030 0
90040 0
90050 0
90060 0
90070 0
90080 0
90090 0
90100 0
90110 0
90120 0
90130 1
90140 0
90150 0
90160 0
90170 2
90180 0
90190 4
90200 0
90210 0
90220 0
90230 0
90240 0
90250 2
90260 0
90270 4
90280 0
90290 0
90300 0
90310 0
90320 0
90330 0
90340 0
90350 0
90360 0
90370 0
90380 0
90390 0
90400 0
90410 0
90420 0
90430 0
90440 0
90450 0
90460 0
90470 0
90480 0
90490 0
90500 0
90510 0
90520 0
90530 0
90540 0
90550 0
90560 0
90570 0
90580 0
90590 0
90600 0
90610 0
90620 0
90630 0
90640 0
90650 0
90660 0
90670 0
90680 0
90690 0
90700 0
90710 0
90720 0
90730 0
90740 0
90750 0
90760 1
90770 0
90780 0
90790 0
90800 0
90810 0
90820 0
90830 0
90840 0
90850 0
90860 0
90870 0
90880 0
90890 0
90900 0
90910 0
90920 0
90930 0
90940 0
90950 2
90960 2
90970 0
90980 2
90990 0
91000 0
91010 0
91020 0
91030 0
91040 0
91050 0
91060 0
91070 0
91080 0
91090 0
91100 0
91110 0
91120 0
91130 0
91140 0
91150 0
91160 1
91170 2
91180 0
91190 0
91200 0
91210 0
91220 0
91230 0
91240 0
91250 0
91260 0
91270 0
91280 0
91290 0
91300 0
91310 0
91320 2
91330 0
91340 0
91350 2
91360 0
91370 0
91380 0
91390 3
91400 0
91410 0
91420 0
91430 0
91440 0
91450 0
91460 2
91470 0
91480 0
91490 0
91500 0
91510 0
91520 0
91530 0
91540 0
91550 0
91560 2
91570 1
91580 0
91590 1
91600 0
91610 0
91620 0
91630 0
91640 3
91650 0
91660 1
91670 0
91680 0
91690 0
91700 2
91710 0
91720 0
91730 0
91740 2
91750 0
91760 2
91770 0
91780 0
91790 0
91800 1
91810 0
91820 0
91830 0
91840 0
91850 0
91860 0
91870 0
91880 0
91890 0
91900 0
91910 0
91920 0
91930 1
91940 2
91950 0
91960 2
91970 0
91980 0
91990 0
92000 0
92010 0
92020 2
92030 0
92040 0
92050 0
92060 0
92070 0
92080 0
92090 0
92100 0
92110 2
92120 0
92130 0
92140 0
92150 0
92160 0
92170 2
92180 0
92190 2
92200 0
92210 0
92220 0
92230 5
92240 4
92250 0
92260 0
92270 0
92280 0
92290 0
92300 0
92310 0
92320 0
92330 0
92340 0
92350 1
92360 0
92370 0
92380 0
92390 0
92400 0
92410 2
92420 0
92430 0
92440 0
92450 0
92460 0
92470 0
92480 0
92490 0
92500 0
92510 0
92520 0
92530 2
92540 0
92550 0
92560 1
92570 6
92580 3
92590 0
92600 0
92610 0
92620 0
92630 3
92640 5
92650 2
92660 6
92670 11
92680 13
92690 0
92700 0
92710 0
92720 0
92730 13
92740 9
92750 13
92760 3
92770 5
92780 9
92790 7
92800 13
92810 14
92820 11
92830 9
92840 12
92850 10
92860 10
92870 8
92880 9
92890 9
92900 4
92910 5
92920 7
92930 12
92940 10
92950 8
92960 6
92970 7
92980 14
92990 2
93000 3
93010 15
93020 7
93030 10
93040 7
93050 3
93060 9
93070 11
93080 2
93090 11
93100 9
93110 8
93120 8
93130 0
93140 0
93150 0
93160 2
93170 0
93180 0
93190 0
93200 0
93210 0
93220 0
93230 0
93240 0
93250 0
93260 0
93270 0
93280 0
93290 0
93300 0
93310 0
93320 0
93330 0
93340 0
93350 0
93360 0
93370 0
93380 0
93390 0
93400 0
93410 0
93420 0
93430 0
93440 18
93450 0
93460 0
93470 0
93480 11
93490 7
93500 10
93510 7
93520 11
93530 12
93540 12
93550 5
93560 18
93570 12
93580 8
93590 17
93600 6
93610 2
93620 11
93630 9
93640 9
93650 4
93660 4
93670 4
93680 4
93690 14
93700 8
93710 0
93720 4
93730 7
93740 0
93750 6
93760 0
93770 0
93780 0
93790 0
93800 0
93810 0
93820 5
93830 0
93840 0
93850 0
93860 0
93870 0
93880 0
93890 0
93900 0
93910 2
93920 1
93930 3
93940 4
93950 0
93960 0
93970 0
93980 0
93990 0
94000 0
94010 0
94020 0
94030 0
94040 0
94050 0
94060 0
94070 0
94080 3
94090 6
94100 0
94110 0
94120 0
94130 2
94140 0
94150 0
94160 0
94170 0
94180 0
94190 0
94200 0
94210 8
94220 9
94230 10
94240 15
94250 16
94260 14
94270 16
94280 16
94290 10
94300 16
94310 3
94320 15
94330 15
94340 14
94350 18
94360 13
94370 10
94380 6
94390 11
94400 18
94410 12
94420 14
94430 8
94440 12
94450 4
94460 10
94470 9
94480 13
94490 11
94500 6
94510 16
94520 17
94530 25
94540 15
94550 7
94560 12
94570 14
94580 17
94590 3
94600 15
94610 12
94620 9
94630 10
94640 3
94650 7
94660 12
94670 13
94680 9
94690 11
94700 12
94710 9
94720 6
94730 6
94740 10
94750 13
94760 10
94770 5
94780 9
94790 10
94800 1
94810 0
94820 0
94830 0
94840 0
94850 0
94860 0
94870 0
94880 0
94890 0
94900 0
94910 0
94920 0
94930 0
94940 0
94950 0
94960 0
94970 0
94980 0
94990 0
95000 0
95010 0
95020 2
95030 5
95040 4
95050 8
95060 1
95070 3
95080 3
95090 0
95100 0
95110 0
95120 7
95130 1
95140 0
95150 4
95160 6
95170 3
95180 0
95190 0
95200 0
95210 0
95220 0
95230 4
95240 7
95250 8
95260 9
95270 6
95280 6
95290 0
95300 0
95310 0
95320 0
95330 0
95340 0
95350 0
95360 0
95370 0
95380 0
95390 1
95400 0
95410 0
95420 0
95430 0
95440 0
95450 0
95460 0
95470 0
95480 1
95490 0
95500 0
95510 2
95520 0
95530 0
95540 0
95550 0
95560 0
95570 4
95580 2
95590 6
95600 3
95610 10
95620 5
95630 7
95640 7
95650 9
95660 2
95670 7
95680 7
95690 3
95700 4
95710 15
95720 7
95730 0
95740 0
95750 0
95760 9
95770 10
95780 4
95790 0
95800 0
95810 0
95820 0
95830 0
95840 0
95850 0
95860 0
95870 0
95880 0
95890 0
95900 0
95910 0
95920 0
95930 1
95940 2
95950 4
95960 8
95970 6
95980 7
95990 5
96000 8
96010 8
96020 6
96030 8
96040 4
96050 8
96060 5
96070 6
96080 8
96090 4
96100 5
96110 2
96120 6
96130 3
96140 9
96150 8
96160 0
96170 5
96180 2
96190 3
96200 8
96210 6
96220 4
96230 9
96240 8
96250 4
96260 5
96270 4
96280 6
96290 7
96300 5
96310 6
96320 7
96330 7
96340 4
96350 15
96360 10
96370 0
96380 0
96390 0
96400 0
96410 0
96420 3
96430 5
96440 10
96450 6
96460 13
96470 14
96480 17
96490 6
96500 17
96510 15
96520 15
96530 12
96540 9
96550 10
96560 5
96570 17
96580 13
96590 11
96600 8
96610 9
96620 19
96630 16
96640 13
96650 9
96660 12
96670 16
96680 10
96690 12
96700 14
96710 12
96720 14
96730 11
96740 11
96750 11
96760 12
96770 11
96780 14
96790 13
96800 12
96810 12
96820 13
96830 8
96840 15
96850 10
96860 9
96870 13
96880 11
96890 14
96900 7
96910 9
96920 6
96930 9
96940 11
96950 17
96960 9
96970 5
96980 11
96990 5
97000 5
97010 9
97020 12
97030 3
97040 14
97050 8
97060 5
97070 14
97080 8
97090 13
97100 15
97110 20
97120 11
97130 10
97140 5
97150 12
97160 14
97170 8
97180 11
97190 11
97200 16
97210 14
97220 24
97230 12
97240 14
97250 17
97260 17
97270 14
97280 10
97290 14
97300 7
97310 10
97320 10
97330 18
97340 15
97350 2
97360 3
97370 6
97380 8
97390 10
97400 3
97410 0
97420 2
97430 5
97440 8
97450 4
97460 1
97470 0
97480 0
97490 0
97500 0
97510 0
97520 7
97530 5
97540 7
97550 16
97560 12
97570 19
97580 19
97590 27
97600 27
97610 20
97620 7
97630 3
97640 3
97650 7
97660 5
97670 11
97680 4
97690 22
97700 24
97710 23
97720 18
97730 22
97740 24
97750 10
97760 22
97770 11
97780 3
97790 6
97800 8
97810 15
97820 17
97830 10
97840 9
97850 9
97860 8
97870 10
97880 4
97890 10
97900 15
97910 21
97920 18
97930 15
97940 12
97950 16
97960 5
97970 16
97980 10
97990 15
98000 15
98010 17
98020 15
98030 10
98040 10
98050 4
98060 8
98070 13
98080 14
98090 8
98100 20
98110 21
98120 14
98130 15
98140 13
98150 20
98160 21
98170 12
98180 18
98190 8
98200 8
98210 12
98220 11
98230 12
98240 10
98250 8
98260 10
98270 13
98280 17
98290 13
98300 12
98310 17
98320 14
98330 10
98340 15
98350 16
98360 6
98370 18
98380 10
98390 14
98400 9
98410 8
98420 13
98430 18
98440 22
98450 9
98460 16
98470 12
98480 18
98490 17
98500 11
98510 13
98520 11
98530 17
98540 24
98550 20
98560 20
98570 14
98580 12
98590 11
98600 10
98610 16
98620 13
98630 18
98640 8
98650 16
98660 25
98670 24
98680 14
98690 12
98700 13
98710 9
98720 13
98730 12
98740 17
98750 12
98760 12
98770 5
98780 13
98790 9
98800 4
98810 4
98820 6
98830 16
98840 11
98850 17
98860 9
98870 8
98880 14
98890 15
98900 8
98910 22
98920 14
98930 4
98940 9
98950 15
98960 11
98970 15
98980 20
98990 13
99000 13
99010 11
99020 6
99030 8
99040 8
99050 10
99060 6
99070 7
99080 10
99090 7
99100 10
99110 5
99120 15
99130 10
99140 8
99150 8
99160 7
99170 8
99180 8
99190 2
99200 10
99210 8
99220 4
99230 15
99240 12
99250 7
99260 12
99270 6
99280 11
99290 12
99300 11
99310 15
99320 9
99330 14
99340 10
99350 5
99360 8
99370 4
99380 12
99390 5
99400 12
99410 15
99420 11
99430 6
99440 11
99450 10
99460 6
99470 6
99480 11
99490 4
99500 11
99510 14
99520 5
99530 3
99540 11
99550 6
99560 8
99570 4
99580 6
99590 6
99600 14
99610 15
99620 11
99630 12
99640 6
99650 13
99660 13
99670 17
99680 8
99690 10
99700 11
99710 16
99720 28
99730 17
99740 5
99750 12
99760 10
99770 8
99780 15
99790 9
99800 18
99810 8
99820 3
99830 4
99840 7
99850 12
99860 10
99870 11
99880 6
99890 4
99900 12
99910 13
99920 10
99930 10
99940 5
99950 6
99960 13
99970 4
99980 6
99990 6
