#Frame   h2tabond[UU]
       1          254
       2          268
       3          261
       4          235
       5          260
       6          260
       7          255
       8          246
       9          244
      10          261
      11          266
      12          264
      13          250
      14          272
      15          266
      16          260
      17          257
      18          258
      19          246
      20          255
      21          243
      22          248
      23          259
      24          246
      25          256
      26          253
      27          240
      28          248
      29          256
      30          255
      31          234
      32          262
      33          241
      34          251
      35          264
      36          240
      37          245
      38          252
      39          265
      40          251
      41          265
      42          249
      43          264
      44          259
      45          238
      46          262
      47          260
      48          260
      49          246
      50          272
      51          259
      52          258
      53          238
      54          252
      55          235
      56          249
      57          246
      58          256
      59          260
      60          256
      61          241
      62          251
      63          255
      64          240
      65          263
      66          250
      67          255
      68          253
      69          256
      70          240
      71          253
      72          255
      73          255
      74          259
      75          250
      76          259
      77          251
      78          224
      79          243
      80          249
      81          246
      82          245
      83          250
      84          260
      85          244
      86          251
      87          280
      88          251
      89          253
      90          258
      91          254
      92          248
      93          246
      94          248
      95          244
      96          248
      97          266
      98          255
      99          248
     100          265
     101          250
     102          258
     103          247
     104          259
     105          274
     106          268
     107          265
     108          259
     109          266
     110          250
     111          277
     112          255
     113          264
     114          245
     115          250
     116          255
     117          251
     118          268
     119          256
     120          239
     121          250
     122          253
     123          262
     124          260
     125          236
     126          244
     127          261
     128          255
     129          258
     130          255
     131          241
     132          246
     133          256
     134          259
     135          262
     136          262
     137          250
     138          253
     139          239
     140          263
     141          249
     142          247
     143          251
     144          267
     145          258
     146          259
     147          246
     148          254
     149          258
     150          264
     151          263
     152          243
     153          271
     154          263
     155          264
     156          270
     157          246
     158          248
     159          270
     160          256
     161          248
     162          243
     163          260
     164          263
     165          254
     166          261
     167          256
     168          249
     169          222
     170          245
     171          255
     172          242
     173          245
     174          245
     175          261
     176          258
     177          260
     178          258
     179          264
     180          267
     181          234
     182          261
     183          240
     184          257
     185          252
     186          249
     187          256
     188          265
     189          263
     190          259
     191          240
     192          251
     193          248
     194          252
     195          264
     196          259
     197          262
     198          260
     199          256
     200          266
     201          265
     202          259
     203          266
     204          252
     205          257
     206          265
     207          254
     208          250
     209          258
     210          230
     211          267
     212          266
     213          231
     214          240
     215          246
     216          265
     217          260
     218          255
     219          257
     220          259
     221          261
     222          253
     223          262
     224          276
     225          262
     226          261
     227          248
     228          247
     229          256
     230          256
     231          257
     232          249
     233          255
     234          274
     235          239
     236          255
     237          258
     238          244
     239          242
     240          251
     241          259
     242          250
     243          256
     244          255
     245          268
     246          263
     247          231
     248          251
     249          254
     250          264
     251          257
     252          256
     253          251
     254          264
     255          248
     256          247
     257          248
     258          240
     259          261
     260          272
     261          253
     262          256
     263          256
     264          241
     265          266
     266          263
     267          260
     268          259
     269          273
     270          252
     271          243
     272          259
     273          261
     274          251
     275          273
     276          254
     277          260
     278          256
     279          251
     280          251
     281          234
     282          242
     283          242
     284          281
     285          241
     286          247
     287          265
     288          253
     289          241
     290          261
     291          248
     292          266
     293          263
     294          268
     295          266
     296          252
     297          265
     298          263
     299          276
     300          261
     301          249
     302          271
     303          280
     304          249
     305          252
     306          262
     307          244
     308          263
     309          263
     310          257
     311          251
     312          265
     313          259
     314          254
     315          252
     316          249
     317          251
     318          245
     319          257
     320          260
     321          247
     322          242
     323          270
     324          243
     325          259
     326          259
     327          246
     328          244
     329          275
     330          242
     331          237
     332          249
     333          273
     334          269
     335          264
     336          269
     337          267
     338          265
     339          265
     340          252
     341          264
     342          268
     343          256
     344          244
     345          245
     346          265
     347          248
     348          250
     349          254
     350          255
     351          262
     352          245
     353          260
     354          246
     355          252
     356          257
     357          230
     358          268
     359          238
     360          267
     361          251
     362          246
     363          255
     364          251
     365          250
     366          261
     367          264
     368          274
     369          262
     370          256
     371          248
     372          270
     373          245
     374          255
     375          250
     376          270
     377          257
     378          265
     379          255
     380          251
     381          253
     382          259
     383          251
     384          264
     385          238
     386          246
     387          262
     388          249
     389          234
     390          254
     391          256
     392          268
     393          252
     394          258
     395          264
     396          254
     397          258
     398          230
     399          262
     400          263
     401          250
     402          260
     403          259
     404          254
     405          261
     406          258
     407          253
     408          255
     409          266
     410          254
     411          271
     412          260
     413          246
     414          254
     415          242
     416          254
     417          266
     418          258
     419          243
     420          253
     421          257
     422          275
     423          256
     424          252
     425          252
     426          255
     427          244
     428          249
     429          253
     430          259
     431          266
     432          244
     433          243
     434          255
     435          254
     436          257
     437          244
     438          246
     439          261
     440          264
     441          258
     442          252
     443          252
     444          255
     445          243
     446          262
     447          261
     448          249
     449          263
     450          246
     451          242
     452          259
     453          257
     454          256
     455          270
     456          255
     457          260
     458          240
     459          238
     460          247
     461          264
     462          250
     463          250
     464          260
     465          250
     466          267
     467          247
     468          254
     469          261
     470          252
     471          248
     472          248
     473          265
     474          260
     475          242
     476          252
     477          261
     478          260
     479          248
     480          261
     481          266
     482          244
     483          258
     484          263
     485          240
     486          270
     487          262
     488          253
     489          261
     490          248
     491          262
     492          254
     493          243
     494          249
     495          271
     496          259
     497          245
     498          259
     499          248
     500          250
     501          263
     502          268
     503          257
     504          246
     505          256
     506          245
     507          255
     508          257
     509          271
     510          240
     511          258
     512          260
     513          263
     514          268
     515          249
     516          256
     517          250
     518          262
     519          251
     520          257
     521          266
     522          265
     523          234
     524          244
     525          250
     526          262
     527          242
     528          261
     529          257
     530          247
     531          257
     532          255
     533          252
     534          271
     535          265
     536          254
     537          249
     538          273
     539          252
     540          239
     541          269
     542          246
     543          250
     544          255
     545          254
     546          252
     547          269
     548          252
     549          253
     550          248
     551          245
     552          254
     553          258
     554          243
     555          277
     556          270
     557          263
     558          272
     559          258
     560          236
     561          247
     562          259
     563          239
     564          253
     565          258
     566          262
     567          252
     568          235
     569          264
     570          237
     571          267
     572          259
     573          252
     574          247
     575          270
     576          239
     577          257
     578          242
     579          249
     580          255
     581          255
     582          238
     583          257
     584          259
     585          252
     586          265
     587          254
     588          269
     589          263
     590          269
     591          257
     592          269
     593          241
     594          256
     595          263
     596          252
     597          243
     598          249
     599          253
     600          248
     601          253
     602          257
     603          269
     604          246
     605          250
     606          262
     607          259
     608          266
     609          265
     610          239
     611          255
     612          259
     613          266
     614          240
     615          264
     616          274
     617          251
     618          247
     619          250
     620          251
     621          257
     622          261
     623          248
     624          246
     625          259
     626          263
     627          260
     628          239
     629          239
     630          261
     631          259
     632          267
     633          244
     634          262
     635          276
     636          241
     637          259
     638          250
     639          244
     640          238
     641          240
     642          253
     643          264
     644          247
     645          265
     646          251
     647          243
     648          255
     649          253
     650          245
     651          265
     652          267
     653          252
     654          255
     655          260
     656          246
     657          255
     658          257
     659          251
     660          262
     661          253
     662          261
     663          240
     664          254
     665          257
     666          248
     667          261
     668          265
     669          265
     670          233
     671          249
     672          242
     673          239
     674          269
     675          256
     676          269
     677          265
     678          265
     679          258
     680          270
     681          252
     682          253
     683          260
     684          249
     685          245
     686          266
     687          258
     688          268
     689          254
     690          246
     691          258
     692          239
     693          256
     694          263
     695          249
     696          265
     697          233
     698          271
     699          247
     700          258
