#Frame   h2tbbond[UU]
       1          252
       2          259
       3          253
       4          242
       5          264
       6          253
       7          260
       8          256
       9          248
      10          242
      11          255
      12          259
      13          257
      14          264
      15          277
      16          260
      17          258
      18          246
      19          249
      20          255
      21          268
      22          252
      23          253
      24          256
      25          264
      26          247
      27          250
      28          249
      29          247
      30          260
      31          249
      32          260
      33          263
      34          239
      35          267
      36          257
      37          253
      38          250
      39          257
      40          260
      41          247
      42          248
      43          249
      44          238
      45          251
      46          268
      47          259
      48          266
      49          248
      50          251
      51          248
      52          251
      53          264
      54          261
      55          251
      56          267
      57          251
      58          267
      59          266
      60          269
      61          243
      62          260
      63          246
      64          253
      65          254
      66          250
      67          270
      68          249
      69          239
      70          257
      71          281
      72          246
      73          258
      74          259
      75          260
      76          255
      77          237
      78          247
      79          229
      80          255
      81          230
      82          259
      83          245
      84          250
      85          267
      86          273
      87          263
      88          234
      89          264
      90          241
      91          270
      92          256
      93          258
      94          243
      95          258
      96          264
      97          252
      98          265
      99          250
     100          266
     101          253
     102          257
     103          257
     104          263
     105          251
     106          238
     107          264
     108          262
     109          246
     110          254
     111          251
     112          253
     113          244
     114          248
     115          246
     116          277
     117          266
     118          248
     119          249
     120          262
     121          251
     122          259
     123          247
     124          252
     125          251
     126          236
     127          236
     128          258
     129          263
     130          250
     131          249
     132          260
     133          250
     134          251
     135          261
     136          266
     137          253
     138          269
     139          269
     140          236
     141          260
     142          266
     143          252
     144          251
     145          257
     146          251
     147          246
     148          248
     149          249
     150          250
     151          253
     152          257
     153          267
     154          258
     155          253
     156          261
     157          258
     158          263
     159          257
     160          252
     161          251
     162          246
     163          257
     164          263
     165          253
     166          261
     167          252
     168          264
     169          256
     170          260
     171          248
     172          254
     173          240
     174          258
     175          262
     176          267
     177          255
     178          246
     179          260
     180          265
     181          259
     182          269
     183          254
     184          256
     185          253
     186          242
     187          249
     188          259
     189          244
     190          254
     191          259
     192          256
     193          260
     194          246
     195          265
     196          250
     197          248
     198          267
     199          247
     200          258
     201          253
     202          256
     203          237
     204          252
     205          259
     206          251
     207          258
     208          273
     209          251
     210          256
     211          256
     212          253
     213          249
     214          270
     215          269
     216          268
     217          249
     218          264
     219          259
     220          253
     221          271
     222          249
     223          254
     224          249
     225          248
     226          242
     227          254
     228          254
     229          258
     230          252
     231          248
     232          257
     233          272
     234          253
     235          249
     236          267
     237          244
     238          248
     239          242
     240          263
     241          263
     242          264
     243          257
     244          250
     245          247
     246          248
     247          253
     248          252
     249          259
     250          256
     251          238
     252          242
     253          259
     254          261
     255          241
     256          255
     257          261
     258          253
     259          257
     260          285
     261          242
     262          265
     263          252
     264          247
     265          249
     266          244
     267          253
     268          258
     269          236
     270          246
     271          258
     272          252
     273          254
     274          254
     275          257
     276          262
     277          248
     278          247
     279          259
     280          260
     281          241
     282          272
     283          264
     284          269
     285          273
     286          248
     287          256
     288          251
     289          256
     290          253
     291          258
     292          241
     293          250
     294          247
     295          261
     296          271
     297          263
     298          259
     299          264
     300          251
     301          247
     302          245
     303          266
     304          253
     305          262
     306          261
     307          262
     308          267
     309          246
     310          259
     311          239
     312          242
     313          256
     314          269
     315          257
     316          263
     317          253
     318          252
     319          258
     320          253
     321          239
     322          251
     323          258
     324          261
     325          266
     326          253
     327          254
     328          256
     329          257
     330          236
     331          232
     332          256
     333          268
     334          236
     335          253
     336          250
     337          258
     338          254
     339          249
     340          262
     341          270
     342          246
     343          255
     344          255
     345          260
     346          249
     347          253
     348          257
     349          245
     350          254
     351          263
     352          247
     353          262
     354          274
     355          241
     356          245
     357          253
     358          251
     359          245
     360          258
     361          251
     362          251
     363          257
     364          251
     365          258
     366          249
     367          256
     368          264
     369          278
     370          253
     371          277
     372          256
     373          240
     374          260
     375          243
     376          254
     377          245
     378          253
     379          265
     380          263
     381          264
     382          257
     383          260
     384          255
     385          243
     386          267
     387          248
     388          253
     389          262
     390          255
     391          245
     392          233
     393          258
     394          260
     395          269
     396          262
     397          239
     398          242
     399          249
     400          256
     401          258
     402          248
     403          271
     404          252
     405          250
     406          244
     407          265
     408          247
     409          261
     410          244
     411          258
     412          260
     413          246
     414          256
     415          242
     416          257
     417          251
     418          277
     419          239
     420          258
     421          259
     422          252
     423          239
     424          263
     425          271
     426          274
     427          256
     428          269
     429          252
     430          262
     431          277
     432          247
     433          262
     434          256
     435          259
     436          259
     437          269
     438          259
     439          243
     440          266
     441          270
     442          262
     443          268
     444          260
     445          260
     446          265
     447          267
     448          257
     449          253
     450          246
     451          254
     452          251
     453          267
     454          253
     455          240
     456          256
     457          239
     458          259
     459          248
     460          263
     461          259
     462          238
     463          237
     464          245
     465          249
     466          248
     467          243
     468          251
     469          266
     470          252
     471          249
     472          250
     473          259
     474          235
     475          254
     476          240
     477          244
     478          238
     479          240
     480          256
     481          244
     482          260
     483          239
     484          248
     485          244
     486          252
     487          265
     488          265
     489          248
     490          256
     491          257
     492          240
     493          237
     494          246
     495          262
     496          241
     497          239
     498          261
     499          238
     500          246
     501          259
     502          261
     503          241
     504          244
     505          236
     506          251
     507          247
     508          252
     509          257
     510          248
     511          259
     512          242
     513          236
     514          252
     515          275
     516          252
     517          236
     518          242
     519          244
     520          253
     521          259
     522          252
     523          244
     524          240
     525          256
     526          262
     527          250
     528          242
     529          258
     530          279
     531          235
     532          231
     533          270
     534          249
     535          246
     536          249
     537          274
     538          265
     539          253
     540          249
     541          261
     542          260
     543          248
     544          236
     545          261
     546          244
     547          254
     548          259
     549          263
     550          247
     551          254
     552          249
     553          271
     554          262
     555          256
     556          261
     557          256
     558          254
     559          256
     560          250
     561          251
     562          254
     563          262
     564          254
     565          250
     566          266
     567          272
     568          249
     569          244
     570          274
     571          246
     572          264
     573          263
     574          259
     575          260
     576          255
     577          261
     578          264
     579          248
     580          261
     581          249
     582          244
     583          253
     584          253
     585          241
     586          243
     587          234
     588          245
     589          249
     590          260
     591          260
     592          266
     593          246
     594          252
     595          258
     596          245
     597          243
     598          224
     599          249
     600          260
     601          255
     602          250
     603          261
     604          249
     605          249
     606          259
     607          260
     608          273
     609          252
     610          245
     611          251
     612          255
     613          257
     614          261
     615          237
     616          265
     617          248
     618          265
     619          245
     620          252
     621          258
     622          267
     623          245
     624          256
     625          237
     626          255
     627          257
     628          275
     629          258
     630          278
     631          244
     632          262
     633          261
     634          262
     635          250
     636          255
     637          270
     638          249
     639          260
     640          244
     641          250
     642          263
     643          256
     644          248
     645          256
     646          268
     647          250
     648          242
     649          257
     650          264
     651          242
     652          260
     653          252
     654          262
     655          263
     656          272
     657          265
     658          239
     659          250
     660          263
     661          270
     662          243
     663          253
     664          264
     665          236
     666          248
     667          272
     668          256
     669          267
     670          244
     671          234
     672          253
     673          244
     674          246
     675          240
     676          264
     677          247
     678          275
     679          253
     680          234
     681          249
     682          262
     683          253
     684          255
     685          242
     686          264
     687          262
     688          233
     689          256
     690          255
     691          227
     692          247
     693          247
     694          241
     695          235
     696          248
     697          260
     698          258
     699          264
     700          271
