#Frame   dnah2bbond[UU]
       1            274
       2            270
       3            277
       4            268
       5            278
       6            280
       7            252
       8            284
       9            279
      10            264
      11            286
      12            278
      13            258
      14            275
      15            278
      16            284
      17            286
      18            284
      19            270
      20            275
      21            273
      22            287
      23            296
      24            289
      25            300
      26            286
      27            274
      28            272
      29            277
      30            284
      31            267
      32            274
      33            292
      34            273
      35            288
      36            291
      37            280
      38            293
      39            271
      40            278
      41            276
      42            279
      43            284
      44            284
      45            267
      46            286
      47            276
      48            286
      49            262
      50            282
      51            281
      52            271
      53            294
      54            287
      55            278
      56            279
      57            268
      58            297
      59            280
      60            291
      61            265
      62            281
      63            287
      64            287
      65            288
      66            284
      67            289
      68            275
      69            285
      70            289
      71            263
      72            280
      73            280
      74            278
      75            300
      76            266
      77            286
      78            281
      79            292
      80            265
      81            272
      82            276
      83            269
      84            280
      85            269
      86            284
      87            283
      88            274
      89            275
      90            286
      91            285
      92            288
      93            280
      94            265
      95            269
      96            291
      97            302
      98            281
      99            275
     100            287
     101            276
     102            280
     103            278
     104            289
     105            298
     106            280
     107            284
     108            278
     109            284
     110            288
     111            267
     112            302
     113            282
     114            286
     115            282
     116            259
     117            277
     118            272
     119            260
     120            275
     121            296
     122            269
     123            283
     124            286
     125            286
     126            288
     127            284
     128            276
     129            286
     130            279
     131            286
     132            293
     133            300
     134            279
     135            290
     136            271
     137            270
     138            262
     139            289
     140            282
     141            297
     142            292
     143            267
     144            288
     145            296
     146            286
     147            284
     148            282
     149            264
     150            282
     151            307
     152            275
     153            282
     154            270
     155            283
     156            277
     157            284
     158            296
     159            278
     160            271
     161            281
     162            285
     163            294
     164            269
     165            277
     166            264
     167            280
     168            271
     169            271
     170            257
     171            266
     172            258
     173            275
     174            269
     175            264
     176            276
     177            286
     178            290
     179            293
     180            273
     181            286
     182            272
     183            279
     184            268
     185            277
     186            288
     187            260
     188            276
     189            277
     190            277
     191            283
     192            280
     193            256
     194            260
     195            268
     196            268
     197            276
     198            263
     199            267
     200            276
     201            258
     202            266
     203            275
     204            278
     205            286
     206            295
     207            272
     208            275
     209            273
     210            299
     211            262
     212            279
     213            264
     214            279
     215            265
     216            281
     217            280
     218            283
     219            270
     220            256
     221            266
     222            285
     223            279
     224            288
     225            290
     226            280
     227            282
     228            260
     229            282
     230            299
     231            298
     232            285
     233            299
     234            281
     235            289
     236            286
     237            281
     238            285
     239            275
     240            280
     241            278
     242            280
     243            277
     244            291
     245            284
     246            278
     247            284
     248            288
     249            282
     250            252
     251            266
     252            290
     253            288
     254            278
     255            275
     256            311
     257            288
     258            288
     259            274
     260            270
     261            278
     262            290
     263            265
     264            283
     265            285
     266            261
     267            288
     268            272
     269            283
     270            265
     271            268
     272            254
     273            268
     274            287
     275            273
     276            287
     277            264
     278            268
     279            269
     280            273
     281            266
     282            269
     283            290
     284            284
     285            278
     286            293
     287            278
     288            277
     289            279
     290            258
     291            279
     292            268
     293            266
     294            289
     295            276
     296            272
     297            280
     298            274
     299            262
     300            266
     301            265
     302            268
     303            283
     304            292
     305            279
     306            284
     307            282
     308            294
     309            279
     310            271
     311            277
     312            282
     313            269
     314            267
     315            284
     316            288
     317            269
     318            273
     319            282
     320            270
     321            277
     322            308
     323            289
     324            285
     325            292
     326            279
     327            260
     328            271
     329            276
     330            273
     331            271
     332            291
     333            281
     334            283
     335            274
     336            286
     337            256
     338            276
     339            285
     340            279
     341            267
     342            262
     343            295
     344            274
     345            266
     346            265
     347            302
     348            290
     349            290
     350            267
     351            287
     352            276
     353            279
     354            289
     355            278
     356            289
     357            276
     358            267
     359            282
     360            279
     361            276
     362            266
     363            263
     364            281
     365            274
     366            277
     367            280
     368            280
     369            262
     370            267
     371            261
     372            278
     373            262
     374            287
     375            262
     376            285
     377            293
     378            258
     379            293
     380            290
     381            276
     382            267
     383            276
     384            294
     385            295
     386            288
     387            280
     388            280
     389            269
     390            271
     391            275
     392            272
     393            275
     394            281
     395            279
     396            275
     397            291
     398            287
     399            286
     400            274
     401            274
     402            273
     403            270
     404            264
     405            266
     406            274
     407            277
     408            284
     409            276
     410            266
     411            272
     412            265
     413            270
     414            284
     415            286
     416            274
     417            278
     418            275
     419            278
     420            277
     421            286
     422            295
     423            281
     424            277
     425            283
     426            276
     427            280
     428            265
     429            269
     430            265
     431            298
     432            288
     433            269
     434            286
     435            275
     436            288
     437            280
     438            267
     439            274
     440            274
     441            289
     442            293
     443            294
     444            286
     445            272
     446            273
     447            297
     448            281
     449            277
     450            302
     451            271
     452            306
     453            296
     454            281
     455            293
     456            284
     457            288
     458            276
     459            285
     460            281
     461            283
     462            284
     463            264
     464            276
     465            315
     466            268
     467            283
     468            274
     469            297
     470            275
     471            292
     472            281
     473            272
     474            284
     475            291
     476            274
     477            271
     478            280
     479            289
     480            283
     481            262
     482            279
     483            280
     484            275
     485            285
     486            281
     487            248
     488            269
     489            283
     490            269
     491            289
     492            275
     493            266
     494            264
     495            262
     496            282
     497            266
     498            281
     499            282
     500            261
     501            284
     502            285
     503            279
     504            280
     505            261
     506            276
     507            301
     508            262
     509            270
     510            272
     511            278
     512            268
     513            280
     514            265
     515            262
     516            269
     517            259
     518            270
     519            276
     520            278
     521            284
     522            296
     523            269
     524            283
     525            290
     526            282
     527            268
     528            283
     529            273
     530            273
     531            288
     532            268
     533            285
     534            278
     535            284
     536            276
     537            272
     538            262
     539            290
     540            296
     541            282
     542            273
     543            284
     544            262
     545            261
     546            270
     547            267
     548            253
     549            281
     550            291
     551            285
     552            271
     553            286
     554            283
     555            283
     556            282
     557            283
     558            276
     559            300
     560            266
     561            249
     562            279
     563            258
     564            286
     565            279
     566            263
     567            275
     568            277
     569            281
     570            276
     571            277
     572            285
     573            274
     574            295
     575            290
     576            268
     577            292
     578            280
     579            277
     580            261
     581            278
     582            290
     583            290
     584            270
     585            286
     586            290
     587            279
     588            278
     589            274
     590            283
     591            273
     592            280
     593            272
     594            259
     595            273
     596            279
     597            284
     598            279
     599            267
     600            270
     601            277
     602            286
     603            280
     604            264
     605            268
     606            276
     607            260
     608            279
     609            261
     610            289
     611            267
     612            277
     613            278
     614            268
     615            281
     616            274
     617            281
     618            280
     619            287
     620            278
     621            285
     622            303
     623            257
     624            276
     625            280
     626            282
     627            274
     628            270
     629            277
     630            272
     631            273
     632            263
     633            270
     634            291
     635            289
     636            281
     637            261
     638            268
     639            272
     640            264
     641            264
     642            269
     643            288
     644            283
     645            265
     646            296
     647            272
     648            276
     649            268
     650            282
     651            284
     652            271
     653            285
     654            276
     655            264
     656            255
     657            266
     658            280
     659            288
     660            283
     661            273
     662            270
     663            285
     664            279
     665            287
     666            279
     667            281
     668            266
     669            285
     670            285
     671            284
     672            294
     673            264
     674            268
     675            295
     676            273
     677            298
     678            270
     679            274
     680            274
     681            288
     682            276
     683            287
     684            289
     685            281
     686            292
     687            284
     688            296
     689            294
     690            281
     691            288
     692            275
     693            287
     694            287
     695            292
     696            295
     697            312
     698            298
     699            289
     700            316
