#Frame   h2tb_1bond[UU]
       1            259
       2            254
       3            263
       4            271
       5            248
       6            233
       7            264
       8            252
       9            255
      10            256
      11            242
      12            253
      13            253
      14            259
      15            256
      16            234
      17            252
      18            256
      19            253
      20            266
      21            270
      22            258
      23            262
      24            251
      25            258
      26            253
      27            258
      28            274
      29            281
      30            240
      31            244
      32            267
      33            256
      34            252
      35            261
      36            247
      37            261
      38            263
      39            255
      40            275
      41            257
      42            264
      43            266
      44            249
      45            270
      46            264
      47            262
      48            252
      49            238
      50            270
      51            253
      52            259
      53            250
      54            241
      55            243
      56            257
      57            250
      58            243
      59            252
      60            243
      61            250
      62            261
      63            228
      64            255
      65            243
      66            239
      67            266
      68            267
      69            265
      70            266
      71            276
      72            243
      73            259
      74            258
      75            249
      76            252
      77            254
      78            262
      79            244
      80            258
      81            269
      82            249
      83            265
      84            271
      85            247
      86            253
      87            264
      88            252
      89            241
      90            242
      91            263
      92            266
      93            241
      94            251
      95            261
      96            256
      97            256
      98            275
      99            255
     100            239
     101            256
     102            264
     103            249
     104            254
     105            254
     106            251
     107            243
     108            258
     109            263
     110            251
     111            249
     112            241
     113            256
     114            257
     115            269
     116            231
     117            262
     118            245
     119            258
     120            255
     121            259
     122            255
     123            237
     124            250
     125            264
     126            258
     127            256
     128            266
     129            247
     130            246
     131            260
     132            262
     133            257
     134            255
     135            245
     136            259
     137            260
     138            245
     139            252
     140            263
     141            261
     142            255
     143            244
     144            261
     145            249
     146            258
     147            264
     148            262
     149            256
     150            235
     151            273
     152            263
     153            259
     154            259
     155            257
     156            251
     157            258
     158            267
     159            248
     160            258
     161            263
     162            259
     163            244
     164            243
     165            249
     166            261
     167            260
     168            276
     169            261
     170            258
     171            254
     172            270
     173            243
     174            251
     175            285
     176            268
     177            236
     178            262
     179            252
     180            250
     181            258
     182            249
     183            247
     184            258
     185            265
     186            251
     187            256
     188            268
     189            272
     190            251
     191            265
     192            252
     193            253
     194            251
     195            249
     196            266
     197            261
     198            265
     199            240
     200            250
     201            262
     202            269
     203            250
     204            256
     205            243
     206            265
     207            253
     208            244
     209            262
     210            269
     211            260
     212            249
     213            277
     214            257
     215            245
     216            258
     217            257
     218            265
     219            255
     220            256
     221            254
     222            255
     223            265
     224            258
     225            269
     226            260
     227            252
     228            245
     229            265
     230            248
     231            271
     232            256
     233            256
     234            242
     235            260
     236            248
     237            252
     238            234
     239            256
     240            256
     241            256
     242            252
     243            268
     244            259
     245            253
     246            247
     247            259
     248            268
     249            250
     250            258
     251            257
     252            258
     253            259
     254            266
     255            268
     256            268
     257            256
     258            261
     259            269
     260            254
     261            250
     262            269
     263            268
     264            242
     265            249
     266            266
     267            238
     268            266
     269            285
     270            248
     271            236
     272            271
     273            252
     274            258
     275            254
     276            263
     277            246
     278            269
     279            252
     280            251
     281            258
     282            264
     283            261
     284            264
     285            253
     286            254
     287            251
     288            233
     289            265
     290            259
     291            251
     292            256
     293            270
     294            243
     295            245
     296            257
     297            239
     298            262
     299            254
     300            247
     301            263
     302            271
     303            249
     304            253
     305            256
     306            240
     307            265
     308            257
     309            243
     310            258
     311            261
     312            263
     313            266
     314            279
     315            270
     316            256
     317            266
     318            272
     319            264
     320            252
     321            245
     322            249
     323            254
     324            261
     325            251
     326            285
     327            268
     328            251
     329            260
     330            259
     331            270
     332            254
     333            265
     334            271
     335            264
     336            259
     337            249
     338            287
     339            265
     340            245
     341            260
     342            263
     343            273
     344            262
     345            278
     346            256
     347            273
     348            271
     349            269
     350            275
     351            271
     352            259
     353            262
     354            242
     355            269
     356            251
     357            256
     358            262
     359            269
     360            265
     361            266
     362            264
     363            267
     364            272
     365            266
     366            274
     367            245
     368            270
     369            248
     370            244
     371            280
     372            269
     373            265
     374            263
     375            247
     376            252
     377            258
     378            262
     379            275
     380            276
     381            264
     382            283
     383            255
     384            262
     385            270
     386            256
     387            272
     388            258
     389            255
     390            280
     391            266
     392            264
     393            255
     394            271
     395            262
     396            271
     397            278
     398            261
     399            243
     400            266
     401            247
     402            270
     403            257
     404            259
     405            261
     406            266
     407            259
     408            261
     409            278
     410            280
     411            255
     412            264
     413            275
     414            267
     415            249
     416            267
     417            286
     418            263
     419            257
     420            267
     421            253
     422            267
     423            252
     424            251
     425            268
     426            272
     427            261
     428            273
     429            271
     430            270
     431            250
     432            259
     433            263
     434            278
     435            271
     436            256
     437            277
     438            250
     439            260
     440            261
     441            257
     442            269
     443            256
     444            260
     445            273
     446            259
     447            252
     448            263
     449            267
     450            267
     451            252
     452            259
     453            253
     454            267
     455            254
     456            268
     457            264
     458            245
     459            272
     460            258
     461            255
     462            254
     463            283
     464            271
     465            265
     466            265
     467            265
     468            268
     469            264
     470            268
     471            258
     472            265
     473            257
     474            271
     475            267
     476            277
     477            274
     478            259
     479            278
     480            240
     481            249
     482            250
     483            258
     484            283
     485            266
     486            264
     487            273
     488            265
     489            261
     490            276
     491            250
     492            261
     493            253
     494            259
     495            259
     496            241
     497            267
     498            275
     499            260
     500            276
     501            267
     502            255
     503            276
     504            255
     505            259
     506            248
     507            248
     508            263
     509            255
     510            252
     511            267
     512            277
     513            266
     514            269
     515            255
     516            289
     517            277
     518            257
     519            253
     520            267
     521            270
     522            268
     523            258
     524            253
     525            265
     526            276
     527            259
     528            249
     529            283
     530            256
     531            268
     532            260
     533            254
     534            259
     535            246
     536            253
     537            262
     538            263
     539            257
     540            242
     541            254
     542            263
     543            269
     544            250
     545            272
     546            259
     547            269
     548            264
     549            255
     550            269
     551            268
     552            253
     553            277
     554            265
     555            270
     556            253
     557            249
     558            260
     559            243
     560            262
     561            257
     562            259
     563            259
     564            258
     565            246
     566            267
     567            266
     568            254
     569            264
     570            273
     571            284
     572            280
     573            269
     574            265
     575            265
     576            254
     577            258
     578            262
     579            271
     580            261
     581            256
     582            264
     583            265
     584            256
     585            243
     586            273
     587            265
     588            271
     589            257
     590            251
     591            260
     592            267
     593            256
     594            250
     595            253
     596            259
     597            280
     598            269
     599            268
     600            257
     601            259
     602            262
     603            256
     604            257
     605            241
     606            262
     607            267
     608            249
     609            256
     610            258
     611            264
     612            271
     613            270
     614            240
     615            265
     616            256
     617            276
     618            252
     619            257
     620            257
     621            268
     622            261
     623            255
     624            267
     625            242
     626            266
     627            248
     628            272
     629            254
     630            245
     631            253
     632            264
     633            242
     634            247
     635            246
     636            279
     637            274
     638            251
     639            269
     640            263
     641            271
     642            244
     643            235
     644            253
     645            255
     646            266
     647            244
     648            269
     649            268
     650            264
     651            256
     652            264
     653            262
     654            262
     655            255
     656            249
     657            275
     658            243
     659            252
     660            255
     661            244
     662            260
     663            259
     664            264
     665            256
     666            253
     667            253
     668            248
     669            249
     670            249
     671            260
     672            259
     673            238
     674            253
     675            258
     676            255
     677            275
     678            255
     679            264
     680            264
     681            274
     682            263
     683            251
     684            254
     685            257
     686            265
     687            260
     688            251
     689            266
     690            251
     691            255
     692            256
     693            247
     694            268
     695            250
     696            257
     697            257
     698            247
     699            243
     700            253
