#Frame   h3t_1bond[UU]
       1           257
       2           251
       3           259
       4           249
       5           249
       6           247
       7           251
       8           240
       9           265
      10           253
      11           245
      12           244
      13           260
      14           263
      15           241
      16           240
      17           247
      18           240
      19           246
      20           257
      21           249
      22           246
      23           245
      24           240
      25           247
      26           235
      27           239
      28           250
      29           253
      30           253
      31           243
      32           256
      33           240
      34           237
      35           236
      36           240
      37           235
      38           251
      39           252
      40           249
      41           242
      42           250
      43           239
      44           252
      45           244
      46           240
      47           242
      48           266
      49           238
      50           250
      51           240
      52           249
      53           253
      54           239
      55           246
      56           257
      57           247
      58           265
      59           258
      60           260
      61           238
      62           242
      63           261
      64           244
      65           267
      66           225
      67           247
      68           246
      69           256
      70           245
      71           257
      72           266
      73           262
      74           237
      75           255
      76           248
      77           244
      78           245
      79           259
      80           240
      81           250
      82           258
      83           247
      84           255
      85           252
      86           250
      87           256
      88           256
      89           252
      90           250
      91           264
      92           245
      93           260
      94           249
      95           260
      96           240
      97           240
      98           260
      99           256
     100           264
     101           229
     102           265
     103           265
     104           242
     105           256
     106           230
     107           261
     108           253
     109           237
     110           243
     111           247
     112           242
     113           250
     114           255
     115           242
     116           249
     117           282
     118           260
     119           248
     120           270
     121           262
     122           252
     123           249
     124           260
     125           260
     126           261
     127           267
     128           248
     129           246
     130           261
     131           248
     132           270
     133           244
     134           254
     135           251
     136           247
     137           269
     138           254
     139           260
     140           261
     141           246
     142           262
     143           247
     144           247
     145           266
     146           267
     147           256
     148           243
     149           254
     150           246
     151           260
     152           246
     153           256
     154           249
     155           239
     156           267
     157           257
     158           252
     159           257
     160           239
     161           242
     162           259
     163           253
     164           243
     165           251
     166           253
     167           250
     168           241
     169           245
     170           255
     171           251
     172           254
     173           245
     174           265
     175           250
     176           272
     177           266
     178           256
     179           271
     180           239
     181           251
     182           249
     183           260
     184           252
     185           250
     186           239
     187           258
     188           250
     189           262
     190           246
     191           245
     192           264
     193           230
     194           252
     195           259
     196           246
     197           255
     198           255
     199           264
     200           262
     201           257
     202           258
     203           258
     204           251
     205           245
     206           259
     207           274
     208           240
     209           251
     210           265
     211           248
     212           256
     213           238
     214           248
     215           254
     216           262
     217           251
     218           254
     219           249
     220           238
     221           254
     222           240
     223           260
     224           244
     225           253
     226           255
     227           262
     228           270
     229           260
     230           257
     231           258
     232           258
     233           248
     234           260
     235           253
     236           250
     237           254
     238           234
     239           261
     240           261
     241           251
     242           264
     243           257
     244           259
     245           251
     246           253
     247           251
     248           266
     249           255
     250           237
     251           247
     252           262
     253           257
     254           239
     255           278
     256           264
     257           268
     258           262
     259           240
     260           266
     261           258
     262           265
     263           250
     264           259
     265           252
     266           249
     267           259
     268           247
     269           270
     270           245
     271           254
     272           242
     273           243
     274           245
     275           237
     276           251
     277           258
     278           252
     279           232
     280           249
     281           264
     282           253
     283           243
     284           250
     285           254
     286           259
     287           264
     288           242
     289           241
     290           246
     291           247
     292           255
     293           255
     294           242
     295           257
     296           249
     297           242
     298           250
     299           249
     300           249
     301           264
     302           253
     303           263
     304           254
     305           231
     306           255
     307           266
     308           272
     309           259
     310           261
     311           270
     312           253
     313           249
     314           251
     315           253
     316           267
     317           253
     318           258
     319           248
     320           265
     321           261
     322           258
     323           251
     324           245
     325           246
     326           256
     327           242
     328           259
     329           263
     330           249
     331           253
     332           262
     333           247
     334           249
     335           249
     336           255
     337           273
     338           261
     339           263
     340           245
     341           255
     342           264
     343           258
     344           252
     345           259
     346           249
     347           255
     348           246
     349           250
     350           255
     351           254
     352           243
     353           260
     354           260
     355           247
     356           271
     357           256
     358           249
     359           252
     360           260
     361           248
     362           249
     363           258
     364           249
     365           248
     366           256
     367           264
     368           265
     369           250
     370           260
     371           261
     372           267
     373           253
     374           235
     375           242
     376           257
     377           265
     378           242
     379           258
     380           271
     381           250
     382           251
     383           252
     384           262
     385           272
     386           233
     387           262
     388           248
     389           271
     390           254
     391           250
     392           259
     393           257
     394           268
     395           240
     396           245
     397           244
     398           250
     399           266
     400           253
     401           244
     402           259
     403           266
     404           263
     405           249
     406           263
     407           260
     408           258
     409           269
     410           248
     411           259
     412           251
     413           250
     414           251
     415           257
     416           261
     417           267
     418           243
     419           244
     420           251
     421           269
     422           255
     423           248
     424           255
     425           244
     426           244
     427           251
     428           273
     429           253
     430           243
     431           245
     432           257
     433           263
     434           239
     435           244
     436           243
     437           241
     438           237
     439           255
     440           255
     441           256
     442           244
     443           260
     444           239
     445           261
     446           255
     447           240
     448           241
     449           260
     450           267
     451           247
     452           237
     453           259
     454           260
     455           255
     456           254
     457           246
     458           244
     459           259
     460           249
     461           263
     462           249
     463           236
     464           261
     465           251
     466           259
     467           254
     468           264
     469           237
     470           239
     471           242
     472           245
     473           249
     474           275
     475           234
     476           250
     477           273
     478           262
     479           276
     480           253
     481           232
     482           266
     483           254
     484           241
     485           254
     486           235
     487           255
     488           249
     489           240
     490           273
     491           247
     492           253
     493           255
     494           254
     495           261
     496           255
     497           264
     498           252
     499           242
     500           258
     501           255
     502           269
     503           259
     504           254
     505           252
     506           248
     507           230
     508           249
     509           258
     510           253
     511           262
     512           252
     513           234
     514           255
     515           262
     516           271
     517           244
     518           243
     519           239
     520           271
     521           265
     522           244
     523           247
     524           259
     525           262
     526           254
     527           261
     528           244
     529           253
     530           252
     531           265
     532           253
     533           250
     534           232
     535           264
     536           251
     537           264
     538           239
     539           267
     540           264
     541           249
     542           269
     543           272
     544           253
     545           245
     546           243
     547           252
     548           262
     549           250
     550           253
     551           253
     552           252
     553           253
     554           243
     555           256
     556           267
     557           262
     558           254
     559           266
     560           264
     561           257
     562           244
     563           252
     564           250
     565           248
     566           265
     567           241
     568           264
     569           249
     570           263
     571           266
     572           264
     573           267
     574           260
     575           251
     576           252
     577           252
     578           262
     579           266
     580           245
     581           260
     582           263
     583           267
     584           252
     585           265
     586           244
     587           250
     588           252
     589           267
     590           271
     591           268
     592           246
     593           249
     594           247
     595           249
     596           266
     597           239
     598           262
     599           255
     600           235
     601           272
     602           229
     603           250
     604           253
     605           243
     606           254
     607           265
     608           244
     609           259
     610           266
     611           255
     612           255
     613           243
     614           261
     615           246
     616           267
     617           252
     618           246
     619           262
     620           246
     621           248
     622           256
     623           254
     624           258
     625           243
     626           257
     627           244
     628           263
     629           234
     630           260
     631           244
     632           248
     633           240
     634           254
     635           264
     636           247
     637           253
     638           261
     639           237
     640           258
     641           240
     642           238
     643           251
     644           264
     645           246
     646           262
     647           246
     648           236
     649           235
     650           256
     651           236
     652           268
     653           248
     654           253
     655           263
     656           261
     657           259
     658           236
     659           245
     660           243
     661           263
     662           248
     663           255
     664           249
     665           243
     666           266
     667           248
     668           251
     669           260
     670           227
     671           253
     672           254
     673           252
     674           240
     675           246
     676           264
     677           265
     678           241
     679           244
     680           230
     681           251
     682           248
     683           262
     684           260
     685           253
     686           231
     687           259
     688           244
     689           240
     690           250
     691           250
     692           246
     693           237
     694           255
     695           265
     696           248
     697           264
     698           235
     699           244
     700           247
