#Frame     h3bond[UU]
       1            3
       2            2
       3            1
       4            4
       5            3
       6            1
       7            5
       8            1
       9            4
      10            4
      11            2
      12            2
      13            2
      14            2
      15            5
      16            3
      17            4
      18            3
      19            1
      20            3
      21            4
      22            4
      23            4
      24            6
      25            4
      26            4
      27            5
      28            4
      29            4
      30            6
      31            3
      32            4
      33            4
      34            5
      35            4
      36            5
      37            6
      38            3
      39            4
      40            4
      41            3
      42            2
      43            4
      44            3
      45            6
      46            3
      47            3
      48            4
      49            3
      50            3
      51            3
      52            3
      53            4
      54            2
      55            2
      56            4
      57            5
      58            4
      59            6
      60            4
      61            6
      62            6
      63            5
      64            3
      65            3
      66            5
      67            6
      68            5
      69            4
      70            3
      71            4
      72            4
      73            4
      74            5
      75            6
      76            4
      77            4
      78            7
      79            4
      80            4
      81            5
      82            5
      83            4
      84            3
      85            4
      86            3
      87            4
      88            4
      89            2
      90            5
      91            2
      92            1
      93            2
      94            4
      95            2
      96            2
      97            3
      98            4
      99            2
     100            2
     101            2
     102            3
     103            3
     104            3
     105            2
     106            4
     107            1
     108            2
     109            3
     110            2
     111            2
     112            2
     113            1
     114            2
     115            3
     116            2
     117            3
     118            5
     119            2
     120            2
     121            2
     122            3
     123            2
     124            3
     125            2
     126            2
     127            3
     128            2
     129            2
     130            2
     131            3
     132            3
     133            2
     134            5
     135            4
     136            1
     137            4
     138            4
     139            4
     140            3
     141            4
     142            4
     143            3
     144            4
     145            4
     146            2
     147            2
     148            3
     149            3
     150            6
     151            6
     152            4
     153            4
     154            3
     155            3
     156            4
     157            5
     158            3
     159            5
     160            3
     161            3
     162            3
     163            4
     164            4
     165            3
     166            4
     167            3
     168            2
     169            2
     170            4
     171            3
     172            3
     173            5
     174            4
     175            4
     176            4
     177            3
     178            2
     179            2
     180            4
     181            3
     182            2
     183            3
     184            2
     185            3
     186            3
     187            3
     188            4
     189            4
     190            2
     191            2
     192            1
     193            1
     194            1
     195            2
     196            2
     197            1
     198            2
     199            2
     200            2
     201            3
     202            2
     203            3
     204            2
     205            2
     206            3
     207            3
     208            4
     209            4
     210            2
     211            2
     212            3
     213            1
     214            2
     215            3
     216            3
     217            3
     218            3
     219            1
     220            3
     221            2
     222            2
     223            2
     224            4
     225            4
     226            2
     227            3
     228            2
     229            3
     230            3
     231            3
     232            2
     233            2
     234            2
     235            3
     236            4
     237            3
     238            3
     239            2
     240            4
     241            3
     242            3
     243            2
     244            2
     245            2
     246            1
     247            3
     248            3
     249            5
     250            3
     251            3
     252            1
     253            2
     254            3
     255            2
     256            0
     257            2
     258            3
     259            2
     260            3
     261            3
     262            2
     263            3
     264            1
     265            0
     266            2
     267            0
     268            1
     269            0
     270            2
     271            2
     272            1
     273            1
     274            2
     275            1
     276            2
     277            1
     278            2
     279            2
     280            1
     281            1
     282            3
     283            1
     284            2
     285            1
     286            1
     287            1
     288            3
     289            4
     290            2
     291            4
     292            4
     293            4
     294            1
     295            2
     296            4
     297            4
     298            6
     299            3
     300            4
     301            5
     302            4
     303            6
     304            5
     305            4
     306            1
     307            3
     308            3
     309            3
     310            2
     311            2
     312            1
     313            1
     314            3
     315            3
     316            3
     317            3
     318            0
     319            3
     320            1
     321            4
     322            2
     323            2
     324            2
     325            4
     326            1
     327            3
     328            1
     329            4
     330            2
     331            3
     332            5
     333            0
     334            2
     335            3
     336            3
     337            1
     338            1
     339            3
     340            0
     341            2
     342            2
     343            3
     344            2
     345            2
     346            1
     347            1
     348            2
     349            0
     350            1
     351            0
     352            0
     353            2
     354            2
     355            2
     356            1
     357            4
     358            4
     359            5
     360            2
     361            3
     362            4
     363            4
     364            4
     365            3
     366            3
     367            3
     368            5
     369            5
     370            7
     371            6
     372            4
     373            3
     374            5
     375            1
     376            1
     377            3
     378            3
     379            2
     380            3
     381            3
     382            3
     383            4
     384            3
     385            4
     386            2
     387            3
     388            4
     389            5
     390            5
     391            2
     392            2
     393            1
     394            2
     395            3
     396            3
     397            3
     398            3
     399            1
     400            3
     401            1
     402            1
     403            0
     404            3
     405            3
     406            4
     407            3
     408            5
     409            6
     410            4
     411            5
     412            4
     413            5
     414            2
     415            5
     416            4
     417            3
     418            2
     419            2
     420            5
     421            2
     422            3
     423            1
     424            2
     425            2
     426            1
     427            4
     428            3
     429            3
     430            4
     431            3
     432            5
     433            4
     434            4
     435            2
     436            1
     437            2
     438            2
     439            0
     440            3
     441            3
     442            1
     443            3
     444            3
     445            4
     446            2
     447            2
     448            3
     449            2
     450            4
     451            2
     452            3
     453            2
     454            2
     455            3
     456            2
     457            2
     458            2
     459            2
     460            2
     461            3
     462            3
     463            4
     464            3
     465            2
     466            2
     467            3
     468            2
     469            1
     470            5
     471            2
     472            4
     473            4
     474            2
     475            3
     476            1
     477            2
     478            3
     479            2
     480            4
     481            2
     482            1
     483            2
     484            3
     485            3
     486            2
     487            2
     488            2
     489            4
     490            4
     491            3
     492            3
     493            1
     494            3
     495            1
     496            3
     497            2
     498            3
     499            3
     500            4
     501            1
     502            5
     503            4
     504            2
     505            2
     506            2
     507            2
     508            4
     509            3
     510            3
     511            3
     512            4
     513            5
     514            2
     515            2
     516            3
     517            2
     518            3
     519            2
     520            2
     521            6
     522            3
     523            1
     524            3
     525            2
     526            4
     527            4
     528            2
     529            3
     530            2
     531            2
     532            2
     533            2
     534            2
     535            2
     536            3
     537            2
     538            2
     539            2
     540            2
     541            4
     542            3
     543            1
     544            3
     545            2
     546            1
     547            4
     548            1
     549            3
     550            4
     551            4
     552            4
     553            4
     554            2
     555            3
     556            3
     557            4
     558            2
     559            1
     560            3
     561            2
     562            4
     563            1
     564            3
     565            4
     566            2
     567            5
     568            2
     569            1
     570            2
     571            3
     572            4
     573            3
     574            5
     575            2
     576            5
     577            3
     578            5
     579            3
     580            4
     581            3
     582            3
     583            3
     584            2
     585            3
     586            3
     587            2
     588            1
     589            1
     590            2
     591            2
     592            3
     593            3
     594            4
     595            3
     596            3
     597            6
     598            4
     599            3
     600            2
     601            3
     602            2
     603            3
     604            4
     605            2
     606            3
     607            3
     608            3
     609            3
     610            3
     611            1
     612            2
     613            2
     614            1
     615            3
     616            2
     617            2
     618            3
     619            3
     620            2
     621            4
     622            3
     623            3
     624            1
     625            3
     626            3
     627            4
     628            2
     629            2
     630            3
     631            1
     632            4
     633            2
     634            4
     635            2
     636            4
     637            3
     638            2
     639            5
     640            3
     641            0
     642            3
     643            2
     644            5
     645            4
     646            2
     647            2
     648            3
     649            4
     650            3
     651            3
     652            4
     653            6
     654            4
     655            5
     656            4
     657            3
     658            1
     659            2
     660            4
     661            3
     662            3
     663            5
     664            4
     665            4
     666            5
     667            3
     668            4
     669            4
     670            2
     671            5
     672            4
     673            4
     674            2
     675            2
     676            3
     677            4
     678            3
     679            3
     680            4
     681            2
     682            3
     683            3
     684            2
     685            3
     686            2
     687            3
     688            2
     689            2
     690            3
     691            3
     692            4
     693            2
     694            4
     695            5
     696            3
     697            3
     698            3
     699            4
     700            3
