#Frame    h2abond[UU]
       1            1
       2            2
       3            1
       4            0
       5            2
       6            2
       7            0
       8            2
       9            2
      10            2
      11            3
      12            2
      13            3
      14            2
      15            1
      16            2
      17            4
      18            5
      19            3
      20            5
      21            4
      22            3
      23            3
      24            1
      25            3
      26            4
      27            4
      28            3
      29            1
      30            2
      31            4
      32            3
      33            2
      34            3
      35            2
      36            1
      37            4
      38            2
      39            1
      40            1
      41            1
      42            3
      43            2
      44            2
      45            2
      46            3
      47            1
      48            2
      49            2
      50            3
      51            2
      52            3
      53            1
      54            2
      55            3
      56            2
      57            1
      58            2
      59            3
      60            3
      61            2
      62            2
      63            2
      64            2
      65            1
      66            0
      67            3
      68            2
      69            1
      70            2
      71            1
      72            3
      73            0
      74            1
      75            0
      76            1
      77            3
      78            2
      79            3
      80            4
      81            3
      82            2
      83            1
      84            3
      85            2
      86            2
      87            2
      88            0
      89            1
      90            0
      91            1
      92            0
      93            0
      94            0
      95            1
      96            2
      97            2
      98            2
      99            1
     100            2
     101            2
     102            2
     103            3
     104            1
     105            2
     106            2
     107            2
     108            1
     109            0
     110            1
     111            2
     112            1
     113            2
     114            3
     115            2
     116            1
     117            3
     118            2
     119            2
     120            1
     121            2
     122            3
     123            1
     124            2
     125            0
     126            3
     127            1
     128            2
     129            2
     130            3
     131            1
     132            3
     133            2
     134            1
     135            1
     136            0
     137            2
     138            2
     139            1
     140            2
     141            2
     142            0
     143            1
     144            0
     145            0
     146            2
     147            2
     148            2
     149            2
     150            2
     151            2
     152            3
     153            0
     154            1
     155            2
     156            1
     157            3
     158            2
     159            0
     160            1
     161            1
     162            3
     163            1
     164            1
     165            1
     166            0
     167            4
     168            3
     169            3
     170            3
     171            3
     172            2
     173            1
     174            5
     175            2
     176            1
     177            4
     178            2
     179            3
     180            4
     181            2
     182            3
     183            2
     184            2
     185            2
     186            3
     187            3
     188            3
     189            2
     190            2
     191            3
     192            2
     193            1
     194            2
     195            3
     196            3
     197            3
     198            2
     199            3
     200            1
     201            2
     202            1
     203            3
     204            1
     205            1
     206            1
     207            1
     208            2
     209            1
     210            0
     211            0
     212            3
     213            2
     214            3
     215            2
     216            2
     217            2
     218            1
     219            3
     220            3
     221            0
     222            2
     223            3
     224            2
     225            1
     226            2
     227            1
     228            2
     229            3
     230            2
     231            2
     232            3
     233            4
     234            3
     235            4
     236            1
     237            1
     238            2
     239            2
     240            3
     241            2
     242            4
     243            1
     244            2
     245            4
     246            3
     247            2
     248            2
     249            2
     250            1
     251            1
     252            2
     253            1
     254            3
     255            3
     256            3
     257            2
     258            1
     259            4
     260            3
     261            3
     262            3
     263            2
     264            5
     265            1
     266            2
     267            2
     268            2
     269            1
     270            5
     271            2
     272            2
     273            3
     274            2
     275            3
     276            4
     277            3
     278            3
     279            4
     280            2
     281            3
     282            2
     283            1
     284            0
     285            0
     286            1
     287            1
     288            2
     289            1
     290            2
     291            3
     292            1
     293            1
     294            1
     295            2
     296            0
     297            1
     298            2
     299            2
     300            1
     301            1
     302            2
     303            1
     304            1
     305            1
     306            2
     307            1
     308            2
     309            0
     310            1
     311            1
     312            2
     313            1
     314            1
     315            0
     316            0
     317            0
     318            0
     319            1
     320            2
     321            1
     322            1
     323            2
     324            0
     325            0
     326            2
     327            2
     328            1
     329            0
     330            0
     331            2
     332            1
     333            2
     334            2
     335            1
     336            2
     337            2
     338            1
     339            0
     340            2
     341            2
     342            1
     343            1
     344            0
     345            1
     346            0
     347            2
     348            1
     349            2
     350            2
     351            1
     352            2
     353            2
     354            3
     355            3
     356            0
     357            3
     358            2
     359            1
     360            1
     361            1
     362            1
     363            1
     364            3
     365            2
     366            2
     367            2
     368            2
     369            1
     370            0
     371            1
     372            2
     373            1
     374            3
     375            2
     376            1
     377            4
     378            2
     379            3
     380            2
     381            1
     382            2
     383            2
     384            3
     385            2
     386            1
     387            1
     388            2
     389            3
     390            1
     391            3
     392            3
     393            0
     394            4
     395            2
     396            1
     397            2
     398            1
     399            2
     400            2
     401            1
     402            2
     403            2
     404            0
     405            1
     406            1
     407            2
     408            2
     409            1
     410            2
     411            1
     412            1
     413            2
     414            2
     415            2
     416            2
     417            1
     418            1
     419            1
     420            1
     421            1
     422            0
     423            2
     424            2
     425            2
     426            1
     427            3
     428            2
     429            2
     430            0
     431            2
     432            1
     433            1
     434            2
     435            1
     436            1
     437            1
     438            1
     439            3
     440            1
     441            3
     442            2
     443            1
     444            1
     445            3
     446            3
     447            2
     448            2
     449            2
     450            2
     451            3
     452            3
     453            2
     454            3
     455            2
     456            2
     457            3
     458            1
     459            2
     460            2
     461            2
     462            2
     463            2
     464            2
     465            1
     466            1
     467            1
     468            1
     469            1
     470            1
     471            3
     472            2
     473            1
     474            1
     475            2
     476            1
     477            2
     478            1
     479            2
     480            3
     481            3
     482            1
     483            1
     484            2
     485            1
     486            2
     487            2
     488            2
     489            2
     490            2
     491            1
     492            2
     493            1
     494            1
     495            2
     496            2
     497            2
     498            2
     499            1
     500            2
     501            2
     502            2
     503            1
     504            0
     505            2
     506            0
     507            2
     508            2
     509            1
     510            3
     511            3
     512            2
     513            1
     514            1
     515            1
     516            2
     517            1
     518            2
     519            3
     520            1
     521            0
     522            3
     523            1
     524            1
     525            1
     526            2
     527            7
     528            5
     529            5
     530            5
     531            4
     532            2
     533            4
     534            4
     535            6
     536            4
     537            4
     538            2
     539            3
     540            7
     541            3
     542            5
     543            4
     544            3
     545            4
     546            3
     547            5
     548            3
     549            0
     550            1
     551            2
     552            0
     553            3
     554            2
     555            2
     556            1
     557            4
     558            3
     559            0
     560            0
     561            4
     562            3
     563            3
     564            2
     565            2
     566            0
     567            3
     568            2
     569            0
     570            2
     571            1
     572            2
     573            2
     574            1
     575            1
     576            2
     577            1
     578            2
     579            2
     580            2
     581            2
     582            2
     583            3
     584            0
     585            1
     586            0
     587            2
     588            3
     589            2
     590            1
     591            2
     592            3
     593            1
     594            2
     595            0
     596            2
     597            1
     598            2
     599            1
     600            2
     601            1
     602            1
     603            2
     604            2
     605            0
     606            2
     607            1
     608            2
     609            1
     610            2
     611            1
     612            2
     613            1
     614            2
     615            1
     616            2
     617            1
     618            1
     619            1
     620            1
     621            2
     622            1
     623            2
     624            1
     625            1
     626            2
     627            2
     628            2
     629            2
     630            3
     631            2
     632            0
     633            1
     634            2
     635            2
     636            0
     637            3
     638            0
     639            2
     640            1
     641            4
     642            2
     643            2
     644            2
     645            2
     646            3
     647            2
     648            1
     649            1
     650            3
     651            2
     652            3
     653            1
     654            0
     655            0
     656            2
     657            3
     658            3
     659            3
     660            3
     661            4
     662            1
     663            1
     664            2
     665            1
     666            1
     667            1
     668            2
     669            1
     670            2
     671            3
     672            3
     673            1
     674            2
     675            2
     676            4
     677            3
     678            3
     679            4
     680            5
     681            4
     682            6
     683            6
     684            3
     685            1
     686            1
     687            1
     688            1
     689            2
     690            0
     691            3
     692            1
     693            2
     694            1
     695            2
     696            1
     697            2
     698            2
     699            1
     700            1
