#Frame   dnaseries[UU]
       1           248
       2           234
       3           236
       4           236
       5           255
       6           239
       7           226
       8           250
       9           254
      10           234
      11           242
      12           251
      13           245
      14           242
      15           231
      16           252
      17           245
      18           240
      19           253
      20           238
      21           243
      22           256
      23           260
      24           240
      25           250
      26           251
      27           246
      28           245
      29           258
      30           255
      31           237
      32           247
      33           254
      34           259
      35           230
      36           241
      37           238
      38           230
      39           238
      40           256
      41           232
      42           237
      43           255
      44           259
      45           246
      46           252
      47           252
      48           246
      49           230
      50           224
      51           265
      52           250
      53           240
      54           250
      55           259
      56           254
      57           256
      58           246
      59           235
      60           257
      61           247
      62           252
      63           240
      64           258
      65           246
      66           248
      67           245
      68           236
      69           252
      70           248
      71           247
      72           247
      73           245
      74           257
      75           221
      76           253
      77           249
      78           228
      79           247
      80           258
      81           237
      82           254
      83           244
      84           244
      85           241
      86           270
      87           250
      88           242
      89           248
      90           236
      91           253
      92           258
      93           244
      94           242
      95           249
      96           254
      97           261
      98           252
      99           240
     100           236
     101           263
     102           245
     103           248
     104           234
     105           246
     106           244
     107           239
     108           238
     109           245
     110           250
     111           247
     112           256
     113           242
     114           266
     115           236
     116           245
     117           264
     118           263
     119           233
     120           230
     121           244
     122           228
     123           251
     124           240
     125           244
     126           250
     127           248
     128           243
     129           240
     130           241
     131           239
     132           244
     133           265
     134           238
     135           260
     136           239
     137           252
     138           237
     139           256
     140           249
     141           257
     142           251
     143           247
     144           253
     145           231
     146           245
     147           247
     148           252
     149           228
     150           243
     151           242
     152           247
     153           245
     154           259
     155           236
     156           256
     157           249
     158           249
     159           250
     160           255
     161           250
     162           255
     163           246
     164           223
     165           260
     166           243
     167           246
     168           251
     169           250
     170           243
     171           255
     172           260
     173           243
     174           254
     175           252
     176           251
     177           240
     178           246
     179           252
     180           247
     181           233
     182           254
     183           240
     184           237
     185           226
     186           244
     187           239
     188           252
     189           243
     190           243
     191           249
     192           256
     193           238
     194           253
     195           253
     196           262
     197           252
     198           254
     199           248
     200           252
     201           238
     202           242
     203           237
     204           248
     205           258
     206           255
     207           229
     208           253
     209           245
     210           239
     211           239
     212           247
     213           248
     214           249
     215           239
     216           237
     217           254
     218           236
     219           253
     220           248
     221           250
     222           247
     223           251
     224           243
     225           257
     226           248
     227           242
     228           244
     229           246
     230           251
     231           252
     232           264
     233           245
     234           253
     235           248
     236           240
     237           243
     238           233
     239           244
     240           250
     241           241
     242           251
     243           242
     244           251
     245           237
     246           243
     247           250
     248           240
     249           247
     250           255
     251           263
     252           249
     253           255
     254           247
     255           252
     256           242
     257           257
     258           252
     259           223
     260           250
     261           245
     262           231
     263           249
     264           238
     265           237
     266           247
     267           244
     268           248
     269           242
     270           238
     271           251
     272           258
     273           244
     274           235
     275           243
     276           234
     277           239
     278           245
     279           220
     280           258
     281           259
     282           243
     283           259
     284           243
     285           240
     286           251
     287           237
     288           252
     289           234
     290           261
     291           257
     292           256
     293           255
     294           243
     295           240
     296           258
     297           237
     298           233
     299           244
     300           250
     301           262
     302           251
     303           242
     304           250
     305           242
     306           242
     307           244
     308           245
     309           247
     310           248
     311           230
     312           260
     313           242
     314           250
     315           259
     316           246
     317           241
     318           248
     319           248
     320           240
     321           243
     322           251
     323           239
     324           227
     325           245
     326           253
     327           243
     328           250
     329           255
     330           223
     331           255
     332           242
     333           243
     334           244
     335           248
     336           246
     337           265
     338           242
     339           237
     340           242
     341           256
     342           242
     343           248
     344           251
     345           231
     346           249
     347           238
     348           234
     349           242
     350           243
     351           252
     352           245
     353           234
     354           251
     355           223
     356           245
     357           248
     358           242
     359           265
     360           226
     361           252
     362           247
     363           249
     364           243
     365           253
     366           246
     367           264
     368           235
     369           253
     370           247
     371           248
     372           234
     373           241
     374           242
     375           252
     376           250
     377           235
     378           253
     379           247
     380           228
     381           249
     382           267
     383           242
     384           251
     385           251
     386           244
     387           242
     388           259
     389           241
     390           235
     391           251
     392           251
     393           241
     394           244
     395           251
     396           270
     397           233
     398           264
     399           237
     400           247
     401           248
     402           249
     403           231
     404           237
     405           247
     406           249
     407           260
     408           245
     409           234
     410           255
     411           229
     412           253
     413           245
     414           249
     415           239
     416           243
     417           253
     418           247
     419           260
     420           250
     421           232
     422           250
     423           261
     424           247
     425           228
     426           253
     427           240
     428           254
     429           261
     430           243
     431           252
     432           243
     433           230
     434           235
     435           258
     436           250
     437           272
     438           242
     439           242
     440           245
     441           235
     442           252
     443           251
     444           252
     445           248
     446           241
     447           233
     448           236
     449           243
     450           261
     451           241
     452           241
     453           230
     454           241
     455           245
     456           232
     457           237
     458           237
     459           232
     460           244
     461           244
     462           242
     463           267
     464           246
     465           251
     466           249
     467           245
     468           257
     469           254
     470           242
     471           245
     472           238
     473           239
     474           255
     475           256
     476           242
     477           230
     478           241
     479           228
     480           255
     481           252
     482           245
     483           240
     484           241
     485           254
     486           245
     487           241
     488           257
     489           252
     490           235
     491           247
     492           244
     493           249
     494           233
     495           242
     496           245
     497           240
     498           252
     499           243
     500           242
     501           242
     502           246
     503           254
     504           252
     505           241
     506           237
     507           247
     508           260
     509           255
     510           244
     511           236
     512           250
     513           231
     514           238
     515           256
     516           258
     517           241
     518           254
     519           240
     520           247
     521           255
     522           252
     523           250
     524           248
     525           237
     526           247
     527           252
     528           232
     529           246
     530           244
     531           240
     532           263
     533           234
     534           254
     535           257
     536           257
     537           246
     538           246
     539           238
     540           252
     541           242
     542           256
     543           250
     544           252
     545           245
     546           238
     547           236
     548           241
     549           238
     550           239
     551           252
     552           239
     553           248
     554           242
     555           256
     556           242
     557           261
     558           235
     559           247
     560           253
     561           241
     562           254
     563           244
     564           233
     565           238
     566           245
     567           222
     568           246
     569           243
     570           240
     571           258
     572           233
     573           241
     574           241
     575           229
     576           242
     577           248
     578           246
     579           240
     580           228
     581           248
     582           236
     583           233
     584           245
     585           242
     586           244
     587           255
     588           235
     589           233
     590           247
     591           255
     592           235
     593           244
     594           236
     595           243
     596           250
     597           268
     598           219
     599           250
     600           237
     601           240
     602           241
     603           257
     604           247
     605           245
     606           238
     607           237
     608           246
     609           231
     610           248
     611           237
     612           261
     613           250
     614           235
     615           236
     616           242
     617           233
     618           232
     619           251
     620           238
     621           243
     622           250
     623           253
     624           236
     625           234
     626           237
     627           229
     628           249
     629           252
     630           246
     631           245
     632           249
     633           243
     634           248
     635           254
     636           257
     637           246
     638           259
     639           237
     640           253
     641           247
     642           255
     643           241
     644           233
     645           251
     646           242
     647           238
     648           241
     649           259
     650           234
     651           256
     652           246
     653           251
     654           252
     655           237
     656           240
     657           239
     658           236
     659           242
     660           257
     661           232
     662           256
     663           243
     664           241
     665           249
     666           251
     667           254
     668           242
     669           242
     670           225
     671           243
     672           243
     673           260
     674           253
     675           237
     676           260
     677           246
     678           249
     679           255
     680           246
     681           259
     682           250
     683           245
     684           238
     685           240
     686           236
     687           235
     688           254
     689           244
     690           248
     691           254
     692           258
     693           234
     694           254
     695           237
     696           240
     697           236
     698           244
     699           252
     700           255
