#Frame   h2tabond[UU]
       1          264
       2          255
       3          261
       4          253
       5          251
       6          253
       7          253
       8          244
       9          269
      10          259
      11          244
      12          247
      13          263
      14          265
      15          240
      16          243
      17          251
      18          241
      19          251
      20          259
      21          251
      22          248
      23          246
      24          240
      25          247
      26          236
      27          241
      28          251
      29          255
      30          257
      31          245
      32          260
      33          244
      34          241
      35          237
      36          241
      37          237
      38          253
      39          256
      40          252
      41          242
      42          252
      43          243
      44          257
      45          246
      46          246
      47          244
      48          270
      49          241
      50          252
      51          242
      52          255
      53          255
      54          241
      55          251
      56          263
      57          252
      58          269
      59          259
      60          265
      61          240
      62          243
      63          260
      64          245
      65          267
      66          228
      67          254
      68          247
      69          261
      70          245
      71          254
      72          263
      73          260
      74          232
      75          253
      76          249
      77          245
      78          243
      79          256
      80          241
      81          245
      82          256
      83          252
      84          254
      85          253
      86          254
      87          262
      88          254
      89          252
      90          250
      91          263
      92          242
      93          255
      94          249
      95          257
      96          236
      97          240
      98          262
      99          253
     100          261
     101          226
     102          264
     103          263
     104          240
     105          255
     106          232
     107          261
     108          257
     109          242
     110          244
     111          250
     112          246
     113          248
     114          254
     115          241
     116          253
     117          279
     118          261
     119          249
     120          273
     121          264
     122          257
     123          251
     124          263
     125          262
     126          266
     127          266
     128          246
     129          245
     130          260
     131          247
     132          270
     133          246
     134          254
     135          251
     136          244
     137          267
     138          252
     139          256
     140          257
     141          244
     142          264
     143          246
     144          246
     145          267
     146          266
     147          256
     148          243
     149          252
     150          247
     151          260
     152          244
     153          258
     154          252
     155          239
     156          267
     157          258
     158          249
     159          255
     160          239
     161          242
     162          256
     163          255
     164          244
     165          249
     166          253
     167          248
     168          239
     169          248
     170          257
     171          255
     172          256
     173          244
     174          267
     175          250
     176          269
     177          263
     178          257
     179          267
     180          240
     181          251
     182          249
     183          258
     184          253
     185          244
     186          238
     187          256
     188          250
     189          262
     190          249
     191          241
     192          262
     193          228
     194          245
     195          259
     196          242
     197          252
     198          249
     199          257
     200          257
     201          255
     202          254
     203          253
     204          249
     205          238
     206          256
     207          268
     208          238
     209          249
     210          264
     211          243
     212          253
     213          236
     214          247
     215          251
     216          257
     217          250
     218          254
     219          251
     220          238
     221          251
     222          237
     223          261
     224          239
     225          255
     226          259
     227          262
     228          267
     229          260
     230          255
     231          255
     232          258
     233          246
     234          258
     235          251
     236          247
     237          252
     238          233
     239          259
     240          259
     241          248
     242          260
     243          255
     244          258
     245          252
     246          256
     247          253
     248          266
     249          257
     250          236
     251          247
     252          264
     253          261
     254          238
     255          279
     256          264
     257          268
     258          263
     259          237
     260          266
     261          257
     262          266
     263          251
     264          258
     265          252
     266          247
     267          258
     268          249
     269          263
     270          249
     271          251
     272          238
     273          243
     274          242
     275          239
     276          251
     277          257
     278          252
     279          233
     280          251
     281          262
     282          253
     283          244
     284          249
     285          254
     286          261
     287          262
     288          236
     289          239
     290          244
     291          247
     292          255
     293          254
     294          241
     295          257
     296          251
     297          244
     298          251
     299          248
     300          248
     301          264
     302          254
     303          259
     304          257
     305          234
     306          254
     307          264
     308          265
     309          255
     310          258
     311          268
     312          251
     313          248
     314          248
     315          249
     316          267
     317          253
     318          255
     319          246
     320          262
     321          257
     322          258
     323          254
     324          244
     325          245
     326          259
     327          240
     328          258
     329          263
     330          251
     331          249
     332          263
     333          250
     334          253
     335          248
     336          255
     337          268
     338          256
     339          261
     340          241
     341          249
     342          259
     343          253
     344          246
     345          261
     346          249
     347          254
     348          249
     349          253
     350          256
     351          254
     352          246
     353          259
     354          257
     355          245
     356          273
     357          259
     358          248
     359          254
     360          262
     361          248
     362          249
     363          257
     364          250
     365          247
     366          257
     367          266
     368          261
     369          245
     370          260
     371          260
     372          269
     373          258
     374          238
     375          241
     376          257
     377          267
     378          245
     379          255
     380          270
     381          254
     382          253
     383          253
     384          262
     385          273
     386          238
     387          263
     388          252
     389          269
     390          257
     391          248
     392          259
     393          258
     394          270
     395          240
     396          244
     397          245
     398          247
     399          263
     400          254
     401          241
     402          257
     403          263
     404          259
     405          249
     406          257
     407          257
     408          258
     409          266
     410          247
     411          259
     412          253
     413          249
     414          251
     415          257
     416          260
     417          262
     418          243
     419          245
     420          252
     421          271
     422          255
     423          248
     424          253
     425          245
     426          247
     427          248
     428          268
     429          254
     430          243
     431          244
     432          255
     433          261
     434          237
     435          244
     436          248
     437          241
     438          235
     439          254
     440          255
     441          257
     442          242
     443          261
     444          242
     445          258
     446          257
     447          240
     448          237
     449          255
     450          262
     451          245
     452          233
     453          256
     454          260
     455          252
     456          255
     457          247
     458          250
     459          259
     460          250
     461          264
     462          249
     463          236
     464          261
     465          248
     466          256
     467          253
     468          265
     469          237
     470          241
     471          243
     472          242
     473          245
     474          274
     475          232
     476          249
     477          271
     478          262
     479          271
     480          254
     481          229
     482          263
     483          251
     484          241
     485          254
     486          232
     487          253
     488          246
     489          240
     490          270
     491          246
     492          248
     493          253
     494          251
     495          262
     496          252
     497          260
     498          245
     499          238
     500          256
     501          253
     502          265
     503          256
     504          248
     505          250
     506          248
     507          228
     508          246
     509          254
     510          255
     511          265
     512          250
     513          232
     514          253
     515          258
     516          264
     517          242
     518          244
     519          237
     520          265
     521          261
     522          242
     523          245
     524          256
     525          261
     526          248
     527          260
     528          240
     529          253
     530          253
     531          262
     532          253
     533          253
     534          229
     535          260
     536          252
     537          266
     538          236
     539          265
     540          259
     541          247
     542          267
     543          264
     544          248
     545          239
     546          240
     547          251
     548          256
     549          247
     550          249
     551          246
     552          251
     553          250
     554          240
     555          256
     556          262
     557          257
     558          248
     559          260
     560          259
     561          252
     562          241
     563          247
     564          242
     565          243
     566          260
     567          238
     568          260
     569          246
     570          259
     571          268
     572          266
     573          269
     574          255
     575          248
     576          252
     577          253
     578          261
     579          267
     580          240
     581          258
     582          260
     583          267
     584          252
     585          259
     586          241
     587          249
     588          248
     589          265
     590          267
     591          265
     592          247
     593          248
     594          245
     595          246
     596          266
     597          235
     598          254
     599          250
     600          227
     601          268
     602          223
     603          245
     604          250
     605          243
     606          253
     607          260
     608          242
     609          258
     610          263
     611          248
     612          252
     613          240
     614          256
     615          244
     616          263
     617          249
     618          243
     619          257
     620          242
     621          247
     622          255
     623          252
     624          255
     625          238
     626          258
     627          247
     628          262
     629          235
     630          259
     631          245
     632          249
     633          239
     634          252
     635          259
     636          248
     637          254
     638          260
     639          236
     640          256
     641          239
     642          236
     643          250
     644          263
     645          247
     646          261
     647          240
     648          235
     649          234
     650          255
     651          236
     652          268
     653          249
     654          253
     655          264
     656          260
     657          259
     658          239
     659          248
     660          243
     661          263
     662          249
     663          252
     664          247
     665          244
     666          267
     667          250
     668          251
     669          261
     670          225
     671          252
     672          255
     673          254
     674          241
     675          250
     676          265
     677          266
     678          239
     679          244
     680          227
     681          250
     682          246
     683          262
     684          258
     685          250
     686          233
     687          251
     688          245
     689          239
     690          246
     691          248
     692          240
     693          235
     694          250
     695          262
     696          245
     697          260
     698          235
     699          242
     700          245
