# Frame Contacts
3000 26
3001 25
3002 22
3003 14
3004 20
3005 15
3006 16
3007 19
3008 18
3009 16
3010 15
3011 8
3012 21
3013 22
3014 18
3015 23
3016 19
3017 20
3018 19
3019 19
3020 22
3021 13
3022 17
3023 21
3024 12
3025 24
3026 17
3027 15
3028 18
3029 22
3030 23
3031 26
3032 21
3033 31
3034 34
3035 33
3036 18
3037 20
3038 18
3039 27
3040 28
3041 39
3042 42
3043 25
3044 33
3045 20
3046 14
3047 18
3048 17
3049 25
3050 20
3051 28
3052 22
3053 21
3054 26
3055 23
3056 20
3057 13
3058 27
3059 19
3060 20
3061 32
3062 20
3063 16
3064 16
3065 21
3066 14
3067 19
3068 27
3069 21
3070 18
3071 14
3072 17
3073 24
3074 22
3075 30
3076 32
3077 22
3078 21
3079 16
3080 29
3081 20
3082 25
3083 25
3084 16
3085 20
3086 26
3087 25
3088 20
3089 20
3090 29
3091 16
3092 15
3093 21
3094 27
3095 17
3096 14
3097 15
3098 18
3099 21
3100 22
3101 22
3102 23
3103 17
3104 25
3105 19
3106 17
3107 24
3108 27
3109 22
3110 19
3111 24
3112 22
3113 22
3114 24
3115 21
3116 20
3117 24
3118 21
3119 19
3120 22
3121 17
3122 22
3123 22
3124 23
3125 24
3126 26
3127 22
3128 22
3129 18
3130 20
3131 17
3132 21
3133 23
3134 24
3135 23
3136 28
3137 21
3138 23
3139 21
3140 22
3141 16
3142 23
3143 21
3144 23
3145 18
3146 16
3147 19
3148 24
3149 23
3150 17
3151 20
3152 25
3153 15
3154 18
3155 18
3156 12
3157 17
3158 18
3159 24
3160 26
3161 21
3162 26
3163 28
3164 19
3165 31
3166 22
3167 19
3168 25
3169 23
3170 25
3171 16
3172 22
3173 23
3174 22
3175 24
3176 26
3177 24
3178 25
3179 25
3180 21
3181 24
3182 26
3183 25
3184 26
3185 24
3186 20
3187 20
3188 24
3189 27
3190 18
3191 20
3192 19
3193 18
3194 14
3195 16
3196 19
3197 23
3198 23
3199 23
3200 23
3201 19
3202 16
3203 17
3204 20
3205 18
3206 20
3207 26
3208 17
3209 23
3210 22
3211 32
3212 41
3213 23
3214 27
3215 28
3216 33
3217 28
3218 32
3219 18
3220 29
3221 33
3222 22
3223 29
3224 28
3225 22
3226 37
3227 28
3228 34
3229 29
3230 29
3231 26
3232 23
3233 22
3234 26
3235 19
3236 22
3237 23
3238 20
3239 28
3240 28
3241 25
3242 31
3243 18
3244 20
3245 16
3246 18
3247 17
3248 20
3249 15
3250 15
3251 15
3252 21
3253 14
3254 18
3255 23
3256 18
3257 17
3258 31
3259 24
3260 18
3261 21
3262 13
3263 20
3264 19
3265 19
3266 17
3267 22
3268 20
3269 31
3270 23
3271 22
3272 19
3273 20
3274 15
3275 28
3276 20
3277 27
3278 27
3279 23
3280 22
3281 21
3282 24
3283 22
3284 24
3285 17
3286 31
3287 24
3288 26
3289 24
3290 27
3291 29
3292 25
3293 22
3294 27
3295 22
3296 21
3297 17
3298 14
3299 26
3300 23
3301 20
3302 24
3303 23
3304 24
3305 25
3306 29
3307 27
3308 21
3309 19
3310 17
3311 16
3312 17
3313 21
3314 21
3315 22
3316 20
3317 17
3318 17
3319 24
3320 34
3321 17
3322 25
3323 21
3324 26
3325 19
3326 24
3327 22
3328 26
3329 20
3330 22
3331 36
3332 23
3333 25
3334 20
3335 20
3336 19
3337 17
3338 22
3339 22
3340 26
3341 17
3342 22
3343 21
3344 32
3345 31
3346 22
3347 32
3348 25
3349 20
3350 27
3351 25
3352 33
3353 28
3354 15
3355 20
3356 25
3357 20
3358 34
3359 28
3360 21
3361 29
3362 24
3363 26
3364 23
3365 24
3366 26
3367 28
3368 31
3369 29
3370 23
3371 31
3372 24
3373 32
3374 21
3375 30
3376 32
3377 23
3378 22
3379 26
3380 28
3381 26
3382 21
3383 30
3384 26
3385 29
3386 23
3387 35
3388 23
3389 26
3390 29
3391 23
3392 17
3393 35
3394 35
3395 30
3396 26
3397 29
3398 31
3399 27
3400 25
3401 26
3402 33
3403 26
3404 31
3405 29
3406 32
3407 23
3408 36
3409 32
3410 24
3411 28
3412 26
3413 21
3414 25
3415 21
3416 23
3417 27
3418 29
3419 24
3420 29
3421 20
3422 26
3423 20
3424 28
3425 22
3426 24
3427 28
3428 33
3429 32
3430 25
3431 29
3432 31
3433 26
3434 25
3435 27
3436 26
3437 26
3438 29
3439 18
3440 27
3441 29
3442 25
3443 23
3444 15
3445 17
3446 23
3447 25
3448 17
3449 20
3450 17
3451 15
3452 25
3453 19
3454 27
3455 21
3456 24
3457 23
3458 31
3459 30
3460 23
3461 22
3462 26
3463 23
3464 30
3465 34
3466 25
3467 26
3468 28
3469 24
3470 26
3471 33
3472 21
3473 28
3474 26
3475 27
3476 25
3477 20
3478 25
3479 18
3480 17
3481 18
3482 23
3483 28
3484 31
3485 27
3486 31
3487 28
3488 28
3489 22
3490 27
3491 21
3492 21
3493 20
3494 28
3495 25
3496 33
3497 25
3498 20
3499 24
3500 25
3501 34
3502 35
3503 28
3504 28
3505 23
3506 25
3507 20
3508 14
3509 24
3510 25
3511 29
3512 25
3513 23
3514 21
3515 25
3516 18
3517 25
3518 28
3519 21
3520 19
3521 23
3522 24
3523 24
3524 29
3525 29
3526 32
3527 32
3528 35
3529 32
3530 31
3531 26
3532 28
3533 33
3534 37
3535 32
3536 27
3537 30
3538 30
3539 31
3540 23
3541 31
3542 26
3543 32
3544 25
3545 25
3546 32
3547 26
3548 34
3549 33
3550 32
3551 30
3552 36
3553 23
3554 31
3555 26
3556 30
3557 28
3558 31
3559 33
3560 29
3561 30
3562 32
3563 30
3564 35
3565 35
3566 26
3567 29
3568 34
3569 37
3570 33
3571 26
3572 33
3573 26
3574 24
3575 29
3576 30
3577 32
3578 25
3579 16
3580 20
3581 31
3582 27
3583 25
3584 26
3585 33
3586 27
3587 34
3588 26
3589 29
3590 34
3591 20
3592 32
3593 35
3594 18
3595 29
3596 27
3597 25
3598 23
3599 27
3600 19
3601 34
3602 31
3603 24
3604 29
3605 32
3606 21
3607 30
3608 21
3609 21
3610 21
3611 26
3612 18
3613 22
3614 17
3615 15
3616 20
3617 11
3618 14
3619 17
3620 18
3621 8
3622 18
3623 18
3624 23
3625 11
3626 16
3627 18
3628 16
3629 18
3630 14
3631 18
3632 18
3633 18
3634 16
3635 22
3636 16
3637 15
3638 17
3639 20
3640 11
3641 19
3642 17
3643 17
3644 12
3645 15
3646 22
3647 18
3648 19
3649 12
3650 15
3651 19
3652 16
3653 9
3654 17
3655 15
3656 16
3657 21
3658 12
3659 17
3660 14
3661 17
3662 13
3663 17
3664 15
3665 17
3666 16
3667 25
3668 18
3669 19
3670 16
3671 13
3672 16
3673 16
3674 13
3675 18
3676 21
3677 15
3678 16
3679 18
3680 16
3681 16
3682 21
3683 16
3684 16
3685 16
3686 23
3687 20
3688 13
3689 17
3690 19
3691 15
3692 18
3693 17
3694 20
3695 14
3696 14
3697 16
3698 26
3699 9
3700 18
3701 23
3702 15
3703 14
3704 15
3705 11
3706 11
3707 11
3708 8
3709 15
3710 15
3711 18
3712 9
3713 22
3714 10
3715 14
3716 15
3717 12
3718 9
3719 15
3720 13
3721 17
3722 20
3723 20
3724 16
3725 12
3726 25
3727 21
3728 13
3729 12
3730 10
3731 16
3732 17
3733 18
3734 17
3735 16
3736 13
3737 15
3738 7
3739 17
3740 14
3741 14
3742 19
3743 16
3744 14
3745 13
3746 17
3747 16
3748 16
3749 16
3750 15
3751 15
3752 11
3753 20
3754 15
3755 11
3756 10
3757 17
3758 24
3759 11
3760 11
3761 9
3762 18
3763 18
3764 16
3765 12
3766 13
3767 14
3768 17
3769 17
3770 13
3771 13
3772 17
3773 17
3774 15
3775 12
3776 15
3777 16
3778 20
3779 18
3780 18
3781 17
3782 17
3783 17
3784 20
3785 14
3786 23
3787 22
3788 21
3789 23
3790 17
3791 25
3792 26
3793 25
3794 24
3795 23
3796 15
3797 23
3798 17
3799 14
3800 15
3801 12
3802 14
3803 14
3804 17
3805 20
3806 18
3807 14
3808 8
3809 25
3810 23
3811 18
3812 22
3813 17
3814 17
3815 18
3816 24
3817 22
3818 14
3819 23
3820 17
3821 21
3822 20
3823 22
3824 25
3825 28
3826 19
3827 32
3828 20
3829 29
3830 30
3831 28
3832 27
3833 34
3834 30
3835 25
3836 25
3837 21
3838 26
3839 29
3840 27
3841 26
3842 27
3843 25
3844 22
3845 23
3846 25
3847 24
3848 17
3849 21
3850 21
3851 18
3852 22
3853 23
3854 23
3855 25
3856 27
3857 18
3858 17
3859 23
3860 24
3861 31
3862 27
3863 23
3864 21
3865 37
3866 26
3867 27
3868 15
3869 21
3870 21
3871 26
3872 27
3873 21
3874 22
3875 19
3876 20
3877 24
3878 24
3879 33
3880 29
3881 24
3882 18
3883 25
3884 15
3885 15
3886 24
3887 14
3888 24
3889 18
3890 18
3891 20
3892 24
3893 18
3894 22
3895 26
3896 23
3897 21
3898 27
3899 28
3900 25
3901 24
3902 21
3903 21
3904 24
3905 30
3906 30
3907 24
3908 26
3909 20
3910 28
3911 27
3912 30
3913 26
3914 25
3915 21
3916 27
3917 22
3918 26
3919 30
3920 30
3921 22
3922 30
3923 32
3924 37
3925 28
3926 29
3927 23
3928 28
3929 31
3930 28
3931 34
3932 37
3933 30
3934 35
3935 31
3936 19
3937 26
3938 29
3939 31
3940 27
3941 25
3942 37
3943 39
3944 32
3945 28
3946 36
3947 42
3948 36
3949 34
3950 41
3951 33
3952 30
3953 27
3954 31
3955 28
3956 26
3957 27
3958 34
3959 34
3960 18
3961 21
3962 23
3963 35
3964 38
3965 31
3966 24
3967 33
3968 27
3969 22
3970 34
3971 30
3972 30
3973 23
3974 22
3975 26
3976 25
3977 20
3978 25
3979 29
3980 20
3981 26
3982 22
3983 20
3984 25
3985 27
3986 23
3987 24
3988 30
3989 21
3990 34
3991 27
3992 30
3993 29
3994 30
3995 20
3996 29
3997 34
3998 21
3999 25
4000 29
4001 42
4002 33
4003 35
4004 31
4005 29
4006 21
4007 26
4008 44
4009 32
4010 37
4011 31
4012 30
4013 36
4014 27
4015 39
4016 29
4017 37
4018 33
4019 31
4020 30
4021 36
4022 35
4023 25
4024 28
4025 26
4026 34
4027 25
4028 28
4029 33
4030 35
4031 27
4032 36
4033 26
4034 28
4035 28
4036 34
4037 29
4038 28
4039 38
4040 32
4041 21
4042 24
4043 28
4044 28
4045 30
4046 24
4047 21
4048 31
4049 27
4050 24
4051 17
4052 26
4053 38
4054 26
4055 25
4056 29
4057 23
4058 19
4059 29
4060 25
4061 22
4062 29
4063 30
4064 25
4065 25
4066 28
4067 22
4068 28
4069 31
4070 24
4071 30
4072 27
4073 29
4074 32
4075 25
4076 31
4077 26
4078 25
4079 10
4080 25
4081 21
4082 30
4083 28
4084 33
4085 38
4086 33
4087 23
4088 29
4089 27
4090 25
4091 31
4092 37
4093 32
4094 20
4095 32
4096 31
4097 30
4098 26
4099 33
4100 36
4101 30
4102 27
4103 23
4104 25
4105 24
4106 28
4107 24
4108 32
4109 27
4110 27
4111 31
4112 30
4113 31
4114 26
4115 24
4116 22
4117 26
4118 23
4119 25
4120 23
4121 14
4122 17
4123 23
4124 26
4125 30
4126 28
4127 15
4128 24
4129 25
4130 18
4131 19
4132 18
4133 23
4134 24
4135 17
4136 20
4137 20
4138 29
4139 22
4140 18
4141 18
4142 31
4143 34
4144 30
4145 29
4146 23
4147 24
4148 29
4149 22
4150 26
4151 17
4152 27
4153 21
4154 19
4155 23
4156 24
4157 23
4158 27
4159 29
4160 24
4161 36
4162 33
4163 29
4164 31
4165 35
4166 28
4167 39
4168 25
4169 30
4170 28
4171 31
4172 29
4173 28
4174 29
4175 30
4176 27
4177 24
4178 27
4179 26
4180 24
4181 26
4182 23
4183 22
4184 25
4185 27
4186 25
4187 27
4188 25
4189 27
4190 26
4191 30
4192 27
4193 35
4194 30
4195 23
4196 32
4197 37
4198 22
4199 36
4200 28
4201 32
4202 30
4203 30
4204 28
4205 27
4206 28
4207 24
4208 24
4209 25
4210 31
4211 24
4212 21
4213 32
4214 34
4215 35
4216 29
4217 36
4218 27
4219 42
4220 37
4221 28
4222 24
4223 39
4224 32
4225 37
4226 33
4227 28
4228 41
4229 32
4230 34
4231 29
4232 31
4233 33
4234 29
4235 27
4236 27
4237 21
4238 28
4239 31
4240 39
4241 33
4242 24
4243 31
4244 30
4245 32
4246 33
4247 37
4248 31
4249 33
4250 34
4251 27
4252 25
4253 30
4254 30
4255 33
4256 25
4257 33
4258 18
4259 27
4260 28
4261 28
4262 26
4263 25
4264 25
4265 27
4266 27
4267 22
4268 23
4269 24
4270 25
4271 34
4272 30
4273 22
4274 23
4275 18
4276 20
4277 28
4278 32
4279 26
4280 26
4281 30
4282 33
4283 27
4284 24
4285 30
4286 33
4287 29
4288 27
4289 25
4290 27
4291 27
4292 22
4293 29
4294 38
4295 28
4296 25
4297 23
4298 18
4299 26
4300 25
4301 28
4302 31
4303 26
4304 22
4305 39
4306 27
4307 29
4308 26
4309 29
4310 27
4311 28
4312 26
4313 31
4314 25
4315 33
4316 29
4317 24
4318 27
4319 37
4320 30
4321 30
4322 27
4323 33
4324 30
4325 27
4326 36
4327 21
4328 31
4329 28
4330 29
4331 28
4332 30
4333 31
4334 20
4335 38
4336 26
4337 29
4338 25
4339 26
4340 33
4341 31
4342 32
4343 33
4344 26
4345 26
4346 25
4347 27
4348 30
4349 32
4350 28
4351 33
4352 30
4353 26
4354 23
4355 27
4356 27
4357 27
4358 28
4359 28
4360 30
4361 22
4362 23
4363 23
4364 25
4365 22
4366 20
4367 18
4368 24
4369 27
4370 16
4371 21
4372 20
4373 27
4374 23
4375 13
4376 19
4377 18
4378 20
4379 16
4380 21
4381 19
4382 19
4383 16
4384 15
4385 19
4386 28
4387 26
4388 29
4389 21
4390 18
4391 20
4392 17
4393 13
4394 18
4395 14
4396 12
4397 12
4398 13
4399 15
4400 18
4401 16
4402 14
4403 19
4404 19
4405 15
4406 17
4407 19
4408 23
4409 16
4410 19
4411 23
4412 20
4413 15
4414 20
4415 14
4416 16
4417 16
4418 20
4419 17
4420 23
4421 15
4422 19
4423 14
4424 22
4425 29
4426 21
4427 19
4428 21
4429 20
4430 21
4431 17
4432 18
4433 15
4434 18
4435 21
4436 19
4437 24
4438 20
4439 27
4440 21
4441 17
4442 16
4443 17
4444 21
4445 18
4446 18
4447 23
4448 13
4449 20
4450 18
4451 20
4452 17
4453 20
4454 21
4455 19
4456 17
4457 29
4458 21
4459 14
4460 21
4461 27
4462 24
4463 18
4464 18
4465 19
4466 21
4467 19
4468 16
4469 19
4470 17
4471 19
4472 17
4473 16
4474 15
4475 18
4476 22
4477 23
4478 22
4479 20
4480 16
4481 18
4482 20
4483 18
4484 17
4485 11
4486 23
4487 21
4488 24
4489 20
4490 18
4491 19
4492 20
4493 21
4494 16
4495 22
4496 14
4497 16
4498 21
4499 24
4500 19
4501 17
4502 23
4503 19
4504 22
4505 20
4506 19
4507 27
4508 22
4509 23
4510 20
4511 21
4512 21
4513 20
4514 18
4515 25
4516 18
4517 22
4518 20
4519 19
4520 17
4521 23
4522 21
4523 23
4524 23
4525 17
4526 29
4527 19
4528 23
4529 22
4530 16
4531 19
4532 30
4533 22
4534 28
4535 27
4536 25
4537 28
4538 33
4539 23
4540 24
4541 16
4542 18
4543 19
4544 22
4545 15
4546 28
4547 20
4548 26
4549 19
4550 15
4551 18
4552 22
4553 28
4554 15
4555 14
4556 27
4557 17
4558 16
4559 25
4560 24
4561 22
4562 24
4563 23
4564 24
4565 26
4566 23
4567 14
4568 18
4569 27
4570 17
4571 28
4572 25
4573 26
4574 24
4575 33
4576 22
4577 21
4578 24
4579 25
4580 27
4581 21
4582 24
4583 27
4584 21
4585 28
4586 30
4587 20
4588 25
4589 22
4590 18
4591 32
4592 27
4593 29
4594 28
4595 25
4596 20
4597 19
4598 26
4599 23
4600 23
4601 23
4602 20
4603 30
4604 37
4605 27
4606 18
4607 31
4608 26
4609 26
4610 24
4611 27
4612 30
4613 23
4614 22
4615 24
4616 33
4617 28
4618 34
4619 29
4620 23
4621 23
4622 32
4623 32
4624 36
4625 33
4626 22
4627 27
4628 22
4629 29
4630 27
4631 20
4632 24
4633 26
4634 27
4635 34
4636 28
4637 25
4638 36
4639 28
4640 27
4641 26
4642 25
4643 30
4644 28
4645 34
4646 20
4647 26
4648 27
4649 24
4650 22
4651 27
4652 26
4653 30
4654 22
4655 28
4656 27
4657 26
4658 25
4659 25
4660 26
4661 20
4662 30
4663 26
4664 31
4665 27
4666 26
4667 30
4668 22
4669 29
4670 29
4671 21
4672 23
4673 25
4674 27
4675 26
4676 25
4677 23
4678 28
4679 23
4680 30
4681 29
4682 28
4683 26
4684 28
4685 25
4686 27
4687 25
4688 32
4689 23
4690 29
4691 31
4692 37
4693 25
4694 29
4695 15
4696 17
4697 24
4698 24
4699 24
4700 28
4701 22
4702 28
4703 21
4704 19
4705 30
4706 24
4707 24
4708 25
4709 41
4710 33
4711 29
4712 28
4713 21
4714 25
4715 32
4716 30
4717 22
4718 27
4719 23
4720 26
4721 24
4722 27
4723 28
4724 25
4725 26
4726 34
4727 35
4728 29
4729 26
4730 34
4731 26
4732 30
4733 33
4734 28
4735 27
4736 29
4737 28
4738 28
4739 23
4740 25
4741 31
4742 32
4743 28
4744 37
4745 34
4746 24
4747 28
4748 25
4749 30
4750 31
4751 25
4752 27
4753 24
4754 23
4755 28
4756 40
4757 29
4758 27
4759 25
4760 21
4761 18
4762 17
4763 19
4764 18
4765 22
4766 18
4767 24
4768 23
4769 25
4770 20
4771 30
4772 19
4773 26
4774 25
4775 16
4776 19
4777 25
4778 30
4779 23
4780 27
4781 26
4782 28
4783 23
4784 17
4785 30
4786 24
4787 28
4788 29
4789 24
4790 27
4791 31
4792 25
4793 29
4794 27
4795 28
4796 20
4797 19
4798 38
4799 18
4800 23
4801 31
4802 35
4803 24
4804 25
4805 28
4806 32
4807 24
4808 27
4809 26
4810 25
4811 26
4812 24
4813 37
4814 37
4815 33
4816 25
4817 27
4818 30
4819 26
4820 24
4821 27
4822 21
4823 36
4824 32
4825 33
4826 41
4827 28
4828 32
4829 22
4830 22
4831 26
4832 24
4833 22
4834 35
4835 23
4836 28
4837 38
4838 35
4839 29
4840 30
4841 27
4842 27
4843 32
4844 37
4845 20
4846 21
4847 28
4848 23
4849 34
4850 24
4851 23
4852 17
4853 22
4854 26
4855 22
4856 21
4857 22
4858 26
4859 22
4860 30
4861 23
4862 26
4863 34
4864 34
4865 26
4866 31
4867 28
4868 25
4869 20
4870 14
4871 16
4872 24
4873 24
4874 18
4875 25
4876 18
4877 22
4878 20
4879 18
4880 15
4881 14
4882 18
4883 19
4884 16
4885 18
4886 22
4887 18
4888 24
4889 17
4890 20
4891 15
4892 19
4893 21
4894 23
4895 21
4896 13
4897 20
4898 13
4899 18
4900 19
4901 16
4902 22
4903 20
4904 22
4905 22
4906 19
4907 20
4908 20
4909 21
4910 15
4911 23
4912 19
4913 18
4914 19
4915 18
4916 17
4917 13
4918 23
4919 19
4920 23
4921 13
4922 14
4923 21
4924 18
4925 16
4926 23
4927 24
4928 17
4929 18
4930 24
4931 23
4932 21
4933 19
4934 18
4935 19
4936 18
4937 23
4938 20
4939 17
4940 19
4941 22
4942 18
4943 15
4944 21
4945 22
4946 18
4947 26
4948 23
4949 24
4950 28
4951 24
4952 35
4953 28
4954 26
4955 30
4956 26
4957 31
4958 32
4959 31
4960 28
4961 32
4962 19
4963 17
4964 19
4965 16
4966 16
4967 20
4968 21
4969 16
4970 16
4971 18
4972 17
4973 21
4974 17
4975 19
4976 25
4977 19
4978 15
4979 22
4980 18
4981 25
4982 19
4983 24
4984 20
4985 18
4986 19
4987 20
4988 24
4989 22
4990 18
4991 16
4992 15
4993 21
4994 25
4995 18
4996 16
4997 18
4998 19
4999 19
5000 19
5001 18
5002 29
5003 22
5004 19
5005 17
5006 22
5007 20
5008 26
5009 23
5010 16
5011 16
5012 17
5013 32
5014 13
5015 18
5016 17
5017 20
5018 22
5019 17
5020 24
5021 21
5022 22
5023 27
5024 23
5025 21
5026 23
5027 19
5028 25
5029 22
5030 21
5031 16
5032 20
5033 20
5034 22
5035 17
5036 17
5037 13
5038 17
5039 16
5040 8
5041 9
5042 19
5043 23
5044 22
5045 23
5046 23
5047 14
5048 19
5049 23
5050 16
5051 22
5052 10
5053 13
5054 23
5055 19
5056 28
5057 13
5058 21
5059 27
5060 32
5061 30
5062 23
5063 22
5064 18
5065 24
5066 32
5067 20
5068 27
5069 26
5070 28
5071 25
5072 27
5073 17
5074 22
5075 33
5076 35
5077 28
5078 26
5079 23
5080 19
5081 17
5082 25
5083 22
5084 26
5085 23
5086 23
5087 22
5088 27
5089 19
5090 21
5091 30
5092 25
5093 19
5094 15
5095 13
5096 13
5097 20
5098 19
5099 16
5100 25
5101 20
5102 19
5103 25
5104 24
5105 18
5106 19
5107 23
5108 19
5109 22
5110 25
5111 24
5112 28
5113 25
5114 26
5115 27
5116 27
5117 28
5118 25
5119 26
5120 23
5121 30
5122 36
5123 24
5124 25
5125 22
5126 28
5127 26
5128 24
5129 25
5130 27
5131 29
5132 30
5133 26
5134 27
5135 23
5136 23
5137 22
5138 26
5139 30
5140 28
5141 22
5142 25
5143 25
5144 22
5145 22
5146 29
5147 24
5148 28
5149 24
5150 25
5151 23
5152 27
5153 27
5154 22
5155 24
5156 27
5157 25
5158 23
5159 25
5160 24
5161 24
5162 18
5163 19
5164 25
5165 14
5166 16
5167 14
5168 15
5169 18
5170 19
5171 16
5172 14
5173 20
5174 19
5175 21
5176 17
5177 21
5178 14
5179 25
5180 25
5181 20
5182 24
5183 20
5184 18
5185 19
5186 21
5187 25
5188 18
5189 20
5190 18
5191 22
5192 19
5193 18
5194 17
5195 22
5196 15
5197 25
5198 19
5199 18
5200 20
5201 16
5202 21
5203 22
5204 21
5205 20
5206 25
5207 20
5208 15
5209 22
5210 22
5211 18
5212 13
5213 19
5214 21
5215 23
5216 27
5217 25
5218 13
5219 18
5220 13
5221 21
5222 19
5223 17
5224 21
5225 19
5226 17
5227 15
5228 17
5229 21
5230 16
5231 27
5232 18
5233 19
5234 21
5235 19
5236 19
5237 21
5238 22
5239 21
5240 19
5241 26
5242 17
5243 17
5244 25
5245 20
5246 19
5247 15
5248 17
5249 18
5250 27
5251 26
5252 22
5253 21
5254 20
5255 16
5256 20
5257 22
5258 18
5259 21
5260 24
5261 20
5262 18
5263 20
5264 18
5265 23
5266 20
5267 20
5268 23
5269 22
5270 16
5271 23
5272 22
5273 27
5274 18
5275 23
5276 19
5277 19
5278 23
5279 25
5280 21
5281 16
5282 24
5283 22
5284 15
5285 20
5286 20
5287 9
5288 21
5289 21
5290 19
5291 17
5292 19
5293 25
5294 18
5295 17
5296 26
5297 19
5298 18
5299 17
5300 22
5301 22
5302 19
5303 18
5304 23
5305 18
5306 22
5307 15
5308 26
5309 16
5310 16
5311 25
5312 20
5313 17
5314 15
5315 20
5316 18
5317 16
5318 20
5319 18
5320 15
5321 20
5322 14
5323 21
5324 20
5325 20
5326 17
5327 21
5328 28
5329 22
5330 32
5331 25
5332 20
5333 27
5334 19
5335 24
5336 17
5337 26
5338 17
5339 18
5340 20
5341 21
5342 26
5343 21
5344 17
5345 18
5346 18
5347 17
5348 20
5349 17
5350 23
5351 14
5352 23
5353 18
5354 20
5355 23
5356 26
5357 21
5358 30
5359 16
5360 26
5361 24
5362 10
5363 23
5364 22
5365 19
5366 17
5367 19
5368 23
5369 26
5370 30
5371 21
5372 16
5373 18
5374 15
5375 19
5376 23
5377 15
5378 19
5379 25
5380 23
5381 16
5382 15
5383 27
5384 17
5385 17
5386 29
5387 22
5388 22
5389 25
5390 20
5391 22
5392 15
5393 26
5394 25
5395 25
5396 21
5397 23
5398 21
5399 26
5400 30
5401 21
5402 24
5403 29
5404 22
5405 18
5406 18
5407 13
5408 20
5409 15
5410 15
5411 18
5412 15
5413 10
5414 22
5415 8
5416 6
5417 17
5418 3
5419 14
5420 15
5421 12
5422 7
5423 11
5424 10
5425 8
5426 2
5427 15
5428 8
5429 7
5430 9
5431 9
5432 15
5433 15
5434 16
5435 12
5436 12
5437 18
5438 15
5439 17
5440 8
5441 9
5442 14
5443 14
5444 16
5445 12
5446 20
5447 11
5448 14
5449 13
5450 6
5451 4
5452 6
5453 4
5454 16
5455 6
5456 3
5457 11
5458 9
5459 7
5460 4
5461 11
5462 16
5463 5
5464 11
5465 11
5466 10
5467 12
5468 10
5469 9
5470 15
5471 16
5472 17
5473 23
5474 18
5475 8
5476 8
5477 1
5478 5
5479 1
5480 3
5481 10
5482 5
5483 1
5484 6
5485 4
5486 5
5487 12
5488 3
5489 1
5490 0
5491 0
5492 0
5493 0
5494 0
5495 0
5496 1
5497 0
5498 0
5499 6
5500 5
5501 5
5502 4
5503 1
5504 11
5505 16
5506 18
5507 19
5508 22
5509 14
5510 17
5511 23
5512 19
5513 16
5514 16
5515 26
5516 21
5517 24
5518 12
5519 10
5520 7
5521 2
5522 7
5523 2
5524 17
5525 8
5526 10
5527 12
5528 16
5529 7
5530 16
5531 11
5532 11
5533 13
5534 13
5535 12
5536 15
5537 13
5538 19
5539 13
5540 13
5541 4
5542 12
5543 13
5544 14
5545 12
5546 18
5547 17
5548 17
5549 16
5550 10
5551 13
5552 18
5553 20
5554 22
5555 15
5556 14
5557 22
5558 12
5559 13
5560 18
5561 20
5562 23
5563 24
5564 19
5565 6
5566 4
5567 7
5568 9
5569 9
5570 13
5571 11
5572 2
5573 9
5574 7
5575 8
5576 2
5577 10
5578 10
5579 12
5580 7
5581 9
5582 6
5583 12
5584 0
5585 0
5586 4
5587 5
5588 6
5589 8
5590 13
5591 12
5592 11
5593 13
5594 2
5595 15
5596 15
5597 18
5598 18
5599 17
5600 15
5601 18
5602 19
5603 1
5604 11
5605 17
5606 13
5607 15
5608 16
5609 16
5610 22
5611 7
5612 19
5613 10
5614 16
5615 13
5616 18
5617 11
5618 15
5619 14
5620 17
5621 18
5622 12
5623 13
5624 13
5625 19
5626 14
5627 15
5628 12
5629 12
5630 10
5631 14
5632 8
5633 17
5634 18
5635 15
5636 13
5637 8
5638 11
5639 12
5640 15
5641 15
5642 12
5643 16
5644 12
5645 13
5646 10
5647 17
5648 15
5649 16
5650 0
5651 0
5652 1
5653 6
5654 13
5655 17
5656 16
5657 13
5658 8
5659 3
5660 14
5661 14
5662 13
5663 15
5664 12
5665 13
5666 16
5667 15
5668 13
5669 14
5670 14
5671 3
5672 9
5673 18
5674 15
5675 10
5676 10
5677 8
5678 9
5679 6
5680 13
5681 13
5682 13
5683 10
5684 13
5685 8
5686 11
5687 6
5688 13
5689 12
5690 12
5691 17
5692 11
5693 12
5694 8
5695 10
5696 10
5697 10
5698 5
5699 11
5700 15
5701 11
5702 16
5703 6
5704 8
5705 6
5706 8
5707 10
5708 6
5709 1
5710 2
5711 0
5712 7
5713 6
5714 8
5715 6
5716 9
5717 2
5718 8
5719 8
5720 8
5721 8
5722 10
5723 9
5724 10
5725 8
5726 7
5727 7
5728 13
5729 11
5730 8
5731 11
5732 14
5733 1
5734 9
5735 6
5736 5
5737 7
5738 12
5739 5
5740 5
5741 8
5742 4
5743 9
5744 8
5745 8
5746 8
5747 9
5748 0
5749 9
5750 9
5751 3
5752 7
5753 6
5754 8
5755 7
5756 7
5757 8
5758 10
5759 9
5760 13
5761 10
5762 8
5763 7
5764 11
5765 13
5766 2
5767 13
5768 8
5769 6
5770 9
5771 2
5772 7
5773 9
5774 11
5775 14
5776 17
5777 9
5778 9
5779 10
5780 9
5781 12
5782 10
5783 8
5784 8
5785 7
5786 10
5787 11
5788 9
5789 10
5790 6
5791 10
5792 12
5793 8
5794 7
5795 9
5796 6
5797 10
5798 8
5799 7
5800 9
5801 10
5802 10
5803 15
5804 11
5805 8
5806 7
5807 13
5808 16
5809 14
5810 15
5811 20
5812 14
5813 13
5814 15
5815 3
5816 15
5817 12
5818 7
5819 17
5820 18
5821 16
5822 8
5823 8
5824 11
5825 13
5826 17
5827 15
5828 17
5829 11
5830 20
5831 13
5832 13
5833 10
5834 10
5835 4
5836 12
5837 15
5838 13
5839 15
5840 14
5841 11
5842 18
5843 4
5844 10
5845 8
5846 7
5847 10
5848 8
5849 10
5850 15
5851 16
5852 8
5853 9
5854 11
5855 18
5856 13
5857 8
5858 7
5859 14
5860 18
5861 8
5862 18
5863 15
5864 3
5865 8
5866 10
5867 8
5868 11
5869 2
5870 5
5871 6
5872 4
5873 7
5874 9
5875 16
5876 7
5877 8
5878 1
5879 0
5880 8
5881 9
5882 8
5883 17
5884 16
5885 17
5886 9
5887 11
5888 12
5889 12
5890 17
5891 10
5892 8
5893 11
5894 3
5895 5
5896 4
5897 7
5898 8
5899 12
5900 10
5901 7
5902 9
5903 9
5904 8
5905 16
5906 5
5907 5
5908 1
5909 8
5910 15
5911 10
5912 14
5913 13
5914 18
5915 15
5916 12
5917 13
5918 9
5919 4
5920 2
5921 8
5922 6
5923 19
5924 22
5925 11
5926 19
5927 9
5928 15
5929 21
5930 13
5931 6
5932 0
5933 2
5934 14
5935 26
5936 7
5937 6
5938 13
5939 19
5940 18
5941 20
5942 23
5943 16
5944 19
5945 23
5946 19
5947 22
5948 18
5949 19
5950 20
5951 14
5952 19
5953 18
5954 17
5955 18
5956 16
5957 17
5958 19
5959 16
5960 18
5961 19
5962 18
5963 23
5964 15
5965 20
5966 17
5967 26
5968 15
5969 5
5970 21
5971 16
5972 17
5973 23
5974 23
5975 24
5976 13
5977 15
5978 19
5979 23
5980 26
5981 22
5982 17
5983 17
5984 14
5985 17
5986 19
5987 16
5988 11
5989 17
5990 22
5991 12
5992 17
5993 13
5994 30
5995 23
5996 33
5997 31
5998 26
5999 31
6000 15
6001 21
6002 20
6003 27
6004 19
6005 35
6006 27
6007 17
6008 24
6009 19
6010 15
6011 18
6012 32
6013 24
6014 27
6015 18
6016 26
6017 18
6018 17
6019 14
6020 19
6021 20
6022 16
6023 13
6024 21
6025 25
6026 22
6027 19
6028 19
6029 29
6030 18
6031 19
6032 22
6033 21
6034 24
6035 24
6036 33
6037 27
6038 27
6039 25
6040 27
6041 21
6042 39
6043 30
6044 24
6045 21
6046 24
6047 37
6048 28
6049 29
6050 26
6051 23
6052 24
6053 28
6054 25
6055 25
6056 22
6057 24
6058 28
6059 28
6060 23
6061 29
6062 26
6063 24
6064 33
6065 32
6066 25
6067 28
6068 26
6069 23
6070 26
6071 23
6072 26
6073 28
6074 27
6075 27
6076 26
6077 28
6078 29
6079 31
6080 25
6081 28
6082 28
6083 25
6084 24
6085 24
6086 25
6087 33
6088 30
6089 22
6090 30
6091 27
6092 27
6093 34
6094 29
6095 31
6096 29
6097 28
6098 28
6099 29
6100 26
6101 21
6102 30
6103 28
6104 22
6105 25
6106 26
6107 28
6108 29
6109 27
6110 31
6111 21
6112 16
6113 19
6114 18
6115 21
6116 28
6117 22
6118 24
6119 27
6120 27
6121 13
6122 25
6123 24
6124 23
6125 25
6126 23
6127 25
6128 22
6129 24
6130 24
6131 21
6132 20
6133 28
6134 31
6135 24
6136 24
6137 21
6138 22
6139 23
6140 23
6141 23
6142 25
6143 28
6144 22
6145 27
6146 18
6147 20
6148 18
6149 17
6150 19
6151 22
6152 27
6153 19
6154 22
6155 23
6156 16
6157 19
6158 20
6159 18
6160 14
6161 17
6162 23
6163 25
6164 23
6165 27
6166 19
6167 19
6168 25
6169 26
6170 22
6171 26
6172 22
6173 20
6174 16
6175 19
6176 17
6177 20
6178 24
6179 20
6180 13
6181 18
6182 19
6183 20
6184 21
6185 21
6186 20
6187 23
6188 20
6189 20
6190 15
6191 15
6192 14
6193 20
6194 21
6195 13
6196 24
6197 25
6198 24
6199 31
6200 23
6201 23
6202 20
6203 25
6204 28
6205 26
6206 25
6207 27
6208 30
6209 30
6210 33
6211 25
6212 26
6213 25
6214 25
6215 14
6216 20
6217 17
6218 19
6219 20
6220 25
6221 21
6222 22
6223 22
6224 23
6225 26
6226 28
6227 21
6228 17
6229 21
6230 23
6231 17
6232 22
6233 23
6234 23
6235 20
6236 20
6237 23
6238 27
6239 25
6240 30
6241 28
6242 20
6243 31
6244 19
6245 24
6246 26
6247 31
6248 29
6249 25
6250 23
6251 18
6252 24
6253 25
6254 16
6255 27
6256 17
6257 26
6258 24
6259 26
6260 17
6261 29
6262 24
6263 24
6264 19
6265 27
6266 23
6267 23
6268 24
6269 28
6270 30
6271 24
6272 20
6273 31
6274 25
6275 22
6276 18
6277 20
6278 25
6279 35
6280 35
6281 33
6282 30
6283 30
6284 25
6285 24
6286 22
6287 22
6288 22
6289 25
6290 27
6291 28
6292 24
6293 26
6294 32
6295 18
6296 16
6297 28
6298 25
6299 31
6300 31
6301 26
6302 22
6303 26
6304 31
6305 34
6306 22
6307 28
6308 26
6309 24
6310 31
6311 20
6312 27
6313 25
6314 22
6315 22
6316 25
6317 14
6318 19
6319 22
6320 37
6321 30
6322 24
6323 31
6324 31
6325 19
6326 27
6327 24
6328 22
6329 21
6330 28
6331 28
6332 26
6333 31
6334 21
6335 29
6336 20
6337 25
6338 24
6339 22
6340 27
6341 31
6342 23
6343 25
6344 22
6345 28
6346 31
6347 25
6348 16
6349 22
6350 24
6351 17
6352 22
6353 23
6354 19
6355 20
6356 18
6357 17
6358 17
6359 20
6360 21
6361 27
6362 18
6363 24
6364 19
6365 25
6366 17
6367 23
6368 26
6369 28
6370 22
6371 15
6372 22
6373 17
6374 25
6375 20
6376 17
6377 17
6378 22
6379 28
6380 18
6381 20
6382 22
6383 24
6384 23
6385 17
6386 16
6387 25
6388 20
6389 20
6390 28
6391 22
6392 25
6393 17
6394 23
6395 24
6396 17
6397 23
6398 13
6399 19
6400 19
6401 27
6402 27
6403 31
6404 25
6405 23
6406 21
6407 23
6408 25
6409 23
6410 29
6411 24
6412 25
6413 23
6414 34
6415 27
6416 20
6417 18
6418 23
6419 18
6420 21
6421 18
6422 18
6423 21
6424 24
6425 17
6426 21
6427 22
6428 28
6429 26
6430 17
6431 25
6432 21
6433 24
6434 27
6435 29
6436 21
6437 26
6438 31
6439 27
6440 24
6441 30
6442 28
6443 21
6444 20
6445 26
6446 26
6447 21
6448 18
6449 20
6450 18
6451 21
6452 19
6453 19
6454 16
6455 19
6456 20
6457 18
6458 15
6459 16
6460 18
6461 20
6462 16
6463 20
6464 18
6465 23
6466 19
6467 20
6468 20
6469 23
6470 23
6471 25
6472 19
6473 14
6474 20
6475 25
6476 25
6477 24
6478 23
6479 23
6480 23
6481 24
6482 24
6483 22
6484 29
6485 21
6486 23
6487 29
6488 22
6489 25
6490 20
6491 20
6492 20
6493 17
6494 26
6495 21
6496 18
6497 22
6498 31
6499 26
6500 22
6501 17
6502 23
6503 26
6504 23
6505 27
6506 23
6507 21
6508 28
6509 33
6510 27
6511 26
6512 25
6513 23
6514 24
6515 22
6516 26
6517 23
6518 24
6519 29
6520 27
6521 24
6522 27
6523 18
6524 20
6525 24
6526 20
6527 18
6528 19
6529 17
6530 23
6531 16
6532 26
6533 13
6534 20
6535 18
6536 21
6537 15
6538 18
6539 22
6540 13
6541 21
6542 22
6543 21
6544 24
6545 18
6546 18
6547 18
6548 23
6549 21
6550 23
6551 24
6552 17
6553 25
6554 26
6555 25
6556 26
6557 21
6558 23
6559 18
6560 21
6561 25
6562 19
6563 26
6564 27
6565 24
6566 23
6567 25
6568 19
6569 25
6570 23
6571 23
6572 32
6573 28
6574 26
6575 31
6576 29
6577 21
6578 21
6579 17
6580 26
6581 26
6582 26
6583 14
6584 17
6585 18
6586 24
6587 21
6588 19
6589 13
6590 18
6591 16
6592 22
6593 21
6594 18
6595 17
6596 15
6597 24
6598 18
6599 21
6600 18
6601 17
6602 19
6603 24
6604 24
6605 18
6606 21
6607 21
6608 24
6609 29
6610 21
6611 26
6612 26
6613 25
6614 23
6615 16
6616 23
6617 22
6618 21
6619 21
6620 10
6621 19
6622 11
6623 16
6624 15
6625 20
6626 26
6627 18
6628 22
6629 24
6630 25
6631 39
6632 24
6633 32
6634 32
6635 30
6636 30
6637 25
6638 15
6639 30
6640 19
6641 29
6642 27
6643 21
6644 23
6645 23
6646 30
6647 22
6648 24
6649 15
6650 29
6651 30
6652 24
6653 22
6654 27
6655 22
6656 17
6657 14
6658 25
6659 16
6660 24
6661 16
6662 18
6663 17
6664 22
6665 21
6666 15
6667 18
6668 15
6669 16
6670 18
6671 12
6672 15
6673 21
6674 15
6675 16
6676 23
6677 15
6678 15
6679 22
6680 24
6681 17
6682 22
6683 19
6684 19
6685 27
6686 13
6687 20
6688 17
6689 10
6690 17
6691 22
6692 25
6693 18
6694 14
6695 23
6696 12
6697 15
6698 15
6699 19
6700 18
6701 16
6702 21
6703 25
6704 21
6705 24
6706 16
6707 13
6708 21
6709 28
6710 24
6711 19
6712 18
6713 21
6714 17
6715 23
6716 21
6717 18
6718 17
6719 22
6720 24
6721 23
6722 21
6723 17
6724 23
6725 18
6726 19
6727 24
6728 22
6729 16
6730 18
6731 23
6732 23
6733 30
6734 24
6735 19
6736 21
6737 24
6738 24
6739 21
6740 22
6741 30
6742 28
6743 25
6744 18
6745 22
6746 23
6747 31
6748 22
6749 24
6750 27
6751 26
6752 37
6753 26
6754 26
6755 26
6756 22
6757 19
6758 27
6759 15
6760 24
6761 19
6762 21
6763 24
6764 21
6765 26
6766 21
6767 30
6768 25
6769 22
6770 28
6771 23
6772 34
6773 20
6774 18
6775 26
6776 22
6777 36
6778 38
6779 32
6780 24
6781 38
6782 33
6783 34
6784 28
6785 26
6786 25
6787 29
6788 25
6789 18
6790 27
6791 19
6792 29
6793 32
6794 25
6795 27
6796 27
6797 27
6798 29
6799 25
6800 25
6801 31
6802 22
6803 25
6804 28
6805 19
6806 37
6807 25
6808 25
6809 28
6810 29
6811 25
6812 25
6813 27
6814 28
6815 23
6816 34
6817 25
6818 13
6819 32
6820 33
6821 18
6822 35
6823 35
6824 32
6825 26
6826 31
6827 29
6828 32
6829 32
6830 25
6831 30
6832 33
6833 31
6834 29
6835 30
6836 26
6837 26
6838 31
6839 34
6840 25
6841 28
6842 32
6843 41
6844 36
6845 28
6846 40
6847 31
6848 29
6849 39
6850 27
6851 35
6852 36
6853 28
6854 34
6855 28
6856 30
6857 22
6858 16
6859 20
6860 17
6861 24
6862 22
6863 26
6864 21
6865 19
6866 22
6867 22
6868 25
6869 24
6870 20
6871 25
6872 26
6873 28
6874 26
6875 23
6876 25
6877 25
6878 31
6879 32
6880 25
6881 33
6882 31
6883 29
6884 23
6885 28
6886 25
6887 29
6888 20
6889 25
6890 32
6891 23
6892 21
6893 25
6894 18
6895 16
6896 17
6897 23
6898 24
6899 31
6900 30
6901 23
6902 26
6903 20
6904 27
6905 27
6906 21
6907 18
6908 19
6909 24
6910 27
6911 23
6912 31
6913 23
6914 16
6915 24
6916 28
6917 26
6918 28
6919 31
6920 28
6921 27
6922 24
6923 27
6924 28
6925 22
6926 24
6927 24
6928 22
6929 26
6930 33
6931 24
6932 25
6933 26
6934 25
6935 27
6936 18
6937 19
6938 19
6939 13
6940 24
6941 18
6942 26
6943 19
6944 21
6945 16
6946 30
6947 27
6948 29
6949 25
6950 23
6951 22
6952 15
6953 30
6954 28
6955 32
6956 21
6957 24
6958 17
6959 18
6960 23
6961 16
6962 21
6963 23
6964 19
6965 21
6966 19
6967 15
6968 19
6969 24
6970 21
6971 15
6972 22
6973 22
6974 16
6975 24
6976 26
6977 21
6978 33
6979 19
6980 31
6981 21
6982 26
6983 25
6984 26
6985 21
6986 21
6987 23
6988 28
6989 27
6990 23
6991 21
6992 20
6993 21
6994 19
6995 25
6996 23
6997 24
6998 27
6999 23
7000 22
7001 28
7002 36
7003 24
7004 23
7005 20
7006 20
7007 33
7008 27
7009 22
7010 20
7011 16
7012 15
7013 23
7014 21
7015 23
7016 31
7017 28
7018 23
7019 19
7020 17
7021 25
7022 17
7023 25
7024 24
7025 16
7026 15
7027 18
7028 20
7029 21
7030 19
7031 27
7032 24
7033 26
7034 22
7035 22
7036 20
7037 21
7038 25
7039 19
7040 19
7041 21
7042 21
7043 26
7044 17
7045 22
7046 21
7047 21
7048 29
7049 22
7050 23
7051 25
7052 26
7053 37
7054 26
7055 24
7056 37
7057 18
7058 22
7059 21
7060 23
7061 26
7062 20
7063 34
7064 29
7065 22
7066 24
7067 28
7068 26
7069 26
7070 25
7071 23
7072 26
7073 27
7074 28
7075 25
7076 30
7077 28
7078 30
7079 34
7080 34
7081 34
7082 33
7083 22
7084 28
7085 30
7086 29
7087 26
7088 28
7089 22
7090 19
7091 25
7092 21
7093 26
7094 25
7095 26
7096 25
7097 26
7098 26
7099 23
7100 20
7101 21
7102 18
7103 22
7104 23
7105 14
7106 21
7107 21
7108 22
7109 21
7110 20
7111 15
7112 17
7113 19
7114 18
7115 19
7116 15
7117 12
7118 18
7119 17
7120 22
7121 24
7122 18
7123 19
7124 21
7125 13
7126 22
7127 17
7128 20
7129 18
7130 20
7131 19
7132 22
7133 18
7134 20
7135 22
7136 19
7137 18
7138 18
7139 19
7140 18
7141 23
7142 15
7143 23
7144 26
7145 28
7146 25
7147 30
7148 33
7149 24
7150 26
7151 24
7152 22
7153 21
7154 23
7155 26
7156 17
7157 18
7158 35
7159 23
7160 27
7161 24
7162 32
7163 27
7164 29
7165 28
7166 23
7167 28
7168 19
7169 26
7170 19
7171 15
7172 19
7173 23
7174 25
7175 21
7176 26
7177 20
7178 25
7179 24
7180 18
7181 24
7182 21
7183 20
7184 26
7185 19
7186 19
7187 19
7188 18
7189 25
7190 18
7191 22
7192 19
7193 20
7194 24
7195 22
7196 26
7197 26
7198 25
7199 32
7200 22
7201 24
7202 25
7203 24
7204 17
7205 27
7206 21
7207 27
7208 25
7209 30
7210 20
7211 20
7212 20
7213 24
7214 25
7215 17
7216 18
7217 15
7218 20
7219 19
7220 24
7221 15
7222 15
7223 19
7224 20
7225 24
7226 16
7227 20
7228 24
7229 19
7230 16
7231 21
7232 21
7233 20
7234 24
7235 25
7236 25
7237 30
7238 20
7239 22
7240 28
7241 25
7242 14
7243 21
7244 19
7245 29
7246 21
7247 21
7248 20
7249 14
7250 22
7251 25
7252 22
7253 19
7254 25
7255 14
7256 21
7257 24
7258 24
7259 24
7260 22
7261 20
7262 26
7263 25
7264 26
7265 25
7266 25
7267 17
7268 21
7269 25
7270 21
7271 19
7272 22
7273 28
7274 19
7275 16
7276 16
7277 21
7278 17
7279 21
7280 14
7281 12
7282 18
7283 18
7284 26
7285 16
7286 24
7287 21
7288 19
7289 25
7290 20
7291 21
7292 18
7293 20
7294 26
7295 29
7296 20
7297 21
7298 22
7299 19
7300 17
7301 13
7302 28
7303 20
7304 20
7305 18
7306 22
7307 19
7308 15
7309 21
7310 17
7311 18
7312 17
7313 18
7314 21
7315 15
7316 28
7317 23
7318 18
7319 13
7320 23
7321 21
7322 26
7323 21
7324 24
7325 22
7326 18
7327 14
7328 12
7329 20
7330 22
7331 25
7332 25
7333 28
7334 17
7335 19
7336 21
7337 24
7338 21
7339 24
7340 26
7341 24
7342 24
7343 22
7344 21
7345 21
7346 14
7347 16
7348 22
7349 21
7350 22
7351 18
7352 23
7353 28
7354 26
7355 25
7356 20
7357 21
7358 30
7359 24
7360 20
7361 20
7362 16
7363 28
7364 24
7365 20
7366 24
7367 25
7368 24
7369 28
7370 28
7371 28
7372 21
7373 26
7374 24
7375 24
7376 23
7377 27
7378 24
7379 28
7380 13
7381 25
7382 20
7383 23
7384 27
7385 19
7386 25
7387 31
7388 27
7389 35
7390 21
7391 20
7392 20
7393 16
7394 17
7395 17
7396 11
7397 15
7398 18
7399 21
7400 15
7401 20
7402 24
7403 24
7404 14
7405 27
7406 20
7407 20
7408 17
7409 18
7410 25
7411 18
7412 14
7413 18
7414 26
7415 21
7416 18
7417 19
7418 18
7419 20
7420 17
7421 20
7422 22
7423 33
7424 33
7425 25
7426 27
7427 25
7428 30
7429 25
7430 29
7431 21
7432 27
7433 16
7434 22
7435 24
7436 22
7437 24
7438 21
7439 23
7440 24
7441 22
7442 20
7443 21
7444 23
7445 24
7446 16
7447 19
7448 14
7449 18
7450 22
7451 17
7452 23
7453 27
7454 28
7455 27
7456 28
7457 23
7458 34
7459 17
7460 21
7461 8
7462 15
7463 18
7464 22
7465 17
7466 19
7467 30
7468 27
7469 19
7470 29
7471 31
7472 30
7473 17
7474 20
7475 19
7476 20
7477 24
7478 22
7479 19
7480 21
7481 18
7482 14
7483 21
7484 19
7485 13
7486 19
7487 15
7488 16
7489 15
7490 17
7491 8
7492 9
7493 20
7494 18
7495 12
7496 7
7497 4
7498 18
7499 20
7500 21
7501 24
7502 15
7503 15
7504 22
7505 14
7506 23
7507 16
7508 19
7509 21
7510 15
7511 22
7512 13
7513 16
7514 19
7515 23
7516 20
7517 25
7518 15
7519 10
7520 15
7521 14
7522 18
7523 7
7524 18
7525 19
7526 15
7527 15
7528 21
7529 14
7530 11
7531 10
7532 26
7533 24
7534 17
7535 18
7536 20
7537 19
7538 22
7539 21
7540 21
7541 23
7542 20
7543 20
7544 19
7545 22
7546 16
7547 13
7548 17
7549 17
7550 17
7551 19
7552 19
7553 19
7554 15
7555 15
7556 18
7557 10
7558 7
7559 12
7560 13
7561 14
7562 18
7563 16
7564 13
7565 17
7566 17
7567 12
7568 17
7569 20
7570 16
7571 16
7572 15
7573 13
7574 17
7575 16
7576 18
7577 19
7578 13
7579 19
7580 14
7581 18
7582 16
7583 20
7584 15
7585 17
7586 19
7587 12
7588 18
7589 17
7590 19
7591 17
7592 19
7593 16
7594 16
7595 15
7596 14
7597 17
7598 14
7599 12
7600 13
7601 21
7602 14
7603 15
7604 21
7605 11
7606 18
7607 16
7608 14
7609 17
7610 14
7611 20
7612 18
7613 15
7614 18
7615 29
7616 24
7617 22
7618 20
7619 23
7620 18
7621 18
7622 25
7623 23
7624 21
7625 29
7626 28
7627 25
7628 28
7629 22
7630 26
7631 28
7632 25
7633 27
7634 22
7635 21
7636 29
7637 27
7638 35
7639 26
7640 33
7641 29
7642 23
7643 23
7644 28
7645 28
7646 27
7647 31
7648 30
7649 27
7650 26
7651 35
7652 31
7653 19
7654 26
7655 24
7656 21
7657 28
7658 31
7659 21
7660 30
7661 30
7662 18
7663 22
7664 24
7665 17
7666 23
7667 23
7668 25
7669 28
7670 24
7671 28
7672 25
7673 18
7674 24
7675 20
7676 25
7677 28
7678 25
7679 25
7680 24
7681 34
7682 22
7683 34
7684 27
7685 27
7686 27
7687 25
7688 25
7689 27
7690 30
7691 29
7692 25
7693 34
7694 25
7695 25
7696 24
7697 24
7698 28
7699 29
7700 25
7701 15
7702 26
7703 26
7704 18
7705 27
7706 28
7707 30
7708 25
7709 21
7710 26
7711 25
7712 23
7713 21
7714 29
7715 26
7716 27
7717 22
7718 22
7719 18
7720 22
7721 16
7722 19
7723 26
7724 22
7725 29
7726 22
7727 21
7728 24
7729 26
7730 29
7731 15
7732 29
7733 23
7734 23
7735 20
7736 19
7737 16
7738 20
7739 18
7740 17
7741 15
7742 24
7743 15
7744 25
7745 22
7746 19
7747 28
7748 18
7749 28
7750 19
7751 14
7752 17
7753 23
7754 29
7755 24
7756 23
7757 17
7758 17
7759 15
7760 20
7761 15
7762 21
7763 24
7764 24
7765 26
7766 26
7767 19
7768 18
7769 24
7770 16
7771 15
7772 20
7773 27
7774 23
7775 21
7776 23
7777 20
7778 19
7779 17
7780 25
7781 29
7782 21
7783 19
7784 24
7785 13
7786 12
7787 23
7788 11
7789 19
7790 18
7791 25
7792 18
7793 14
7794 19
7795 18
7796 19
7797 23
7798 21
7799 25
7800 15
7801 27
7802 24
7803 29
7804 28
7805 27
7806 26
7807 23
7808 15
7809 19
7810 22
7811 21
7812 25
7813 27
7814 25
7815 20
7816 27
7817 32
7818 24
7819 30
7820 22
7821 20
7822 23
7823 24
7824 18
7825 15
7826 14
7827 25
7828 19
7829 15
7830 21
7831 21
7832 25
7833 20
7834 15
7835 20
7836 22
7837 22
7838 17
7839 25
7840 19
7841 21
7842 19
7843 19
7844 22
7845 19
7846 22
7847 18
7848 22
7849 14
7850 26
7851 16
7852 20
7853 21
7854 21
7855 24
7856 27
7857 17
7858 24
7859 29
7860 18
7861 19
7862 18
7863 18
7864 23
7865 24
7866 15
7867 26
7868 16
7869 16
7870 18
7871 27
7872 24
7873 29
7874 25
7875 28
7876 21
7877 33
7878 30
7879 30
7880 26
7881 32
7882 26
7883 30
7884 28
7885 28
7886 16
7887 17
7888 9
7889 16
7890 17
7891 19
7892 14
7893 17
7894 17
7895 17
7896 23
7897 26
7898 22
7899 17
7900 20
7901 19
7902 22
7903 19
7904 26
7905 24
7906 28
7907 25
7908 22
7909 21
7910 20
7911 19
7912 24
7913 25
7914 21
7915 17
7916 29
7917 19
7918 24
7919 23
7920 27
7921 25
7922 23
7923 28
7924 22
7925 26
7926 22
7927 27
7928 20
7929 22
7930 19
7931 15
7932 26
7933 20
7934 18
7935 18
7936 22
7937 29
7938 22
7939 24
7940 21
7941 18
7942 18
7943 22
7944 26
7945 22
7946 26
7947 27
7948 14
7949 27
7950 24
7951 30
7952 22
7953 21
7954 15
7955 17
7956 20
7957 19
7958 21
7959 24
7960 22
7961 22
7962 21
7963 23
7964 23
7965 15
7966 24
7967 26
7968 22
7969 27
7970 22
7971 20
7972 21
7973 23
7974 24
7975 24
7976 20
7977 28
7978 29
7979 23
7980 22
7981 22
7982 25
7983 24
7984 19
7985 28
7986 24
7987 23
7988 21
7989 22
7990 22
7991 24
7992 23
7993 24
7994 26
7995 24
7996 17
7997 26
7998 24
7999 20
8000 24
8001 22
8002 25
8003 28
8004 17
8005 28
8006 25
8007 23
8008 24
8009 29
8010 31
8011 23
8012 21
8013 18
8014 24
8015 31
8016 24
8017 28
8018 23
8019 25
8020 25
8021 22
8022 18
8023 13
8024 18
8025 24
8026 20
8027 20
8028 23
8029 18
8030 28
8031 20
8032 24
8033 27
8034 32
8035 14
8036 17
8037 19
8038 22
8039 20
8040 17
8041 20
8042 16
8043 18
8044 16
8045 17
8046 24
8047 25
8048 22
8049 18
8050 26
8051 16
8052 19
8053 23
8054 24
8055 15
8056 26
8057 31
8058 27
8059 24
8060 21
8061 24
8062 26
8063 24
8064 16
8065 31
8066 24
8067 23
8068 22
8069 22
8070 25
8071 31
8072 26
8073 23
8074 25
8075 26
8076 25
8077 31
8078 36
8079 23
8080 24
8081 25
8082 24
8083 27
8084 24
8085 32
8086 22
8087 31
8088 32
8089 27
8090 23
8091 29
8092 24
8093 24
8094 29
8095 36
8096 28
8097 24
8098 34
8099 28
8100 30
8101 31
8102 25
8103 31
8104 24
8105 27
8106 28
8107 25
8108 30
8109 23
8110 26
8111 23
8112 32
8113 28
8114 28
8115 24
8116 20
8117 27
8118 25
8119 23
8120 21
8121 21
8122 24
8123 25
8124 25
8125 27
8126 25
8127 24
8128 30
8129 23
8130 27
8131 33
8132 26
8133 30
8134 28
8135 27
8136 31
8137 25
8138 27
8139 26
8140 24
8141 22
8142 30
8143 25
8144 27
8145 24
8146 28
8147 27
8148 20
8149 27
8150 24
8151 26
8152 22
8153 22
8154 23
8155 24
8156 30
8157 23
8158 28
8159 30
8160 26
8161 23
8162 24
8163 26
8164 20
8165 27
8166 23
8167 22
8168 21
8169 29
8170 26
8171 24
8172 29
8173 25
8174 29
8175 25
8176 20
8177 28
8178 31
8179 22
8180 23
8181 28
8182 26
8183 26
8184 30
8185 26
8186 26
8187 26
8188 33
8189 29
8190 29
8191 32
8192 22
8193 24
8194 22
8195 29
8196 24
8197 28
8198 28
8199 26
8200 19
8201 29
8202 25
8203 24
8204 21
8205 22
8206 21
8207 24
8208 28
8209 34
8210 36
8211 22
8212 23
8213 28
8214 32
8215 23
8216 26
8217 27
8218 26
8219 27
8220 24
8221 20
8222 24
8223 19
8224 20
8225 29
8226 18
8227 22
8228 23
8229 17
8230 18
8231 18
8232 28
8233 22
8234 25
8235 23
8236 27
8237 25
8238 25
8239 22
8240 31
8241 25
8242 23
8243 31
8244 26
8245 27
8246 27
8247 27
8248 24
8249 27
8250 27
8251 30
8252 28
8253 18
8254 22
8255 25
8256 21
8257 29
8258 18
8259 18
8260 25
8261 19
8262 23
8263 27
8264 32
8265 27
8266 27
8267 26
8268 28
8269 27
8270 20
8271 29
8272 26
8273 22
8274 25
8275 23
8276 17
8277 22
8278 17
8279 19
8280 19
8281 25
8282 22
8283 17
8284 19
8285 23
8286 19
8287 17
8288 24
8289 23
8290 25
8291 23
8292 24
8293 21
8294 21
8295 27
8296 26
8297 23
8298 18
8299 24
8300 20
8301 23
8302 18
8303 18
8304 21
8305 24
8306 21
8307 26
8308 32
8309 25
8310 23
8311 27
8312 27
8313 28
8314 25
8315 34
8316 24
8317 24
8318 34
8319 32
8320 17
8321 25
8322 30
8323 21
8324 19
8325 24
8326 29
8327 20
8328 17
8329 28
8330 25
8331 22
8332 31
8333 28
8334 24
8335 28
8336 22
8337 22
8338 25
8339 24
8340 21
8341 28
8342 34
8343 25
8344 20
8345 26
8346 26
8347 27
8348 22
8349 25
8350 32
8351 24
8352 30
8353 32
8354 33
8355 21
8356 25
8357 26
8358 31
8359 30
8360 33
8361 27
8362 31
8363 29
8364 27
8365 28
8366 21
8367 27
8368 32
8369 27
8370 19
8371 28
8372 25
8373 26
8374 28
8375 24
8376 21
8377 23
8378 20
8379 21
8380 25
8381 20
8382 22
8383 24
8384 33
8385 26
8386 27
8387 23
8388 25
8389 19
8390 20
8391 24
8392 22
8393 25
8394 27
8395 30
8396 27
8397 20
8398 27
8399 28
8400 22
8401 22
8402 19
8403 15
8404 32
8405 19
8406 20
8407 21
8408 27
8409 34
8410 22
8411 30
8412 21
8413 21
8414 32
8415 29
8416 26
8417 24
8418 23
8419 22
8420 20
8421 24
8422 20
8423 19
8424 27
8425 27
8426 26
8427 26
8428 25
8429 28
8430 26
8431 30
8432 30
8433 29
8434 27
8435 23
8436 29
8437 26
8438 23
8439 26
8440 30
8441 26
8442 22
8443 36
8444 26
8445 25
8446 24
8447 26
8448 21
8449 30
8450 19
8451 28
8452 30
8453 26
8454 28
8455 30
8456 34
8457 23
8458 24
8459 26
8460 28
8461 19
8462 32
8463 20
8464 24
8465 23
8466 29
8467 27
8468 31
8469 26
8470 26
8471 15
8472 24
8473 26
8474 27
8475 36
8476 23
8477 25
8478 28
8479 26
8480 26
8481 25
8482 26
8483 31
8484 24
8485 29
8486 27
8487 35
8488 28
8489 24
8490 24
8491 32
8492 30
8493 33
8494 23
8495 30
8496 26
8497 29
8498 33
8499 32
8500 26
8501 29
8502 16
8503 19
8504 20
8505 13
8506 16
8507 24
8508 21
8509 15
8510 20
8511 24
8512 21
8513 20
8514 33
8515 31
8516 26
8517 32
8518 33
8519 28
8520 20
8521 29
8522 23
8523 30
8524 29
8525 22
8526 27
8527 26
8528 24
8529 30
8530 18
8531 22
8532 21
8533 27
8534 26
8535 26
8536 29
8537 28
8538 26
8539 30
8540 26
8541 32
8542 26
8543 22
8544 22
8545 25
8546 22
8547 25
8548 25
8549 17
8550 20
8551 17
8552 20
8553 16
8554 22
8555 17
8556 20
8557 18
8558 24
8559 31
8560 24
8561 26
8562 24
8563 20
8564 18
8565 15
8566 27
8567 26
8568 18
8569 23
8570 19
8571 19
8572 17
8573 20
8574 16
8575 22
8576 19
8577 21
8578 20
8579 19
8580 17
8581 17
8582 19
8583 17
8584 21
8585 16
8586 17
8587 21
8588 17
8589 18
8590 20
8591 18
8592 18
8593 15
8594 17
8595 12
8596 24
8597 22
8598 18
8599 24
8600 15
8601 19
8602 18
8603 19
8604 19
8605 21
8606 24
8607 19
8608 19
8609 19
8610 26
8611 33
8612 28
8613 32
8614 16
8615 27
8616 29
8617 21
8618 21
8619 26
8620 21
8621 29
8622 26
8623 26
8624 25
8625 26
8626 30
8627 28
8628 29
8629 24
8630 26
8631 26
8632 27
8633 20
8634 29
8635 18
8636 29
8637 30
8638 24
8639 22
8640 28
8641 28
8642 13
8643 18
8644 18
8645 14
8646 21
8647 18
8648 24
8649 21
8650 22
8651 26
8652 32
8653 27
8654 23
8655 27
8656 26
8657 25
8658 23
8659 20
8660 22
8661 18
8662 19
8663 19
8664 17
8665 16
8666 17
8667 18
8668 25
8669 19
8670 20
8671 23
8672 20
8673 23
8674 26
8675 24
8676 23
8677 21
8678 19
8679 28
8680 22
8681 25
8682 23
8683 24
8684 24
8685 24
8686 26
8687 29
8688 24
8689 26
8690 19
8691 21
8692 24
8693 26
8694 22
8695 21
8696 20
8697 20
8698 25
8699 21
8700 21
8701 20
8702 31
8703 19
8704 27
8705 30
8706 26
8707 27
8708 21
8709 27
8710 27
8711 14
8712 20
8713 25
8714 27
8715 18
8716 16
8717 20
8718 19
8719 25
8720 24
8721 19
8722 32
8723 27
8724 25
8725 24
8726 22
8727 22
8728 25
8729 23
8730 21
8731 22
8732 27
8733 26
8734 29
8735 26
8736 23
8737 22
8738 25
8739 26
8740 25
8741 24
8742 22
8743 23
8744 24
8745 24
8746 28
8747 28
8748 25
8749 29
8750 27
8751 31
8752 27
8753 26
8754 28
8755 17
8756 26
8757 24
8758 17
8759 28
8760 25
8761 29
8762 17
8763 25
8764 27
8765 31
8766 20
8767 29
8768 23
8769 28
8770 22
8771 17
8772 27
8773 24
8774 23
8775 25
8776 27
8777 25
8778 21
8779 26
8780 23
8781 22
8782 23
8783 30
8784 22
8785 27
8786 14
8787 20
8788 15
8789 19
8790 18
8791 20
8792 19
8793 33
8794 31
8795 26
8796 23
8797 15
8798 23
8799 27
8800 22
8801 29
8802 24
8803 20
8804 20
8805 23
8806 23
8807 25
8808 21
8809 16
8810 23
8811 20
8812 22
8813 25
8814 22
8815 18
8816 22
8817 21
8818 16
8819 18
8820 22
8821 20
8822 21
8823 24
8824 32
8825 25
8826 20
8827 28
8828 29
8829 23
8830 26
8831 29
8832 25
8833 24
8834 25
8835 26
8836 25
8837 26
8838 22
8839 24
8840 22
8841 23
8842 24
8843 24
8844 24
8845 26
8846 25
8847 25
8848 30
8849 26
8850 27
8851 29
8852 24
8853 24
8854 29
8855 22
8856 28
8857 33
8858 29
8859 21
8860 24
8861 24
8862 18
8863 28
8864 22
8865 24
8866 24
8867 29
8868 22
8869 22
8870 16
8871 18
8872 15
8873 28
8874 22
8875 17
8876 27
8877 27
8878 26
8879 24
8880 23
8881 23
8882 26
8883 24
8884 23
8885 24
8886 27
8887 25
8888 26
8889 25
8890 18
8891 19
8892 17
8893 22
8894 22
8895 21
8896 33
8897 16
8898 22
8899 17
8900 18
8901 21
8902 25
8903 23
8904 18
8905 19
8906 27
8907 20
8908 10
8909 18
8910 29
8911 28
8912 22
8913 29
8914 23
8915 20
8916 26
8917 21
8918 18
8919 27
8920 22
8921 24
8922 25
8923 21
8924 30
8925 27
8926 29
8927 14
8928 21
8929 20
8930 25
8931 22
8932 20
8933 26
8934 28
8935 25
8936 34
8937 21
8938 22
8939 24
8940 21
8941 11
8942 26
8943 21
8944 23
8945 20
8946 23
8947 28
8948 25
8949 23
8950 24
8951 26
8952 28
8953 25
8954 32
8955 28
8956 26
8957 36
8958 28
8959 30
8960 31
8961 18
8962 22
8963 22
8964 28
8965 23
8966 26
8967 19
8968 27
8969 17
8970 20
8971 21
8972 21
8973 22
8974 32
8975 30
8976 29
8977 27
8978 21
8979 21
8980 26
8981 18
8982 21
8983 27
8984 23
8985 22
8986 18
8987 23
8988 19
8989 16
8990 20
8991 19
8992 24
8993 30
8994 19
8995 30
8996 20
8997 18
8998 21
8999 28
9000 25
9001 27
9002 26
9003 27
9004 26
9005 28
9006 22
9007 20
9008 23
9009 28
9010 24
9011 24
9012 25
9013 32
9014 19
9015 19
9016 26
9017 20
9018 23
9019 12
9020 16
9021 32
9022 27
9023 21
9024 26
9025 24
9026 20
9027 16
9028 17
9029 24
9030 17
9031 19
9032 18
9033 16
9034 17
9035 23
9036 23
9037 15
9038 18
9039 25
9040 22
9041 16
9042 22
9043 28
9044 20
9045 20
9046 27
9047 26
9048 19
9049 17
9050 18
9051 16
9052 19
9053 21
9054 19
9055 20
9056 17
9057 16
9058 15
9059 22
9060 15
9061 18
9062 18
9063 19
9064 21
9065 19
9066 17
9067 17
9068 15
9069 18
9070 14
9071 20
9072 19
9073 17
9074 19
9075 17
9076 19
9077 21
9078 21
9079 29
9080 26
9081 24
9082 19
9083 18
9084 25
9085 23
9086 28
9087 23
9088 14
9089 28
9090 24
9091 27
9092 25
9093 27
9094 38
9095 26
9096 19
9097 22
9098 24
9099 27
9100 28
9101 21
9102 22
9103 28
9104 32
9105 24
9106 31
9107 21
9108 29
9109 25
9110 35
9111 23
9112 20
9113 22
9114 23
9115 24
9116 31
9117 26
9118 22
9119 18
9120 24
9121 16
9122 17
9123 16
9124 18
9125 22
9126 23
9127 19
9128 23
9129 23
9130 25
9131 32
9132 26
9133 31
9134 31
9135 31
9136 29
9137 31
9138 37
9139 28
9140 26
9141 30
9142 26
9143 29
9144 29
9145 32
9146 26
9147 32
9148 27
9149 28
9150 24
9151 32
9152 33
9153 28
9154 28
9155 26
9156 31
9157 30
9158 23
9159 34
9160 37
9161 21
9162 20
9163 24
9164 26
9165 22
9166 28
9167 28
9168 27
9169 18
9170 37
9171 30
9172 28
9173 33
9174 34
9175 17
9176 25
9177 28
9178 17
9179 24
9180 20
9181 21
9182 19
9183 18
9184 15
9185 18
9186 22
9187 16
9188 20
9189 18
9190 16
9191 21
9192 14
9193 17
9194 17
9195 14
9196 24
9197 24
9198 28
9199 36
9200 35
9201 16
9202 20
9203 18
9204 18
9205 20
9206 18
9207 29
9208 21
9209 18
9210 18
9211 21
9212 13
9213 15
9214 20
9215 17
9216 25
9217 18
9218 15
9219 17
9220 24
9221 21
9222 19
9223 19
9224 22
9225 22
9226 18
9227 11
9228 19
9229 23
9230 16
9231 19
9232 21
9233 18
9234 20
9235 22
9236 27
9237 24
9238 17
9239 27
9240 22
9241 26
9242 12
9243 35
9244 25
9245 29
9246 27
9247 29
9248 19
9249 27
9250 34
9251 33
9252 30
9253 17
9254 25
9255 35
9256 32
9257 30
9258 24
9259 17
9260 26
9261 22
9262 15
9263 17
9264 19
9265 16
9266 22
9267 26
9268 28
9269 29
9270 18
9271 19
9272 26
9273 20
9274 26
9275 31
9276 21
9277 20
9278 29
9279 25
9280 26
9281 23
9282 27
9283 20
9284 20
9285 28
9286 13
9287 19
9288 21
9289 23
9290 22
9291 22
9292 24
9293 28
9294 34
9295 27
9296 28
9297 32
9298 33
9299 28
9300 26
9301 27
9302 25
9303 25
9304 21
9305 17
9306 17
9307 24
9308 18
9309 14
9310 26
9311 20
9312 19
9313 26
9314 22
9315 25
9316 27
9317 23
9318 30
9319 24
9320 14
9321 23
9322 30
9323 24
9324 22
9325 19
9326 15
9327 17
9328 18
9329 21
9330 24
9331 20
9332 27
9333 18
9334 22
9335 17
9336 22
9337 20
9338 16
9339 27
9340 29
9341 27
9342 20
9343 21
9344 19
9345 24
9346 23
9347 25
9348 17
9349 25
9350 28
9351 31
9352 29
9353 22
9354 15
9355 18
9356 26
9357 15
9358 19
9359 17
9360 21
9361 31
9362 18
9363 16
9364 15
9365 15
9366 18
9367 20
9368 16
9369 19
9370 24
9371 18
9372 28
9373 25
9374 24
9375 21
9376 15
9377 28
9378 23
9379 34
9380 19
9381 19
9382 18
9383 14
9384 17
9385 14
9386 17
9387 18
9388 19
9389 16
9390 18
9391 17
9392 19
9393 19
9394 16
9395 14
9396 21
9397 24
9398 25
9399 25
9400 34
9401 30
9402 24
9403 17
9404 16
9405 19
9406 15
9407 18
9408 16
9409 14
9410 20
9411 15
9412 15
9413 19
9414 14
9415 18
9416 14
9417 22
9418 22
9419 22
9420 22
9421 25
9422 25
9423 30
9424 20
9425 17
9426 27
9427 23
9428 22
9429 25
9430 17
9431 15
9432 19
9433 19
9434 23
9435 23
9436 18
9437 18
9438 25
9439 23
9440 24
9441 17
9442 17
9443 22
9444 18
9445 21
9446 27
9447 22
9448 23
9449 17
9450 23
9451 24
9452 19
9453 20
9454 17
9455 22
9456 17
9457 17
9458 23
9459 23
9460 17
9461 21
9462 21
9463 23
9464 17
9465 23
9466 24
9467 27
9468 17
9469 26
9470 24
9471 25
9472 23
9473 37
9474 27
9475 17
9476 17
9477 20
9478 14
9479 16
9480 18
9481 19
9482 20
9483 14
9484 24
9485 26
9486 28
9487 25
9488 17
9489 16
9490 17
9491 20
9492 19
9493 21
9494 22
9495 23
9496 20
9497 19
9498 25
9499 17
9500 18
9501 19
9502 20
9503 16
9504 27
9505 22
9506 23
9507 23
9508 21
9509 18
9510 18
9511 18
9512 17
9513 27
9514 30
9515 26
9516 27
9517 23
9518 29
9519 28
9520 25
9521 18
9522 22
9523 23
9524 21
9525 20
9526 36
9527 27
9528 24
9529 25
9530 26
9531 31
9532 29
9533 21
9534 26
9535 22
9536 20
9537 28
9538 19
9539 21
9540 15
9541 22
9542 15
9543 20
9544 16
9545 15
9546 15
9547 25
9548 31
9549 26
9550 28
9551 23
9552 26
9553 20
9554 28
9555 33
9556 30
9557 25
9558 20
9559 24
9560 26
9561 31
9562 29
9563 28
9564 28
9565 20
9566 27
9567 25
9568 24
9569 30
9570 32
9571 28
9572 28
9573 26
9574 27
9575 26
9576 30
9577 34
9578 27
9579 24
9580 18
9581 25
9582 33
9583 29
9584 21
9585 26
9586 26
9587 29
9588 18
9589 16
9590 25
9591 26
9592 28
9593 28
9594 23
9595 25
9596 21
9597 28
9598 24
9599 24
9600 31
9601 24
9602 29
9603 23
9604 27
9605 30
9606 25
9607 26
9608 23
9609 27
9610 25
9611 23
9612 31
9613 31
9614 25
9615 24
9616 27
9617 27
9618 29
9619 23
9620 25
9621 24
9622 26
9623 29
9624 22
9625 30
9626 25
9627 27
9628 22
9629 22
9630 27
9631 12
9632 31
9633 17
9634 23
9635 27
9636 25
9637 26
9638 23
9639 25
9640 32
9641 23
9642 22
9643 18
9644 28
9645 26
9646 33
9647 26
9648 29
9649 37
9650 30
9651 25
9652 30
9653 23
9654 25
9655 27
9656 23
9657 22
9658 25
9659 29
9660 23
9661 24
9662 25
9663 21
9664 25
9665 33
9666 25
9667 27
9668 35
9669 32
9670 30
9671 27
9672 24
9673 30
9674 24
9675 28
9676 21
9677 33
9678 28
9679 29
9680 20
9681 32
9682 24
9683 23
9684 27
9685 20
9686 30
9687 29
9688 26
9689 27
9690 31
9691 32
9692 31
9693 25
9694 25
9695 20
9696 22
9697 25
9698 24
9699 22
9700 24
9701 22
9702 26
9703 29
9704 26
9705 31
9706 34
9707 22
9708 31
9709 25
9710 26
9711 28
9712 28
9713 21
9714 31
9715 31
9716 28
9717 28
9718 25
9719 32
9720 32
9721 23
9722 32
9723 28
9724 32
9725 16
9726 23
9727 38
9728 25
9729 27
9730 18
9731 29
9732 31
9733 33
9734 30
9735 23
9736 36
9737 22
9738 26
9739 22
9740 22
9741 22
9742 25
9743 16
9744 30
9745 17
9746 21
9747 19
9748 28
9749 24
9750 20
9751 21
9752 13
9753 20
9754 27
9755 30
9756 24
9757 26
9758 26
9759 20
9760 24
9761 29
9762 31
9763 23
9764 13
9765 23
9766 27
9767 22
9768 26
9769 20
9770 27
9771 33
9772 29
9773 25
9774 25
9775 19
9776 30
9777 26
9778 27
9779 28
9780 22
9781 22
9782 23
9783 26
9784 29
9785 26
9786 26
9787 18
9788 27
9789 18
9790 24
9791 26
9792 25
9793 22
9794 25
9795 23
9796 31
9797 26
9798 29
9799 15
9800 23
9801 28
9802 31
9803 22
9804 19
9805 22
9806 16
9807 26
9808 29
9809 23
9810 24
9811 24
9812 32
9813 26
9814 26
9815 29
9816 20
9817 19
9818 24
9819 23
9820 26
9821 23
9822 26
9823 26
9824 20
9825 36
9826 19
9827 26
9828 26
9829 22
9830 22
9831 31
9832 31
9833 22
9834 24
9835 21
9836 25
9837 17
9838 20
9839 24
9840 24
9841 25
9842 25
9843 31
9844 25
9845 29
9846 25
9847 28
9848 23
9849 27
9850 29
9851 28
9852 31
9853 28
9854 19
9855 34
9856 25
9857 32
9858 31
9859 25
9860 20
9861 24
9862 29
9863 28
9864 25
9865 34
9866 30
9867 37
9868 37
9869 15
9870 28
9871 25
9872 32
9873 20
9874 27
9875 36
9876 37
9877 33
9878 26
9879 26
9880 25
9881 25
9882 27
9883 29
9884 30
9885 29
9886 26
9887 30
9888 15
9889 27
9890 29
9891 32
9892 41
9893 24
9894 38
9895 30
9896 23
9897 29
9898 18
9899 30
9900 28
9901 26
9902 31
9903 34
9904 24
9905 19
9906 30
9907 29
9908 29
9909 27
9910 31
9911 24
9912 28
9913 29
9914 26
9915 19
9916 26
9917 25
9918 27
9919 30
9920 29
9921 28
9922 29
9923 31
9924 32
9925 25
9926 27
9927 23
9928 28
9929 26
9930 24
9931 25
9932 27
9933 27
9934 33
9935 36
9936 29
9937 27
9938 30
9939 26
9940 24
9941 31
9942 25
9943 26
9944 31
9945 25
9946 28
9947 35
9948 21
9949 26
9950 31
9951 27
9952 29
9953 26
9954 27
9955 31
9956 25
9957 25
9958 34
9959 27
9960 33
9961 30
9962 27
9963 29
9964 24
9965 23
9966 21
9967 27
9968 23
9969 26
9970 25
9971 32
9972 27
9973 32
9974 29
9975 30
9976 30
9977 30
9978 27
9979 31
9980 30
9981 28
9982 34
9983 23
9984 35
9985 28
9986 27
9987 35
9988 24
9989 28
9990 32
9991 27
9992 32
9993 27
9994 24
9995 29
9996 33
9997 26
9998 32
9999 23
