# Frame Contacts
3000 47
3001 50
3002 55
3003 61
3004 62
3005 54
3006 52
3007 51
3008 63
3009 56
3010 61
3011 62
3012 55
3013 61
3014 66
3015 62
3016 53
3017 33
3018 65
3019 65
3020 57
3021 66
3022 65
3023 51
3024 54
3025 62
3026 62
3027 52
3028 63
3029 68
3030 74
3031 67
3032 51
3033 65
3034 59
3035 53
3036 60
3037 63
3038 55
3039 50
3040 60
3041 57
3042 46
3043 52
3044 61
3045 62
3046 48
3047 57
3048 61
3049 52
3050 51
3051 54
3052 59
3053 65
3054 59
3055 58
3056 70
3057 65
3058 51
3059 53
3060 54
3061 60
3062 52
3063 59
3064 54
3065 53
3066 56
3067 57
3068 49
3069 52
3070 60
3071 66
3072 62
3073 62
3074 68
3075 67
3076 45
3077 52
3078 65
3079 64
3080 62
3081 49
3082 64
3083 52
3084 42
3085 50
3086 54
3087 69
3088 52
3089 55
3090 53
3091 63
3092 50
3093 59
3094 63
3095 59
3096 60
3097 60
3098 64
3099 53
3100 68
3101 57
3102 55
3103 49
3104 51
3105 55
3106 50
3107 66
3108 58
3109 52
3110 51
3111 72
3112 59
3113 57
3114 58
3115 51
3116 62
3117 66
3118 76
3119 51
3120 60
3121 56
3122 56
3123 53
3124 68
3125 68
3126 58
3127 54
3128 60
3129 59
3130 62
3131 61
3132 54
3133 63
3134 63
3135 62
3136 66
3137 58
3138 69
3139 46
3140 52
3141 63
3142 45
3143 55
3144 57
3145 67
3146 54
3147 56
3148 53
3149 57
3150 54
3151 54
3152 44
3153 53
3154 51
3155 42
3156 37
3157 50
3158 55
3159 67
3160 59
3161 57
3162 59
3163 51
3164 57
3165 59
3166 66
3167 50
3168 59
3169 54
3170 50
3171 61
3172 54
3173 73
3174 66
3175 67
3176 56
3177 50
3178 47
3179 68
3180 65
3181 60
3182 51
3183 68
3184 52
3185 66
3186 64
3187 67
3188 60
3189 70
3190 58
3191 63
3192 68
3193 63
3194 59
3195 56
3196 44
3197 61
3198 63
3199 49
3200 71
3201 52
3202 52
3203 68
3204 47
3205 45
3206 56
3207 64
3208 62
3209 45
3210 52
3211 53
3212 50
3213 48
3214 51
3215 51
3216 55
3217 53
3218 58
3219 49
3220 41
3221 57
3222 61
3223 44
3224 57
3225 55
3226 57
3227 46
3228 62
3229 50
3230 50
3231 64
3232 62
3233 42
3234 56
3235 51
3236 54
3237 56
3238 66
3239 67
3240 50
3241 53
3242 57
3243 62
3244 48
3245 57
3246 68
3247 50
3248 60
3249 50
3250 55
3251 47
3252 45
3253 44
3254 54
3255 36
3256 68
3257 48
3258 66
3259 54
3260 47
3261 45
3262 37
3263 55
3264 56
3265 56
3266 49
3267 50
3268 61
3269 62
3270 53
3271 53
3272 36
3273 50
3274 60
3275 48
3276 63
3277 71
3278 55
3279 49
3280 44
3281 47
3282 60
3283 39
3284 58
3285 60
3286 68
3287 63
3288 43
3289 67
3290 53
3291 51
3292 55
3293 63
3294 45
3295 66
3296 54
3297 44
3298 62
3299 49
3300 50
3301 55
3302 59
3303 45
3304 58
3305 57
3306 59
3307 61
3308 57
3309 54
3310 52
3311 59
3312 60
3313 65
3314 53
3315 58
3316 54
3317 49
3318 54
3319 61
3320 67
3321 57
3322 61
3323 56
3324 50
3325 65
3326 65
3327 55
3328 53
3329 56
3330 34
3331 51
3332 67
3333 62
3334 39
3335 42
3336 55
3337 48
3338 47
3339 51
3340 54
3341 47
3342 46
3343 45
3344 54
3345 49
3346 49
3347 67
3348 63
3349 64
3350 51
3351 63
3352 52
3353 61
3354 62
3355 68
3356 68
3357 61
3358 55
3359 70
3360 65
3361 66
3362 63
3363 56
3364 76
3365 59
3366 69
3367 84
3368 56
3369 47
3370 59
3371 62
3372 71
3373 45
3374 60
3375 51
3376 58
3377 63
3378 62
3379 54
3380 42
3381 57
3382 73
3383 64
3384 62
3385 49
3386 47
3387 72
3388 66
3389 64
3390 51
3391 45
3392 50
3393 58
3394 64
3395 62
3396 56
3397 68
3398 59
3399 58
3400 61
3401 56
3402 71
3403 49
3404 64
3405 70
3406 69
3407 65
3408 64
3409 63
3410 71
3411 61
3412 71
3413 72
3414 63
3415 63
3416 61
3417 55
3418 63
3419 73
3420 59
3421 70
3422 42
3423 55
3424 46
3425 57
3426 47
3427 43
3428 64
3429 59
3430 75
3431 48
3432 62
3433 64
3434 59
3435 56
3436 58
3437 63
3438 58
3439 61
3440 59
3441 54
3442 67
3443 70
3444 43
3445 55
3446 65
3447 63
3448 56
3449 67
3450 49
3451 73
3452 58
3453 65
3454 57
3455 55
3456 53
3457 53
3458 60
3459 59
3460 58
3461 80
3462 70
3463 54
3464 53
3465 52
3466 51
3467 56
3468 47
3469 59
3470 50
3471 65
3472 60
3473 49
3474 55
3475 53
3476 61
3477 61
3478 64
3479 53
3480 42
3481 55
3482 61
3483 47
3484 48
3485 61
3486 43
3487 41
3488 46
3489 47
3490 39
3491 47
3492 51
3493 55
3494 55
3495 54
3496 56
3497 56
3498 38
3499 59
3500 51
3501 53
3502 54
3503 57
3504 39
3505 53
3506 63
3507 66
3508 56
3509 66
3510 63
3511 58
3512 68
3513 50
3514 56
3515 62
3516 65
3517 48
3518 54
3519 58
3520 64
3521 52
3522 48
3523 60
3524 58
3525 52
3526 57
3527 75
3528 39
3529 68
3530 62
3531 60
3532 55
3533 61
3534 55
3535 50
3536 52
3537 49
3538 55
3539 62
3540 65
3541 56
3542 61
3543 61
3544 58
3545 52
3546 62
3547 64
3548 58
3549 66
3550 49
3551 62
3552 71
3553 59
3554 63
3555 52
3556 48
3557 53
3558 63
3559 67
3560 63
3561 56
3562 57
3563 48
3564 73
3565 42
3566 60
3567 56
3568 54
3569 63
3570 64
3571 70
3572 54
3573 69
3574 55
3575 61
3576 61
3577 61
3578 51
3579 45
3580 38
3581 65
3582 49
3583 57
3584 56
3585 58
3586 57
3587 54
3588 62
3589 45
3590 61
3591 61
3592 68
3593 58
3594 64
3595 75
3596 73
3597 48
3598 63
3599 72
3600 66
3601 57
3602 74
3603 54
3604 66
3605 65
3606 74
3607 59
3608 61
3609 64
3610 53
3611 67
3612 51
3613 53
3614 63
3615 45
3616 55
3617 64
3618 72
3619 61
3620 60
3621 58
3622 67
3623 62
3624 65
3625 53
3626 55
3627 60
3628 51
3629 54
3630 60
3631 58
3632 57
3633 62
3634 61
3635 61
3636 56
3637 50
3638 67
3639 57
3640 56
3641 57
3642 66
3643 50
3644 64
3645 57
3646 56
3647 59
3648 67
3649 54
3650 48
3651 58
3652 39
3653 52
3654 65
3655 68
3656 66
3657 60
3658 63
3659 66
3660 67
3661 60
3662 58
3663 63
3664 60
3665 60
3666 47
3667 59
3668 69
3669 68
3670 50
3671 59
3672 55
3673 59
3674 61
3675 58
3676 52
3677 55
3678 53
3679 60
3680 59
3681 44
3682 58
3683 56
3684 44
3685 56
3686 45
3687 67
3688 71
3689 56
3690 50
3691 70
3692 51
3693 49
3694 59
3695 60
3696 62
3697 57
3698 56
3699 50
3700 63
3701 71
3702 60
3703 55
3704 49
3705 56
3706 51
3707 58
3708 66
3709 40
3710 58
3711 61
3712 49
3713 70
3714 59
3715 63
3716 66
3717 56
3718 80
3719 46
3720 40
3721 66
3722 59
3723 53
3724 63
3725 54
3726 69
3727 66
3728 32
3729 43
3730 64
3731 49
3732 62
3733 55
3734 60
3735 49
3736 59
3737 57
3738 53
3739 67
3740 43
3741 59
3742 48
3743 57
3744 66
3745 68
3746 60
3747 58
3748 67
3749 64
3750 72
3751 71
3752 56
3753 60
3754 47
3755 64
3756 62
3757 57
3758 54
3759 59
3760 66
3761 53
3762 61
3763 51
3764 47
3765 51
3766 48
3767 74
3768 55
3769 50
3770 53
3771 64
3772 50
3773 53
3774 47
3775 54
3776 57
3777 63
3778 67
3779 64
3780 60
3781 61
3782 52
3783 64
3784 66
3785 54
3786 54
3787 51
3788 54
3789 66
3790 58
3791 55
3792 56
3793 37
3794 63
3795 60
3796 59
3797 68
3798 52
3799 71
3800 68
3801 45
3802 52
3803 56
3804 52
3805 64
3806 72
3807 60
3808 47
3809 50
3810 55
3811 50
3812 57
3813 51
3814 52
3815 65
3816 62
3817 52
3818 53
3819 46
3820 70
3821 46
3822 43
3823 47
3824 69
3825 62
3826 53
3827 51
3828 47
3829 55
3830 53
3831 50
3832 57
3833 55
3834 57
3835 53
3836 62
3837 41
3838 50
3839 48
3840 48
3841 48
3842 41
3843 42
3844 59
3845 47
3846 33
3847 56
3848 55
3849 53
3850 74
3851 61
3852 48
3853 44
3854 52
3855 74
3856 52
3857 28
3858 34
3859 39
3860 38
3861 51
3862 60
3863 51
3864 49
3865 55
3866 46
3867 42
3868 53
3869 44
3870 51
3871 51
3872 46
3873 57
3874 50
3875 53
3876 49
3877 41
3878 48
3879 59
3880 54
3881 52
3882 63
3883 70
3884 60
3885 58
3886 64
3887 50
3888 52
3889 57
3890 50
3891 47
3892 38
3893 49
3894 44
3895 52
3896 49
3897 47
3898 48
3899 36
3900 41
3901 42
3902 48
3903 38
3904 60
3905 47
3906 60
3907 52
3908 77
3909 56
3910 65
3911 74
3912 65
3913 70
3914 70
3915 55
3916 71
3917 76
3918 76
3919 54
3920 73
3921 59
3922 62
3923 63
3924 82
3925 60
3926 62
3927 69
3928 52
3929 70
3930 56
3931 60
3932 70
3933 70
3934 55
3935 69
3936 64
3937 46
3938 67
3939 76
3940 73
3941 54
3942 61
3943 71
3944 70
3945 72
3946 75
3947 61
3948 72
3949 67
3950 69
3951 70
3952 68
3953 60
3954 59
3955 76
3956 64
3957 59
3958 47
3959 55
3960 45
3961 50
3962 56
3963 48
3964 48
3965 61
3966 50
3967 54
3968 67
3969 50
3970 59
3971 63
3972 50
3973 41
3974 53
3975 52
3976 42
3977 47
3978 49
3979 65
3980 59
3981 47
3982 53
3983 48
3984 53
3985 48
3986 52
3987 62
3988 57
3989 62
3990 57
3991 56
3992 58
3993 49
3994 53
3995 70
3996 45
3997 66
3998 59
3999 37
4000 74
4001 53
4002 43
4003 47
4004 57
4005 46
4006 45
4007 49
4008 56
4009 59
4010 44
4011 41
4012 57
4013 62
4014 64
4015 69
4016 55
4017 56
4018 52
4019 55
4020 54
4021 53
4022 55
4023 53
4024 62
4025 61
4026 51
4027 44
4028 57
4029 58
4030 50
4031 52
4032 59
4033 59
4034 48
4035 53
4036 59
4037 59
4038 66
4039 59
4040 62
4041 55
4042 58
4043 57
4044 59
4045 58
4046 63
4047 53
4048 58
4049 57
4050 51
4051 52
4052 52
4053 54
4054 63
4055 58
4056 65
4057 62
4058 47
4059 63
4060 51
4061 70
4062 47
4063 56
4064 59
4065 50
4066 55
4067 70
4068 49
4069 68
4070 55
4071 52
4072 65
4073 54
4074 59
4075 53
4076 56
4077 60
4078 61
4079 56
4080 51
4081 48
4082 54
4083 55
4084 43
4085 63
4086 50
4087 67
4088 58
4089 64
4090 44
4091 50
4092 71
4093 51
4094 42
4095 63
4096 63
4097 47
4098 63
4099 62
4100 60
4101 39
4102 61
4103 60
4104 55
4105 53
4106 49
4107 53
4108 51
4109 42
4110 54
4111 48
4112 59
4113 46
4114 61
4115 53
4116 56
4117 56
4118 52
4119 58
4120 51
4121 57
4122 43
4123 47
4124 42
4125 42
4126 67
4127 68
4128 48
4129 43
4130 60
4131 52
4132 54
4133 61
4134 60
4135 59
4136 77
4137 61
4138 52
4139 51
4140 57
4141 53
4142 62
4143 56
4144 65
4145 62
4146 62
4147 54
4148 51
4149 60
4150 50
4151 54
4152 56
4153 62
4154 59
4155 63
4156 59
4157 58
4158 48
4159 53
4160 53
4161 60
4162 64
4163 51
4164 49
4165 60
4166 44
4167 49
4168 60
4169 54
4170 47
4171 78
4172 44
4173 68
4174 63
4175 45
4176 74
4177 49
4178 53
4179 60
4180 60
4181 48
4182 47
4183 49
4184 48
4185 51
4186 60
4187 55
4188 52
4189 50
4190 57
4191 45
4192 51
4193 53
4194 58
4195 62
4196 50
4197 67
4198 69
4199 71
4200 64
4201 59
4202 46
4203 50
4204 53
4205 70
4206 41
4207 68
4208 64
4209 64
4210 63
4211 69
4212 75
4213 57
4214 62
4215 72
4216 76
4217 56
4218 36
4219 56
4220 55
4221 54
4222 66
4223 65
4224 72
4225 69
4226 71
4227 51
4228 72
4229 57
4230 56
4231 57
4232 70
4233 72
4234 73
4235 75
4236 75
4237 65
4238 55
4239 59
4240 64
4241 66
4242 72
4243 77
4244 53
4245 70
4246 57
4247 58
4248 62
4249 62
4250 66
4251 67
4252 62
4253 72
4254 75
4255 62
4256 65
4257 55
4258 62
4259 80
4260 72
4261 53
4262 65
4263 53
4264 58
4265 61
4266 53
4267 63
4268 49
4269 42
4270 47
4271 41
4272 68
4273 68
4274 73
4275 52
4276 66
4277 54
4278 85
4279 59
4280 68
4281 63
4282 64
4283 72
4284 62
4285 63
4286 69
4287 69
4288 65
4289 58
4290 68
4291 44
4292 56
4293 55
4294 54
4295 92
4296 68
4297 54
4298 60
4299 70
4300 57
4301 57
4302 55
4303 63
4304 61
4305 53
4306 57
4307 57
4308 73
4309 58
4310 53
4311 51
4312 60
4313 54
4314 52
4315 46
4316 54
4317 62
4318 65
4319 44
4320 61
4321 61
4322 53
4323 63
4324 57
4325 51
4326 46
4327 50
4328 52
4329 60
4330 59
4331 59
4332 78
4333 80
4334 47
4335 47
4336 64
4337 60
4338 72
4339 62
4340 66
4341 62
4342 37
4343 44
4344 54
4345 79
4346 62
4347 59
4348 51
4349 50
4350 73
4351 50
4352 60
4353 48
4354 59
4355 60
4356 54
4357 49
4358 70
4359 67
4360 67
4361 65
4362 66
4363 66
4364 54
4365 50
4366 55
4367 66
4368 62
4369 70
4370 63
4371 65
4372 68
4373 65
4374 67
4375 63
4376 54
4377 61
4378 50
4379 68
4380 65
4381 44
4382 55
4383 62
4384 59
4385 59
4386 65
4387 73
4388 61
4389 59
4390 58
4391 51
4392 53
4393 67
4394 52
4395 72
4396 64
4397 61
4398 70
4399 35
4400 55
4401 47
4402 48
4403 62
4404 56
4405 65
4406 62
4407 64
4408 55
4409 41
4410 62
4411 49
4412 47
4413 55
4414 66
4415 54
4416 51
4417 50
4418 50
4419 58
4420 66
4421 78
4422 70
4423 56
4424 52
4425 53
4426 57
4427 52
4428 50
4429 52
4430 48
4431 62
4432 59
4433 58
4434 46
4435 55
4436 54
4437 52
4438 61
4439 54
4440 53
4441 50
4442 62
4443 59
4444 55
4445 51
4446 42
4447 72
4448 53
4449 44
4450 61
4451 73
4452 66
4453 56
4454 51
4455 53
4456 71
4457 52
4458 37
4459 57
4460 56
4461 52
4462 50
4463 41
4464 57
4465 68
4466 60
4467 39
4468 62
4469 67
4470 52
4471 54
4472 66
4473 55
4474 59
4475 52
4476 60
4477 53
4478 51
4479 57
4480 63
4481 69
4482 56
4483 54
4484 51
4485 63
4486 50
4487 63
4488 73
4489 54
4490 60
4491 62
4492 48
4493 52
4494 52
4495 59
4496 60
4497 53
4498 61
4499 55
4500 72
4501 57
4502 69
4503 57
4504 57
4505 47
4506 54
4507 52
4508 43
4509 63
4510 60
4511 58
4512 64
4513 62
4514 70
4515 78
4516 54
4517 81
4518 65
4519 71
4520 56
4521 72
4522 58
4523 55
4524 53
4525 77
4526 80
4527 70
4528 49
4529 52
4530 71
4531 63
4532 54
4533 63
4534 55
4535 59
4536 62
4537 47
4538 59
4539 54
4540 77
4541 66
4542 66
4543 50
4544 64
4545 59
4546 75
4547 71
4548 54
4549 58
4550 48
4551 47
4552 58
4553 77
4554 57
4555 48
4556 49
4557 69
4558 55
4559 59
4560 58
4561 74
4562 57
4563 77
4564 65
4565 49
4566 56
4567 61
4568 61
4569 56
4570 57
4571 54
4572 62
4573 64
4574 59
4575 47
4576 62
4577 58
4578 47
4579 52
4580 59
4581 53
4582 55
4583 56
4584 43
4585 49
4586 52
4587 61
4588 68
4589 59
4590 56
4591 60
4592 32
4593 59
4594 52
4595 47
4596 42
4597 47
4598 57
4599 37
4600 61
4601 49
4602 57
4603 65
4604 59
4605 76
4606 58
4607 56
4608 48
4609 54
4610 44
4611 54
4612 56
4613 61
4614 84
4615 63
4616 60
4617 55
4618 69
4619 60
4620 66
4621 54
4622 69
4623 84
4624 82
4625 92
4626 56
4627 47
4628 56
4629 54
4630 51
4631 63
4632 59
4633 50
4634 63
4635 71
4636 49
4637 65
4638 69
4639 71
4640 38
4641 51
4642 50
4643 74
4644 36
4645 49
4646 62
4647 56
4648 77
4649 53
4650 45
4651 61
4652 63
4653 67
4654 55
4655 71
4656 56
4657 61
4658 52
4659 51
4660 72
4661 90
4662 69
4663 71
4664 73
4665 65
4666 63
4667 68
4668 64
4669 68
4670 76
4671 51
4672 68
4673 58
4674 52
4675 83
4676 59
4677 63
4678 90
4679 72
4680 94
4681 56
4682 78
4683 46
4684 86
4685 66
4686 67
4687 71
4688 69
4689 62
4690 60
4691 62
4692 70
4693 64
4694 80
4695 61
4696 77
4697 69
4698 46
4699 61
4700 64
4701 47
4702 59
4703 64
4704 56
4705 64
4706 57
4707 62
4708 62
4709 60
4710 47
4711 55
4712 56
4713 60
4714 74
4715 67
4716 75
4717 68
4718 50
4719 64
4720 74
4721 71
4722 52
4723 84
4724 71
4725 81
4726 86
4727 76
4728 60
4729 61
4730 78
4731 65
4732 54
4733 51
4734 73
4735 57
4736 74
4737 62
4738 49
4739 62
4740 55
4741 61
4742 49
4743 56
4744 55
4745 52
4746 54
4747 69
4748 81
4749 50
4750 65
4751 69
4752 62
4753 70
4754 62
4755 59
4756 64
4757 61
4758 68
4759 64
4760 65
4761 80
4762 64
4763 78
4764 64
4765 54
4766 64
4767 49
4768 54
4769 44
4770 59
4771 55
4772 48
4773 65
4774 50
4775 44
4776 47
4777 45
4778 47
4779 47
4780 58
4781 55
4782 47
4783 58
4784 64
4785 50
4786 47
4787 52
4788 54
4789 53
4790 59
4791 65
4792 63
4793 63
4794 58
4795 53
4796 58
4797 45
4798 51
4799 64
4800 60
4801 52
4802 61
4803 56
4804 56
4805 63
4806 55
4807 46
4808 64
4809 48
4810 56
4811 61
4812 53
4813 51
4814 59
4815 61
4816 51
4817 51
4818 50
4819 43
4820 60
4821 44
4822 62
4823 50
4824 42
4825 56
4826 56
4827 57
4828 42
4829 77
4830 76
4831 62
4832 60
4833 35
4834 66
4835 79
4836 57
4837 52
4838 63
4839 81
4840 61
4841 59
4842 50
4843 61
4844 48
4845 50
4846 41
4847 48
4848 56
4849 60
4850 46
4851 51
4852 64
4853 43
4854 53
4855 43
4856 63
4857 47
4858 62
4859 56
4860 65
4861 85
4862 70
4863 47
4864 46
4865 53
4866 46
4867 53
4868 62
4869 40
4870 71
4871 73
4872 62
4873 64
4874 70
4875 73
4876 69
4877 65
4878 68
4879 49
4880 53
4881 38
4882 61
4883 63
4884 62
4885 63
4886 61
4887 50
4888 60
4889 54
4890 67
4891 50
4892 57
4893 52
4894 52
4895 62
4896 48
4897 62
4898 59
4899 50
4900 56
4901 65
4902 60
4903 58
4904 43
4905 48
4906 50
4907 47
4908 58
4909 49
4910 56
4911 46
4912 45
4913 58
4914 63
4915 63
4916 56
4917 70
4918 51
4919 63
4920 57
4921 48
4922 52
4923 69
4924 51
4925 49
4926 42
4927 56
4928 46
4929 56
4930 55
4931 48
4932 56
4933 62
4934 58
4935 51
4936 60
4937 56
4938 53
4939 56
4940 45
4941 48
4942 39
4943 58
4944 70
4945 55
4946 67
4947 64
4948 48
4949 48
4950 70
4951 74
4952 75
4953 54
4954 83
4955 51
4956 58
4957 66
4958 45
4959 43
4960 54
4961 50
4962 62
4963 59
4964 65
4965 55
4966 47
4967 64
4968 52
4969 49
4970 42
4971 52
4972 51
4973 44
4974 71
4975 59
4976 61
4977 72
4978 69
4979 50
4980 71
4981 57
4982 69
4983 47
4984 74
4985 59
4986 60
4987 68
4988 58
4989 61
4990 53
4991 53
4992 60
4993 49
4994 50
4995 45
4996 62
4997 63
4998 61
4999 55
5000 60
5001 77
5002 52
5003 66
5004 60
5005 60
5006 55
5007 57
5008 54
5009 77
5010 54
5011 52
5012 64
5013 57
5014 64
5015 69
5016 49
5017 52
5018 60
5019 53
5020 59
5021 41
5022 61
5023 47
5024 69
5025 75
5026 47
5027 72
5028 59
5029 54
5030 61
5031 65
5032 49
5033 66
5034 79
5035 62
5036 59
5037 57
5038 65
5039 63
5040 60
5041 51
5042 64
5043 57
5044 55
5045 54
5046 48
5047 43
5048 48
5049 51
5050 68
5051 44
5052 57
5053 53
5054 52
5055 64
5056 48
5057 51
5058 49
5059 52
5060 60
5061 67
5062 67
5063 65
5064 59
5065 54
5066 49
5067 66
5068 76
5069 57
5070 57
5071 64
5072 67
5073 64
5074 61
5075 53
5076 53
5077 58
5078 50
5079 78
5080 61
5081 59
5082 62
5083 44
5084 57
5085 59
5086 45
5087 55
5088 54
5089 52
5090 49
5091 45
5092 52
5093 59
5094 53
5095 54
5096 47
5097 51
5098 48
5099 63
5100 48
5101 46
5102 57
5103 56
5104 45
5105 64
5106 39
5107 61
5108 39
5109 58
5110 67
5111 65
5112 50
5113 64
5114 53
5115 50
5116 74
5117 65
5118 45
5119 57
5120 60
5121 63
5122 53
5123 58
5124 42
5125 51
5126 51
5127 73
5128 60
5129 70
5130 80
5131 65
5132 65
5133 63
5134 73
5135 72
5136 56
5137 56
5138 65
5139 79
5140 62
5141 69
5142 71
5143 77
5144 72
5145 56
5146 57
5147 72
5148 68
5149 75
5150 56
5151 69
5152 78
5153 70
5154 53
5155 58
5156 58
5157 41
5158 51
5159 68
5160 53
5161 57
5162 63
5163 61
5164 55
5165 62
5166 49
5167 40
5168 56
5169 64
5170 54
5171 67
5172 76
5173 59
5174 48
5175 42
5176 52
5177 53
5178 57
5179 50
5180 53
5181 57
5182 60
5183 59
5184 54
5185 65
5186 52
5187 61
5188 41
5189 62
5190 49
5191 55
5192 69
5193 53
5194 50
5195 61
5196 60
5197 67
5198 80
5199 84
5200 84
5201 79
5202 54
5203 66
5204 67
5205 49
5206 80
5207 62
5208 67
5209 70
5210 67
5211 58
5212 75
5213 67
5214 50
5215 79
5216 75
5217 67
5218 66
5219 46
5220 43
5221 53
5222 59
5223 45
5224 44
5225 51
5226 60
5227 56
5228 56
5229 59
5230 73
5231 59
5232 55
5233 48
5234 62
5235 75
5236 50
5237 69
5238 63
5239 30
5240 59
5241 65
5242 48
5243 75
5244 61
5245 46
5246 67
5247 62
5248 67
5249 47
5250 76
5251 66
5252 62
5253 50
5254 53
5255 61
5256 46
5257 72
5258 67
5259 58
5260 46
5261 52
5262 73
5263 55
5264 53
5265 67
5266 60
5267 55
5268 60
5269 80
5270 73
5271 81
5272 72
5273 52
5274 64
5275 74
5276 67
5277 65
5278 63
5279 53
5280 61
5281 63
5282 50
5283 74
5284 62
5285 59
5286 66
5287 74
5288 72
5289 50
5290 68
5291 71
5292 77
5293 58
5294 72
5295 83
5296 65
5297 51
5298 57
5299 61
5300 71
5301 58
5302 71
5303 68
5304 63
5305 43
5306 70
5307 72
5308 67
5309 71
5310 69
5311 58
5312 89
5313 63
5314 53
5315 41
5316 57
5317 71
5318 60
5319 71
5320 57
5321 56
5322 75
5323 69
5324 77
5325 74
5326 67
5327 62
5328 73
5329 57
5330 66
5331 49
5332 67
5333 43
5334 55
5335 53
5336 53
5337 57
5338 57
5339 56
5340 66
5341 59
5342 71
5343 72
5344 45
5345 66
5346 52
5347 68
5348 66
5349 53
5350 36
5351 45
5352 45
5353 47
5354 61
5355 70
5356 59
5357 57
5358 68
5359 70
5360 62
5361 58
5362 65
5363 61
5364 66
5365 47
5366 44
5367 50
5368 73
5369 80
5370 90
5371 46
5372 70
5373 76
5374 58
5375 59
5376 65
5377 58
5378 71
5379 55
5380 66
5381 56
5382 61
5383 63
5384 48
5385 70
5386 65
5387 61
5388 56
5389 73
5390 59
5391 58
5392 70
5393 59
5394 59
5395 47
5396 74
5397 59
5398 79
5399 54
5400 60
5401 51
5402 61
5403 73
5404 79
5405 54
5406 53
5407 69
5408 72
5409 68
5410 63
5411 52
5412 68
5413 81
5414 88
5415 74
5416 77
5417 55
5418 65
5419 56
5420 85
5421 79
5422 48
5423 65
5424 55
5425 59
5426 57
5427 86
5428 66
5429 71
5430 54
5431 53
5432 49
5433 45
5434 68
5435 77
5436 64
5437 70
5438 82
5439 60
5440 57
5441 65
5442 56
5443 73
5444 58
5445 63
5446 65
5447 57
5448 66
5449 50
5450 55
5451 68
5452 75
5453 64
5454 57
5455 59
5456 63
5457 84
5458 55
5459 60
5460 77
5461 85
5462 70
5463 70
5464 80
5465 68
5466 59
5467 57
5468 65
5469 70
5470 64
5471 67
5472 57
5473 62
5474 66
5475 65
5476 53
5477 64
5478 46
5479 62
5480 71
5481 48
5482 70
5483 71
5484 60
5485 57
5486 52
5487 53
5488 64
5489 63
5490 54
5491 64
5492 69
5493 56
5494 62
5495 58
5496 57
5497 68
5498 63
5499 88
5500 85
5501 58
5502 72
5503 66
5504 70
5505 71
5506 66
5507 81
5508 42
5509 48
5510 62
5511 52
5512 65
5513 80
5514 49
5515 53
5516 80
5517 57
5518 65
5519 70
5520 55
5521 79
5522 82
5523 63
5524 68
5525 55
5526 72
5527 61
5528 61
5529 54
5530 59
5531 65
5532 50
5533 45
5534 56
5535 46
5536 61
5537 70
5538 65
5539 52
5540 52
5541 43
5542 80
5543 55
5544 56
5545 49
5546 69
5547 78
5548 69
5549 70
5550 61
5551 56
5552 77
5553 67
5554 68
5555 63
5556 68
5557 58
5558 76
5559 54
5560 73
5561 91
5562 44
5563 66
5564 63
5565 74
5566 57
5567 82
5568 77
5569 71
5570 61
5571 54
5572 77
5573 84
5574 60
5575 78
5576 66
5577 67
5578 88
5579 85
5580 64
5581 63
5582 91
5583 48
5584 76
5585 72
5586 69
5587 76
5588 56
5589 62
5590 54
5591 81
5592 57
5593 54
5594 63
5595 80
5596 59
5597 55
5598 63
5599 59
5600 68
5601 64
5602 68
5603 80
5604 58
5605 60
5606 63
5607 65
5608 76
5609 60
5610 68
5611 55
5612 64
5613 78
5614 58
5615 67
5616 83
5617 64
5618 76
5619 63
5620 71
5621 66
5622 70
5623 68
5624 81
5625 58
5626 58
5627 50
5628 77
5629 69
5630 51
5631 75
5632 66
5633 69
5634 52
5635 44
5636 42
5637 61
5638 59
5639 52
5640 65
5641 65
5642 52
5643 54
5644 65
5645 73
5646 59
5647 46
5648 57
5649 57
5650 62
5651 61
5652 54
5653 77
5654 71
5655 68
5656 70
5657 60
5658 82
5659 49
5660 87
5661 87
5662 71
5663 66
5664 62
5665 41
5666 86
5667 58
5668 83
5669 75
5670 75
5671 45
5672 71
5673 60
5674 62
5675 52
5676 70
5677 59
5678 50
5679 51
5680 53
5681 53
5682 61
5683 66
5684 61
5685 53
5686 64
5687 62
5688 65
5689 55
5690 51
5691 80
5692 62
5693 87
5694 68
5695 61
5696 61
5697 81
5698 52
5699 65
5700 81
5701 68
5702 73
5703 70
5704 69
5705 71
5706 55
5707 58
5708 68
5709 68
5710 67
5711 57
5712 69
5713 78
5714 60
5715 68
5716 56
5717 70
5718 63
5719 55
5720 85
5721 55
5722 58
5723 35
5724 71
5725 64
5726 43
5727 64
5728 70
5729 57
5730 66
5731 63
5732 50
5733 68
5734 60
5735 54
5736 64
5737 53
5738 67
5739 54
5740 68
5741 81
5742 61
5743 74
5744 56
5745 70
5746 60
5747 50
5748 69
5749 68
5750 70
5751 49
5752 66
5753 69
5754 48
5755 59
5756 85
5757 46
5758 80
5759 65
5760 77
5761 73
5762 41
5763 60
5764 72
5765 70
5766 53
5767 55
5768 66
5769 67
5770 55
5771 65
5772 58
5773 58
5774 59
5775 56
5776 72
5777 65
5778 80
5779 70
5780 59
5781 64
5782 71
5783 77
5784 56
5785 100
5786 39
5787 71
5788 52
5789 50
5790 75
5791 78
5792 63
5793 68
5794 62
5795 54
5796 62
5797 69
5798 60
5799 51
5800 49
5801 43
5802 50
5803 62
5804 66
5805 71
5806 84
5807 79
5808 49
5809 59
5810 73
5811 50
5812 79
5813 81
5814 51
5815 43
5816 82
5817 52
5818 74
5819 66
5820 76
5821 63
5822 69
5823 78
5824 76
5825 73
5826 61
5827 56
5828 65
5829 59
5830 65
5831 75
5832 60
5833 72
5834 70
5835 72
5836 62
5837 60
5838 65
5839 59
5840 74
5841 76
5842 55
5843 60
5844 61
5845 61
5846 55
5847 67
5848 90
5849 63
5850 79
5851 64
5852 74
5853 59
5854 55
5855 48
5856 76
5857 47
5858 52
5859 54
5860 74
5861 71
5862 83
5863 65
5864 51
5865 83
5866 74
5867 64
5868 65
5869 81
5870 90
5871 88
5872 61
5873 87
5874 87
5875 73
5876 88
5877 86
5878 83
5879 97
5880 73
5881 78
5882 88
5883 90
5884 96
5885 91
5886 76
5887 66
5888 80
5889 80
5890 88
5891 96
5892 62
5893 56
5894 45
5895 52
5896 88
5897 46
5898 57
5899 65
5900 70
5901 68
5902 75
5903 70
5904 67
5905 77
5906 76
5907 65
5908 88
5909 76
5910 63
5911 68
5912 43
5913 64
5914 49
5915 83
5916 52
5917 64
5918 57
5919 55
5920 45
5921 53
5922 61
5923 50
5924 74
5925 77
5926 61
5927 66
5928 61
5929 55
5930 49
5931 74
5932 72
5933 77
5934 52
5935 80
5936 62
5937 77
5938 80
5939 70
5940 57
5941 81
5942 54
5943 83
5944 60
5945 72
5946 61
5947 61
5948 55
5949 61
5950 63
5951 66
5952 67
5953 51
5954 66
5955 74
5956 43
5957 59
5958 62
5959 77
5960 64
5961 73
5962 90
5963 62
5964 72
5965 71
5966 77
5967 65
5968 43
5969 80
5970 89
5971 91
5972 86
5973 88
5974 56
5975 71
5976 62
5977 69
5978 43
5979 48
5980 56
5981 74
5982 65
5983 59
5984 76
5985 72
5986 62
5987 76
5988 73
5989 58
5990 73
5991 60
5992 65
5993 77
5994 64
5995 63
5996 56
5997 67
5998 65
5999 55
6000 64
6001 68
6002 29
6003 74
6004 86
6005 66
6006 53
6007 42
6008 38
6009 48
6010 51
6011 45
6012 74
6013 53
6014 69
6015 73
6016 50
6017 80
6018 61
6019 59
6020 46
6021 73
6022 64
6023 80
6024 71
6025 63
6026 55
6027 76
6028 88
6029 62
6030 65
6031 58
6032 62
6033 63
6034 57
6035 62
6036 62
6037 54
6038 80
6039 64
6040 68
6041 52
6042 61
6043 64
6044 63
6045 66
6046 73
6047 52
6048 61
6049 53
6050 59
6051 66
6052 80
6053 55
6054 76
6055 61
6056 76
6057 62
6058 54
6059 55
6060 66
6061 47
6062 56
6063 60
6064 73
6065 64
6066 65
6067 50
6068 68
6069 62
6070 63
6071 60
6072 60
6073 63
6074 82
6075 54
6076 79
6077 58
6078 67
6079 70
6080 73
6081 84
6082 57
6083 89
6084 72
6085 70
6086 76
6087 55
6088 75
6089 72
6090 74
6091 64
6092 36
6093 54
6094 66
6095 58
6096 62
6097 64
6098 64
6099 81
6100 60
6101 85
6102 75
6103 55
6104 65
6105 78
6106 62
6107 72
6108 59
6109 67
6110 80
6111 66
6112 58
6113 62
6114 72
6115 64
6116 57
6117 61
6118 71
6119 56
6120 65
6121 81
6122 52
6123 82
6124 71
6125 77
6126 67
6127 71
6128 65
6129 57
6130 48
6131 86
6132 65
6133 61
6134 63
6135 52
6136 64
6137 73
6138 61
6139 78
6140 60
6141 70
6142 72
6143 70
6144 67
6145 66
6146 65
6147 73
6148 57
6149 61
6150 60
6151 81
6152 68
6153 41
6154 76
6155 65
6156 73
6157 53
6158 62
6159 60
6160 76
6161 52
6162 60
6163 67
6164 57
6165 67
6166 71
6167 74
6168 46
6169 61
6170 66
6171 76
6172 69
6173 63
6174 67
6175 62
6176 65
6177 60
6178 56
6179 48
6180 38
6181 65
6182 67
6183 74
6184 75
6185 82
6186 62
6187 71
6188 38
6189 72
6190 68
6191 58
6192 47
6193 72
6194 60
6195 56
6196 53
6197 47
6198 50
6199 68
6200 70
6201 52
6202 62
6203 51
6204 75
6205 66
6206 66
6207 68
6208 56
6209 71
6210 79
6211 64
6212 64
6213 58
6214 75
6215 66
6216 59
6217 74
6218 70
6219 58
6220 64
6221 55
6222 44
6223 55
6224 60
6225 62
6226 51
6227 58
6228 60
6229 62
6230 53
6231 63
6232 49
6233 49
6234 43
6235 59
6236 45
6237 59
6238 78
6239 64
6240 57
6241 44
6242 71
6243 48
6244 58
6245 67
6246 66
6247 68
6248 57
6249 61
6250 57
6251 48
6252 60
6253 67
6254 81
6255 53
6256 75
6257 81
6258 41
6259 79
6260 55
6261 63
6262 67
6263 45
6264 60
6265 60
6266 71
6267 57
6268 49
6269 51
6270 68
6271 74
6272 61
6273 78
6274 55
6275 50
6276 61
6277 69
6278 53
6279 63
6280 64
6281 65
6282 47
6283 68
6284 40
6285 57
6286 51
6287 51
6288 64
6289 66
6290 62
6291 55
6292 60
6293 68
6294 71
6295 74
6296 61
6297 56
6298 45
6299 59
6300 55
6301 59
6302 55
6303 56
6304 67
6305 58
6306 60
6307 64
6308 74
6309 64
6310 55
6311 47
6312 69
6313 60
6314 65
6315 61
6316 73
6317 61
6318 65
6319 65
6320 74
6321 60
6322 73
6323 64
6324 72
6325 85
6326 71
6327 67
6328 54
6329 60
6330 60
6331 72
6332 59
6333 73
6334 89
6335 43
6336 58
6337 70
6338 80
6339 69
6340 67
6341 58
6342 77
6343 63
6344 55
6345 75
6346 66
6347 68
6348 64
6349 55
6350 57
6351 65
6352 68
6353 45
6354 46
6355 41
6356 61
6357 53
6358 75
6359 60
6360 59
6361 58
6362 57
6363 74
6364 75
6365 51
6366 51
6367 73
6368 66
6369 64
6370 64
6371 66
6372 54
6373 73
6374 78
6375 58
6376 71
6377 52
6378 75
6379 54
6380 56
6381 61
6382 65
6383 62
6384 52
6385 71
6386 59
6387 70
6388 56
6389 59
6390 74
6391 52
6392 56
6393 54
6394 63
6395 68
6396 60
6397 61
6398 63
6399 87
6400 60
6401 70
6402 63
6403 67
6404 62
6405 63
6406 66
6407 62
6408 72
6409 64
6410 68
6411 57
6412 75
6413 63
6414 79
6415 56
6416 64
6417 57
6418 59
6419 63
6420 55
6421 59
6422 66
6423 67
6424 59
6425 57
6426 70
6427 67
6428 64
6429 70
6430 51
6431 70
6432 46
6433 59
6434 83
6435 53
6436 58
6437 59
6438 70
6439 65
6440 77
6441 74
6442 78
6443 61
6444 72
6445 91
6446 51
6447 57
6448 73
6449 66
6450 70
6451 52
6452 71
6453 72
6454 56
6455 45
6456 76
6457 67
6458 77
6459 82
6460 60
6461 71
6462 61
6463 80
6464 70
6465 83
6466 65
6467 50
6468 54
6469 74
6470 69
6471 62
6472 47
6473 64
6474 52
6475 60
6476 67
6477 58
6478 79
6479 67
6480 45
6481 54
6482 60
6483 74
6484 44
6485 58
6486 64
6487 74
6488 62
6489 57
6490 72
6491 75
6492 48
6493 59
6494 45
6495 65
6496 69
6497 69
6498 76
6499 86
6500 63
6501 70
6502 61
6503 74
6504 71
6505 58
6506 60
6507 79
6508 79
6509 63
6510 53
6511 52
6512 61
6513 73
6514 49
6515 51
6516 62
6517 58
6518 65
6519 68
6520 70
6521 74
6522 78
6523 62
6524 70
6525 72
6526 54
6527 63
6528 52
6529 87
6530 74
6531 75
6532 74
6533 63
6534 52
6535 52
6536 54
6537 66
6538 72
6539 67
6540 63
6541 64
6542 69
6543 71
6544 63
6545 75
6546 65
6547 51
6548 56
6549 67
6550 70
6551 66
6552 78
6553 76
6554 68
6555 80
6556 75
6557 64
6558 63
6559 75
6560 56
6561 70
6562 86
6563 73
6564 56
6565 78
6566 66
6567 56
6568 65
6569 85
6570 68
6571 67
6572 62
6573 67
6574 72
6575 64
6576 66
6577 59
6578 81
6579 71
6580 68
6581 75
6582 76
6583 48
6584 89
6585 71
6586 86
6587 75
6588 53
6589 79
6590 55
6591 68
6592 74
6593 50
6594 67
6595 71
6596 57
6597 56
6598 67
6599 63
6600 72
6601 78
6602 73
6603 68
6604 84
6605 57
6606 76
6607 64
6608 42
6609 57
6610 65
6611 70
6612 55
6613 51
6614 71
6615 69
6616 65
6617 72
6618 69
6619 75
6620 66
6621 53
6622 76
6623 79
6624 55
6625 51
6626 73
6627 58
6628 50
6629 57
6630 54
6631 74
6632 63
6633 60
6634 65
6635 68
6636 74
6637 77
6638 62
6639 70
6640 46
6641 82
6642 54
6643 60
6644 74
6645 54
6646 76
6647 70
6648 74
6649 56
6650 82
6651 69
6652 62
6653 60
6654 63
6655 62
6656 67
6657 64
6658 68
6659 65
6660 51
6661 53
6662 68
6663 66
6664 69
6665 47
6666 54
6667 73
6668 71
6669 48
6670 54
6671 62
6672 74
6673 45
6674 52
6675 73
6676 50
6677 71
6678 56
6679 81
6680 74
6681 80
6682 67
6683 56
6684 57
6685 53
6686 68
6687 56
6688 76
6689 62
6690 50
6691 50
6692 84
6693 71
6694 60
6695 57
6696 60
6697 65
6698 63
6699 70
6700 73
6701 49
6702 69
6703 65
6704 61
6705 72
6706 60
6707 60
6708 63
6709 62
6710 63
6711 72
6712 69
6713 60
6714 73
6715 64
6716 66
6717 65
6718 57
6719 49
6720 41
6721 73
6722 66
6723 85
6724 86
6725 53
6726 56
6727 64
6728 59
6729 53
6730 69
6731 70
6732 55
6733 60
6734 67
6735 77
6736 52
6737 70
6738 67
6739 73
6740 95
6741 85
6742 76
6743 62
6744 72
6745 56
6746 52
6747 44
6748 65
6749 64
6750 61
6751 57
6752 67
6753 57
6754 56
6755 79
6756 55
6757 76
6758 72
6759 64
6760 56
6761 69
6762 61
6763 50
6764 67
6765 59
6766 71
6767 69
6768 68
6769 48
6770 53
6771 80
6772 73
6773 40
6774 48
6775 56
6776 60
6777 59
6778 60
6779 68
6780 65
6781 62
6782 50
6783 76
6784 64
6785 66
6786 71
6787 54
6788 47
6789 77
6790 67
6791 71
6792 83
6793 58
6794 53
6795 59
6796 62
6797 61
6798 80
6799 49
6800 69
6801 67
6802 67
6803 55
6804 75
6805 55
6806 52
6807 62
6808 75
6809 77
6810 58
6811 73
6812 57
6813 81
6814 75
6815 68
6816 70
6817 77
6818 63
6819 71
6820 62
6821 51
6822 58
6823 68
6824 79
6825 64
6826 67
6827 65
6828 77
6829 70
6830 73
6831 78
6832 57
6833 70
6834 86
6835 87
6836 75
6837 72
6838 79
6839 73
6840 70
6841 69
6842 73
6843 61
6844 58
6845 64
6846 84
6847 77
6848 79
6849 51
6850 63
6851 78
6852 58
6853 68
6854 74
6855 70
6856 66
6857 60
6858 75
6859 45
6860 39
6861 67
6862 57
6863 52
6864 62
6865 35
6866 60
6867 48
6868 52
6869 46
6870 48
6871 55
6872 44
6873 57
6874 58
6875 64
6876 65
6877 61
6878 58
6879 71
6880 61
6881 50
6882 64
6883 67
6884 63
6885 64
6886 53
6887 69
6888 64
6889 65
6890 67
6891 69
6892 56
6893 60
6894 57
6895 71
6896 56
6897 68
6898 61
6899 82
6900 87
6901 90
6902 60
6903 85
6904 87
6905 74
6906 67
6907 77
6908 57
6909 53
6910 80
6911 54
6912 59
6913 52
6914 67
6915 58
6916 57
6917 65
6918 66
6919 49
6920 63
6921 64
6922 56
6923 70
6924 54
6925 65
6926 52
6927 65
6928 70
6929 43
6930 71
6931 79
6932 54
6933 47
6934 42
6935 76
6936 56
6937 64
6938 52
6939 62
6940 58
6941 52
6942 49
6943 58
6944 70
6945 82
6946 41
6947 70
6948 65
6949 61
6950 41
6951 51
6952 54
6953 71
6954 66
6955 72
6956 63
6957 63
6958 64
6959 73
6960 53
6961 74
6962 55
6963 59
6964 78
6965 65
6966 61
6967 52
6968 59
6969 58
6970 62
6971 57
6972 76
6973 82
6974 65
6975 64
6976 68
6977 60
6978 71
6979 57
6980 77
6981 80
6982 65
6983 66
6984 68
6985 67
6986 68
6987 67
6988 65
6989 70
6990 62
6991 52
6992 83
6993 82
6994 67
6995 75
6996 70
6997 60
6998 52
6999 66
7000 77
7001 51
7002 63
7003 68
7004 85
7005 58
7006 76
7007 77
7008 81
7009 66
7010 61
7011 64
7012 52
7013 52
7014 59
7015 55
7016 74
7017 60
7018 62
7019 76
7020 62
7021 87
7022 79
7023 76
7024 94
7025 62
7026 72
7027 68
7028 80
7029 81
7030 81
7031 74
7032 69
7033 61
7034 60
7035 62
7036 59
7037 52
7038 75
7039 65
7040 83
7041 75
7042 63
7043 64
7044 79
7045 75
7046 66
7047 63
7048 85
7049 78
7050 66
7051 75
7052 60
7053 71
7054 72
7055 66
7056 64
7057 57
7058 56
7059 61
7060 55
7061 66
7062 78
7063 55
7064 61
7065 66
7066 57
7067 41
7068 63
7069 92
7070 52
7071 66
7072 81
7073 45
7074 40
7075 38
7076 44
7077 41
7078 78
7079 55
7080 57
7081 71
7082 74
7083 62
7084 54
7085 81
7086 79
7087 64
7088 71
7089 76
7090 57
7091 57
7092 60
7093 49
7094 61
7095 66
7096 66
7097 60
7098 46
7099 58
7100 60
7101 69
7102 45
7103 67
7104 72
7105 72
7106 59
7107 68
7108 72
7109 52
7110 58
7111 65
7112 80
7113 57
7114 53
7115 56
7116 67
7117 72
7118 53
7119 51
7120 67
7121 38
7122 30
7123 92
7124 75
7125 57
7126 58
7127 67
7128 53
7129 76
7130 67
7131 71
7132 62
7133 80
7134 87
7135 83
7136 84
7137 79
7138 46
7139 77
7140 77
7141 73
7142 84
7143 53
7144 60
7145 76
7146 82
7147 55
7148 90
7149 71
7150 73
7151 89
7152 81
7153 81
7154 79
7155 75
7156 50
7157 71
7158 64
7159 86
7160 67
7161 78
7162 68
7163 67
7164 66
7165 80
7166 73
7167 88
7168 63
7169 92
7170 74
7171 75
7172 74
7173 72
7174 53
7175 72
7176 75
7177 73
7178 59
7179 67
7180 53
7181 87
7182 82
7183 69
7184 58
7185 73
7186 68
7187 62
7188 53
7189 64
7190 65
7191 75
7192 72
7193 67
7194 71
7195 45
7196 75
7197 75
7198 71
7199 64
7200 57
7201 55
7202 93
7203 59
7204 58
7205 75
7206 82
7207 63
7208 64
7209 77
7210 77
7211 72
7212 56
7213 65
7214 66
7215 50
7216 75
7217 78
7218 51
7219 56
7220 67
7221 68
7222 65
7223 67
7224 67
7225 63
7226 77
7227 56
7228 73
7229 75
7230 69
7231 73
7232 58
7233 55
7234 65
7235 60
7236 52
7237 68
7238 60
7239 51
7240 63
7241 58
7242 62
7243 69
7244 58
7245 61
7246 57
7247 66
7248 59
7249 45
7250 62
7251 49
7252 63
7253 65
7254 74
7255 75
7256 73
7257 73
7258 64
7259 82
7260 66
7261 68
7262 76
7263 46
7264 55
7265 71
7266 48
7267 60
7268 58
7269 64
7270 57
7271 63
7272 73
7273 65
7274 64
7275 68
7276 67
7277 34
7278 70
7279 82
7280 56
7281 68
7282 58
7283 64
7284 73
7285 54
7286 72
7287 60
7288 64
7289 71
7290 79
7291 49
7292 65
7293 61
7294 72
7295 73
7296 58
7297 78
7298 67
7299 80
7300 75
7301 60
7302 69
7303 74
7304 62
7305 64
7306 46
7307 83
7308 68
7309 70
7310 78
7311 80
7312 60
7313 61
7314 63
7315 62
7316 65
7317 66
7318 69
7319 55
7320 73
7321 66
7322 62
7323 51
7324 95
7325 67
7326 64
7327 71
7328 66
7329 63
7330 59
7331 81
7332 80
7333 64
7334 66
7335 55
7336 68
7337 93
7338 69
7339 64
7340 79
7341 86
7342 64
7343 82
7344 74
7345 85
7346 81
7347 87
7348 63
7349 44
7350 66
7351 57
7352 71
7353 84
7354 81
7355 84
7356 78
7357 86
7358 77
7359 82
7360 62
7361 87
7362 70
7363 91
7364 76
7365 83
7366 85
7367 71
7368 87
7369 79
7370 71
7371 75
7372 74
7373 82
7374 86
7375 79
7376 56
7377 93
7378 62
7379 72
7380 79
7381 54
7382 92
7383 82
7384 84
7385 77
7386 75
7387 71
7388 62
7389 59
7390 68
7391 79
7392 89
7393 50
7394 56
7395 70
7396 74
7397 80
7398 65
7399 61
7400 69
7401 84
7402 75
7403 79
7404 84
7405 77
7406 79
7407 77
7408 77
7409 83
7410 50
7411 43
7412 45
7413 50
7414 94
7415 76
7416 65
7417 79
7418 75
7419 82
7420 61
7421 79
7422 73
7423 73
7424 72
7425 66
7426 76
7427 71
7428 87
7429 83
7430 85
7431 95
7432 90
7433 78
7434 84
7435 77
7436 93
7437 89
7438 84
7439 71
7440 80
7441 82
7442 90
7443 82
7444 61
7445 61
7446 56
7447 65
7448 89
7449 74
7450 82
7451 51
7452 88
7453 78
7454 90
7455 79
7456 81
7457 70
7458 99
7459 78
7460 87
7461 94
7462 38
7463 82
7464 75
7465 96
7466 92
7467 81
7468 79
7469 87
7470 70
7471 68
7472 88
7473 77
7474 86
7475 75
7476 88
7477 75
7478 61
7479 69
7480 67
7481 79
7482 57
7483 77
7484 76
7485 88
7486 48
7487 83
7488 66
7489 73
7490 64
7491 90
7492 77
7493 98
7494 59
7495 77
7496 88
7497 68
7498 84
7499 87
7500 86
7501 58
7502 80
7503 90
7504 78
7505 77
7506 78
7507 54
7508 70
7509 97
7510 70
7511 82
7512 74
7513 75
7514 87
7515 78
7516 68
7517 84
7518 91
7519 56
7520 84
7521 64
7522 80
7523 76
7524 74
7525 60
7526 76
7527 78
7528 78
7529 59
7530 84
7531 67
7532 92
7533 88
7534 82
7535 69
7536 66
7537 72
7538 59
7539 62
7540 65
7541 67
7542 72
7543 72
7544 64
7545 79
7546 87
7547 77
7548 49
7549 54
7550 79
7551 56
7552 58
7553 81
7554 79
7555 84
7556 70
7557 76
7558 63
7559 71
7560 80
7561 73
7562 69
7563 62
7564 77
7565 37
7566 24
7567 52
7568 39
7569 49
7570 75
7571 63
7572 64
7573 77
7574 64
7575 54
7576 71
7577 76
7578 89
7579 82
7580 67
7581 67
7582 77
7583 48
7584 65
7585 65
7586 65
7587 58
7588 73
7589 59
7590 39
7591 52
7592 66
7593 91
7594 81
7595 68
7596 66
7597 71
7598 66
7599 89
7600 72
7601 67
7602 73
7603 84
7604 69
7605 87
7606 65
7607 74
7608 70
7609 67
7610 73
7611 62
7612 68
7613 77
7614 52
7615 76
7616 43
7617 55
7618 66
7619 46
7620 60
7621 60
7622 62
7623 70
7624 83
7625 72
7626 39
7627 43
7628 74
7629 60
7630 78
7631 64
7632 59
7633 77
7634 74
7635 66
7636 68
7637 67
7638 48
7639 75
7640 39
7641 64
7642 69
7643 90
7644 73
7645 46
7646 65
7647 55
7648 72
7649 83
7650 91
7651 79
7652 69
7653 58
7654 73
7655 51
7656 67
7657 59
7658 68
7659 83
7660 86
7661 59
7662 78
7663 75
7664 58
7665 61
7666 58
7667 51
7668 39
7669 76
7670 49
7671 86
7672 55
7673 72
7674 82
7675 75
7676 60
7677 71
7678 74
7679 52
7680 46
7681 49
7682 75
7683 58
7684 55
7685 71
7686 78
7687 63
7688 51
7689 74
7690 84
7691 63
7692 85
7693 85
7694 72
7695 63
7696 64
7697 89
7698 72
7699 81
7700 67
7701 81
7702 64
7703 62
7704 60
7705 60
7706 72
7707 60
7708 65
7709 73
7710 51
7711 54
7712 51
7713 61
7714 67
7715 68
7716 60
7717 71
7718 45
7719 63
7720 44
7721 39
7722 55
7723 59
7724 48
7725 37
7726 57
7727 62
7728 46
7729 44
7730 55
7731 67
7732 44
7733 51
7734 42
7735 77
7736 58
7737 44
7738 63
7739 59
7740 43
7741 51
7742 47
7743 50
7744 70
7745 51
7746 63
7747 56
7748 53
7749 73
7750 63
7751 60
7752 72
7753 73
7754 45
7755 60
7756 91
7757 85
7758 79
7759 71
7760 61
7761 64
7762 55
7763 50
7764 54
7765 52
7766 41
7767 47
7768 52
7769 54
7770 60
7771 70
7772 64
7773 96
7774 74
7775 75
7776 67
7777 65
7778 45
7779 59
7780 59
7781 59
7782 67
7783 59
7784 49
7785 47
7786 58
7787 65
7788 53
7789 72
7790 58
7791 52
7792 60
7793 60
7794 75
7795 39
7796 59
7797 51
7798 54
7799 94
7800 84
7801 47
7802 79
7803 43
7804 52
7805 76
7806 67
7807 73
7808 80
7809 78
7810 56
7811 51
7812 50
7813 74
7814 50
7815 62
7816 42
7817 50
7818 65
7819 58
7820 54
7821 47
7822 27
7823 48
7824 33
7825 45
7826 54
7827 42
7828 41
7829 35
7830 43
7831 79
7832 57
7833 60
7834 43
7835 64
7836 52
7837 31
7838 50
7839 63
7840 51
7841 56
7842 55
7843 56
7844 50
7845 46
7846 43
7847 59
7848 44
7849 45
7850 49
7851 51
7852 41
7853 38
7854 48
7855 30
7856 50
7857 48
7858 59
7859 32
7860 41
7861 56
7862 35
7863 46
7864 50
7865 45
7866 46
7867 47
7868 54
7869 49
7870 48
7871 80
7872 52
7873 59
7874 69
7875 51
7876 59
7877 64
7878 78
7879 73
7880 65
7881 79
7882 83
7883 58
7884 59
7885 85
7886 69
7887 64
7888 85
7889 72
7890 63
7891 49
7892 57
7893 47
7894 52
7895 40
7896 40
7897 55
7898 84
7899 66
7900 55
7901 47
7902 71
7903 71
7904 60
7905 70
7906 91
7907 68
7908 62
7909 49
7910 54
7911 74
7912 67
7913 66
7914 44
7915 68
7916 38
7917 36
7918 34
7919 45
7920 41
7921 48
7922 43
7923 54
7924 67
7925 64
7926 53
7927 63
7928 40
7929 51
7930 53
7931 45
7932 62
7933 68
7934 64
7935 54
7936 72
7937 50
7938 55
7939 58
7940 54
7941 43
7942 46
7943 50
7944 48
7945 60
7946 58
7947 58
7948 46
7949 53
7950 43
7951 54
7952 51
7953 52
7954 41
7955 60
7956 56
7957 51
7958 60
7959 46
7960 50
7961 54
7962 44
7963 41
7964 49
7965 47
7966 42
7967 45
7968 60
7969 44
7970 48
7971 69
7972 71
7973 76
7974 80
7975 74
7976 84
7977 87
7978 81
7979 72
7980 60
7981 73
7982 69
7983 75
7984 74
7985 79
7986 84
7987 78
7988 88
7989 81
7990 79
7991 87
7992 84
7993 68
7994 64
7995 63
7996 97
7997 88
7998 68
7999 80
8000 69
8001 68
8002 78
8003 69
8004 94
8005 78
8006 74
8007 82
8008 75
8009 59
8010 71
8011 71
8012 62
8013 76
8014 78
8015 66
8016 89
8017 60
8018 66
8019 66
8020 78
8021 73
8022 91
8023 70
8024 66
8025 88
8026 71
8027 88
8028 78
8029 64
8030 61
8031 58
8032 77
8033 66
8034 85
8035 71
8036 87
8037 68
8038 55
8039 67
8040 81
8041 65
8042 70
8043 58
8044 57
8045 51
8046 62
8047 61
8048 56
8049 62
8050 52
8051 62
8052 69
8053 91
8054 55
8055 72
8056 65
8057 79
8058 66
8059 77
8060 81
8061 53
8062 86
8063 46
8064 56
8065 68
8066 70
8067 98
8068 83
8069 74
8070 60
8071 62
8072 71
8073 71
8074 71
8075 89
8076 101
8077 81
8078 87
8079 81
8080 96
8081 77
8082 74
8083 74
8084 72
8085 92
8086 75
8087 94
8088 61
8089 78
8090 81
8091 86
8092 85
8093 46
8094 45
8095 42
8096 42
8097 55
8098 47
8099 44
8100 42
8101 68
8102 64
8103 56
8104 84
8105 77
8106 75
8107 68
8108 89
8109 70
8110 90
8111 90
8112 82
8113 69
8114 67
8115 64
8116 64
8117 80
8118 71
8119 66
8120 64
8121 74
8122 69
8123 40
8124 50
8125 56
8126 83
8127 65
8128 61
8129 96
8130 83
8131 76
8132 82
8133 58
8134 59
8135 56
8136 68
8137 59
8138 89
8139 51
8140 78
8141 76
8142 74
8143 78
8144 79
8145 87
8146 84
8147 68
8148 77
8149 78
8150 84
8151 70
8152 82
8153 73
8154 79
8155 99
8156 79
8157 69
8158 65
8159 82
8160 68
8161 63
8162 57
8163 84
8164 90
8165 86
8166 70
8167 62
8168 81
8169 93
8170 76
8171 83
8172 81
8173 80
8174 74
8175 59
8176 60
8177 54
8178 71
8179 67
8180 64
8181 52
8182 61
8183 75
8184 74
8185 91
8186 61
8187 80
8188 71
8189 83
8190 80
8191 95
8192 83
8193 83
8194 78
8195 70
8196 71
8197 60
8198 72
8199 82
8200 85
8201 84
8202 72
8203 74
8204 90
8205 53
8206 65
8207 69
8208 81
8209 76
8210 83
8211 78
8212 71
8213 62
8214 85
8215 68
8216 80
8217 80
8218 67
8219 89
8220 80
8221 68
8222 50
8223 41
8224 53
8225 40
8226 91
8227 85
8228 77
8229 85
8230 84
8231 87
8232 73
8233 62
8234 92
8235 85
8236 63
8237 90
8238 81
8239 105
8240 77
8241 81
8242 79
8243 81
8244 94
8245 88
8246 62
8247 75
8248 62
8249 61
8250 53
8251 59
8252 40
8253 65
8254 52
8255 59
8256 55
8257 61
8258 54
8259 63
8260 46
8261 47
8262 57
8263 73
8264 61
8265 56
8266 58
8267 59
8268 54
8269 45
8270 55
8271 77
8272 71
8273 62
8274 71
8275 77
8276 71
8277 51
8278 66
8279 63
8280 78
8281 63
8282 77
8283 76
8284 74
8285 67
8286 61
8287 84
8288 59
8289 74
8290 84
8291 62
8292 64
8293 70
8294 62
8295 58
8296 65
8297 73
8298 81
8299 63
8300 61
8301 64
8302 66
8303 69
8304 56
8305 61
8306 63
8307 73
8308 56
8309 84
8310 67
8311 56
8312 62
8313 56
8314 59
8315 66
8316 73
8317 63
8318 34
8319 63
8320 54
8321 57
8322 65
8323 67
8324 73
8325 60
8326 68
8327 72
8328 64
8329 50
8330 59
8331 58
8332 67
8333 45
8334 70
8335 56
8336 52
8337 68
8338 62
8339 53
8340 60
8341 56
8342 58
8343 63
8344 62
8345 57
8346 57
8347 56
8348 42
8349 61
8350 51
8351 59
8352 52
8353 58
8354 48
8355 70
8356 74
8357 62
8358 76
8359 51
8360 65
8361 77
8362 51
8363 67
8364 65
8365 81
8366 82
8367 69
8368 55
8369 63
8370 67
8371 73
8372 62
8373 61
8374 61
8375 66
8376 61
8377 75
8378 62
8379 52
8380 87
8381 60
8382 54
8383 45
8384 51
8385 66
8386 67
8387 53
8388 61
8389 80
8390 63
8391 52
8392 80
8393 71
8394 76
8395 69
8396 48
8397 66
8398 71
8399 43
8400 80
8401 74
8402 58
8403 82
8404 50
8405 67
8406 66
8407 61
8408 64
8409 73
8410 55
8411 50
8412 54
8413 67
8414 83
8415 54
8416 62
8417 63
8418 60
8419 71
8420 38
8421 70
8422 67
8423 61
8424 66
8425 56
8426 65
8427 58
8428 62
8429 61
8430 56
8431 79
8432 64
8433 63
8434 64
8435 49
8436 78
8437 76
8438 58
8439 79
8440 58
8441 84
8442 87
8443 81
8444 65
8445 78
8446 75
8447 82
8448 73
8449 62
8450 67
8451 72
8452 72
8453 54
8454 62
8455 69
8456 78
8457 77
8458 79
8459 60
8460 87
8461 75
8462 85
8463 62
8464 59
8465 72
8466 61
8467 66
8468 77
8469 63
8470 71
8471 69
8472 58
8473 70
8474 84
8475 64
8476 80
8477 52
8478 65
8479 57
8480 57
8481 83
8482 59
8483 84
8484 66
8485 88
8486 57
8487 80
8488 66
8489 56
8490 63
8491 60
8492 54
8493 86
8494 59
8495 62
8496 60
8497 42
8498 46
8499 75
8500 83
8501 59
8502 70
8503 68
8504 75
8505 42
8506 78
8507 77
8508 63
8509 67
8510 73
8511 62
8512 77
8513 55
8514 74
8515 83
8516 62
8517 77
8518 56
8519 62
8520 80
8521 75
8522 55
8523 87
8524 53
8525 73
8526 68
8527 53
8528 67
8529 75
8530 68
8531 77
8532 61
8533 62
8534 59
8535 74
8536 71
8537 75
8538 65
8539 55
8540 67
8541 72
8542 75
8543 72
8544 62
8545 75
8546 71
8547 78
8548 52
8549 57
8550 65
8551 69
8552 72
8553 82
8554 59
8555 38
8556 74
8557 54
8558 74
8559 52
8560 57
8561 53
8562 60
8563 61
8564 59
8565 59
8566 68
8567 55
8568 70
8569 54
8570 60
8571 61
8572 66
8573 77
8574 80
8575 76
8576 63
8577 70
8578 74
8579 65
8580 78
8581 83
8582 82
8583 93
8584 67
8585 60
8586 82
8587 72
8588 51
8589 66
8590 62
8591 78
8592 51
8593 67
8594 54
8595 58
8596 64
8597 77
8598 64
8599 76
8600 66
8601 77
8602 70
8603 64
8604 79
8605 71
8606 66
8607 68
8608 48
8609 64
8610 62
8611 47
8612 61
8613 54
8614 69
8615 62
8616 75
8617 64
8618 57
8619 71
8620 37
8621 59
8622 64
8623 84
8624 73
8625 81
8626 58
8627 66
8628 61
8629 46
8630 64
8631 77
8632 64
8633 69
8634 55
8635 76
8636 60
8637 60
8638 71
8639 64
8640 78
8641 58
8642 66
8643 75
8644 75
8645 83
8646 71
8647 58
8648 96
8649 37
8650 68
8651 75
8652 53
8653 52
8654 76
8655 70
8656 83
8657 69
8658 101
8659 76
8660 89
8661 86
8662 70
8663 65
8664 69
8665 78
8666 85
8667 59
8668 72
8669 78
8670 78
8671 86
8672 67
8673 74
8674 49
8675 76
8676 66
8677 76
8678 78
8679 65
8680 75
8681 74
8682 82
8683 71
8684 77
8685 78
8686 53
8687 74
8688 72
8689 91
8690 49
8691 70
8692 66
8693 63
8694 70
8695 81
8696 77
8697 84
8698 56
8699 94
8700 75
8701 83
8702 56
8703 67
8704 83
8705 55
8706 74
8707 58
8708 67
8709 46
8710 64
8711 54
8712 75
8713 82
8714 71
8715 88
8716 52
8717 77
8718 100
8719 90
8720 70
8721 89
8722 78
8723 66
8724 76
8725 68
8726 70
8727 69
8728 83
8729 85
8730 75
8731 82
8732 83
8733 85
8734 54
8735 82
8736 68
8737 70
8738 69
8739 52
8740 44
8741 66
8742 90
8743 68
8744 78
8745 54
8746 71
8747 72
8748 78
8749 68
8750 76
8751 61
8752 78
8753 76
8754 78
8755 65
8756 84
8757 52
8758 71
8759 76
8760 80
8761 65
8762 81
8763 49
8764 95
8765 84
8766 90
8767 90
8768 72
8769 69
8770 70
8771 73
8772 76
8773 68
8774 54
8775 80
8776 73
8777 63
8778 78
8779 70
8780 58
8781 75
8782 73
8783 82
8784 63
8785 75
8786 51
8787 71
8788 89
8789 101
8790 82
8791 84
8792 68
8793 90
8794 64
8795 57
8796 67
8797 79
8798 75
8799 56
8800 87
8801 72
8802 65
8803 64
8804 75
8805 66
8806 97
8807 69
8808 78
8809 69
8810 65
8811 93
8812 64
8813 72
8814 88
8815 38
8816 93
8817 70
8818 91
8819 63
8820 66
8821 63
8822 56
8823 72
8824 58
8825 69
8826 80
8827 69
8828 88
8829 64
8830 70
8831 81
8832 69
8833 72
8834 90
8835 84
8836 76
8837 88
8838 53
8839 68
8840 67
8841 86
8842 76
8843 87
8844 50
8845 73
8846 83
8847 76
8848 73
8849 73
8850 67
8851 68
8852 84
8853 54
8854 63
8855 77
8856 54
8857 57
8858 67
8859 67
8860 74
8861 72
8862 60
8863 77
8864 82
8865 73
8866 72
8867 75
8868 84
8869 85
8870 86
8871 69
8872 71
8873 68
8874 85
8875 76
8876 68
8877 75
8878 72
8879 63
8880 47
8881 79
8882 65
8883 70
8884 71
8885 82
8886 64
8887 67
8888 69
8889 66
8890 83
8891 76
8892 62
8893 77
8894 66
8895 59
8896 70
8897 61
8898 92
8899 77
8900 67
8901 66
8902 63
8903 82
8904 80
8905 84
8906 84
8907 63
8908 72
8909 62
8910 79
8911 68
8912 88
8913 63
8914 78
8915 69
8916 73
8917 46
8918 75
8919 72
8920 67
8921 74
8922 71
8923 65
8924 80
8925 68
8926 61
8927 59
8928 66
8929 64
8930 56
8931 68
8932 57
8933 62
8934 60
8935 59
8936 68
8937 54
8938 77
8939 68
8940 60
8941 74
8942 59
8943 63
8944 74
8945 64
8946 63
8947 83
8948 72
8949 67
8950 78
8951 50
8952 70
8953 65
8954 57
8955 64
8956 66
8957 42
8958 56
8959 67
8960 67
8961 55
8962 51
8963 63
8964 71
8965 52
8966 66
8967 79
8968 73
8969 71
8970 60
8971 69
8972 74
8973 56
8974 71
8975 77
8976 66
8977 41
8978 68
8979 51
8980 87
8981 64
8982 65
8983 72
8984 59
8985 61
8986 57
8987 71
8988 59
8989 53
8990 76
8991 65
8992 68
8993 56
8994 71
8995 76
8996 78
8997 69
8998 54
8999 71
9000 61
9001 65
9002 76
9003 72
9004 56
9005 70
9006 64
9007 58
9008 62
9009 55
9010 46
9011 58
9012 70
9013 60
9014 80
9015 55
9016 65
9017 64
9018 37
9019 82
9020 57
9021 75
9022 78
9023 78
9024 59
9025 83
9026 63
9027 56
9028 68
9029 71
9030 61
9031 71
9032 54
9033 72
9034 45
9035 79
9036 72
9037 66
9038 73
9039 64
9040 72
9041 69
9042 64
9043 62
9044 72
9045 65
9046 62
9047 67
9048 69
9049 77
9050 80
9051 65
9052 66
9053 80
9054 50
9055 42
9056 65
9057 52
9058 74
9059 59
9060 69
9061 66
9062 40
9063 64
9064 58
9065 73
9066 74
9067 53
9068 69
9069 57
9070 84
9071 59
9072 55
9073 71
9074 70
9075 50
9076 73
9077 69
9078 72
9079 70
9080 62
9081 78
9082 53
9083 63
9084 65
9085 82
9086 78
9087 75
9088 49
9089 66
9090 70
9091 61
9092 68
9093 61
9094 86
9095 61
9096 63
9097 62
9098 62
9099 67
9100 81
9101 64
9102 54
9103 47
9104 68
9105 66
9106 54
9107 66
9108 72
9109 62
9110 65
9111 54
9112 66
9113 78
9114 63
9115 68
9116 75
9117 39
9118 66
9119 72
9120 62
9121 70
9122 68
9123 66
9124 57
9125 56
9126 82
9127 58
9128 67
9129 67
9130 69
9131 83
9132 73
9133 55
9134 60
9135 61
9136 62
9137 82
9138 68
9139 73
9140 73
9141 84
9142 66
9143 63
9144 58
9145 73
9146 66
9147 39
9148 61
9149 42
9150 74
9151 61
9152 75
9153 57
9154 56
9155 75
9156 61
9157 73
9158 62
9159 83
9160 52
9161 56
9162 77
9163 69
9164 81
9165 48
9166 72
9167 66
9168 75
9169 69
9170 37
9171 75
9172 63
9173 72
9174 75
9175 60
9176 52
9177 60
9178 63
9179 62
9180 61
9181 55
9182 70
9183 63
9184 74
9185 61
9186 58
9187 50
9188 54
9189 82
9190 56
9191 73
9192 46
9193 62
9194 76
9195 53
9196 60
9197 49
9198 67
9199 65
9200 59
9201 73
9202 63
9203 71
9204 74
9205 67
9206 56
9207 70
9208 56
9209 67
9210 66
9211 67
9212 56
9213 66
9214 84
9215 81
9216 44
9217 61
9218 75
9219 80
9220 59
9221 68
9222 52
9223 67
9224 69
9225 74
9226 68
9227 63
9228 63
9229 73
9230 65
9231 76
9232 59
9233 63
9234 72
9235 72
9236 60
9237 62
9238 59
9239 47
9240 52
9241 51
9242 66
9243 70
9244 68
9245 72
9246 69
9247 71
9248 69
9249 77
9250 64
9251 65
9252 58
9253 61
9254 68
9255 68
9256 69
9257 71
9258 78
9259 53
9260 66
9261 61
9262 65
9263 67
9264 64
9265 40
9266 39
9267 65
9268 49
9269 39
9270 34
9271 66
9272 72
9273 73
9274 61
9275 62
9276 68
9277 75
9278 63
9279 63
9280 75
9281 66
9282 76
9283 63
9284 68
9285 75
9286 64
9287 59
9288 60
9289 63
9290 68
9291 70
9292 71
9293 74
9294 72
9295 70
9296 57
9297 67
9298 71
9299 69
9300 61
9301 68
9302 68
9303 67
9304 74
9305 65
9306 68
9307 56
9308 62
9309 83
9310 58
9311 46
9312 69
9313 73
9314 60
9315 82
9316 74
9317 55
9318 76
9319 72
9320 80
9321 72
9322 50
9323 64
9324 52
9325 81
9326 66
9327 76
9328 56
9329 48
9330 62
9331 61
9332 58
9333 63
9334 61
9335 53
9336 72
9337 57
9338 62
9339 71
9340 61
9341 51
9342 53
9343 58
9344 59
9345 58
9346 42
9347 65
9348 74
9349 73
9350 60
9351 58
9352 66
9353 60
9354 56
9355 69
9356 66
9357 44
9358 67
9359 66
9360 45
9361 66
9362 76
9363 50
9364 50
9365 63
9366 51
9367 65
9368 55
9369 45
9370 80
9371 56
9372 62
9373 65
9374 58
9375 60
9376 63
9377 63
9378 79
9379 60
9380 60
9381 48
9382 54
9383 60
9384 63
9385 72
9386 81
9387 86
9388 60
9389 77
9390 55
9391 55
9392 52
9393 80
9394 51
9395 54
9396 55
9397 71
9398 50
9399 72
9400 65
9401 60
9402 56
9403 65
9404 58
9405 56
9406 51
9407 48
9408 54
9409 75
9410 63
9411 50
9412 69
9413 80
9414 65
9415 67
9416 61
9417 65
9418 73
9419 57
9420 73
9421 64
9422 58
9423 73
9424 67
9425 55
9426 55
9427 41
9428 68
9429 65
9430 64
9431 76
9432 69
9433 51
9434 73
9435 61
9436 56
9437 53
9438 49
9439 63
9440 74
9441 61
9442 67
9443 75
9444 59
9445 75
9446 64
9447 64
9448 68
9449 68
9450 55
9451 63
9452 52
9453 86
9454 78
9455 72
9456 69
9457 76
9458 71
9459 64
9460 68
9461 55
9462 69
9463 68
9464 65
9465 62
9466 62
9467 48
9468 76
9469 63
9470 63
9471 71
9472 52
9473 60
9474 60
9475 67
9476 58
9477 52
9478 60
9479 69
9480 65
9481 84
9482 58
9483 77
9484 47
9485 75
9486 52
9487 67
9488 65
9489 64
9490 62
9491 59
9492 78
9493 68
9494 67
9495 58
9496 57
9497 68
9498 62
9499 66
9500 57
9501 53
9502 48
9503 60
9504 60
9505 69
9506 61
9507 59
9508 65
9509 65
9510 64
9511 73
9512 70
9513 52
9514 45
9515 47
9516 50
9517 41
9518 69
9519 65
9520 49
9521 67
9522 70
9523 57
9524 54
9525 64
9526 56
9527 53
9528 78
9529 54
9530 63
9531 54
9532 45
9533 64
9534 75
9535 51
9536 49
9537 54
9538 72
9539 73
9540 66
9541 71
9542 77
9543 67
9544 56
9545 56
9546 69
9547 66
9548 38
9549 68
9550 64
9551 65
9552 61
9553 57
9554 69
9555 76
9556 74
9557 76
9558 64
9559 69
9560 55
9561 67
9562 65
9563 79
9564 71
9565 70
9566 65
9567 80
9568 62
9569 45
9570 65
9571 74
9572 69
9573 58
9574 70
9575 61
9576 62
9577 83
9578 68
9579 65
9580 77
9581 79
9582 70
9583 56
9584 66
9585 56
9586 65
9587 62
9588 59
9589 75
9590 68
9591 80
9592 67
9593 73
9594 82
9595 65
9596 81
9597 73
9598 66
9599 72
9600 69
9601 67
9602 64
9603 66
9604 76
9605 70
9606 46
9607 68
9608 56
9609 71
9610 70
9611 67
9612 70
9613 46
9614 49
9615 74
9616 46
9617 63
9618 65
9619 62
9620 69
9621 73
9622 50
9623 51
9624 56
9625 70
9626 64
9627 60
9628 62
9629 61
9630 63
9631 71
9632 58
9633 55
9634 62
9635 49
9636 70
9637 63
9638 58
9639 60
9640 67
9641 58
9642 62
9643 57
9644 59
9645 65
9646 61
9647 47
9648 83
9649 59
9650 63
9651 49
9652 56
9653 71
9654 67
9655 58
9656 61
9657 59
9658 60
9659 64
9660 45
9661 64
9662 64
9663 58
9664 63
9665 51
9666 53
9667 64
9668 42
9669 53
9670 48
9671 55
9672 58
9673 66
9674 47
9675 79
9676 51
9677 60
9678 66
9679 58
9680 63
9681 69
9682 67
9683 58
9684 64
9685 58
9686 65
9687 50
9688 54
9689 68
9690 59
9691 67
9692 58
9693 61
9694 51
9695 59
9696 61
9697 70
9698 72
9699 59
9700 51
9701 76
9702 66
9703 68
9704 46
9705 59
9706 78
9707 68
9708 78
9709 67
9710 69
9711 71
9712 57
9713 66
9714 62
9715 73
9716 59
9717 48
9718 71
9719 59
9720 75
9721 81
9722 68
9723 62
9724 69
9725 70
9726 67
9727 78
9728 55
9729 47
9730 45
9731 79
9732 57
9733 72
9734 69
9735 69
9736 78
9737 63
9738 63
9739 78
9740 52
9741 59
9742 71
9743 53
9744 64
9745 52
9746 83
9747 89
9748 49
9749 77
9750 50
9751 51
9752 75
9753 62
9754 60
9755 87
9756 70
9757 55
9758 57
9759 64
9760 45
9761 60
9762 60
9763 63
9764 60
9765 53
9766 61
9767 49
9768 71
9769 67
9770 47
9771 60
9772 52
9773 61
9774 58
9775 69
9776 61
9777 54
9778 74
9779 56
9780 75
9781 59
9782 55
9783 63
9784 66
9785 82
9786 62
9787 80
9788 71
9789 72
9790 59
9791 77
9792 72
9793 51
9794 58
9795 61
9796 72
9797 53
9798 73
9799 51
9800 73
9801 62
9802 61
9803 75
9804 66
9805 81
9806 71
9807 49
9808 69
9809 60
9810 61
9811 59
9812 55
9813 55
9814 77
9815 60
9816 78
9817 80
9818 91
9819 84
9820 65
9821 68
9822 84
9823 62
9824 60
9825 70
9826 73
9827 57
9828 66
9829 63
9830 55
9831 75
9832 79
9833 62
9834 66
9835 62
9836 70
9837 76
9838 67
9839 76
9840 67
9841 59
9842 66
9843 37
9844 63
9845 64
9846 70
9847 61
9848 70
9849 64
9850 76
9851 74
9852 69
9853 66
9854 54
9855 55
9856 74
9857 53
9858 40
9859 39
9860 51
9861 54
9862 69
9863 43
9864 65
9865 57
9866 45
9867 59
9868 52
9869 42
9870 63
9871 75
9872 57
9873 62
9874 67
9875 57
9876 56
9877 69
9878 56
9879 59
9880 69
9881 71
9882 65
9883 48
9884 45
9885 60
9886 52
9887 50
9888 54
9889 44
9890 51
9891 38
9892 50
9893 55
9894 48
9895 64
9896 66
9897 44
9898 62
9899 43
9900 50
9901 53
9902 60
9903 52
9904 50
9905 62
9906 62
9907 54
9908 50
9909 60
9910 52
9911 53
9912 41
9913 49
9914 65
9915 71
9916 65
9917 57
9918 63
9919 65
9920 58
9921 68
9922 67
9923 67
9924 68
9925 64
9926 58
9927 56
9928 53
9929 56
9930 62
9931 59
9932 69
9933 68
9934 63
9935 70
9936 61
9937 75
9938 55
9939 72
9940 49
9941 59
9942 57
9943 55
9944 67
9945 59
9946 51
9947 44
9948 55
9949 55
9950 65
9951 85
9952 53
9953 50
9954 54
9955 46
9956 50
9957 60
9958 71
9959 67
9960 72
9961 61
9962 54
9963 70
9964 56
9965 63
9966 51
9967 36
9968 57
9969 61
9970 61
9971 48
9972 48
9973 47
9974 66
9975 58
9976 64
9977 60
9978 58
9979 69
9980 50
9981 51
9982 56
9983 48
9984 58
9985 53
9986 50
9987 66
9988 57
9989 54
9990 63
9991 67
9992 40
9993 47
9994 65
9995 64
9996 71
9997 73
9998 63
9999 64
