# Frame Contacts
3000 22
3001 19
3002 20
3003 10
3004 19
3005 17
3006 33
3007 34
3008 20
3009 27
3010 30
3011 27
3012 30
3013 27
3014 24
3015 16
3016 36
3017 23
3018 29
3019 31
3020 24
3021 15
3022 13
3023 17
3024 21
3025 17
3026 15
3027 15
3028 28
3029 29
3030 21
3031 25
3032 29
3033 22
3034 36
3035 17
3036 21
3037 27
3038 12
3039 9
3040 15
3041 28
3042 18
3043 28
3044 19
3045 23
3046 26
3047 22
3048 23
3049 29
3050 25
3051 28
3052 31
3053 20
3054 30
3055 31
3056 28
3057 24
3058 35
3059 26
3060 25
3061 26
3062 23
3063 21
3064 18
3065 18
3066 8
3067 2
3068 26
3069 38
3070 17
3071 27
3072 33
3073 15
3074 23
3075 32
3076 29
3077 29
3078 12
3079 31
3080 36
3081 27
3082 25
3083 22
3084 35
3085 20
3086 24
3087 7
3088 7
3089 21
3090 18
3091 30
3092 31
3093 12
3094 35
3095 15
3096 22
3097 1
3098 25
3099 27
3100 14
3101 15
3102 18
3103 22
3104 15
3105 32
3106 25
3107 31
3108 27
3109 27
3110 19
3111 31
3112 37
3113 30
3114 30
3115 30
3116 17
3117 37
3118 30
3119 21
3120 25
3121 24
3122 30
3123 24
3124 29
3125 32
3126 14
3127 35
3128 24
3129 32
3130 29
3131 21
3132 26
3133 21
3134 40
3135 40
3136 20
3137 27
3138 34
3139 31
3140 39
3141 38
3142 28
3143 23
3144 14
3145 30
3146 33
3147 32
3148 31
3149 37
3150 20
3151 28
3152 28
3153 37
3154 18
3155 20
3156 31
3157 36
3158 17
3159 16
3160 37
3161 18
3162 33
3163 23
3164 33
3165 30
3166 20
3167 24
3168 29
3169 17
3170 32
3171 28
3172 20
3173 37
3174 32
3175 30
3176 23
3177 18
3178 20
3179 27
3180 30
3181 23
3182 28
3183 15
3184 33
3185 17
3186 28
3187 27
3188 20
3189 29
3190 25
3191 14
3192 39
3193 24
3194 18
3195 29
3196 24
3197 33
3198 27
3199 16
3200 42
3201 19
3202 16
3203 34
3204 33
3205 15
3206 27
3207 34
3208 34
3209 17
3210 22
3211 26
3212 17
3213 25
3214 32
3215 22
3216 19
3217 29
3218 15
3219 34
3220 26
3221 24
3222 23
3223 28
3224 21
3225 25
3226 24
3227 20
3228 28
3229 24
3230 13
3231 27
3232 21
3233 27
3234 27
3235 33
3236 23
3237 29
3238 32
3239 30
3240 20
3241 21
3242 27
3243 17
3244 11
3245 23
3246 10
3247 24
3248 14
3249 12
3250 22
3251 21
3252 31
3253 19
3254 34
3255 34
3256 27
3257 33
3258 32
3259 36
3260 16
3261 17
3262 16
3263 18
3264 22
3265 25
3266 37
3267 12
3268 30
3269 25
3270 30
3271 16
3272 23
3273 15
3274 24
3275 9
3276 11
3277 13
3278 9
3279 13
3280 6
3281 9
3282 3
3283 12
3284 23
3285 30
3286 33
3287 24
3288 11
3289 20
3290 5
3291 7
3292 13
3293 28
3294 29
3295 20
3296 24
3297 16
3298 36
3299 23
3300 21
3301 26
3302 26
3303 13
3304 23
3305 25
3306 34
3307 25
3308 7
3309 23
3310 22
3311 14
3312 35
3313 26
3314 33
3315 16
3316 20
3317 22
3318 24
3319 7
3320 10
3321 2
3322 10
3323 8
3324 27
3325 31
3326 20
3327 15
3328 18
3329 15
3330 21
3331 5
3332 34
3333 13
3334 28
3335 24
3336 12
3337 31
3338 32
3339 30
3340 38
3341 22
3342 22
3343 21
3344 22
3345 18
3346 23
3347 24
3348 23
3349 21
3350 18
3351 21
3352 14
3353 25
3354 29
3355 24
3356 26
3357 23
3358 22
3359 29
3360 21
3361 22
3362 22
3363 29
3364 25
3365 24
3366 23
3367 23
3368 27
3369 12
3370 21
3371 23
3372 29
3373 26
3374 29
3375 23
3376 17
3377 20
3378 26
3379 14
3380 19
3381 19
3382 39
3383 29
3384 30
3385 25
3386 22
3387 35
3388 25
3389 28
3390 30
3391 29
3392 25
3393 27
3394 22
3395 23
3396 26
3397 28
3398 20
3399 23
3400 29
3401 12
3402 14
3403 22
3404 14
3405 9
3406 25
3407 35
3408 26
3409 28
3410 24
3411 26
3412 19
3413 25
3414 22
3415 27
3416 31
3417 24
3418 9
3419 29
3420 11
3421 18
3422 9
3423 15
3424 17
3425 19
3426 21
3427 30
3428 18
3429 13
3430 16
3431 13
3432 8
3433 23
3434 24
3435 29
3436 27
3437 29
3438 31
3439 19
3440 30
3441 32
3442 38
3443 33
3444 35
3445 44
3446 47
3447 41
3448 38
3449 30
3450 28
3451 21
3452 35
3453 29
3454 38
3455 44
3456 50
3457 32
3458 41
3459 32
3460 32
3461 32
3462 40
3463 46
3464 34
3465 38
3466 44
3467 31
3468 26
3469 31
3470 40
3471 49
3472 43
3473 39
3474 41
3475 37
3476 34
3477 36
3478 38
3479 39
3480 30
3481 36
3482 33
3483 30
3484 33
3485 34
3486 39
3487 39
3488 36
3489 41
3490 41
3491 37
3492 35
3493 42
3494 40
3495 37
3496 41
3497 42
3498 31
3499 42
3500 47
3501 31
3502 36
3503 39
3504 31
3505 50
3506 45
3507 44
3508 34
3509 45
3510 39
3511 40
3512 39
3513 36
3514 50
3515 36
3516 39
3517 44
3518 48
3519 39
3520 37
3521 38
3522 37
3523 39
3524 39
3525 33
3526 36
3527 44
3528 34
3529 44
3530 39
3531 41
3532 40
3533 28
3534 34
3535 39
3536 31
3537 38
3538 31
3539 34
3540 44
3541 33
3542 31
3543 35
3544 28
3545 27
3546 31
3547 27
3548 35
3549 33
3550 26
3551 40
3552 38
3553 39
3554 36
3555 36
3556 38
3557 30
3558 38
3559 37
3560 33
3561 38
3562 39
3563 38
3564 35
3565 32
3566 37
3567 37
3568 35
3569 40
3570 40
3571 42
3572 42
3573 36
3574 40
3575 36
3576 41
3577 30
3578 39
3579 40
3580 42
3581 43
3582 37
3583 43
3584 37
3585 37
3586 37
3587 33
3588 34
3589 43
3590 46
3591 48
3592 39
3593 36
3594 40
3595 39
3596 33
3597 29
3598 34
3599 37
3600 34
3601 34
3602 34
3603 32
3604 31
3605 33
3606 38
3607 33
3608 36
3609 36
3610 37
3611 35
3612 38
3613 31
3614 29
3615 32
3616 36
3617 39
3618 26
3619 28
3620 41
3621 33
3622 35
3623 36
3624 40
3625 27
3626 30
3627 35
3628 37
3629 38
3630 43
3631 41
3632 37
3633 46
3634 41
3635 34
3636 37
3637 42
3638 41
3639 28
3640 39
3641 32
3642 37
3643 41
3644 37
3645 36
3646 36
3647 36
3648 38
3649 39
3650 38
3651 39
3652 24
3653 43
3654 46
3655 26
3656 34
3657 37
3658 33
3659 34
3660 37
3661 37
3662 38
3663 40
3664 43
3665 35
3666 33
3667 37
3668 34
3669 38
3670 41
3671 40
3672 38
3673 37
3674 28
3675 26
3676 32
3677 35
3678 35
3679 37
3680 35
3681 33
3682 34
3683 34
3684 27
3685 26
3686 36
3687 36
3688 34
3689 35
3690 44
3691 34
3692 27
3693 24
3694 54
3695 34
3696 37
3697 39
3698 34
3699 46
3700 39
3701 43
3702 19
3703 31
3704 35
3705 37
3706 32
3707 32
3708 41
3709 39
3710 34
3711 37
3712 38
3713 29
3714 37
3715 25
3716 31
3717 32
3718 28
3719 28
3720 36
3721 30
3722 34
3723 28
3724 24
3725 24
3726 35
3727 35
3728 30
3729 13
3730 21
3731 17
3732 14
3733 22
3734 25
3735 16
3736 12
3737 26
3738 19
3739 11
3740 22
3741 17
3742 13
3743 22
3744 6
3745 19
3746 1
3747 13
3748 6
3749 1
3750 29
3751 21
3752 7
3753 31
3754 8
3755 5
3756 8
3757 13
3758 26
3759 29
3760 23
3761 5
3762 16
3763 26
3764 16
3765 22
3766 11
3767 20
3768 22
3769 25
3770 18
3771 26
3772 21
3773 30
3774 23
3775 16
3776 17
3777 25
3778 28
3779 16
3780 23
3781 21
3782 20
3783 21
3784 30
3785 24
3786 18
3787 36
3788 13
3789 24
3790 23
3791 6
3792 18
3793 16
3794 18
3795 15
3796 11
3797 15
3798 17
3799 16
3800 20
3801 6
3802 10
3803 9
3804 17
3805 23
3806 22
3807 12
3808 19
3809 10
3810 6
3811 14
3812 13
3813 15
3814 21
3815 27
3816 18
3817 18
3818 21
3819 4
3820 25
3821 12
3822 25
3823 5
3824 8
3825 15
3826 29
3827 23
3828 11
3829 34
3830 20
3831 26
3832 18
3833 14
3834 7
3835 24
3836 25
3837 27
3838 17
3839 4
3840 12
3841 18
3842 20
3843 18
3844 17
3845 20
3846 23
3847 21
3848 15
3849 14
3850 10
3851 22
3852 25
3853 27
3854 19
3855 26
3856 28
3857 16
3858 26
3859 26
3860 14
3861 25
3862 33
3863 22
3864 31
3865 19
3866 16
3867 23
3868 34
3869 16
3870 26
3871 24
3872 20
3873 15
3874 7
3875 12
3876 22
3877 27
3878 12
3879 24
3880 29
3881 22
3882 24
3883 26
3884 18
3885 21
3886 4
3887 20
3888 24
3889 32
3890 24
3891 21
3892 13
3893 11
3894 23
3895 21
3896 12
3897 28
3898 27
3899 24
3900 40
3901 29
3902 35
3903 33
3904 36
3905 13
3906 27
3907 24
3908 25
3909 23
3910 16
3911 29
3912 15
3913 15
3914 13
3915 13
3916 34
3917 27
3918 27
3919 21
3920 30
3921 30
3922 32
3923 22
3924 20
3925 36
3926 27
3927 29
3928 36
3929 34
3930 32
3931 29
3932 41
3933 14
3934 31
3935 18
3936 18
3937 20
3938 28
3939 16
3940 25
3941 23
3942 15
3943 18
3944 31
3945 32
3946 13
3947 21
3948 34
3949 33
3950 29
3951 33
3952 31
3953 15
3954 36
3955 27
3956 21
3957 30
3958 32
3959 38
3960 34
3961 28
3962 29
3963 29
3964 39
3965 22
3966 30
3967 42
3968 45
3969 38
3970 35
3971 37
3972 29
3973 36
3974 25
3975 29
3976 29
3977 34
3978 27
3979 27
3980 18
3981 23
3982 26
3983 31
3984 28
3985 34
3986 26
3987 33
3988 31
3989 30
3990 30
3991 31
3992 30
3993 29
3994 40
3995 20
3996 38
3997 33
3998 23
3999 42
4000 37
4001 32
4002 40
4003 35
4004 28
4005 23
4006 34
4007 30
4008 35
4009 36
4010 32
4011 34
4012 32
4013 33
4014 27
4015 32
4016 16
4017 16
4018 22
4019 30
4020 21
4021 34
4022 37
4023 26
4024 28
4025 28
4026 39
4027 34
4028 29
4029 37
4030 29
4031 38
4032 40
4033 29
4034 33
4035 36
4036 29
4037 31
4038 31
4039 43
4040 26
4041 37
4042 37
4043 29
4044 33
4045 32
4046 30
4047 42
4048 34
4049 40
4050 33
4051 35
4052 31
4053 44
4054 25
4055 36
4056 37
4057 41
4058 33
4059 24
4060 26
4061 24
4062 34
4063 44
4064 30
4065 40
4066 31
4067 39
4068 38
4069 35
4070 25
4071 40
4072 44
4073 37
4074 21
4075 16
4076 33
4077 29
4078 35
4079 26
4080 23
4081 22
4082 38
4083 31
4084 42
4085 45
4086 32
4087 40
4088 21
4089 41
4090 33
4091 32
4092 28
4093 32
4094 38
4095 39
4096 40
4097 42
4098 33
4099 32
4100 29
4101 40
4102 26
4103 17
4104 27
4105 25
4106 23
4107 29
4108 42
4109 32
4110 41
4111 41
4112 35
4113 32
4114 30
4115 35
4116 34
4117 21
4118 35
4119 40
4120 36
4121 29
4122 23
4123 7
4124 4
4125 16
4126 15
4127 20
4128 17
4129 22
4130 32
4131 19
4132 26
4133 14
4134 15
4135 29
4136 13
4137 26
4138 23
4139 22
4140 19
4141 16
4142 11
4143 19
4144 8
4145 16
4146 20
4147 21
4148 29
4149 19
4150 18
4151 20
4152 25
4153 23
4154 20
4155 13
4156 19
4157 28
4158 36
4159 20
4160 15
4161 23
4162 36
4163 35
4164 24
4165 12
4166 15
4167 6
4168 18
4169 6
4170 23
4171 16
4172 22
4173 21
4174 27
4175 30
4176 21
4177 19
4178 25
4179 23
4180 33
4181 23
4182 12
4183 25
4184 36
4185 41
4186 34
4187 38
4188 33
4189 32
4190 35
4191 28
4192 41
4193 30
4194 34
4195 35
4196 38
4197 20
4198 26
4199 39
4200 32
4201 31
4202 26
4203 17
4204 30
4205 30
4206 29
4207 23
4208 31
4209 31
4210 25
4211 33
4212 31
4213 24
4214 30
4215 31
4216 33
4217 41
4218 34
4219 41
4220 34
4221 19
4222 35
4223 37
4224 16
4225 42
4226 40
4227 44
4228 35
4229 35
4230 39
4231 21
4232 24
4233 24
4234 26
4235 36
4236 40
4237 27
4238 34
4239 35
4240 15
4241 31
4242 29
4243 29
4244 39
4245 23
4246 31
4247 39
4248 37
4249 34
4250 35
4251 42
4252 33
4253 28
4254 40
4255 32
4256 31
4257 25
4258 37
4259 27
4260 24
4261 31
4262 39
4263 36
4264 41
4265 33
4266 38
4267 28
4268 41
4269 35
4270 39
4271 34
4272 36
4273 36
4274 22
4275 39
4276 35
4277 35
4278 37
4279 37
4280 40
4281 34
4282 35
4283 45
4284 41
4285 38
4286 30
4287 22
4288 22
4289 26
4290 13
4291 14
4292 5
4293 11
4294 24
4295 41
4296 40
4297 23
4298 22
4299 24
4300 35
4301 39
4302 36
4303 37
4304 37
4305 42
4306 40
4307 37
4308 42
4309 20
4310 24
4311 35
4312 27
4313 35
4314 29
4315 32
4316 32
4317 33
4318 28
4319 36
4320 34
4321 33
4322 17
4323 42
4324 14
4325 26
4326 49
4327 44
4328 33
4329 29
4330 40
4331 28
4332 34
4333 34
4334 37
4335 34
4336 26
4337 35
4338 28
4339 36
4340 28
4341 26
4342 19
4343 31
4344 39
4345 41
4346 25
4347 31
4348 16
4349 17
4350 25
4351 21
4352 34
4353 32
4354 34
4355 43
4356 36
4357 36
4358 35
4359 34
4360 39
4361 18
4362 40
4363 24
4364 20
4365 25
4366 21
4367 20
4368 31
4369 25
4370 32
4371 41
4372 24
4373 20
4374 18
4375 37
4376 33
4377 42
4378 24
4379 38
4380 35
4381 30
4382 31
4383 17
4384 23
4385 30
4386 22
4387 17
4388 43
4389 37
4390 31
4391 36
4392 37
4393 34
4394 23
4395 32
4396 34
4397 20
4398 31
4399 30
4400 34
4401 31
4402 25
4403 33
4404 29
4405 28
4406 36
4407 24
4408 28
4409 29
4410 27
4411 31
4412 23
4413 27
4414 37
4415 17
4416 22
4417 23
4418 28
4419 28
4420 26
4421 33
4422 35
4423 17
4424 23
4425 22
4426 36
4427 15
4428 36
4429 35
4430 21
4431 41
4432 25
4433 31
4434 37
4435 36
4436 41
4437 34
4438 27
4439 22
4440 22
4441 33
4442 45
4443 23
4444 36
4445 41
4446 38
4447 32
4448 40
4449 37
4450 41
4451 35
4452 26
4453 33
4454 34
4455 38
4456 42
4457 36
4458 40
4459 42
4460 44
4461 38
4462 40
4463 38
4464 35
4465 41
4466 41
4467 35
4468 28
4469 43
4470 29
4471 24
4472 35
4473 37
4474 39
4475 41
4476 29
4477 32
4478 33
4479 30
4480 33
4481 35
4482 33
4483 38
4484 19
4485 29
4486 35
4487 34
4488 30
4489 38
4490 40
4491 28
4492 38
4493 28
4494 22
4495 36
4496 37
4497 30
4498 33
4499 27
4500 39
4501 41
4502 35
4503 39
4504 30
4505 38
4506 32
4507 38
4508 35
4509 31
4510 31
4511 40
4512 38
4513 42
4514 38
4515 37
4516 39
4517 35
4518 39
4519 35
4520 25
4521 35
4522 35
4523 35
4524 34
4525 43
4526 36
4527 28
4528 35
4529 40
4530 27
4531 36
4532 33
4533 37
4534 37
4535 40
4536 33
4537 39
4538 35
4539 32
4540 42
4541 42
4542 19
4543 38
4544 36
4545 25
4546 35
4547 39
4548 35
4549 25
4550 47
4551 32
4552 31
4553 34
4554 36
4555 30
4556 31
4557 30
4558 38
4559 35
4560 35
4561 40
4562 38
4563 21
4564 34
4565 40
4566 34
4567 35
4568 38
4569 26
4570 36
4571 35
4572 42
4573 38
4574 30
4575 43
4576 26
4577 34
4578 37
4579 32
4580 35
4581 31
4582 38
4583 28
4584 23
4585 27
4586 39
4587 38
4588 24
4589 37
4590 14
4591 25
4592 36
4593 33
4594 48
4595 32
4596 28
4597 23
4598 30
4599 30
4600 23
4601 34
4602 28
4603 34
4604 28
4605 24
4606 35
4607 43
4608 29
4609 41
4610 43
4611 34
4612 36
4613 42
4614 38
4615 37
4616 41
4617 40
4618 36
4619 36
4620 35
4621 38
4622 17
4623 31
4624 37
4625 36
4626 38
4627 37
4628 31
4629 41
4630 33
4631 41
4632 32
4633 24
4634 13
4635 5
4636 32
4637 39
4638 19
4639 35
4640 29
4641 32
4642 39
4643 32
4644 31
4645 26
4646 36
4647 29
4648 35
4649 26
4650 25
4651 31
4652 45
4653 39
4654 32
4655 39
4656 45
4657 41
4658 32
4659 40
4660 36
4661 42
4662 36
4663 39
4664 35
4665 41
4666 41
4667 30
4668 41
4669 37
4670 37
4671 37
4672 29
4673 21
4674 20
4675 33
4676 38
4677 35
4678 41
4679 43
4680 29
4681 45
4682 36
4683 26
4684 39
4685 33
4686 40
4687 28
4688 36
4689 37
4690 40
4691 30
4692 38
4693 20
4694 30
4695 35
4696 36
4697 36
4698 30
4699 43
4700 21
4701 42
4702 38
4703 33
4704 37
4705 32
4706 42
4707 29
4708 27
4709 36
4710 45
4711 32
4712 37
4713 31
4714 36
4715 32
4716 41
4717 25
4718 38
4719 35
4720 27
4721 42
4722 44
4723 40
4724 36
4725 36
4726 29
4727 42
4728 35
4729 37
4730 39
4731 27
4732 38
4733 39
4734 36
4735 42
4736 37
4737 36
4738 21
4739 35
4740 39
4741 43
4742 38
4743 44
4744 45
4745 28
4746 22
4747 34
4748 29
4749 32
4750 35
4751 40
4752 32
4753 39
4754 35
4755 41
4756 35
4757 39
4758 21
4759 28
4760 30
4761 35
4762 25
4763 27
4764 29
4765 39
4766 36
4767 35
4768 32
4769 30
4770 39
4771 22
4772 39
4773 38
4774 35
4775 42
4776 37
4777 35
4778 29
4779 37
4780 43
4781 41
4782 41
4783 33
4784 40
4785 44
4786 39
4787 21
4788 28
4789 36
4790 30
4791 41
4792 35
4793 26
4794 33
4795 40
4796 25
4797 34
4798 28
4799 35
4800 35
4801 31
4802 35
4803 38
4804 44
4805 31
4806 37
4807 40
4808 38
4809 35
4810 39
4811 23
4812 41
4813 43
4814 40
4815 28
4816 37
4817 30
4818 42
4819 31
4820 39
4821 36
4822 33
4823 40
4824 24
4825 38
4826 41
4827 35
4828 30
4829 46
4830 42
4831 37
4832 38
4833 35
4834 35
4835 37
4836 30
4837 35
4838 40
4839 38
4840 24
4841 42
4842 43
4843 43
4844 40
4845 33
4846 31
4847 39
4848 37
4849 39
4850 19
4851 29
4852 35
4853 38
4854 38
4855 29
4856 24
4857 35
4858 33
4859 32
4860 30
4861 32
4862 36
4863 23
4864 39
4865 40
4866 39
4867 35
4868 43
4869 41
4870 17
4871 25
4872 29
4873 32
4874 31
4875 42
4876 37
4877 37
4878 40
4879 28
4880 30
4881 32
4882 38
4883 38
4884 40
4885 32
4886 45
4887 32
4888 43
4889 38
4890 41
4891 30
4892 36
4893 37
4894 25
4895 25
4896 40
4897 38
4898 38
4899 44
4900 33
4901 37
4902 35
4903 37
4904 33
4905 36
4906 38
4907 37
4908 23
4909 17
4910 39
4911 31
4912 37
4913 32
4914 34
4915 31
4916 30
4917 39
4918 39
4919 33
4920 40
4921 38
4922 38
4923 33
4924 42
4925 34
4926 37
4927 30
4928 35
4929 22
4930 39
4931 38
4932 28
4933 38
4934 39
4935 38
4936 29
4937 22
4938 29
4939 34
4940 36
4941 41
4942 17
4943 34
4944 38
4945 30
4946 18
4947 30
4948 26
4949 23
4950 37
4951 40
4952 26
4953 37
4954 41
4955 29
4956 30
4957 27
4958 35
4959 41
4960 34
4961 40
4962 43
4963 38
4964 34
4965 26
4966 40
4967 35
4968 40
4969 35
4970 35
4971 31
4972 41
4973 31
4974 39
4975 30
4976 23
4977 28
4978 35
4979 24
4980 37
4981 21
4982 36
4983 30
4984 32
4985 34
4986 35
4987 26
4988 36
4989 38
4990 30
4991 38
4992 30
4993 32
4994 34
4995 41
4996 37
4997 36
4998 27
4999 43
5000 26
5001 35
5002 36
5003 30
5004 35
5005 35
5006 22
5007 9
5008 36
5009 37
5010 36
5011 15
5012 31
5013 25
5014 35
5015 47
5016 41
5017 27
5018 34
5019 36
5020 10
5021 32
5022 40
5023 39
5024 25
5025 28
5026 21
5027 42
5028 36
5029 43
5030 47
5031 42
5032 50
5033 37
5034 32
5035 33
5036 38
5037 41
5038 30
5039 38
5040 38
5041 38
5042 40
5043 30
5044 25
5045 36
5046 41
5047 35
5048 35
5049 33
5050 34
5051 34
5052 38
5053 19
5054 34
5055 37
5056 34
5057 22
5058 37
5059 19
5060 37
5061 32
5062 26
5063 31
5064 26
5065 35
5066 34
5067 28
5068 25
5069 31
5070 41
5071 33
5072 35
5073 36
5074 31
5075 26
5076 40
5077 34
5078 34
5079 37
5080 31
5081 32
5082 29
5083 31
5084 33
5085 26
5086 44
5087 40
5088 32
5089 34
5090 37
5091 31
5092 31
5093 39
5094 41
5095 36
5096 47
5097 32
5098 33
5099 28
5100 36
5101 39
5102 31
5103 42
5104 21
5105 36
5106 33
5107 28
5108 33
5109 45
5110 33
5111 32
5112 33
5113 36
5114 34
5115 34
5116 39
5117 29
5118 40
5119 45
5120 37
5121 37
5122 31
5123 35
5124 32
5125 32
5126 44
5127 42
5128 41
5129 32
5130 32
5131 34
5132 38
5133 33
5134 41
5135 38
5136 41
5137 30
5138 34
5139 31
5140 38
5141 39
5142 43
5143 46
5144 39
5145 37
5146 34
5147 30
5148 33
5149 39
5150 44
5151 45
5152 44
5153 31
5154 44
5155 36
5156 34
5157 37
5158 25
5159 44
5160 36
5161 39
5162 20
5163 42
5164 41
5165 35
5166 44
5167 32
5168 43
5169 38
5170 19
5171 35
5172 35
5173 41
5174 41
5175 37
5176 29
5177 38
5178 46
5179 43
5180 20
5181 24
5182 41
5183 39
5184 41
5185 26
5186 32
5187 31
5188 37
5189 37
5190 36
5191 37
5192 22
5193 32
5194 21
5195 35
5196 36
5197 35
5198 33
5199 35
5200 31
5201 39
5202 36
5203 32
5204 25
5205 31
5206 32
5207 23
5208 30
5209 20
5210 25
5211 20
5212 20
5213 20
5214 20
5215 26
5216 40
5217 35
5218 18
5219 36
5220 33
5221 31
5222 33
5223 41
5224 38
5225 38
5226 15
5227 36
5228 40
5229 32
5230 29
5231 30
5232 29
5233 27
5234 27
5235 23
5236 31
5237 24
5238 20
5239 40
5240 35
5241 22
5242 22
5243 28
5244 33
5245 32
5246 35
5247 31
5248 41
5249 38
5250 35
5251 35
5252 29
5253 37
5254 38
5255 18
5256 26
5257 21
5258 25
5259 38
5260 24
5261 35
5262 33
5263 28
5264 31
5265 19
5266 34
5267 38
5268 39
5269 35
5270 34
5271 37
5272 41
5273 36
5274 34
5275 43
5276 39
5277 34
5278 40
5279 27
5280 32
5281 39
5282 40
5283 30
5284 40
5285 29
5286 18
5287 39
5288 36
5289 44
5290 23
5291 21
5292 30
5293 35
5294 14
5295 26
5296 25
5297 37
5298 33
5299 34
5300 34
5301 34
5302 43
5303 42
5304 40
5305 48
5306 39
5307 39
5308 33
5309 23
5310 24
5311 36
5312 39
5313 31
5314 25
5315 30
5316 37
5317 42
5318 39
5319 30
5320 25
5321 31
5322 44
5323 36
5324 34
5325 44
5326 38
5327 43
5328 36
5329 25
5330 40
5331 42
5332 42
5333 32
5334 43
5335 40
5336 32
5337 30
5338 27
5339 38
5340 35
5341 33
5342 32
5343 34
5344 34
5345 32
5346 32
5347 30
5348 21
5349 33
5350 37
5351 29
5352 28
5353 37
5354 42
5355 43
5356 17
5357 32
5358 37
5359 42
5360 27
5361 23
5362 39
5363 35
5364 29
5365 32
5366 38
5367 38
5368 36
5369 35
5370 33
5371 37
5372 23
5373 41
5374 41
5375 38
5376 36
5377 32
5378 29
5379 33
5380 33
5381 31
5382 29
5383 40
5384 40
5385 44
5386 34
5387 30
5388 32
5389 27
5390 31
5391 36
5392 31
5393 31
5394 30
5395 28
5396 36
5397 35
5398 43
5399 37
5400 43
5401 28
5402 23
5403 39
5404 34
5405 23
5406 28
5407 29
5408 33
5409 38
5410 22
5411 37
5412 40
5413 39
5414 32
5415 37
5416 38
5417 22
5418 34
5419 42
5420 41
5421 32
5422 31
5423 41
5424 34
5425 36
5426 31
5427 38
5428 43
5429 33
5430 37
5431 37
5432 38
5433 44
5434 39
5435 35
5436 37
5437 24
5438 36
5439 42
5440 38
5441 41
5442 39
5443 41
5444 44
5445 42
5446 39
5447 21
5448 42
5449 31
5450 33
5451 38
5452 17
5453 28
5454 25
5455 39
5456 37
5457 35
5458 32
5459 35
5460 35
5461 20
5462 19
5463 32
5464 44
5465 34
5466 29
5467 28
5468 34
5469 36
5470 17
5471 24
5472 28
5473 23
5474 38
5475 30
5476 42
5477 39
5478 27
5479 37
5480 26
5481 33
5482 26
5483 25
5484 21
5485 32
5486 35
5487 36
5488 38
5489 31
5490 30
5491 39
5492 33
5493 25
5494 36
5495 33
5496 37
5497 19
5498 28
5499 25
5500 17
5501 7
5502 14
5503 12
5504 9
5505 11
5506 13
5507 4
5508 21
5509 8
5510 18
5511 21
5512 32
5513 24
5514 23
5515 13
5516 15
5517 19
5518 24
5519 28
5520 26
5521 35
5522 36
5523 42
5524 36
5525 41
5526 34
5527 35
5528 35
5529 34
5530 33
5531 33
5532 38
5533 34
5534 29
5535 30
5536 25
5537 41
5538 32
5539 39
5540 36
5541 35
5542 36
5543 21
5544 40
5545 37
5546 32
5547 34
5548 37
5549 18
5550 40
5551 17
5552 23
5553 28
5554 29
5555 31
5556 37
5557 30
5558 22
5559 34
5560 31
5561 24
5562 35
5563 31
5564 38
5565 35
5566 32
5567 24
5568 29
5569 29
5570 36
5571 26
5572 28
5573 27
5574 35
5575 34
5576 33
5577 42
5578 37
5579 29
5580 31
5581 44
5582 37
5583 38
5584 30
5585 39
5586 27
5587 34
5588 20
5589 30
5590 31
5591 39
5592 34
5593 37
5594 38
5595 31
5596 35
5597 41
5598 17
5599 24
5600 34
5601 33
5602 30
5603 32
5604 39
5605 38
5606 42
5607 38
5608 27
5609 34
5610 33
5611 36
5612 36
5613 32
5614 40
5615 37
5616 26
5617 43
5618 38
5619 32
5620 35
5621 36
5622 37
5623 30
5624 35
5625 40
5626 36
5627 32
5628 44
5629 39
5630 42
5631 38
5632 32
5633 33
5634 23
5635 37
5636 29
5637 32
5638 34
5639 36
5640 35
5641 32
5642 43
5643 42
5644 39
5645 40
5646 40
5647 32
5648 35
5649 40
5650 26
5651 35
5652 36
5653 34
5654 33
5655 39
5656 31
5657 37
5658 35
5659 35
5660 43
5661 42
5662 33
5663 37
5664 31
5665 20
5666 22
5667 36
5668 44
5669 13
5670 34
5671 42
5672 33
5673 35
5674 34
5675 27
5676 33
5677 28
5678 42
5679 35
5680 32
5681 36
5682 35
5683 32
5684 40
5685 41
5686 33
5687 40
5688 31
5689 29
5690 37
5691 39
5692 35
5693 36
5694 37
5695 35
5696 37
5697 36
5698 37
5699 30
5700 35
5701 32
5702 35
5703 32
5704 30
5705 32
5706 38
5707 34
5708 41
5709 41
5710 34
5711 37
5712 41
5713 38
5714 27
5715 34
5716 40
5717 40
5718 29
5719 36
5720 35
5721 39
5722 28
5723 35
5724 31
5725 30
5726 39
5727 23
5728 34
5729 40
5730 34
5731 26
5732 40
5733 37
5734 35
5735 29
5736 28
5737 34
5738 42
5739 31
5740 40
5741 24
5742 38
5743 37
5744 35
5745 34
5746 35
5747 22
5748 14
5749 34
5750 35
5751 39
5752 31
5753 37
5754 41
5755 34
5756 39
5757 37
5758 35
5759 32
5760 34
5761 36
5762 38
5763 44
5764 39
5765 29
5766 34
5767 35
5768 36
5769 30
5770 35
5771 40
5772 45
5773 40
5774 39
5775 36
5776 38
5777 43
5778 33
5779 41
5780 37
5781 29
5782 33
5783 37
5784 40
5785 27
5786 27
5787 23
5788 29
5789 14
5790 25
5791 3
5792 23
5793 33
5794 33
5795 12
5796 10
5797 32
5798 12
5799 2
5800 2
5801 5
5802 4
5803 18
5804 9
5805 9
5806 9
5807 13
5808 29
5809 6
5810 34
5811 14
5812 28
5813 20
5814 14
5815 9
5816 31
5817 29
5818 34
5819 33
5820 28
5821 32
5822 28
5823 15
5824 25
5825 28
5826 18
5827 22
5828 29
5829 23
5830 24
5831 23
5832 29
5833 21
5834 34
5835 29
5836 30
5837 22
5838 15
5839 21
5840 21
5841 28
5842 14
5843 13
5844 12
5845 22
5846 19
5847 12
5848 8
5849 17
5850 25
5851 18
5852 21
5853 11
5854 14
5855 24
5856 15
5857 13
5858 11
5859 35
5860 18
5861 19
5862 11
5863 27
5864 31
5865 21
5866 37
5867 32
5868 30
5869 35
5870 38
5871 32
5872 27
5873 43
5874 32
5875 33
5876 27
5877 23
5878 20
5879 17
5880 34
5881 36
5882 33
5883 40
5884 19
5885 39
5886 35
5887 31
5888 35
5889 38
5890 16
5891 25
5892 24
5893 37
5894 16
5895 25
5896 13
5897 21
5898 33
5899 27
5900 30
5901 27
5902 42
5903 39
5904 38
5905 27
5906 28
5907 39
5908 33
5909 26
5910 19
5911 27
5912 23
5913 30
5914 33
5915 30
5916 25
5917 33
5918 35
5919 29
5920 36
5921 24
5922 18
5923 27
5924 40
5925 33
5926 41
5927 25
5928 30
5929 39
5930 42
5931 34
5932 34
5933 16
5934 33
5935 29
5936 22
5937 12
5938 23
5939 24
5940 28
5941 28
5942 34
5943 36
5944 19
5945 32
5946 34
5947 34
5948 38
5949 38
5950 37
5951 42
5952 25
5953 36
5954 23
5955 38
5956 13
5957 21
5958 27
5959 17
5960 34
5961 35
5962 34
5963 27
5964 36
5965 25
5966 30
5967 40
5968 30
5969 32
5970 35
5971 30
5972 33
5973 30
5974 42
5975 40
5976 34
5977 37
5978 33
5979 31
5980 43
5981 41
5982 38
5983 33
5984 32
5985 38
5986 42
5987 19
5988 35
5989 35
5990 40
5991 35
5992 34
5993 43
5994 38
5995 23
5996 32
5997 21
5998 42
5999 26
6000 21
6001 43
6002 22
6003 31
6004 39
6005 40
6006 36
6007 31
6008 38
6009 29
6010 24
6011 37
6012 25
6013 19
6014 34
6015 41
6016 20
6017 25
6018 34
6019 29
6020 30
6021 38
6022 19
6023 21
6024 28
6025 38
6026 31
6027 40
6028 33
6029 38
6030 27
6031 40
6032 24
6033 31
6034 36
6035 31
6036 30
6037 34
6038 38
6039 37
6040 26
6041 39
6042 40
6043 34
6044 32
6045 32
6046 40
6047 28
6048 22
6049 30
6050 43
6051 38
6052 44
6053 29
6054 27
6055 36
6056 37
6057 30
6058 32
6059 34
6060 36
6061 31
6062 39
6063 22
6064 31
6065 38
6066 24
6067 38
6068 33
6069 34
6070 35
6071 13
6072 34
6073 33
6074 24
6075 32
6076 39
6077 36
6078 28
6079 27
6080 41
6081 26
6082 34
6083 40
6084 38
6085 35
6086 34
6087 44
6088 39
6089 36
6090 32
6091 36
6092 33
6093 30
6094 30
6095 36
6096 34
6097 37
6098 39
6099 34
6100 31
6101 35
6102 38
6103 27
6104 37
6105 41
6106 33
6107 31
6108 38
6109 27
6110 35
6111 26
6112 44
6113 36
6114 16
6115 29
6116 41
6117 40
6118 31
6119 35
6120 36
6121 39
6122 24
6123 32
6124 33
6125 35
6126 32
6127 37
6128 35
6129 38
6130 28
6131 36
6132 35
6133 39
6134 32
6135 36
6136 35
6137 26
6138 42
6139 35
6140 32
6141 43
6142 27
6143 30
6144 42
6145 40
6146 38
6147 39
6148 40
6149 31
6150 11
6151 7
6152 22
6153 6
6154 6
6155 18
6156 20
6157 18
6158 10
6159 18
6160 8
6161 34
6162 29
6163 29
6164 25
6165 10
6166 35
6167 8
6168 3
6169 10
6170 10
6171 11
6172 5
6173 34
6174 8
6175 15
6176 16
6177 26
6178 29
6179 27
6180 30
6181 18
6182 26
6183 33
6184 17
6185 10
6186 11
6187 34
6188 30
6189 19
6190 20
6191 21
6192 19
6193 19
6194 12
6195 14
6196 12
6197 8
6198 8
6199 9
6200 16
6201 8
6202 18
6203 10
6204 11
6205 9
6206 7
6207 10
6208 18
6209 19
6210 7
6211 0
6212 20
6213 14
6214 13
6215 17
6216 11
6217 26
6218 12
6219 15
6220 16
6221 31
6222 29
6223 20
6224 18
6225 20
6226 13
6227 6
6228 23
6229 20
6230 18
6231 10
6232 16
6233 15
6234 6
6235 9
6236 13
6237 10
6238 11
6239 5
6240 32
6241 12
6242 24
6243 20
6244 16
6245 35
6246 32
6247 32
6248 21
6249 20
6250 16
6251 20
6252 10
6253 22
6254 6
6255 13
6256 9
6257 16
6258 9
6259 14
6260 16
6261 21
6262 10
6263 10
6264 16
6265 18
6266 19
6267 15
6268 7
6269 14
6270 21
6271 21
6272 8
6273 14
6274 9
6275 3
6276 7
6277 9
6278 16
6279 25
6280 12
6281 31
6282 13
6283 25
6284 14
6285 23
6286 14
6287 6
6288 19
6289 21
6290 18
6291 24
6292 23
6293 28
6294 18
6295 27
6296 35
6297 29
6298 18
6299 21
6300 11
6301 19
6302 19
6303 9
6304 5
6305 22
6306 20
6307 21
6308 7
6309 15
6310 20
6311 27
6312 15
6313 17
6314 7
6315 18
6316 13
6317 6
6318 26
6319 19
6320 19
6321 20
6322 24
6323 28
6324 24
6325 22
6326 23
6327 22
6328 22
6329 18
6330 21
6331 27
6332 14
6333 18
6334 20
6335 25
6336 22
6337 33
6338 26
6339 17
6340 15
6341 16
6342 12
6343 10
6344 11
6345 19
6346 7
6347 13
6348 5
6349 9
6350 11
6351 15
6352 18
6353 6
6354 10
6355 26
6356 31
6357 34
6358 15
6359 24
6360 32
6361 34
6362 22
6363 16
6364 14
6365 17
6366 15
6367 15
6368 25
6369 17
6370 23
6371 23
6372 18
6373 19
6374 18
6375 25
6376 25
6377 12
6378 15
6379 27
6380 23
6381 20
6382 10
6383 8
6384 21
6385 12
6386 21
6387 24
6388 23
6389 18
6390 14
6391 26
6392 23
6393 26
6394 19
6395 13
6396 37
6397 19
6398 12
6399 26
6400 11
6401 16
6402 16
6403 25
6404 14
6405 12
6406 19
6407 22
6408 8
6409 11
6410 29
6411 14
6412 16
6413 15
6414 7
6415 10
6416 14
6417 17
6418 15
6419 24
6420 13
6421 24
6422 21
6423 11
6424 6
6425 10
6426 19
6427 6
6428 5
6429 9
6430 22
6431 15
6432 24
6433 26
6434 22
6435 29
6436 33
6437 23
6438 28
6439 15
6440 22
6441 20
6442 24
6443 13
6444 44
6445 34
6446 32
6447 25
6448 29
6449 32
6450 36
6451 42
6452 22
6453 31
6454 29
6455 41
6456 31
6457 39
6458 29
6459 35
6460 17
6461 29
6462 29
6463 40
6464 30
6465 21
6466 17
6467 21
6468 32
6469 17
6470 39
6471 30
6472 27
6473 24
6474 31
6475 29
6476 34
6477 17
6478 31
6479 37
6480 35
6481 33
6482 24
6483 12
6484 28
6485 24
6486 26
6487 38
6488 37
6489 39
6490 40
6491 30
6492 29
6493 31
6494 26
6495 33
6496 41
6497 37
6498 29
6499 32
6500 27
6501 31
6502 26
6503 39
6504 30
6505 25
6506 29
6507 34
6508 39
6509 32
6510 38
6511 38
6512 36
6513 29
6514 33
6515 30
6516 34
6517 36
6518 33
6519 30
6520 28
6521 31
6522 39
6523 34
6524 41
6525 29
6526 25
6527 19
6528 21
6529 21
6530 18
6531 16
6532 44
6533 41
6534 28
6535 18
6536 34
6537 28
6538 27
6539 32
6540 29
6541 13
6542 30
6543 37
6544 22
6545 19
6546 29
6547 27
6548 27
6549 16
6550 30
6551 19
6552 16
6553 28
6554 22
6555 19
6556 28
6557 27
6558 15
6559 26
6560 17
6561 15
6562 26
6563 19
6564 21
6565 27
6566 29
6567 19
6568 14
6569 22
6570 21
6571 28
6572 24
6573 28
6574 28
6575 33
6576 32
6577 24
6578 23
6579 24
6580 18
6581 28
6582 22
6583 24
6584 16
6585 27
6586 28
6587 28
6588 13
6589 12
6590 15
6591 22
6592 16
6593 31
6594 20
6595 24
6596 20
6597 25
6598 30
6599 24
6600 22
6601 20
6602 23
6603 26
6604 21
6605 22
6606 29
6607 11
6608 24
6609 28
6610 25
6611 33
6612 13
6613 8
6614 24
6615 33
6616 31
6617 31
6618 28
6619 37
6620 27
6621 29
6622 20
6623 33
6624 30
6625 32
6626 29
6627 29
6628 24
6629 19
6630 33
6631 35
6632 28
6633 27
6634 14
6635 23
6636 32
6637 25
6638 32
6639 12
6640 25
6641 18
6642 23
6643 27
6644 31
6645 26
6646 18
6647 21
6648 25
6649 21
6650 41
6651 37
6652 30
6653 28
6654 29
6655 23
6656 19
6657 26
6658 38
6659 30
6660 36
6661 33
6662 39
6663 40
6664 36
6665 24
6666 40
6667 19
6668 24
6669 26
6670 37
6671 16
6672 24
6673 25
6674 16
6675 32
6676 15
6677 22
6678 27
6679 16
6680 3
6681 31
6682 10
6683 10
6684 20
6685 16
6686 33
6687 26
6688 27
6689 10
6690 21
6691 28
6692 34
6693 37
6694 31
6695 29
6696 39
6697 40
6698 32
6699 27
6700 33
6701 35
6702 35
6703 30
6704 41
6705 35
6706 28
6707 38
6708 39
6709 36
6710 28
6711 17
6712 25
6713 23
6714 36
6715 41
6716 40
6717 35
6718 34
6719 23
6720 17
6721 31
6722 23
6723 20
6724 26
6725 30
6726 22
6727 25
6728 33
6729 30
6730 27
6731 36
6732 25
6733 18
6734 24
6735 31
6736 27
6737 17
6738 25
6739 24
6740 18
6741 31
6742 18
6743 20
6744 33
6745 29
6746 29
6747 17
6748 20
6749 20
6750 12
6751 22
6752 28
6753 18
6754 29
6755 29
6756 30
6757 28
6758 34
6759 35
6760 30
6761 29
6762 30
6763 34
6764 23
6765 38
6766 47
6767 33
6768 24
6769 32
6770 14
6771 31
6772 8
6773 19
6774 31
6775 37
6776 29
6777 22
6778 31
6779 38
6780 30
6781 34
6782 26
6783 31
6784 23
6785 26
6786 32
6787 26
6788 24
6789 22
6790 27
6791 33
6792 29
6793 23
6794 16
6795 30
6796 30
6797 34
6798 34
6799 41
6800 30
6801 38
6802 25
6803 32
6804 35
6805 20
6806 9
6807 31
6808 27
6809 29
6810 17
6811 17
6812 25
6813 26
6814 37
6815 22
6816 32
6817 37
6818 41
6819 17
6820 33
6821 34
6822 28
6823 31
6824 27
6825 37
6826 36
6827 32
6828 33
6829 31
6830 35
6831 36
6832 11
6833 25
6834 31
6835 22
6836 16
6837 14
6838 10
6839 21
6840 36
6841 29
6842 23
6843 26
6844 24
6845 29
6846 7
6847 3
6848 28
6849 26
6850 7
6851 19
6852 21
6853 15
6854 26
6855 25
6856 20
6857 13
6858 37
6859 34
6860 28
6861 27
6862 28
6863 33
6864 36
6865 39
6866 25
6867 20
6868 10
6869 33
6870 32
6871 33
6872 28
6873 31
6874 28
6875 39
6876 34
6877 31
6878 16
6879 24
6880 18
6881 43
6882 27
6883 16
6884 26
6885 25
6886 28
6887 40
6888 23
6889 32
6890 18
6891 18
6892 26
6893 28
6894 31
6895 25
6896 25
6897 23
6898 26
6899 32
6900 19
6901 19
6902 24
6903 27
6904 27
6905 30
6906 18
6907 24
6908 23
6909 16
6910 36
6911 33
6912 27
6913 13
6914 25
6915 18
6916 31
6917 31
6918 30
6919 34
6920 22
6921 38
6922 14
6923 35
6924 35
6925 31
6926 33
6927 32
6928 29
6929 18
6930 33
6931 28
6932 24
6933 22
6934 20
6935 29
6936 34
6937 21
6938 15
6939 7
6940 23
6941 24
6942 33
6943 24
6944 39
6945 27
6946 38
6947 32
6948 32
6949 38
6950 39
6951 32
6952 40
6953 27
6954 37
6955 34
6956 39
6957 24
6958 40
6959 35
6960 36
6961 42
6962 32
6963 31
6964 32
6965 39
6966 33
6967 29
6968 39
6969 35
6970 33
6971 33
6972 34
6973 38
6974 43
6975 29
6976 35
6977 21
6978 33
6979 37
6980 41
6981 28
6982 20
6983 32
6984 19
6985 30
6986 31
6987 31
6988 40
6989 36
6990 33
6991 27
6992 35
6993 36
6994 29
6995 35
6996 28
6997 40
6998 40
6999 29
7000 23
7001 30
7002 25
7003 25
7004 35
7005 35
7006 24
7007 24
7008 30
7009 9
7010 14
7011 17
7012 27
7013 9
7014 26
7015 35
7016 37
7017 24
7018 18
7019 26
7020 24
7021 33
7022 18
7023 35
7024 21
7025 31
7026 21
7027 17
7028 30
7029 22
7030 26
7031 34
7032 24
7033 29
7034 30
7035 18
7036 26
7037 28
7038 26
7039 34
7040 38
7041 23
7042 24
7043 26
7044 21
7045 28
7046 23
7047 24
7048 18
7049 13
7050 8
7051 2
7052 0
7053 24
7054 23
7055 10
7056 17
7057 19
7058 16
7059 13
7060 32
7061 24
7062 20
7063 19
7064 19
7065 22
7066 22
7067 24
7068 14
7069 22
7070 19
7071 27
7072 33
7073 21
7074 29
7075 24
7076 28
7077 9
7078 26
7079 33
7080 24
7081 17
7082 23
7083 27
7084 24
7085 14
7086 26
7087 5
7088 34
7089 28
7090 20
7091 33
7092 28
7093 34
7094 11
7095 9
7096 30
7097 24
7098 20
7099 28
7100 22
7101 7
7102 22
7103 1
7104 9
7105 13
7106 27
7107 29
7108 20
7109 15
7110 30
7111 37
7112 26
7113 22
7114 29
7115 28
7116 26
7117 23
7118 20
7119 32
7120 31
7121 40
7122 24
7123 27
7124 30
7125 13
7126 14
7127 12
7128 22
7129 14
7130 27
7131 18
7132 27
7133 14
7134 26
7135 20
7136 39
7137 9
7138 33
7139 12
7140 14
7141 6
7142 15
7143 16
7144 14
7145 24
7146 11
7147 16
7148 16
7149 13
7150 13
7151 20
7152 16
7153 10
7154 21
7155 6
7156 24
7157 19
7158 18
7159 32
7160 10
7161 13
7162 9
7163 18
7164 9
7165 22
7166 18
7167 16
7168 23
7169 27
7170 20
7171 21
7172 19
7173 27
7174 30
7175 22
7176 38
7177 32
7178 33
7179 19
7180 36
7181 38
7182 20
7183 17
7184 19
7185 6
7186 14
7187 20
7188 11
7189 8
7190 27
7191 16
7192 27
7193 18
7194 26
7195 34
7196 11
7197 15
7198 34
7199 8
7200 17
7201 27
7202 11
7203 17
7204 29
7205 21
7206 30
7207 28
7208 17
7209 29
7210 23
7211 26
7212 23
7213 26
7214 19
7215 30
7216 14
7217 35
7218 10
7219 26
7220 15
7221 17
7222 32
7223 30
7224 22
7225 10
7226 21
7227 25
7228 27
7229 31
7230 25
7231 26
7232 32
7233 21
7234 37
7235 6
7236 26
7237 26
7238 31
7239 24
7240 14
7241 17
7242 30
7243 19
7244 25
7245 23
7246 27
7247 20
7248 16
7249 18
7250 26
7251 14
7252 21
7253 29
7254 27
7255 11
7256 33
7257 22
7258 33
7259 16
7260 11
7261 12
7262 17
7263 8
7264 23
7265 23
7266 24
7267 20
7268 16
7269 25
7270 7
7271 16
7272 24
7273 25
7274 22
7275 25
7276 13
7277 13
7278 3
7279 8
7280 22
7281 19
7282 20
7283 7
7284 14
7285 11
7286 4
7287 3
7288 12
7289 7
7290 17
7291 17
7292 21
7293 18
7294 7
7295 2
7296 13
7297 19
7298 16
7299 17
7300 20
7301 12
7302 6
7303 4
7304 3
7305 7
7306 3
7307 8
7308 8
7309 19
7310 7
7311 11
7312 12
7313 14
7314 7
7315 6
7316 6
7317 1
7318 2
7319 7
7320 6
7321 15
7322 15
7323 12
7324 10
7325 7
7326 13
7327 12
7328 10
7329 7
7330 8
7331 10
7332 4
7333 5
7334 10
7335 4
7336 3
7337 9
7338 19
7339 9
7340 7
7341 7
7342 8
7343 11
7344 4
7345 8
7346 2
7347 3
7348 3
7349 4
7350 1
7351 0
7352 4
7353 2
7354 11
7355 2
7356 8
7357 2
7358 0
7359 2
7360 0
7361 0
7362 0
7363 1
7364 2
7365 0
7366 0
7367 4
7368 1
7369 7
7370 5
7371 4
7372 10
7373 3
7374 6
7375 4
7376 4
7377 1
7378 12
7379 11
7380 13
7381 16
7382 11
7383 3
7384 15
7385 10
7386 9
7387 9
7388 3
7389 11
7390 6
7391 0
7392 24
7393 8
7394 10
7395 12
7396 14
7397 9
7398 2
7399 6
7400 10
7401 1
7402 1
7403 6
7404 2
7405 3
7406 2
7407 10
7408 7
7409 9
7410 17
7411 9
7412 14
7413 10
7414 17
7415 13
7416 18
7417 14
7418 9
7419 11
7420 7
7421 7
7422 12
7423 11
7424 12
7425 8
7426 11
7427 14
7428 27
7429 13
7430 13
7431 19
7432 16
7433 27
7434 9
7435 11
7436 10
7437 11
7438 11
7439 17
7440 16
7441 9
7442 11
7443 10
7444 10
7445 7
7446 10
7447 17
7448 19
7449 21
7450 13
7451 20
7452 10
7453 16
7454 16
7455 14
7456 18
7457 12
7458 8
7459 18
7460 3
7461 5
7462 12
7463 18
7464 19
7465 14
7466 9
7467 5
7468 5
7469 5
7470 5
7471 9
7472 3
7473 5
7474 4
7475 5
7476 6
7477 6
7478 3
7479 4
7480 7
7481 9
7482 7
7483 15
7484 12
7485 15
7486 22
7487 23
7488 28
7489 20
7490 20
7491 20
7492 18
7493 12
7494 10
7495 12
7496 3
7497 8
7498 11
7499 13
7500 16
7501 5
7502 10
7503 5
7504 5
7505 3
7506 5
7507 3
7508 3
7509 8
7510 4
7511 8
7512 11
7513 17
7514 13
7515 18
7516 2
7517 5
7518 6
7519 8
7520 9
7521 7
7522 1
7523 6
7524 3
7525 4
7526 1
7527 6
7528 6
7529 0
7530 4
7531 0
7532 5
7533 8
7534 2
7535 10
7536 3
7537 10
7538 13
7539 3
7540 10
7541 7
7542 9
7543 17
7544 4
7545 7
7546 1
7547 3
7548 2
7549 4
7550 0
7551 15
7552 3
7553 6
7554 3
7555 4
7556 3
7557 2
7558 0
7559 6
7560 7
7561 13
7562 8
7563 12
7564 12
7565 17
7566 16
7567 9
7568 15
7569 16
7570 16
7571 25
7572 16
7573 16
7574 13
7575 13
7576 27
7577 8
7578 15
7579 21
7580 18
7581 10
7582 18
7583 25
7584 11
7585 26
7586 10
7587 5
7588 6
7589 3
7590 15
7591 5
7592 9
7593 24
7594 8
7595 15
7596 1
7597 9
7598 18
7599 6
7600 4
7601 12
7602 15
7603 14
7604 16
7605 8
7606 18
7607 7
7608 19
7609 7
7610 6
7611 11
7612 15
7613 4
7614 3
7615 6
7616 2
7617 6
7618 8
7619 6
7620 4
7621 1
7622 7
7623 3
7624 4
7625 7
7626 10
7627 8
7628 8
7629 4
7630 3
7631 6
7632 7
7633 6
7634 10
7635 9
7636 14
7637 3
7638 13
7639 12
7640 5
7641 6
7642 11
7643 3
7644 2
7645 0
7646 7
7647 2
7648 4
7649 1
7650 9
7651 4
7652 9
7653 8
7654 17
7655 10
7656 8
7657 12
7658 3
7659 1
7660 3
7661 4
7662 1
7663 9
7664 13
7665 6
7666 7
7667 8
7668 6
7669 9
7670 14
7671 11
7672 13
7673 5
7674 23
7675 26
7676 28
7677 25
7678 23
7679 30
7680 28
7681 24
7682 33
7683 34
7684 28
7685 26
7686 30
7687 35
7688 25
7689 32
7690 28
7691 34
7692 33
7693 29
7694 28
7695 33
7696 27
7697 31
7698 28
7699 32
7700 29
7701 33
7702 30
7703 26
7704 27
7705 38
7706 35
7707 26
7708 18
7709 24
7710 13
7711 23
7712 23
7713 30
7714 22
7715 28
7716 31
7717 27
7718 25
7719 17
7720 24
7721 21
7722 28
7723 28
7724 23
7725 29
7726 26
7727 23
7728 26
7729 26
7730 30
7731 19
7732 30
7733 8
7734 21
7735 9
7736 18
7737 27
7738 22
7739 17
7740 26
7741 14
7742 9
7743 12
7744 18
7745 25
7746 30
7747 17
7748 9
7749 21
7750 10
7751 26
7752 25
7753 25
7754 33
7755 21
7756 18
7757 22
7758 29
7759 19
7760 29
7761 26
7762 34
7763 32
7764 31
7765 35
7766 35
7767 28
7768 38
7769 35
7770 34
7771 36
7772 38
7773 20
7774 38
7775 24
7776 26
7777 34
7778 37
7779 37
7780 28
7781 22
7782 32
7783 27
7784 32
7785 23
7786 21
7787 30
7788 21
7789 27
7790 33
7791 31
7792 23
7793 34
7794 36
7795 31
7796 32
7797 32
7798 37
7799 32
7800 37
7801 35
7802 21
7803 15
7804 19
7805 16
7806 32
7807 20
7808 34
7809 30
7810 36
7811 31
7812 25
7813 29
7814 26
7815 34
7816 11
7817 20
7818 34
7819 19
7820 31
7821 19
7822 34
7823 38
7824 20
7825 18
7826 27
7827 25
7828 33
7829 23
7830 20
7831 24
7832 17
7833 21
7834 21
7835 20
7836 22
7837 32
7838 29
7839 33
7840 21
7841 34
7842 25
7843 31
7844 26
7845 33
7846 26
7847 30
7848 37
7849 29
7850 35
7851 34
7852 23
7853 26
7854 20
7855 21
7856 11
7857 16
7858 11
7859 17
7860 29
7861 27
7862 29
7863 29
7864 26
7865 23
7866 19
7867 26
7868 24
7869 28
7870 21
7871 20
7872 27
7873 26
7874 28
7875 37
7876 28
7877 39
7878 24
7879 24
7880 34
7881 30
7882 30
7883 27
7884 28
7885 29
7886 36
7887 28
7888 41
7889 21
7890 24
7891 29
7892 23
7893 20
7894 24
7895 26
7896 22
7897 20
7898 24
7899 24
7900 19
7901 42
7902 31
7903 16
7904 25
7905 28
7906 29
7907 29
7908 28
7909 26
7910 24
7911 30
7912 35
7913 30
7914 33
7915 39
7916 35
7917 37
7918 24
7919 31
7920 41
7921 40
7922 28
7923 36
7924 14
7925 29
7926 21
7927 11
7928 22
7929 24
7930 21
7931 29
7932 21
7933 14
7934 30
7935 15
7936 25
7937 17
7938 12
7939 15
7940 15
7941 29
7942 15
7943 29
7944 39
7945 14
7946 6
7947 25
7948 39
7949 25
7950 30
7951 31
7952 34
7953 35
7954 35
7955 25
7956 19
7957 35
7958 24
7959 27
7960 27
7961 23
7962 21
7963 25
7964 19
7965 37
7966 35
7967 37
7968 30
7969 22
7970 21
7971 24
7972 25
7973 19
7974 23
7975 27
7976 19
7977 28
7978 12
7979 7
7980 14
7981 24
7982 18
7983 20
7984 23
7985 17
7986 22
7987 21
7988 22
7989 14
7990 13
7991 16
7992 20
7993 14
7994 21
7995 17
7996 17
7997 14
7998 30
7999 21
8000 30
8001 30
8002 12
8003 32
8004 37
8005 22
8006 21
8007 13
8008 22
8009 22
8010 16
8011 27
8012 25
8013 30
8014 33
8015 26
8016 16
8017 22
8018 30
8019 16
8020 20
8021 21
8022 21
8023 28
8024 14
8025 26
8026 23
8027 11
8028 20
8029 13
8030 12
8031 11
8032 8
8033 35
8034 29
8035 18
8036 20
8037 31
8038 36
8039 31
8040 33
8041 26
8042 18
8043 29
8044 9
8045 22
8046 24
8047 21
8048 16
8049 15
8050 21
8051 12
8052 13
8053 22
8054 9
8055 27
8056 20
8057 17
8058 21
8059 31
8060 27
8061 25
8062 8
8063 28
8064 25
8065 24
8066 22
8067 10
8068 20
8069 16
8070 29
8071 13
8072 24
8073 14
8074 11
8075 11
8076 29
8077 33
8078 8
8079 24
8080 17
8081 30
8082 26
8083 14
8084 23
8085 24
8086 17
8087 31
8088 29
8089 10
8090 29
8091 24
8092 10
8093 22
8094 26
8095 30
8096 36
8097 8
8098 18
8099 17
8100 10
8101 26
8102 16
8103 29
8104 14
8105 15
8106 33
8107 19
8108 17
8109 14
8110 16
8111 22
8112 26
8113 32
8114 23
8115 14
8116 25
8117 14
8118 29
8119 35
8120 29
8121 20
8122 11
8123 23
8124 12
8125 29
8126 6
8127 20
8128 32
8129 13
8130 14
8131 31
8132 13
8133 30
8134 18
8135 21
8136 19
8137 29
8138 15
8139 20
8140 22
8141 22
8142 10
8143 33
8144 25
8145 8
8146 16
8147 21
8148 34
8149 33
8150 17
8151 28
8152 26
8153 13
8154 24
8155 28
8156 36
8157 27
8158 22
8159 24
8160 17
8161 26
8162 10
8163 29
8164 26
8165 15
8166 17
8167 14
8168 20
8169 30
8170 24
8171 23
8172 18
8173 20
8174 33
8175 18
8176 24
8177 18
8178 27
8179 33
8180 30
8181 33
8182 22
8183 24
8184 24
8185 20
8186 40
8187 20
8188 23
8189 22
8190 18
8191 14
8192 22
8193 14
8194 19
8195 18
8196 32
8197 24
8198 17
8199 31
8200 27
8201 21
8202 38
8203 19
8204 25
8205 26
8206 29
8207 21
8208 27
8209 26
8210 27
8211 34
8212 25
8213 36
8214 35
8215 23
8216 27
8217 13
8218 24
8219 22
8220 25
8221 16
8222 7
8223 20
8224 32
8225 18
8226 30
8227 19
8228 23
8229 26
8230 21
8231 39
8232 38
8233 22
8234 39
8235 32
8236 32
8237 37
8238 26
8239 38
8240 27
8241 34
8242 37
8243 27
8244 33
8245 34
8246 33
8247 32
8248 41
8249 41
8250 31
8251 16
8252 31
8253 26
8254 31
8255 24
8256 27
8257 27
8258 25
8259 30
8260 36
8261 23
8262 25
8263 22
8264 24
8265 32
8266 35
8267 30
8268 26
8269 40
8270 20
8271 37
8272 23
8273 31
8274 30
8275 39
8276 17
8277 25
8278 37
8279 38
8280 27
8281 23
8282 22
8283 32
8284 40
8285 39
8286 32
8287 28
8288 28
8289 38
8290 30
8291 33
8292 33
8293 19
8294 36
8295 24
8296 31
8297 26
8298 26
8299 34
8300 20
8301 18
8302 32
8303 26
8304 27
8305 34
8306 38
8307 31
8308 24
8309 15
8310 22
8311 30
8312 38
8313 24
8314 30
8315 36
8316 25
8317 19
8318 32
8319 28
8320 39
8321 36
8322 21
8323 32
8324 22
8325 25
8326 19
8327 38
8328 15
8329 24
8330 17
8331 25
8332 22
8333 35
8334 21
8335 33
8336 28
8337 37
8338 39
8339 18
8340 39
8341 41
8342 38
8343 35
8344 34
8345 38
8346 42
8347 26
8348 23
8349 35
8350 42
8351 35
8352 35
8353 31
8354 36
8355 25
8356 23
8357 21
8358 37
8359 33
8360 28
8361 34
8362 35
8363 17
8364 28
8365 24
8366 40
8367 33
8368 28
8369 22
8370 19
8371 17
8372 34
8373 37
8374 35
8375 36
8376 27
8377 39
8378 28
8379 25
8380 22
8381 32
8382 40
8383 41
8384 26
8385 30
8386 21
8387 35
8388 38
8389 33
8390 29
8391 28
8392 37
8393 33
8394 37
8395 35
8396 26
8397 29
8398 30
8399 38
8400 32
8401 36
8402 39
8403 25
8404 32
8405 17
8406 24
8407 31
8408 38
8409 30
8410 35
8411 40
8412 38
8413 45
8414 34
8415 39
8416 40
8417 32
8418 47
8419 28
8420 20
8421 35
8422 38
8423 34
8424 40
8425 35
8426 20
8427 32
8428 25
8429 27
8430 35
8431 42
8432 34
8433 36
8434 26
8435 31
8436 28
8437 35
8438 30
8439 33
8440 21
8441 35
8442 33
8443 31
8444 27
8445 27
8446 40
8447 35
8448 29
8449 28
8450 30
8451 40
8452 22
8453 26
8454 35
8455 34
8456 37
8457 31
8458 29
8459 28
8460 31
8461 35
8462 33
8463 31
8464 33
8465 39
8466 31
8467 17
8468 40
8469 29
8470 22
8471 31
8472 33
8473 34
8474 33
8475 41
8476 32
8477 26
8478 28
8479 21
8480 35
8481 22
8482 28
8483 25
8484 35
8485 37
8486 26
8487 20
8488 31
8489 29
8490 33
8491 28
8492 23
8493 19
8494 30
8495 15
8496 16
8497 27
8498 30
8499 28
8500 35
8501 15
8502 32
8503 32
8504 28
8505 24
8506 23
8507 29
8508 27
8509 21
8510 25
8511 32
8512 31
8513 27
8514 27
8515 24
8516 26
8517 27
8518 6
8519 26
8520 25
8521 33
8522 26
8523 25
8524 24
8525 35
8526 26
8527 29
8528 30
8529 24
8530 23
8531 26
8532 33
8533 19
8534 27
8535 18
8536 17
8537 19
8538 26
8539 30
8540 36
8541 9
8542 25
8543 29
8544 19
8545 25
8546 17
8547 16
8548 20
8549 30
8550 22
8551 20
8552 20
8553 19
8554 34
8555 36
8556 27
8557 32
8558 23
8559 26
8560 20
8561 32
8562 26
8563 24
8564 23
8565 26
8566 23
8567 31
8568 25
8569 16
8570 21
8571 19
8572 35
8573 29
8574 29
8575 16
8576 32
8577 22
8578 29
8579 28
8580 19
8581 19
8582 17
8583 17
8584 13
8585 15
8586 28
8587 14
8588 25
8589 22
8590 15
8591 20
8592 30
8593 22
8594 12
8595 26
8596 28
8597 14
8598 13
8599 23
8600 13
8601 13
8602 26
8603 23
8604 27
8605 19
8606 28
8607 20
8608 9
8609 12
8610 22
8611 31
8612 18
8613 10
8614 17
8615 15
8616 23
8617 35
8618 31
8619 25
8620 15
8621 10
8622 14
8623 40
8624 24
8625 31
8626 24
8627 19
8628 24
8629 24
8630 10
8631 21
8632 26
8633 18
8634 29
8635 14
8636 22
8637 27
8638 27
8639 27
8640 19
8641 27
8642 15
8643 24
8644 18
8645 28
8646 28
8647 36
8648 18
8649 24
8650 26
8651 25
8652 19
8653 30
8654 25
8655 23
8656 13
8657 9
8658 14
8659 15
8660 32
8661 27
8662 17
8663 25
8664 18
8665 14
8666 11
8667 19
8668 15
8669 25
8670 30
8671 20
8672 22
8673 25
8674 22
8675 36
8676 27
8677 28
8678 18
8679 7
8680 15
8681 17
8682 34
8683 21
8684 22
8685 10
8686 25
8687 10
8688 17
8689 24
8690 11
8691 19
8692 16
8693 25
8694 21
8695 25
8696 22
8697 11
8698 16
8699 15
8700 12
8701 18
8702 30
8703 27
8704 25
8705 31
8706 26
8707 35
8708 29
8709 27
8710 36
8711 24
8712 25
8713 36
8714 19
8715 23
8716 33
8717 25
8718 28
8719 34
8720 21
8721 28
8722 28
8723 18
8724 14
8725 27
8726 29
8727 31
8728 14
8729 11
8730 24
8731 23
8732 16
8733 26
8734 29
8735 12
8736 10
8737 6
8738 8
8739 26
8740 23
8741 27
8742 21
8743 13
8744 25
8745 24
8746 9
8747 25
8748 3
8749 24
8750 34
8751 27
8752 26
8753 21
8754 24
8755 23
8756 23
8757 24
8758 22
8759 22
8760 24
8761 20
8762 15
8763 27
8764 17
8765 19
8766 32
8767 33
8768 13
8769 21
8770 31
8771 35
8772 31
8773 30
8774 30
8775 13
8776 16
8777 14
8778 22
8779 9
8780 28
8781 22
8782 30
8783 26
8784 25
8785 36
8786 33
8787 25
8788 22
8789 15
8790 30
8791 16
8792 21
8793 26
8794 18
8795 28
8796 24
8797 24
8798 28
8799 27
8800 31
8801 9
8802 18
8803 35
8804 22
8805 27
8806 28
8807 10
8808 15
8809 20
8810 13
8811 33
8812 34
8813 26
8814 9
8815 19
8816 30
8817 32
8818 23
8819 17
8820 18
8821 28
8822 33
8823 14
8824 19
8825 14
8826 14
8827 25
8828 11
8829 21
8830 33
8831 33
8832 32
8833 21
8834 21
8835 23
8836 35
8837 33
8838 28
8839 23
8840 24
8841 17
8842 29
8843 26
8844 34
8845 17
8846 33
8847 31
8848 17
8849 18
8850 29
8851 32
8852 24
8853 34
8854 13
8855 20
8856 34
8857 21
8858 34
8859 26
8860 32
8861 35
8862 21
8863 34
8864 24
8865 28
8866 25
8867 41
8868 21
8869 33
8870 35
8871 33
8872 31
8873 30
8874 31
8875 23
8876 34
8877 30
8878 41
8879 15
8880 24
8881 47
8882 39
8883 32
8884 32
8885 39
8886 37
8887 32
8888 39
8889 29
8890 23
8891 28
8892 29
8893 28
8894 17
8895 40
8896 38
8897 27
8898 36
8899 31
8900 36
8901 39
8902 41
8903 26
8904 29
8905 28
8906 24
8907 21
8908 30
8909 33
8910 38
8911 31
8912 24
8913 29
8914 31
8915 32
8916 24
8917 28
8918 18
8919 19
8920 20
8921 33
8922 25
8923 22
8924 16
8925 22
8926 19
8927 27
8928 19
8929 33
8930 15
8931 37
8932 35
8933 29
8934 31
8935 38
8936 33
8937 36
8938 30
8939 30
8940 31
8941 25
8942 14
8943 31
8944 20
8945 21
8946 26
8947 34
8948 16
8949 20
8950 14
8951 41
8952 22
8953 20
8954 35
8955 34
8956 37
8957 38
8958 27
8959 24
8960 42
8961 41
8962 28
8963 38
8964 35
8965 26
8966 30
8967 41
8968 34
8969 42
8970 22
8971 23
8972 30
8973 38
8974 30
8975 27
8976 25
8977 25
8978 24
8979 29
8980 37
8981 35
8982 10
8983 27
8984 23
8985 23
8986 33
8987 32
8988 38
8989 42
8990 32
8991 16
8992 34
8993 24
8994 24
8995 21
8996 40
8997 24
8998 37
8999 31
9000 37
9001 16
9002 34
9003 39
9004 37
9005 31
9006 19
9007 36
9008 24
9009 32
9010 38
9011 18
9012 32
9013 37
9014 35
9015 18
9016 36
9017 34
9018 31
9019 36
9020 21
9021 38
9022 30
9023 33
9024 40
9025 41
9026 41
9027 26
9028 34
9029 42
9030 38
9031 31
9032 33
9033 33
9034 27
9035 35
9036 35
9037 22
9038 27
9039 16
9040 29
9041 21
9042 24
9043 32
9044 36
9045 24
9046 22
9047 35
9048 31
9049 36
9050 31
9051 27
9052 24
9053 29
9054 32
9055 35
9056 33
9057 32
9058 21
9059 36
9060 31
9061 26
9062 19
9063 38
9064 32
9065 27
9066 22
9067 28
9068 34
9069 29
9070 22
9071 26
9072 25
9073 25
9074 17
9075 18
9076 23
9077 38
9078 24
9079 20
9080 30
9081 18
9082 33
9083 24
9084 19
9085 21
9086 22
9087 33
9088 21
9089 19
9090 31
9091 28
9092 32
9093 41
9094 33
9095 21
9096 19
9097 16
9098 13
9099 29
9100 29
9101 24
9102 29
9103 24
9104 29
9105 27
9106 24
9107 32
9108 27
9109 24
9110 18
9111 18
9112 21
9113 36
9114 34
9115 19
9116 28
9117 32
9118 33
9119 35
9120 32
9121 27
9122 30
9123 30
9124 21
9125 17
9126 30
9127 25
9128 26
9129 26
9130 28
9131 16
9132 37
9133 18
9134 34
9135 14
9136 32
9137 29
9138 31
9139 38
9140 26
9141 18
9142 22
9143 29
9144 34
9145 24
9146 36
9147 22
9148 23
9149 30
9150 18
9151 17
9152 29
9153 26
9154 19
9155 26
9156 32
9157 20
9158 32
9159 28
9160 38
9161 35
9162 29
9163 14
9164 23
9165 36
9166 31
9167 37
9168 38
9169 22
9170 22
9171 16
9172 19
9173 25
9174 22
9175 21
9176 20
9177 20
9178 13
9179 32
9180 21
9181 29
9182 21
9183 37
9184 24
9185 39
9186 14
9187 8
9188 8
9189 30
9190 27
9191 18
9192 13
9193 20
9194 6
9195 20
9196 8
9197 16
9198 14
9199 13
9200 31
9201 29
9202 8
9203 29
9204 20
9205 19
9206 32
9207 28
9208 26
9209 27
9210 27
9211 15
9212 17
9213 26
9214 25
9215 28
9216 16
9217 16
9218 37
9219 33
9220 35
9221 32
9222 27
9223 19
9224 16
9225 8
9226 34
9227 30
9228 27
9229 24
9230 21
9231 31
9232 30
9233 24
9234 25
9235 42
9236 33
9237 33
9238 26
9239 21
9240 23
9241 30
9242 33
9243 16
9244 22
9245 24
9246 29
9247 40
9248 21
9249 24
9250 26
9251 17
9252 23
9253 14
9254 20
9255 20
9256 29
9257 12
9258 28
9259 23
9260 19
9261 21
9262 28
9263 29
9264 29
9265 39
9266 17
9267 30
9268 20
9269 33
9270 20
9271 16
9272 11
9273 34
9274 31
9275 35
9276 19
9277 40
9278 21
9279 22
9280 31
9281 20
9282 29
9283 15
9284 22
9285 17
9286 29
9287 25
9288 30
9289 8
9290 14
9291 18
9292 22
9293 32
9294 23
9295 19
9296 24
9297 21
9298 28
9299 19
9300 23
9301 36
9302 35
9303 24
9304 21
9305 21
9306 25
9307 13
9308 31
9309 29
9310 20
9311 13
9312 21
9313 18
9314 35
9315 18
9316 17
9317 21
9318 23
9319 28
9320 19
9321 22
9322 22
9323 30
9324 28
9325 24
9326 28
9327 24
9328 25
9329 12
9330 16
9331 21
9332 17
9333 28
9334 32
9335 20
9336 28
9337 26
9338 34
9339 25
9340 17
9341 39
9342 30
9343 39
9344 38
9345 29
9346 30
9347 22
9348 30
9349 21
9350 31
9351 28
9352 24
9353 27
9354 28
9355 27
9356 24
9357 24
9358 26
9359 22
9360 22
9361 28
9362 27
9363 26
9364 26
9365 24
9366 18
9367 20
9368 28
9369 20
9370 27
9371 22
9372 25
9373 34
9374 28
9375 9
9376 26
9377 23
9378 34
9379 31
9380 37
9381 33
9382 38
9383 27
9384 29
9385 27
9386 20
9387 27
9388 31
9389 23
9390 31
9391 31
9392 33
9393 30
9394 20
9395 27
9396 17
9397 35
9398 20
9399 35
9400 13
9401 35
9402 20
9403 18
9404 29
9405 31
9406 23
9407 14
9408 19
9409 30
9410 33
9411 29
9412 35
9413 23
9414 26
9415 22
9416 31
9417 12
9418 20
9419 30
9420 20
9421 19
9422 22
9423 22
9424 34
9425 39
9426 46
9427 35
9428 29
9429 42
9430 30
9431 24
9432 40
9433 27
9434 39
9435 31
9436 36
9437 32
9438 36
9439 33
9440 33
9441 37
9442 36
9443 23
9444 30
9445 44
9446 40
9447 39
9448 32
9449 37
9450 29
9451 45
9452 33
9453 24
9454 34
9455 31
9456 24
9457 34
9458 34
9459 41
9460 43
9461 32
9462 39
9463 40
9464 40
9465 40
9466 41
9467 38
9468 40
9469 37
9470 39
9471 27
9472 33
9473 36
9474 29
9475 26
9476 11
9477 36
9478 23
9479 32
9480 39
9481 42
9482 31
9483 30
9484 21
9485 33
9486 27
9487 31
9488 36
9489 30
9490 28
9491 26
9492 36
9493 35
9494 33
9495 26
9496 35
9497 40
9498 37
9499 32
9500 28
9501 30
9502 24
9503 27
9504 17
9505 33
9506 19
9507 21
9508 35
9509 31
9510 39
9511 35
9512 30
9513 27
9514 27
9515 27
9516 39
9517 21
9518 22
9519 20
9520 37
9521 26
9522 39
9523 14
9524 24
9525 21
9526 40
9527 28
9528 28
9529 40
9530 25
9531 36
9532 37
9533 34
9534 25
9535 24
9536 15
9537 23
9538 33
9539 26
9540 27
9541 22
9542 30
9543 21
9544 28
9545 40
9546 36
9547 42
9548 29
9549 35
9550 38
9551 34
9552 20
9553 26
9554 30
9555 37
9556 33
9557 35
9558 27
9559 33
9560 25
9561 27
9562 24
9563 19
9564 21
9565 28
9566 21
9567 36
9568 24
9569 30
9570 30
9571 32
9572 23
9573 26
9574 31
9575 36
9576 20
9577 41
9578 30
9579 29
9580 36
9581 27
9582 31
9583 43
9584 45
9585 38
9586 29
9587 34
9588 34
9589 35
9590 32
9591 34
9592 36
9593 36
9594 27
9595 12
9596 25
9597 31
9598 38
9599 27
9600 40
9601 37
9602 37
9603 35
9604 37
9605 40
9606 38
9607 31
9608 40
9609 32
9610 33
9611 35
9612 33
9613 41
9614 36
9615 35
9616 34
9617 25
9618 39
9619 28
9620 36
9621 41
9622 35
9623 37
9624 38
9625 31
9626 31
9627 31
9628 44
9629 26
9630 26
9631 37
9632 32
9633 27
9634 36
9635 33
9636 41
9637 38
9638 30
9639 17
9640 32
9641 28
9642 38
9643 27
9644 39
9645 39
9646 33
9647 47
9648 31
9649 30
9650 39
9651 45
9652 31
9653 19
9654 37
9655 27
9656 40
9657 35
9658 39
9659 36
9660 40
9661 38
9662 34
9663 46
9664 31
9665 38
9666 36
9667 42
9668 27
9669 32
9670 32
9671 25
9672 38
9673 34
9674 37
9675 32
9676 25
9677 37
9678 37
9679 39
9680 35
9681 26
9682 26
9683 40
9684 47
9685 45
9686 43
9687 34
9688 43
9689 44
9690 45
9691 44
9692 40
9693 35
9694 25
9695 39
9696 38
9697 39
9698 31
9699 38
9700 31
9701 37
9702 41
9703 37
9704 38
9705 26
9706 19
9707 41
9708 44
9709 39
9710 46
9711 34
9712 41
9713 35
9714 24
9715 41
9716 43
9717 42
9718 46
9719 30
9720 38
9721 35
9722 47
9723 38
9724 35
9725 24
9726 30
9727 36
9728 31
9729 34
9730 39
9731 36
9732 46
9733 41
9734 42
9735 34
9736 25
9737 38
9738 44
9739 35
9740 38
9741 40
9742 31
9743 30
9744 33
9745 39
9746 42
9747 35
9748 39
9749 41
9750 31
9751 17
9752 27
9753 34
9754 28
9755 28
9756 19
9757 39
9758 32
9759 35
9760 31
9761 34
9762 33
9763 30
9764 27
9765 22
9766 43
9767 31
9768 29
9769 34
9770 35
9771 30
9772 22
9773 39
9774 25
9775 43
9776 35
9777 29
9778 24
9779 31
9780 33
9781 11
9782 11
9783 17
9784 29
9785 39
9786 18
9787 21
9788 32
9789 20
9790 21
9791 17
9792 11
9793 19
9794 6
9795 12
9796 12
9797 3
9798 28
9799 26
9800 26
9801 22
9802 25
9803 24
9804 12
9805 11
9806 22
9807 16
9808 14
9809 18
9810 16
9811 25
9812 20
9813 12
9814 17
9815 10
9816 23
9817 15
9818 16
9819 9
9820 20
9821 18
9822 21
9823 23
9824 29
9825 30
9826 28
9827 24
9828 38
9829 27
9830 32
9831 34
9832 40
9833 38
9834 33
9835 17
9836 26
9837 17
9838 26
9839 23
9840 25
9841 33
9842 33
9843 33
9844 43
9845 31
9846 30
9847 42
9848 31
9849 34
9850 30
9851 28
9852 28
9853 23
9854 31
9855 36
9856 34
9857 40
9858 33
9859 34
9860 38
9861 37
9862 25
9863 32
9864 29
9865 35
9866 32
9867 41
9868 36
9869 37
9870 33
9871 32
9872 34
9873 33
9874 21
9875 25
9876 24
9877 16
9878 30
9879 24
9880 34
9881 29
9882 27
9883 36
9884 30
9885 18
9886 21
9887 16
9888 29
9889 34
9890 35
9891 28
9892 31
9893 14
9894 32
9895 32
9896 40
9897 31
9898 33
9899 39
9900 38
9901 38
9902 24
9903 18
9904 24
9905 39
9906 37
9907 23
9908 30
9909 31
9910 14
9911 23
9912 25
9913 32
9914 36
9915 34
9916 32
9917 37
9918 25
9919 27
9920 25
9921 22
9922 31
9923 21
9924 25
9925 31
9926 19
9927 28
9928 29
9929 32
9930 42
9931 37
9932 34
9933 34
9934 37
9935 28
9936 37
9937 41
9938 35
9939 35
9940 39
9941 31
9942 29
9943 27
9944 37
9945 38
9946 29
9947 19
9948 17
9949 37
9950 35
9951 31
9952 34
9953 38
9954 30
9955 34
9956 38
9957 23
9958 34
9959 23
9960 39
9961 43
9962 40
9963 31
9964 37
9965 39
9966 44
9967 37
9968 44
9969 39
9970 39
9971 39
9972 31
9973 33
9974 35
9975 37
9976 35
9977 34
9978 19
9979 35
9980 34
9981 39
9982 33
9983 24
9984 28
9985 38
9986 25
9987 25
9988 33
9989 36
9990 40
9991 32
9992 36
9993 35
9994 32
9995 35
9996 41
9997 25
9998 33
9999 18
