# Frame Contacts
3000 9
3001 10
3002 8
3003 5
3004 4
3005 2
3006 4
3007 4
3008 7
3009 3
3010 0
3011 7
3012 7
3013 7
3014 7
3015 0
3016 0
3017 0
3018 0
3019 0
3020 0
3021 0
3022 0
3023 0
3024 0
3025 0
3026 9
3027 14
3028 8
3029 9
3030 2
3031 6
3032 11
3033 0
3034 6
3035 6
3036 6
3037 0
3038 8
3039 1
3040 10
3041 3
3042 25
3043 15
3044 8
3045 11
3046 9
3047 17
3048 7
3049 15
3050 1
3051 5
3052 15
3053 8
3054 2
3055 20
3056 0
3057 2
3058 7
3059 4
3060 7
3061 16
3062 21
3063 17
3064 27
3065 32
3066 33
3067 15
3068 19
3069 20
3070 14
3071 16
3072 13
3073 13
3074 9
3075 15
3076 7
3077 12
3078 29
3079 1
3080 16
3081 38
3082 21
3083 20
3084 20
3085 20
3086 10
3087 18
3088 25
3089 14
3090 20
3091 14
3092 13
3093 20
3094 14
3095 18
3096 12
3097 12
3098 16
3099 17
3100 7
3101 18
3102 19
3103 29
3104 44
3105 31
3106 44
3107 32
3108 41
3109 45
3110 40
3111 37
3112 32
3113 33
3114 37
3115 33
3116 29
3117 6
3118 8
3119 0
3120 1
3121 5
3122 22
3123 17
3124 0
3125 14
3126 15
3127 18
3128 20
3129 14
3130 14
3131 13
3132 13
3133 15
3134 18
3135 18
3136 0
3137 11
3138 15
3139 15
3140 15
3141 7
3142 12
3143 17
3144 12
3145 13
3146 17
3147 25
3148 16
3149 17
3150 8
3151 9
3152 14
3153 15
3154 10
3155 10
3156 12
3157 2
3158 0
3159 15
3160 11
3161 11
3162 8
3163 14
3164 8
3165 10
3166 4
3167 14
3168 11
3169 14
3170 2
3171 8
3172 6
3173 8
3174 0
3175 0
3176 2
3177 5
3178 3
3179 4
3180 2
3181 2
3182 2
3183 4
3184 1
3185 0
3186 1
3187 1
3188 3
3189 2
3190 12
3191 1
3192 7
3193 19
3194 14
3195 11
3196 7
3197 7
3198 10
3199 9
3200 1
3201 7
3202 8
3203 2
3204 0
3205 0
3206 0
3207 0
3208 0
3209 0
3210 0
3211 0
3212 0
3213 0
3214 0
3215 0
3216 0
3217 10
3218 18
3219 10
3220 13
3221 22
3222 12
3223 12
3224 14
3225 19
3226 17
3227 0
3228 0
3229 0
3230 0
3231 0
3232 0
3233 0
3234 0
3235 0
3236 0
3237 0
3238 0
3239 0
3240 0
3241 0
3242 0
3243 0
3244 0
3245 0
3246 0
3247 0
3248 0
3249 0
3250 0
3251 0
3252 0
3253 0
3254 0
3255 0
3256 0
3257 0
3258 0
3259 0
3260 0
3261 0
3262 0
3263 0
3264 0
3265 0
3266 0
3267 0
3268 0
3269 0
3270 0
3271 0
3272 0
3273 0
3274 0
3275 0
3276 0
3277 0
3278 0
3279 0
3280 5
3281 0
3282 0
3283 1
3284 1
3285 0
3286 2
3287 6
3288 11
3289 2
3290 0
3291 0
3292 0
3293 0
3294 0
3295 0
3296 4
3297 8
3298 1
3299 0
3300 0
3301 0
3302 0
3303 0
3304 0
3305 0
3306 0
3307 0
3308 0
3309 0
3310 0
3311 0
3312 0
3313 0
3314 0
3315 0
3316 0
3317 0
3318 0
3319 0
3320 0
3321 0
3322 0
3323 0
3324 0
3325 0
3326 0
3327 0
3328 0
3329 0
3330 0
3331 0
3332 0
3333 0
3334 0
3335 13
3336 4
3337 4
3338 9
3339 6
3340 9
3341 7
3342 2
3343 5
3344 8
3345 8
3346 0
3347 0
3348 0
3349 0
3350 0
3351 0
3352 0
3353 0
3354 0
3355 0
3356 1
3357 0
3358 0
3359 0
3360 0
3361 0
3362 0
3363 0
3364 0
3365 3
3366 0
3367 0
3368 0
3369 0
3370 0
3371 0
3372 0
3373 0
3374 0
3375 0
3376 0
3377 0
3378 0
3379 0
3380 0
3381 0
3382 0
3383 0
3384 0
3385 0
3386 0
3387 0
3388 0
3389 0
3390 0
3391 0
3392 0
3393 0
3394 0
3395 0
3396 0
3397 0
3398 0
3399 0
3400 0
3401 0
3402 0
3403 0
3404 0
3405 0
3406 0
3407 0
3408 0
3409 0
3410 0
3411 1
3412 9
3413 0
3414 5
3415 5
3416 5
3417 10
3418 11
3419 5
3420 14
3421 8
3422 0
3423 0
3424 10
3425 3
3426 1
3427 6
3428 16
3429 3
3430 6
3431 3
3432 7
3433 13
3434 22
3435 23
3436 15
3437 17
3438 14
3439 14
3440 17
3441 14
3442 16
3443 9
3444 17
3445 21
3446 15
3447 17
3448 16
3449 20
3450 15
3451 18
3452 13
3453 21
3454 17
3455 20
3456 21
3457 21
3458 19
3459 19
3460 19
3461 19
3462 22
3463 24
3464 16
3465 16
3466 17
3467 19
3468 19
3469 16
3470 17
3471 16
3472 22
3473 17
3474 12
3475 14
3476 20
3477 25
3478 6
3479 22
3480 9
3481 16
3482 6
3483 15
3484 17
3485 7
3486 8
3487 11
3488 19
3489 18
3490 17
3491 14
3492 9
3493 9
3494 9
3495 20
3496 21
3497 12
3498 10
3499 9
3500 20
3501 13
3502 10
3503 9
3504 16
3505 9
3506 8
3507 16
3508 12
3509 7
3510 13
3511 10
3512 14
3513 19
3514 17
3515 21
3516 24
3517 22
3518 18
3519 28
3520 24
3521 21
3522 21
3523 5
3524 20
3525 26
3526 7
3527 6
3528 11
3529 7
3530 13
3531 14
3532 18
3533 18
3534 23
3535 14
3536 11
3537 21
3538 25
3539 24
3540 19
3541 26
3542 21
3543 23
3544 13
3545 25
3546 25
3547 20
3548 21
3549 22
3550 26
3551 20
3552 23
3553 23
3554 20
3555 27
3556 21
3557 20
3558 26
3559 18
3560 20
3561 30
3562 17
3563 14
3564 27
3565 15
3566 6
3567 5
3568 6
3569 8
3570 9
3571 18
3572 10
3573 13
3574 6
3575 5
3576 6
3577 5
3578 5
3579 5
3580 5
3581 5
3582 5
3583 5
3584 5
3585 5
3586 5
3587 7
3588 5
3589 6
3590 5
3591 5
3592 5
3593 5
3594 5
3595 6
3596 15
3597 8
3598 14
3599 15
3600 14
3601 14
3602 15
3603 12
3604 13
3605 13
3606 19
3607 17
3608 19
3609 26
3610 30
3611 24
3612 29
3613 22
3614 24
3615 25
3616 29
3617 26
3618 11
3619 29
3620 28
3621 20
3622 25
3623 22
3624 25
3625 25
3626 31
3627 23
3628 30
3629 25
3630 22
3631 24
3632 25
3633 29
3634 23
3635 18
3636 29
3637 20
3638 11
3639 19
3640 26
3641 26
3642 20
3643 13
3644 28
3645 23
3646 21
3647 19
3648 25
3649 21
3650 18
3651 23
3652 22
3653 29
3654 25
3655 31
3656 23
3657 22
3658 20
3659 22
3660 25
3661 20
3662 33
3663 28
3664 22
3665 22
3666 24
3667 30
3668 29
3669 22
3670 25
3671 29
3672 25
3673 27
3674 29
3675 24
3676 23
3677 26
3678 24
3679 32
3680 28
3681 28
3682 25
3683 33
3684 19
3685 25
3686 25
3687 25
3688 28
3689 32
3690 28
3691 30
3692 25
3693 23
3694 25
3695 27
3696 25
3697 32
3698 24
3699 32
3700 27
3701 31
3702 26
3703 27
3704 23
3705 26
3706 21
3707 20
3708 20
3709 25
3710 23
3711 20
3712 20
3713 22
3714 26
3715 25
3716 14
3717 16
3718 14
3719 16
3720 12
3721 16
3722 19
3723 15
3724 14
3725 13
3726 18
3727 20
3728 20
3729 12
3730 12
3731 12
3732 12
3733 12
3734 3
3735 10
3736 0
3737 0
3738 0
3739 0
3740 8
3741 0
3742 0
3743 4
3744 4
3745 0
3746 12
3747 13
3748 11
3749 13
3750 11
3751 8
3752 13
3753 13
3754 12
3755 11
3756 8
3757 7
3758 12
3759 11
3760 10
3761 10
3762 14
3763 13
3764 11
3765 9
3766 13
3767 11
3768 12
3769 13
3770 12
3771 12
3772 11
3773 11
3774 13
3775 11
3776 16
3777 15
3778 14
3779 11
3780 13
3781 11
3782 11
3783 15
3784 11
3785 11
3786 12
3787 2
3788 2
3789 1
3790 14
3791 12
3792 1
3793 12
3794 7
3795 10
3796 12
3797 12
3798 11
3799 15
3800 11
3801 16
3802 4
3803 12
3804 14
3805 14
3806 10
3807 11
3808 12
3809 13
3810 13
3811 11
3812 10
3813 13
3814 10
3815 9
3816 11
3817 10
3818 11
3819 10
3820 10
3821 10
3822 11
3823 11
3824 11
3825 11
3826 9
3827 11
3828 10
3829 12
3830 11
3831 18
3832 15
3833 1
3834 0
3835 6
3836 0
3837 0
3838 7
3839 10
3840 11
3841 11
3842 14
3843 7
3844 11
3845 13
3846 11
3847 11
3848 11
3849 13
3850 11
3851 13
3852 10
3853 12
3854 11
3855 16
3856 12
3857 8
3858 9
3859 11
3860 11
3861 17
3862 8
3863 10
3864 13
3865 13
3866 9
3867 10
3868 12
3869 11
3870 9
3871 1
3872 0
3873 1
3874 0
3875 0
3876 0
3877 0
3878 0
3879 1
3880 5
3881 6
3882 0
3883 0
3884 0
3885 0
3886 0
3887 0
3888 0
3889 0
3890 0
3891 0
3892 0
3893 0
3894 0
3895 0
3896 0
3897 0
3898 0
3899 0
3900 0
3901 0
3902 0
3903 0
3904 0
3905 0
3906 0
3907 0
3908 0
3909 0
3910 0
3911 0
3912 0
3913 0
3914 0
3915 0
3916 0
3917 0
3918 0
3919 0
3920 0
3921 0
3922 0
3923 0
3924 0
3925 0
3926 0
3927 0
3928 0
3929 0
3930 0
3931 0
3932 4
3933 0
3934 0
3935 0
3936 0
3937 0
3938 0
3939 0
3940 0
3941 0
3942 0
3943 0
3944 0
3945 0
3946 0
3947 0
3948 0
3949 0
3950 0
3951 3
3952 4
3953 0
3954 0
3955 0
3956 0
3957 0
3958 0
3959 0
3960 0
3961 4
3962 2
3963 4
3964 0
3965 0
3966 0
3967 0
3968 0
3969 0
3970 0
3971 0
3972 0
3973 0
3974 0
3975 0
3976 0
3977 0
3978 0
3979 1
3980 3
3981 0
3982 0
3983 0
3984 0
3985 0
3986 0
3987 0
3988 0
3989 0
3990 0
3991 0
3992 0
3993 0
3994 0
3995 6
3996 0
3997 0
3998 0
3999 0
4000 0
4001 0
4002 0
4003 0
4004 0
4005 0
4006 0
4007 0
4008 0
4009 0
4010 0
4011 0
4012 0
4013 0
4014 0
4015 0
4016 0
4017 0
4018 0
4019 0
4020 0
4021 0
4022 0
4023 0
4024 0
4025 0
4026 0
4027 0
4028 0
4029 0
4030 0
4031 0
4032 0
4033 0
4034 0
4035 0
4036 0
4037 0
4038 0
4039 0
4040 0
4041 0
4042 0
4043 0
4044 0
4045 0
4046 0
4047 0
4048 0
4049 0
4050 0
4051 0
4052 0
4053 0
4054 0
4055 0
4056 0
4057 0
4058 0
4059 0
4060 0
4061 0
4062 0
4063 0
4064 0
4065 0
4066 0
4067 0
4068 1
4069 0
4070 0
4071 0
4072 0
4073 0
4074 0
4075 0
4076 0
4077 1
4078 0
4079 0
4080 0
4081 0
4082 0
4083 0
4084 0
4085 0
4086 0
4087 0
4088 0
4089 0
4090 0
4091 0
4092 1
4093 3
4094 0
4095 0
4096 0
4097 2
4098 0
4099 0
4100 0
4101 0
4102 0
4103 0
4104 0
4105 0
4106 0
4107 0
4108 0
4109 0
4110 0
4111 0
4112 0
4113 0
4114 0
4115 0
4116 0
4117 0
4118 0
4119 4
4120 3
4121 0
4122 0
4123 0
4124 0
4125 0
4126 0
4127 0
4128 0
4129 0
4130 0
4131 0
4132 0
4133 0
4134 0
4135 0
4136 0
4137 0
4138 0
4139 0
4140 0
4141 0
4142 0
4143 0
4144 0
4145 0
4146 0
4147 0
4148 0
4149 0
4150 0
4151 0
4152 0
4153 0
4154 0
4155 0
4156 0
4157 0
4158 0
4159 0
4160 0
4161 0
4162 2
4163 10
4164 8
4165 18
4166 9
4167 16
4168 4
4169 8
4170 0
4171 0
4172 0
4173 0
4174 0
4175 0
4176 0
4177 0
4178 13
4179 10
4180 3
4181 11
4182 7
4183 5
4184 3
4185 0
4186 0
4187 0
4188 0
4189 0
4190 0
4191 0
4192 0
4193 0
4194 8
4195 3
4196 4
4197 3
4198 2
4199 8
4200 9
4201 7
4202 8
4203 4
4204 12
4205 9
4206 10
4207 5
4208 0
4209 0
4210 0
4211 9
4212 3
4213 7
4214 1
4215 9
4216 9
4217 6
4218 10
4219 1
4220 6
4221 0
4222 0
4223 0
4224 0
4225 0
4226 0
4227 0
4228 8
4229 10
4230 11
4231 10
4232 8
4233 11
4234 11
4235 10
4236 11
4237 13
4238 11
4239 0
4240 8
4241 12
4242 5
4243 0
4244 0
4245 0
4246 0
4247 0
4248 0
4249 0
4250 0
4251 0
4252 0
4253 0
4254 0
4255 0
4256 0
4257 0
4258 0
4259 0
4260 0
4261 0
4262 0
4263 0
4264 0
4265 0
4266 0
4267 0
4268 0
4269 0
4270 0
4271 0
4272 0
4273 0
4274 0
4275 0
4276 0
4277 0
4278 0
4279 0
4280 0
4281 1
4282 0
4283 0
4284 0
4285 0
4286 0
4287 0
4288 0
4289 1
4290 0
4291 0
4292 0
4293 0
4294 0
4295 0
4296 0
4297 0
4298 0
4299 0
4300 0
4301 0
4302 0
4303 0
4304 0
4305 0
4306 0
4307 0
4308 0
4309 0
4310 0
4311 0
4312 0
4313 0
4314 0
4315 0
4316 0
4317 0
4318 0
4319 0
4320 0
4321 0
4322 0
4323 0
4324 0
4325 0
4326 0
4327 0
4328 0
4329 0
4330 0
4331 2
4332 0
4333 8
4334 0
4335 0
4336 0
4337 0
4338 0
4339 0
4340 0
4341 0
4342 0
4343 0
4344 0
4345 0
4346 0
4347 0
4348 0
4349 0
4350 0
4351 0
4352 0
4353 0
4354 0
4355 0
4356 0
4357 0
4358 0
4359 0
4360 0
4361 0
4362 0
4363 0
4364 0
4365 0
4366 0
4367 0
4368 0
4369 0
4370 0
4371 0
4372 0
4373 0
4374 0
4375 0
4376 0
4377 0
4378 0
4379 0
4380 0
4381 0
4382 0
4383 0
4384 0
4385 0
4386 0
4387 0
4388 0
4389 0
4390 0
4391 14
4392 12
4393 0
4394 0
4395 0
4396 0
4397 0
4398 0
4399 1
4400 2
4401 2
4402 6
4403 9
4404 12
4405 14
4406 11
4407 30
4408 20
4409 25
4410 10
4411 13
4412 6
4413 9
4414 8
4415 10
4416 5
4417 9
4418 7
4419 6
4420 1
4421 11
4422 10
4423 12
4424 11
4425 11
4426 9
4427 4
4428 10
4429 9
4430 10
4431 10
4432 11
4433 5
4434 9
4435 0
4436 12
4437 11
4438 4
4439 5
4440 0
4441 0
4442 0
4443 0
4444 0
4445 0
4446 0
4447 0
4448 0
4449 0
4450 0
4451 0
4452 0
4453 0
4454 0
4455 0
4456 0
4457 0
4458 0
4459 0
4460 0
4461 0
4462 0
4463 0
4464 0
4465 0
4466 0
4467 0
4468 0
4469 0
4470 0
4471 0
4472 0
4473 0
4474 0
4475 0
4476 0
4477 0
4478 0
4479 0
4480 0
4481 0
4482 0
4483 0
4484 0
4485 0
4486 0
4487 0
4488 0
4489 0
4490 0
4491 0
4492 0
4493 0
4494 0
4495 0
4496 0
4497 0
4498 0
4499 0
4500 0
4501 0
4502 0
4503 0
4504 0
4505 0
4506 0
4507 0
4508 0
4509 0
4510 0
4511 0
4512 0
4513 0
4514 0
4515 0
4516 0
4517 0
4518 0
4519 0
4520 0
4521 0
4522 0
4523 0
4524 0
4525 0
4526 0
4527 0
4528 0
4529 0
4530 0
4531 0
4532 0
4533 0
4534 0
4535 0
4536 0
4537 0
4538 0
4539 0
4540 0
4541 0
4542 0
4543 0
4544 0
4545 0
4546 0
4547 0
4548 0
4549 0
4550 0
4551 0
4552 0
4553 0
4554 0
4555 0
4556 0
4557 0
4558 0
4559 0
4560 0
4561 0
4562 0
4563 0
4564 0
4565 0
4566 0
4567 0
4568 0
4569 0
4570 0
4571 0
4572 0
4573 0
4574 0
4575 0
4576 0
4577 0
4578 0
4579 0
4580 0
4581 0
4582 0
4583 0
4584 0
4585 0
4586 0
4587 0
4588 0
4589 0
4590 0
4591 0
4592 0
4593 0
4594 0
4595 0
4596 0
4597 0
4598 0
4599 0
4600 0
4601 0
4602 0
4603 0
4604 0
4605 0
4606 0
4607 0
4608 0
4609 0
4610 0
4611 0
4612 0
4613 0
4614 0
4615 0
4616 0
4617 0
4618 0
4619 0
4620 0
4621 0
4622 0
4623 0
4624 0
4625 0
4626 0
4627 0
4628 0
4629 0
4630 0
4631 0
4632 0
4633 0
4634 0
4635 0
4636 0
4637 0
4638 0
4639 0
4640 0
4641 0
4642 0
4643 0
4644 0
4645 0
4646 0
4647 0
4648 0
4649 0
4650 0
4651 0
4652 0
4653 0
4654 0
4655 0
4656 0
4657 0
4658 0
4659 0
4660 0
4661 0
4662 0
4663 0
4664 0
4665 0
4666 0
4667 0
4668 0
4669 0
4670 0
4671 0
4672 0
4673 0
4674 0
4675 0
4676 0
4677 0
4678 0
4679 0
4680 0
4681 0
4682 0
4683 0
4684 0
4685 0
4686 0
4687 0
4688 0
4689 0
4690 0
4691 0
4692 0
4693 0
4694 0
4695 0
4696 0
4697 0
4698 0
4699 0
4700 0
4701 0
4702 0
4703 0
4704 0
4705 0
4706 0
4707 0
4708 0
4709 0
4710 0
4711 0
4712 0
4713 0
4714 0
4715 0
4716 0
4717 0
4718 0
4719 0
4720 0
4721 0
4722 0
4723 0
4724 0
4725 0
4726 0
4727 0
4728 0
4729 0
4730 0
4731 0
4732 0
4733 0
4734 0
4735 0
4736 0
4737 0
4738 0
4739 0
4740 0
4741 0
4742 0
4743 0
4744 0
4745 0
4746 0
4747 0
4748 0
4749 0
4750 0
4751 0
4752 0
4753 0
4754 0
4755 0
4756 0
4757 0
4758 0
4759 0
4760 0
4761 0
4762 0
4763 0
4764 0
4765 0
4766 0
4767 0
4768 0
4769 0
4770 0
4771 0
4772 0
4773 0
4774 0
4775 0
4776 0
4777 0
4778 0
4779 0
4780 0
4781 0
4782 0
4783 0
4784 0
4785 0
4786 0
4787 0
4788 0
4789 0
4790 0
4791 0
4792 0
4793 0
4794 0
4795 0
4796 0
4797 0
4798 0
4799 0
4800 0
4801 0
4802 0
4803 0
4804 0
4805 0
4806 0
4807 0
4808 0
4809 0
4810 0
4811 0
4812 0
4813 0
4814 0
4815 0
4816 0
4817 0
4818 0
4819 0
4820 0
4821 0
4822 0
4823 0
4824 0
4825 0
4826 0
4827 0
4828 0
4829 0
4830 0
4831 0
4832 0
4833 0
4834 0
4835 0
4836 0
4837 0
4838 0
4839 0
4840 0
4841 0
4842 0
4843 0
4844 0
4845 0
4846 0
4847 0
4848 0
4849 0
4850 0
4851 0
4852 0
4853 0
4854 0
4855 0
4856 0
4857 0
4858 0
4859 0
4860 0
4861 0
4862 0
4863 0
4864 0
4865 0
4866 0
4867 0
4868 0
4869 0
4870 0
4871 0
4872 0
4873 0
4874 0
4875 0
4876 0
4877 0
4878 0
4879 0
4880 0
4881 0
4882 0
4883 0
4884 0
4885 0
4886 0
4887 0
4888 0
4889 0
4890 0
4891 0
4892 0
4893 0
4894 0
4895 0
4896 0
4897 0
4898 0
4899 0
4900 0
4901 0
4902 0
4903 0
4904 0
4905 0
4906 0
4907 0
4908 0
4909 0
4910 0
4911 0
4912 0
4913 0
4914 0
4915 0
4916 0
4917 0
4918 0
4919 0
4920 0
4921 0
4922 0
4923 0
4924 0
4925 0
4926 0
4927 0
4928 0
4929 0
4930 0
4931 0
4932 0
4933 0
4934 0
4935 0
4936 0
4937 0
4938 0
4939 0
4940 0
4941 0
4942 0
4943 0
4944 0
4945 0
4946 0
4947 0
4948 0
4949 0
4950 0
4951 0
4952 0
4953 0
4954 0
4955 0
4956 0
4957 0
4958 0
4959 0
4960 0
4961 0
4962 0
4963 0
4964 0
4965 0
4966 0
4967 0
4968 0
4969 0
4970 0
4971 0
4972 0
4973 0
4974 0
4975 0
4976 0
4977 0
4978 0
4979 0
4980 0
4981 0
4982 0
4983 0
4984 0
4985 0
4986 0
4987 0
4988 0
4989 0
4990 0
4991 0
4992 0
4993 0
4994 0
4995 0
4996 0
4997 0
4998 0
4999 0
5000 0
5001 0
5002 0
5003 0
5004 0
5005 0
5006 0
5007 0
5008 0
5009 0
5010 0
5011 0
5012 0
5013 0
5014 0
5015 0
5016 0
5017 0
5018 0
5019 0
5020 0
5021 0
5022 0
5023 0
5024 0
5025 0
5026 0
5027 0
5028 0
5029 0
5030 0
5031 0
5032 0
5033 0
5034 0
5035 0
5036 0
5037 0
5038 0
5039 0
5040 0
5041 0
5042 0
5043 0
5044 0
5045 0
5046 0
5047 0
5048 0
5049 0
5050 0
5051 0
5052 0
5053 0
5054 0
5055 0
5056 0
5057 0
5058 0
5059 0
5060 0
5061 0
5062 0
5063 0
5064 0
5065 0
5066 0
5067 0
5068 0
5069 0
5070 0
5071 0
5072 0
5073 0
5074 0
5075 0
5076 0
5077 0
5078 0
5079 0
5080 0
5081 0
5082 0
5083 0
5084 0
5085 0
5086 0
5087 0
5088 0
5089 0
5090 0
5091 0
5092 0
5093 0
5094 0
5095 0
5096 0
5097 0
5098 0
5099 0
5100 0
5101 0
5102 0
5103 0
5104 0
5105 0
5106 0
5107 0
5108 0
5109 0
5110 0
5111 0
5112 0
5113 0
5114 0
5115 0
5116 0
5117 0
5118 0
5119 0
5120 0
5121 0
5122 0
5123 0
5124 0
5125 0
5126 0
5127 0
5128 0
5129 0
5130 0
5131 0
5132 0
5133 0
5134 0
5135 0
5136 0
5137 0
5138 0
5139 0
5140 0
5141 0
5142 0
5143 0
5144 0
5145 0
5146 0
5147 0
5148 0
5149 0
5150 0
5151 0
5152 0
5153 0
5154 0
5155 0
5156 0
5157 0
5158 0
5159 0
5160 0
5161 0
5162 0
5163 0
5164 0
5165 0
5166 0
5167 0
5168 0
5169 0
5170 0
5171 0
5172 0
5173 0
5174 0
5175 0
5176 0
5177 0
5178 0
5179 0
5180 0
5181 0
5182 0
5183 0
5184 0
5185 0
5186 0
5187 0
5188 0
5189 0
5190 0
5191 0
5192 0
5193 0
5194 0
5195 0
5196 0
5197 0
5198 0
5199 0
5200 0
5201 0
5202 0
5203 0
5204 0
5205 0
5206 0
5207 0
5208 0
5209 0
5210 0
5211 0
5212 0
5213 0
5214 0
5215 0
5216 0
5217 0
5218 0
5219 0
5220 0
5221 0
5222 0
5223 0
5224 0
5225 0
5226 0
5227 0
5228 0
5229 0
5230 0
5231 0
5232 0
5233 0
5234 0
5235 0
5236 0
5237 0
5238 0
5239 0
5240 0
5241 0
5242 0
5243 0
5244 0
5245 0
5246 0
5247 0
5248 0
5249 0
5250 0
5251 0
5252 0
5253 0
5254 0
5255 0
5256 0
5257 0
5258 0
5259 0
5260 0
5261 0
5262 0
5263 0
5264 0
5265 0
5266 0
5267 0
5268 0
5269 0
5270 0
5271 0
5272 0
5273 0
5274 0
5275 0
5276 0
5277 0
5278 0
5279 0
5280 0
5281 0
5282 0
5283 0
5284 0
5285 0
5286 0
5287 0
5288 0
5289 0
5290 0
5291 0
5292 0
5293 0
5294 0
5295 0
5296 0
5297 0
5298 0
5299 0
5300 0
5301 0
5302 0
5303 0
5304 0
5305 0
5306 0
5307 0
5308 0
5309 0
5310 0
5311 0
5312 0
5313 0
5314 0
5315 0
5316 0
5317 0
5318 0
5319 0
5320 0
5321 0
5322 0
5323 0
5324 0
5325 0
5326 0
5327 0
5328 0
5329 0
5330 0
5331 0
5332 0
5333 0
5334 0
5335 0
5336 0
5337 0
5338 0
5339 0
5340 0
5341 0
5342 0
5343 0
5344 0
5345 0
5346 0
5347 0
5348 0
5349 0
5350 0
5351 0
5352 0
5353 0
5354 0
5355 0
5356 0
5357 0
5358 0
5359 0
5360 0
5361 0
5362 0
5363 0
5364 0
5365 0
5366 0
5367 0
5368 0
5369 0
5370 0
5371 0
5372 0
5373 0
5374 0
5375 0
5376 0
5377 0
5378 0
5379 0
5380 0
5381 0
5382 0
5383 0
5384 0
5385 0
5386 0
5387 0
5388 0
5389 0
5390 0
5391 0
5392 0
5393 0
5394 0
5395 0
5396 0
5397 0
5398 0
5399 0
5400 0
5401 0
5402 0
5403 0
5404 0
5405 0
5406 0
5407 0
5408 0
5409 0
5410 0
5411 0
5412 0
5413 0
5414 0
5415 0
5416 0
5417 0
5418 0
5419 0
5420 0
5421 0
5422 0
5423 0
5424 0
5425 0
5426 0
5427 0
5428 0
5429 0
5430 0
5431 0
5432 0
5433 0
5434 0
5435 0
5436 0
5437 0
5438 0
5439 0
5440 0
5441 0
5442 0
5443 0
5444 0
5445 0
5446 0
5447 0
5448 0
5449 0
5450 0
5451 0
5452 0
5453 0
5454 0
5455 0
5456 0
5457 0
5458 0
5459 0
5460 0
5461 0
5462 0
5463 0
5464 0
5465 0
5466 0
5467 0
5468 0
5469 0
5470 0
5471 0
5472 0
5473 0
5474 0
5475 0
5476 0
5477 0
5478 0
5479 0
5480 0
5481 1
5482 0
5483 0
5484 0
5485 0
5486 0
5487 0
5488 0
5489 0
5490 0
5491 0
5492 0
5493 0
5494 0
5495 0
5496 0
5497 0
5498 0
5499 0
5500 0
5501 0
5502 0
5503 0
5504 0
5505 0
5506 0
5507 0
5508 0
5509 0
5510 0
5511 0
5512 0
5513 0
5514 0
5515 0
5516 0
5517 0
5518 0
5519 0
5520 0
5521 0
5522 0
5523 0
5524 0
5525 0
5526 0
5527 0
5528 0
5529 0
5530 0
5531 0
5532 0
5533 0
5534 0
5535 0
5536 0
5537 0
5538 0
5539 0
5540 0
5541 0
5542 0
5543 0
5544 0
5545 0
5546 0
5547 0
5548 0
5549 0
5550 0
5551 0
5552 0
5553 0
5554 0
5555 0
5556 0
5557 0
5558 0
5559 0
5560 0
5561 0
5562 0
5563 0
5564 0
5565 0
5566 0
5567 0
5568 0
5569 0
5570 0
5571 0
5572 0
5573 0
5574 0
5575 0
5576 0
5577 0
5578 0
5579 0
5580 0
5581 0
5582 0
5583 0
5584 0
5585 0
5586 0
5587 0
5588 0
5589 0
5590 0
5591 0
5592 0
5593 0
5594 0
5595 0
5596 0
5597 0
5598 0
5599 0
5600 0
5601 0
5602 0
5603 0
5604 0
5605 0
5606 0
5607 0
5608 0
5609 0
5610 0
5611 0
5612 0
5613 0
5614 0
5615 0
5616 0
5617 0
5618 0
5619 0
5620 0
5621 0
5622 0
5623 0
5624 0
5625 0
5626 0
5627 0
5628 0
5629 0
5630 0
5631 0
5632 0
5633 0
5634 0
5635 0
5636 0
5637 0
5638 0
5639 0
5640 0
5641 0
5642 0
5643 0
5644 0
5645 0
5646 0
5647 0
5648 0
5649 0
5650 0
5651 0
5652 0
5653 0
5654 0
5655 0
5656 0
5657 0
5658 0
5659 0
5660 0
5661 0
5662 0
5663 0
5664 0
5665 0
5666 0
5667 0
5668 0
5669 0
5670 0
5671 0
5672 0
5673 0
5674 0
5675 0
5676 0
5677 0
5678 0
5679 0
5680 0
5681 0
5682 0
5683 0
5684 0
5685 0
5686 0
5687 0
5688 0
5689 0
5690 0
5691 0
5692 0
5693 0
5694 0
5695 0
5696 0
5697 0
5698 0
5699 0
5700 0
5701 0
5702 0
5703 0
5704 0
5705 0
5706 0
5707 0
5708 0
5709 0
5710 0
5711 0
5712 0
5713 0
5714 0
5715 0
5716 0
5717 0
5718 0
5719 0
5720 0
5721 0
5722 0
5723 0
5724 0
5725 0
5726 0
5727 0
5728 0
5729 0
5730 0
5731 0
5732 0
5733 0
5734 0
5735 0
5736 0
5737 0
5738 0
5739 0
5740 0
5741 0
5742 0
5743 0
5744 0
5745 0
5746 0
5747 0
5748 0
5749 0
5750 0
5751 0
5752 0
5753 1
5754 0
5755 0
5756 0
5757 0
5758 0
5759 0
5760 0
5761 0
5762 0
5763 0
5764 0
5765 0
5766 0
5767 0
5768 0
5769 0
5770 0
5771 0
5772 0
5773 0
5774 0
5775 0
5776 0
5777 0
5778 0
5779 0
5780 0
5781 0
5782 0
5783 0
5784 0
5785 0
5786 0
5787 0
5788 0
5789 0
5790 0
5791 0
5792 0
5793 0
5794 0
5795 0
5796 0
5797 0
5798 0
5799 0
5800 0
5801 0
5802 0
5803 0
5804 0
5805 0
5806 0
5807 0
5808 0
5809 0
5810 0
5811 0
5812 0
5813 0
5814 0
5815 0
5816 0
5817 0
5818 0
5819 0
5820 0
5821 0
5822 0
5823 0
5824 0
5825 0
5826 0
5827 0
5828 0
5829 0
5830 0
5831 0
5832 0
5833 0
5834 0
5835 0
5836 0
5837 0
5838 0
5839 0
5840 0
5841 0
5842 0
5843 0
5844 0
5845 0
5846 0
5847 0
5848 0
5849 0
5850 0
5851 0
5852 0
5853 0
5854 0
5855 0
5856 0
5857 0
5858 0
5859 0
5860 0
5861 0
5862 0
5863 0
5864 0
5865 0
5866 0
5867 0
5868 0
5869 0
5870 0
5871 0
5872 0
5873 0
5874 0
5875 0
5876 0
5877 0
5878 0
5879 0
5880 0
5881 0
5882 0
5883 0
5884 0
5885 0
5886 0
5887 0
5888 0
5889 0
5890 0
5891 0
5892 0
5893 0
5894 0
5895 0
5896 0
5897 0
5898 0
5899 0
5900 0
5901 0
5902 0
5903 0
5904 0
5905 0
5906 0
5907 0
5908 0
5909 0
5910 0
5911 0
5912 0
5913 0
5914 0
5915 0
5916 0
5917 0
5918 0
5919 0
5920 0
5921 0
5922 0
5923 0
5924 0
5925 0
5926 0
5927 0
5928 0
5929 0
5930 0
5931 0
5932 0
5933 0
5934 0
5935 0
5936 0
5937 0
5938 0
5939 0
5940 0
5941 0
5942 0
5943 0
5944 0
5945 0
5946 0
5947 0
5948 0
5949 0
5950 0
5951 0
5952 0
5953 0
5954 0
5955 0
5956 0
5957 0
5958 0
5959 0
5960 0
5961 0
5962 0
5963 0
5964 0
5965 0
5966 0
5967 0
5968 0
5969 0
5970 0
5971 0
5972 0
5973 0
5974 0
5975 0
5976 0
5977 0
5978 0
5979 0
5980 0
5981 0
5982 0
5983 0
5984 0
5985 0
5986 0
5987 0
5988 0
5989 0
5990 0
5991 0
5992 0
5993 0
5994 0
5995 0
5996 0
5997 0
5998 0
5999 0
6000 0
6001 0
6002 0
6003 0
6004 0
6005 0
6006 0
6007 0
6008 0
6009 0
6010 0
6011 0
6012 0
6013 0
6014 0
6015 0
6016 0
6017 0
6018 0
6019 0
6020 0
6021 0
6022 0
6023 0
6024 0
6025 0
6026 0
6027 0
6028 0
6029 0
6030 0
6031 0
6032 0
6033 0
6034 0
6035 0
6036 0
6037 0
6038 0
6039 0
6040 0
6041 0
6042 0
6043 0
6044 0
6045 0
6046 0
6047 0
6048 0
6049 0
6050 0
6051 0
6052 0
6053 0
6054 0
6055 0
6056 0
6057 0
6058 0
6059 0
6060 0
6061 0
6062 0
6063 0
6064 0
6065 0
6066 0
6067 0
6068 0
6069 0
6070 0
6071 0
6072 0
6073 0
6074 0
6075 0
6076 0
6077 0
6078 0
6079 0
6080 0
6081 0
6082 0
6083 0
6084 0
6085 0
6086 0
6087 0
6088 0
6089 0
6090 0
6091 0
6092 0
6093 0
6094 0
6095 0
6096 0
6097 0
6098 0
6099 0
6100 0
6101 0
6102 0
6103 0
6104 0
6105 0
6106 0
6107 0
6108 0
6109 0
6110 0
6111 0
6112 0
6113 0
6114 0
6115 0
6116 0
6117 0
6118 0
6119 0
6120 0
6121 0
6122 0
6123 0
6124 0
6125 0
6126 0
6127 0
6128 0
6129 0
6130 0
6131 0
6132 0
6133 0
6134 0
6135 0
6136 0
6137 0
6138 0
6139 0
6140 0
6141 0
6142 0
6143 0
6144 0
6145 0
6146 0
6147 0
6148 0
6149 0
6150 0
6151 0
6152 0
6153 0
6154 0
6155 0
6156 0
6157 0
6158 0
6159 0
6160 0
6161 0
6162 0
6163 0
6164 0
6165 0
6166 0
6167 0
6168 0
6169 0
6170 0
6171 0
6172 0
6173 0
6174 0
6175 0
6176 0
6177 0
6178 0
6179 0
6180 0
6181 0
6182 0
6183 0
6184 0
6185 0
6186 0
6187 0
6188 0
6189 0
6190 0
6191 0
6192 0
6193 0
6194 0
6195 0
6196 0
6197 0
6198 0
6199 0
6200 0
6201 0
6202 0
6203 0
6204 0
6205 0
6206 0
6207 0
6208 0
6209 0
6210 0
6211 0
6212 0
6213 0
6214 0
6215 0
6216 0
6217 0
6218 0
6219 0
6220 0
6221 0
6222 0
6223 3
6224 2
6225 0
6226 0
6227 0
6228 0
6229 0
6230 0
6231 0
6232 0
6233 0
6234 0
6235 0
6236 0
6237 0
6238 0
6239 0
6240 0
6241 0
6242 0
6243 0
6244 0
6245 0
6246 0
6247 0
6248 0
6249 0
6250 0
6251 0
6252 0
6253 0
6254 0
6255 0
6256 0
6257 0
6258 0
6259 0
6260 0
6261 0
6262 2
6263 3
6264 4
6265 9
6266 1
6267 2
6268 0
6269 0
6270 0
6271 0
6272 0
6273 0
6274 1
6275 0
6276 0
6277 0
6278 0
6279 0
6280 0
6281 0
6282 0
6283 0
6284 0
6285 0
6286 0
6287 0
6288 0
6289 0
6290 3
6291 3
6292 0
6293 0
6294 0
6295 0
6296 0
6297 0
6298 0
6299 0
6300 0
6301 0
6302 0
6303 0
6304 0
6305 0
6306 0
6307 0
6308 0
6309 0
6310 0
6311 0
6312 0
6313 0
6314 0
6315 0
6316 0
6317 1
6318 0
6319 0
6320 6
6321 8
6322 14
6323 8
6324 8
6325 15
6326 15
6327 10
6328 13
6329 13
6330 13
6331 5
6332 18
6333 14
6334 11
6335 11
6336 7
6337 6
6338 8
6339 5
6340 6
6341 0
6342 10
6343 4
6344 8
6345 12
6346 15
6347 7
6348 4
6349 9
6350 13
6351 13
6352 18
6353 9
6354 9
6355 14
6356 13
6357 10
6358 16
6359 7
6360 6
6361 3
6362 16
6363 6
6364 14
6365 2
6366 0
6367 0
6368 0
6369 6
6370 23
6371 9
6372 6
6373 10
6374 19
6375 21
6376 5
6377 17
6378 15
6379 8
6380 15
6381 15
6382 19
6383 32
6384 20
6385 17
6386 2
6387 11
6388 26
6389 0
6390 13
6391 30
6392 14
6393 19
6394 14
6395 12
6396 16
6397 18
6398 25
6399 29
6400 29
6401 17
6402 22
6403 17
6404 27
6405 47
6406 27
6407 32
6408 27
6409 29
6410 14
6411 10
6412 28
6413 1
6414 13
6415 22
6416 25
6417 19
6418 15
6419 35
6420 14
6421 34
6422 19
6423 27
6424 5
6425 23
6426 23
6427 19
6428 21
6429 16
6430 18
6431 20
6432 7
6433 17
6434 16
6435 23
6436 9
6437 13
6438 17
6439 6
6440 10
6441 10
6442 9
6443 25
6444 23
6445 11
6446 3
6447 16
6448 10
6449 4
6450 0
6451 0
6452 9
6453 16
6454 17
6455 10
6456 24
6457 28
6458 25
6459 34
6460 11
6461 27
6462 12
6463 12
6464 5
6465 0
6466 0
6467 0
6468 0
6469 0
6470 0
6471 0
6472 0
6473 0
6474 0
6475 0
6476 5
6477 5
6478 9
6479 16
6480 13
6481 15
6482 7
6483 9
6484 10
6485 15
6486 15
6487 13
6488 1
6489 9
6490 0
6491 0
6492 0
6493 0
6494 0
6495 0
6496 0
6497 0
6498 0
6499 0
6500 0
6501 0
6502 0
6503 0
6504 0
6505 0
6506 0
6507 0
6508 0
6509 0
6510 0
6511 0
6512 0
6513 0
6514 0
6515 0
6516 0
6517 0
6518 0
6519 0
6520 0
6521 0
6522 6
6523 9
6524 8
6525 9
6526 9
6527 9
6528 1
6529 5
6530 3
6531 4
6532 0
6533 0
6534 0
6535 0
6536 0
6537 0
6538 0
6539 0
6540 0
6541 0
6542 0
6543 0
6544 0
6545 0
6546 0
6547 0
6548 0
6549 0
6550 0
6551 0
6552 0
6553 0
6554 0
6555 0
6556 0
6557 0
6558 0
6559 0
6560 0
6561 0
6562 0
6563 0
6564 0
6565 0
6566 0
6567 0
6568 0
6569 0
6570 0
6571 0
6572 0
6573 0
6574 0
6575 0
6576 0
6577 0
6578 0
6579 0
6580 0
6581 0
6582 0
6583 0
6584 0
6585 0
6586 0
6587 0
6588 0
6589 0
6590 0
6591 0
6592 0
6593 0
6594 0
6595 0
6596 0
6597 0
6598 0
6599 0
6600 0
6601 0
6602 0
6603 0
6604 0
6605 0
6606 0
6607 0
6608 0
6609 0
6610 0
6611 0
6612 0
6613 0
6614 0
6615 0
6616 0
6617 0
6618 0
6619 0
6620 0
6621 5
6622 0
6623 0
6624 0
6625 0
6626 0
6627 0
6628 0
6629 0
6630 0
6631 0
6632 0
6633 0
6634 0
6635 13
6636 4
6637 4
6638 6
6639 16
6640 11
6641 4
6642 8
6643 13
6644 16
6645 1
6646 2
6647 2
6648 0
6649 1
6650 0
6651 5
6652 6
6653 5
6654 11
6655 11
6656 14
6657 11
6658 15
6659 13
6660 10
6661 11
6662 11
6663 10
6664 6
6665 9
6666 7
6667 12
6668 11
6669 2
6670 12
6671 12
6672 12
6673 6
6674 0
6675 7
6676 11
6677 14
6678 12
6679 6
6680 11
6681 11
6682 10
6683 11
6684 4
6685 8
6686 11
6687 10
6688 12
6689 12
6690 15
6691 11
6692 7
6693 6
6694 7
6695 10
6696 10
6697 18
6698 17
6699 0
6700 11
6701 12
6702 13
6703 7
6704 8
6705 8
6706 10
6707 0
6708 0
6709 11
6710 5
6711 10
6712 9
6713 10
6714 10
6715 10
6716 14
6717 10
6718 10
6719 10
6720 11
6721 11
6722 11
6723 7
6724 14
6725 4
6726 10
6727 10
6728 3
6729 12
6730 7
6731 0
6732 2
6733 9
6734 6
6735 8
6736 0
6737 4
6738 1
6739 1
6740 7
6741 22
6742 3
6743 10
6744 11
6745 5
6746 14
6747 12
6748 6
6749 11
6750 11
6751 16
6752 2
6753 0
6754 0
6755 0
6756 2
6757 0
6758 0
6759 0
6760 0
6761 0
6762 0
6763 0
6764 0
6765 0
6766 0
6767 0
6768 0
6769 0
6770 0
6771 0
6772 0
6773 0
6774 0
6775 0
6776 0
6777 0
6778 0
6779 0
6780 0
6781 0
6782 0
6783 0
6784 0
6785 0
6786 0
6787 0
6788 0
6789 0
6790 0
6791 0
6792 0
6793 0
6794 0
6795 0
6796 0
6797 0
6798 0
6799 0
6800 0
6801 0
6802 0
6803 0
6804 0
6805 0
6806 0
6807 0
6808 0
6809 0
6810 0
6811 4
6812 0
6813 0
6814 0
6815 0
6816 0
6817 0
6818 0
6819 0
6820 0
6821 0
6822 0
6823 0
6824 0
6825 0
6826 0
6827 0
6828 0
6829 0
6830 0
6831 0
6832 0
6833 0
6834 0
6835 0
6836 0
6837 0
6838 0
6839 0
6840 0
6841 0
6842 0
6843 0
6844 0
6845 0
6846 0
6847 0
6848 0
6849 0
6850 0
6851 0
6852 0
6853 0
6854 0
6855 0
6856 5
6857 8
6858 0
6859 9
6860 10
6861 10
6862 10
6863 11
6864 12
6865 11
6866 10
6867 12
6868 11
6869 10
6870 10
6871 12
6872 0
6873 2
6874 13
6875 10
6876 10
6877 11
6878 12
6879 11
6880 11
6881 10
6882 13
6883 12
6884 12
6885 11
6886 11
6887 13
6888 12
6889 17
6890 16
6891 15
6892 7
6893 9
6894 13
6895 10
6896 8
6897 12
6898 15
6899 11
6900 12
6901 11
6902 14
6903 11
6904 13
6905 15
6906 16
6907 11
6908 7
6909 15
6910 11
6911 15
6912 12
6913 10
6914 8
6915 11
6916 12
6917 14
6918 14
6919 12
6920 7
6921 10
6922 12
6923 10
6924 10
6925 5
6926 10
6927 10
6928 11
6929 11
6930 11
6931 10
6932 15
6933 11
6934 11
6935 7
6936 0
6937 0
6938 0
6939 0
6940 0
6941 0
6942 0
6943 0
6944 0
6945 0
6946 0
6947 0
6948 0
6949 0
6950 0
6951 0
6952 0
6953 13
6954 12
6955 10
6956 0
6957 11
6958 10
6959 8
6960 0
6961 6
6962 8
6963 5
6964 4
6965 0
6966 0
6967 11
6968 9
6969 13
6970 16
6971 15
6972 8
6973 13
6974 12
6975 13
6976 3
6977 1
6978 5
6979 1
6980 4
6981 5
6982 9
6983 7
6984 8
6985 10
6986 0
6987 0
6988 0
6989 0
6990 0
6991 0
6992 0
6993 0
6994 0
6995 0
6996 0
6997 0
6998 0
6999 0
7000 0
7001 0
7002 0
7003 0
7004 0
7005 0
7006 0
7007 5
7008 0
7009 0
7010 1
7011 0
7012 15
7013 12
7014 0
7015 4
7016 13
7017 14
7018 12
7019 15
7020 10
7021 7
7022 14
7023 12
7024 14
7025 12
7026 7
7027 0
7028 7
7029 6
7030 1
7031 0
7032 0
7033 0
7034 0
7035 0
7036 0
7037 0
7038 0
7039 0
7040 0
7041 0
7042 0
7043 0
7044 0
7045 0
7046 0
7047 0
7048 0
7049 0
7050 0
7051 9
7052 9
7053 12
7054 13
7055 2
7056 3
7057 8
7058 11
7059 10
7060 9
7061 11
7062 12
7063 9
7064 11
7065 8
7066 14
7067 15
7068 15
7069 11
7070 11
7071 11
7072 10
7073 14
7074 15
7075 14
7076 16
7077 12
7078 12
7079 14
7080 12
7081 14
7082 12
7083 12
7084 12
7085 12
7086 12
7087 16
7088 12
7089 12
7090 12
7091 13
7092 15
7093 14
7094 17
7095 12
7096 12
7097 12
7098 15
7099 13
7100 13
7101 12
7102 15
7103 13
7104 13
7105 15
7106 13
7107 14
7108 13
7109 12
7110 12
7111 12
7112 13
7113 15
7114 13
7115 12
7116 13
7117 12
7118 13
7119 18
7120 13
7121 14
7122 13
7123 15
7124 15
7125 16
7126 14
7127 15
7128 14
7129 14
7130 12
7131 10
7132 9
7133 3
7134 11
7135 18
7136 13
7137 15
7138 31
7139 4
7140 15
7141 23
7142 10
7143 17
7144 6
7145 6
7146 8
7147 2
7148 29
7149 10
7150 10
7151 14
7152 11
7153 15
7154 15
7155 1
7156 2
7157 4
7158 0
7159 0
7160 11
7161 14
7162 13
7163 12
7164 15
7165 12
7166 11
7167 12
7168 15
7169 12
7170 12
7171 12
7172 12
7173 13
7174 18
7175 14
7176 13
7177 13
7178 12
7179 12
7180 13
7181 11
7182 12
7183 5
7184 13
7185 12
7186 19
7187 13
7188 13
7189 13
7190 17
7191 12
7192 13
7193 12
7194 18
7195 12
7196 11
7197 12
7198 13
7199 16
7200 11
7201 12
7202 13
7203 12
7204 12
7205 16
7206 13
7207 12
7208 13
7209 15
7210 14
7211 15
7212 18
7213 13
7214 16
7215 14
7216 13
7217 12
7218 14
7219 9
7220 16
7221 10
7222 6
7223 6
7224 9
7225 5
7226 11
7227 7
7228 1
7229 2
7230 9
7231 7
7232 5
7233 0
7234 8
7235 8
7236 6
7237 11
7238 16
7239 4
7240 0
7241 0
7242 0
7243 0
7244 0
7245 0
7246 0
7247 0
7248 0
7249 0
7250 0
7251 0
7252 0
7253 0
7254 0
7255 0
7256 3
7257 0
7258 0
7259 0
7260 0
7261 0
7262 0
7263 0
7264 0
7265 0
7266 0
7267 0
7268 0
7269 0
7270 0
7271 0
7272 0
7273 0
7274 0
7275 0
7276 0
7277 0
7278 0
7279 0
7280 0
7281 0
7282 0
7283 0
7284 0
7285 0
7286 0
7287 0
7288 0
7289 0
7290 0
7291 0
7292 0
7293 0
7294 0
7295 0
7296 0
7297 0
7298 0
7299 0
7300 0
7301 0
7302 0
7303 0
7304 0
7305 0
7306 0
7307 0
7308 0
7309 0
7310 0
7311 0
7312 0
7313 0
7314 0
7315 0
7316 0
7317 0
7318 0
7319 0
7320 0
7321 0
7322 0
7323 0
7324 0
7325 0
7326 0
7327 0
7328 0
7329 0
7330 0
7331 0
7332 0
7333 0
7334 0
7335 0
7336 0
7337 0
7338 0
7339 0
7340 0
7341 0
7342 0
7343 0
7344 0
7345 0
7346 0
7347 0
7348 0
7349 0
7350 0
7351 0
7352 0
7353 0
7354 0
7355 0
7356 0
7357 0
7358 0
7359 0
7360 0
7361 0
7362 0
7363 0
7364 0
7365 0
7366 0
7367 0
7368 0
7369 0
7370 0
7371 0
7372 0
7373 0
7374 0
7375 0
7376 0
7377 0
7378 0
7379 0
7380 0
7381 0
7382 0
7383 0
7384 0
7385 0
7386 0
7387 0
7388 0
7389 0
7390 0
7391 0
7392 0
7393 0
7394 0
7395 0
7396 0
7397 0
7398 0
7399 0
7400 0
7401 0
7402 0
7403 0
7404 0
7405 0
7406 0
7407 0
7408 0
7409 0
7410 0
7411 0
7412 0
7413 0
7414 0
7415 0
7416 0
7417 0
7418 0
7419 0
7420 0
7421 0
7422 0
7423 0
7424 0
7425 0
7426 0
7427 0
7428 0
7429 0
7430 0
7431 0
7432 0
7433 0
7434 0
7435 0
7436 0
7437 0
7438 0
7439 0
7440 0
7441 0
7442 0
7443 0
7444 0
7445 0
7446 0
7447 0
7448 0
7449 0
7450 0
7451 0
7452 0
7453 0
7454 0
7455 0
7456 0
7457 0
7458 0
7459 0
7460 0
7461 0
7462 0
7463 0
7464 0
7465 0
7466 0
7467 0
7468 0
7469 0
7470 0
7471 0
7472 0
7473 0
7474 0
7475 0
7476 0
7477 0
7478 0
7479 0
7480 0
7481 0
7482 0
7483 0
7484 0
7485 0
7486 0
7487 0
7488 0
7489 0
7490 0
7491 0
7492 0
7493 0
7494 0
7495 0
7496 0
7497 0
7498 0
7499 0
7500 0
7501 0
7502 0
7503 0
7504 0
7505 0
7506 0
7507 0
7508 0
7509 0
7510 0
7511 0
7512 0
7513 0
7514 0
7515 0
7516 0
7517 0
7518 0
7519 0
7520 0
7521 0
7522 0
7523 0
7524 0
7525 0
7526 0
7527 0
7528 0
7529 0
7530 0
7531 0
7532 0
7533 0
7534 0
7535 0
7536 0
7537 0
7538 0
7539 0
7540 0
7541 0
7542 0
7543 0
7544 0
7545 0
7546 0
7547 0
7548 0
7549 0
7550 0
7551 0
7552 0
7553 0
7554 0
7555 0
7556 0
7557 0
7558 0
7559 0
7560 0
7561 0
7562 0
7563 0
7564 0
7565 0
7566 0
7567 0
7568 0
7569 0
7570 0
7571 0
7572 0
7573 0
7574 0
7575 0
7576 0
7577 0
7578 0
7579 0
7580 0
7581 0
7582 0
7583 0
7584 0
7585 0
7586 0
7587 0
7588 0
7589 0
7590 0
7591 0
7592 0
7593 0
7594 0
7595 0
7596 0
7597 0
7598 0
7599 0
7600 0
7601 0
7602 0
7603 0
7604 0
7605 0
7606 0
7607 0
7608 0
7609 0
7610 0
7611 0
7612 0
7613 0
7614 0
7615 0
7616 0
7617 0
7618 0
7619 0
7620 0
7621 0
7622 0
7623 0
7624 0
7625 0
7626 0
7627 0
7628 0
7629 0
7630 0
7631 0
7632 0
7633 0
7634 0
7635 0
7636 0
7637 0
7638 0
7639 0
7640 0
7641 0
7642 0
7643 0
7644 0
7645 0
7646 0
7647 0
7648 0
7649 0
7650 0
7651 0
7652 0
7653 0
7654 1
7655 0
7656 0
7657 0
7658 0
7659 0
7660 0
7661 0
7662 1
7663 0
7664 0
7665 2
7666 0
7667 0
7668 0
7669 0
7670 0
7671 0
7672 0
7673 0
7674 0
7675 1
7676 0
7677 0
7678 1
7679 2
7680 0
7681 0
7682 0
7683 0
7684 0
7685 0
7686 0
7687 0
7688 0
7689 1
7690 0
7691 1
7692 0
7693 0
7694 0
7695 1
7696 0
7697 1
7698 0
7699 0
7700 0
7701 0
7702 0
7703 0
7704 1
7705 5
7706 0
7707 1
7708 0
7709 0
7710 0
7711 0
7712 0
7713 0
7714 0
7715 0
7716 0
7717 0
7718 0
7719 0
7720 0
7721 0
7722 0
7723 0
7724 0
7725 0
7726 0
7727 0
7728 0
7729 7
7730 0
7731 0
7732 0
7733 0
7734 0
7735 0
7736 0
7737 0
7738 0
7739 0
7740 0
7741 0
7742 0
7743 0
7744 0
7745 10
7746 0
7747 0
7748 0
7749 0
7750 1
7751 0
7752 0
7753 0
7754 6
7755 4
7756 7
7757 4
7758 3
7759 3
7760 5
7761 4
7762 4
7763 1
7764 0
7765 5
7766 5
7767 4
7768 1
7769 11
7770 4
7771 0
7772 11
7773 0
7774 1
7775 0
7776 1
7777 3
7778 0
7779 0
7780 0
7781 0
7782 0
7783 0
7784 0
7785 0
7786 0
7787 0
7788 0
7789 0
7790 0
7791 0
7792 0
7793 0
7794 0
7795 0
7796 0
7797 0
7798 1
7799 0
7800 0
7801 0
7802 0
7803 0
7804 0
7805 0
7806 0
7807 0
7808 0
7809 0
7810 0
7811 0
7812 0
7813 0
7814 0
7815 0
7816 0
7817 0
7818 0
7819 0
7820 0
7821 0
7822 0
7823 0
7824 0
7825 0
7826 0
7827 2
7828 0
7829 0
7830 0
7831 0
7832 0
7833 0
7834 0
7835 0
7836 0
7837 0
7838 0
7839 0
7840 0
7841 0
7842 0
7843 10
7844 10
7845 9
7846 10
7847 5
7848 15
7849 10
7850 18
7851 9
7852 2
7853 1
7854 5
7855 5
7856 9
7857 9
7858 0
7859 3
7860 7
7861 8
7862 11
7863 10
7864 5
7865 8
7866 9
7867 5
7868 4
7869 0
7870 0
7871 0
7872 0
7873 0
7874 6
7875 13
7876 8
7877 2
7878 4
7879 9
7880 5
7881 5
7882 8
7883 11
7884 8
7885 6
7886 5
7887 4
7888 9
7889 4
7890 5
7891 5
7892 5
7893 4
7894 5
7895 0
7896 0
7897 3
7898 5
7899 3
7900 4
7901 16
7902 12
7903 11
7904 2
7905 11
7906 5
7907 0
7908 6
7909 14
7910 8
7911 2
7912 16
7913 7
7914 9
7915 0
7916 1
7917 7
7918 5
7919 11
7920 11
7921 7
7922 3
7923 6
7924 1
7925 3
7926 0
7927 0
7928 6
7929 0
7930 0
7931 0
7932 0
7933 3
7934 1
7935 0
7936 0
7937 0
7938 7
7939 0
7940 0
7941 0
7942 4
7943 6
7944 3
7945 0
7946 0
7947 0
7948 0
7949 0
7950 5
7951 14
7952 4
7953 6
7954 9
7955 8
7956 4
7957 10
7958 3
7959 4
7960 1
7961 3
7962 5
7963 0
7964 1
7965 2
7966 1
7967 10
7968 8
7969 1
7970 0
7971 0
7972 0
7973 0
7974 0
7975 0
7976 0
7977 0
7978 0
7979 0
7980 0
7981 0
7982 0
7983 0
7984 0
7985 0
7986 0
7987 0
7988 0
7989 0
7990 0
7991 0
7992 0
7993 0
7994 0
7995 0
7996 0
7997 0
7998 0
7999 0
8000 0
8001 0
8002 0
8003 5
8004 5
8005 2
8006 4
8007 4
8008 6
8009 0
8010 0
8011 0
8012 4
8013 1
8014 10
8015 1
8016 0
8017 0
8018 0
8019 0
8020 0
8021 0
8022 0
8023 0
8024 0
8025 0
8026 0
8027 0
8028 0
8029 0
8030 0
8031 0
8032 0
8033 0
8034 0
8035 0
8036 0
8037 0
8038 0
8039 0
8040 0
8041 0
8042 0
8043 0
8044 0
8045 0
8046 0
8047 1
8048 1
8049 8
8050 0
8051 0
8052 0
8053 5
8054 1
8055 0
8056 0
8057 0
8058 0
8059 4
8060 0
8061 0
8062 0
8063 0
8064 0
8065 0
8066 0
8067 0
8068 0
8069 0
8070 0
8071 0
8072 0
8073 1
8074 2
8075 4
8076 14
8077 0
8078 0
8079 0
8080 0
8081 0
8082 0
8083 0
8084 0
8085 1
8086 0
8087 0
8088 0
8089 0
8090 0
8091 0
8092 0
8093 0
8094 0
8095 0
8096 0
8097 0
8098 0
8099 0
8100 0
8101 0
8102 0
8103 0
8104 0
8105 0
8106 0
8107 0
8108 0
8109 0
8110 1
8111 1
8112 0
8113 0
8114 0
8115 0
8116 3
8117 0
8118 0
8119 0
8120 0
8121 0
8122 0
8123 0
8124 0
8125 0
8126 0
8127 0
8128 0
8129 0
8130 0
8131 6
8132 0
8133 0
8134 0
8135 0
8136 0
8137 1
8138 0
8139 0
8140 0
8141 0
8142 0
8143 0
8144 0
8145 0
8146 0
8147 0
8148 1
8149 0
8150 0
8151 0
8152 0
8153 0
8154 0
8155 0
8156 0
8157 0
8158 0
8159 0
8160 0
8161 0
8162 0
8163 0
8164 0
8165 0
8166 0
8167 0
8168 0
8169 0
8170 0
8171 0
8172 0
8173 0
8174 0
8175 0
8176 0
8177 0
8178 0
8179 0
8180 0
8181 0
8182 0
8183 0
8184 0
8185 0
8186 2
8187 3
8188 4
8189 4
8190 3
8191 4
8192 0
8193 0
8194 0
8195 0
8196 0
8197 0
8198 0
8199 0
8200 2
8201 5
8202 2
8203 10
8204 12
8205 4
8206 10
8207 3
8208 8
8209 13
8210 7
8211 10
8212 13
8213 13
8214 10
8215 0
8216 8
8217 2
8218 0
8219 0
8220 0
8221 5
8222 3
8223 5
8224 6
8225 0
8226 0
8227 0
8228 9
8229 5
8230 8
8231 6
8232 10
8233 9
8234 9
8235 12
8236 12
8237 3
8238 3
8239 7
8240 8
8241 17
8242 10
8243 5
8244 10
8245 14
8246 9
8247 1
8248 4
8249 8
8250 4
8251 4
8252 15
8253 3
8254 8
8255 12
8256 3
8257 6
8258 5
8259 3
8260 9
8261 1
8262 3
8263 3
8264 9
8265 14
8266 19
8267 10
8268 17
8269 11
8270 5
8271 4
8272 12
8273 20
8274 8
8275 14
8276 8
8277 4
8278 3
8279 16
8280 9
8281 12
8282 7
8283 10
8284 7
8285 9
8286 5
8287 0
8288 2
8289 9
8290 16
8291 9
8292 7
8293 3
8294 8
8295 4
8296 4
8297 0
8298 0
8299 7
8300 3
8301 0
8302 0
8303 0
8304 0
8305 0
8306 0
8307 0
8308 0
8309 0
8310 7
8311 0
8312 2
8313 0
8314 0
8315 0
8316 0
8317 0
8318 0
8319 0
8320 12
8321 13
8322 17
8323 11
8324 19
8325 18
8326 15
8327 15
8328 7
8329 21
8330 16
8331 19
8332 16
8333 15
8334 19
8335 17
8336 19
8337 20
8338 26
8339 18
8340 17
8341 20
8342 18
8343 17
8344 12
8345 15
8346 1
8347 10
8348 14
8349 6
8350 9
8351 16
8352 8
8353 4
8354 6
8355 9
8356 3
8357 5
8358 18
8359 22
8360 9
8361 17
8362 15
8363 17
8364 13
8365 15
8366 15
8367 13
8368 10
8369 9
8370 7
8371 3
8372 10
8373 5
8374 5
8375 0
8376 0
8377 2
8378 3
8379 3
8380 13
8381 1
8382 2
8383 6
8384 1
8385 0
8386 0
8387 1
8388 0
8389 0
8390 0
8391 0
8392 9
8393 2
8394 11
8395 5
8396 0
8397 0
8398 9
8399 5
8400 9
8401 15
8402 14
8403 0
8404 0
8405 0
8406 0
8407 10
8408 4
8409 1
8410 4
8411 6
8412 5
8413 9
8414 2
8415 0
8416 0
8417 0
8418 0
8419 0
8420 0
8421 1
8422 8
8423 3
8424 12
8425 2
8426 3
8427 3
8428 3
8429 7
8430 2
8431 6
8432 2
8433 9
8434 4
8435 6
8436 0
8437 0
8438 0
8439 0
8440 1
8441 0
8442 0
8443 0
8444 0
8445 0
8446 2
8447 8
8448 1
8449 5
8450 4
8451 11
8452 0
8453 1
8454 9
8455 5
8456 6
8457 2
8458 4
8459 4
8460 1
8461 16
8462 20
8463 10
8464 5
8465 7
8466 3
8467 2
8468 0
8469 0
8470 0
8471 0
8472 0
8473 2
8474 0
8475 18
8476 16
8477 5
8478 12
8479 14
8480 12
8481 5
8482 2
8483 3
8484 11
8485 4
8486 10
8487 3
8488 1
8489 1
8490 6
8491 3
8492 7
8493 7
8494 11
8495 2
8496 1
8497 0
8498 3
8499 4
8500 4
8501 0
8502 0
8503 0
8504 2
8505 1
8506 1
8507 1
8508 2
8509 1
8510 1
8511 0
8512 1
8513 0
8514 0
8515 0
8516 3
8517 9
8518 0
8519 5
8520 9
8521 3
8522 9
8523 7
8524 0
8525 0
8526 0
8527 0
8528 0
8529 0
8530 0
8531 0
8532 0
8533 0
8534 0
8535 3
8536 0
8537 0
8538 0
8539 0
8540 0
8541 0
8542 0
8543 0
8544 0
8545 0
8546 0
8547 0
8548 0
8549 0
8550 0
8551 0
8552 0
8553 0
8554 0
8555 0
8556 1
8557 3
8558 1
8559 9
8560 5
8561 8
8562 8
8563 4
8564 11
8565 10
8566 4
8567 3
8568 4
8569 5
8570 3
8571 2
8572 4
8573 13
8574 3
8575 9
8576 0
8577 0
8578 0
8579 0
8580 0
8581 0
8582 0
8583 0
8584 0
8585 0
8586 0
8587 0
8588 0
8589 0
8590 0
8591 0
8592 0
8593 0
8594 0
8595 0
8596 0
8597 0
8598 0
8599 0
8600 0
8601 0
8602 5
8603 9
8604 1
8605 9
8606 0
8607 0
8608 0
8609 0
8610 0
8611 0
8612 0
8613 0
8614 0
8615 0
8616 0
8617 0
8618 0
8619 0
8620 0
8621 0
8622 0
8623 0
8624 0
8625 0
8626 0
8627 0
8628 0
8629 0
8630 0
8631 0
8632 0
8633 0
8634 0
8635 0
8636 0
8637 0
8638 0
8639 0
8640 0
8641 0
8642 0
8643 0
8644 0
8645 0
8646 0
8647 0
8648 0
8649 0
8650 0
8651 0
8652 0
8653 0
8654 0
8655 0
8656 0
8657 0
8658 0
8659 0
8660 0
8661 0
8662 0
8663 0
8664 0
8665 0
8666 0
8667 0
8668 0
8669 0
8670 0
8671 0
8672 0
8673 0
8674 0
8675 0
8676 0
8677 0
8678 0
8679 0
8680 0
8681 0
8682 0
8683 0
8684 0
8685 0
8686 0
8687 0
8688 0
8689 0
8690 0
8691 0
8692 0
8693 0
8694 0
8695 1
8696 0
8697 0
8698 0
8699 2
8700 1
8701 0
8702 0
8703 0
8704 0
8705 0
8706 0
8707 0
8708 0
8709 0
8710 0
8711 0
8712 0
8713 0
8714 0
8715 0
8716 11
8717 3
8718 2
8719 1
8720 0
8721 0
8722 0
8723 0
8724 0
8725 0
8726 0
8727 0
8728 0
8729 0
8730 0
8731 0
8732 0
8733 0
8734 0
8735 0
8736 0
8737 0
8738 0
8739 0
8740 0
8741 0
8742 0
8743 0
8744 0
8745 0
8746 0
8747 0
8748 0
8749 0
8750 0
8751 0
8752 0
8753 0
8754 0
8755 0
8756 0
8757 0
8758 0
8759 0
8760 0
8761 0
8762 0
8763 0
8764 0
8765 0
8766 0
8767 0
8768 0
8769 0
8770 0
8771 0
8772 0
8773 0
8774 0
8775 0
8776 1
8777 0
8778 0
8779 0
8780 0
8781 0
8782 0
8783 0
8784 0
8785 0
8786 0
8787 0
8788 0
8789 1
8790 0
8791 0
8792 0
8793 0
8794 0
8795 0
8796 0
8797 0
8798 0
8799 0
8800 0
8801 0
8802 0
8803 0
8804 0
8805 0
8806 0
8807 0
8808 0
8809 0
8810 0
8811 0
8812 5
8813 2
8814 0
8815 0
8816 0
8817 0
8818 0
8819 0
8820 0
8821 0
8822 0
8823 0
8824 0
8825 0
8826 0
8827 0
8828 0
8829 1
8830 1
8831 8
8832 9
8833 7
8834 8
8835 0
8836 1
8837 3
8838 4
8839 0
8840 0
8841 0
8842 0
8843 1
8844 1
8845 4
8846 0
8847 0
8848 4
8849 0
8850 1
8851 0
8852 1
8853 4
8854 3
8855 1
8856 1
8857 1
8858 1
8859 0
8860 0
8861 1
8862 0
8863 0
8864 3
8865 3
8866 0
8867 0
8868 0
8869 0
8870 0
8871 0
8872 0
8873 0
8874 6
8875 5
8876 10
8877 3
8878 12
8879 2
8880 11
8881 10
8882 12
8883 7
8884 1
8885 14
8886 13
8887 14
8888 16
8889 23
8890 21
8891 19
8892 19
8893 14
8894 16
8895 21
8896 24
8897 21
8898 27
8899 0
8900 9
8901 8
8902 14
8903 7
8904 13
8905 11
8906 3
8907 0
8908 0
8909 0
8910 0
8911 0
8912 0
8913 0
8914 2
8915 0
8916 0
8917 0
8918 1
8919 0
8920 0
8921 0
8922 0
8923 0
8924 0
8925 0
8926 0
8927 0
8928 0
8929 0
8930 0
8931 0
8932 0
8933 2
8934 2
8935 5
8936 6
8937 3
8938 1
8939 0
8940 3
8941 0
8942 0
8943 0
8944 0
8945 0
8946 0
8947 0
8948 0
8949 0
8950 0
8951 9
8952 8
8953 0
8954 0
8955 0
8956 0
8957 10
8958 0
8959 0
8960 14
8961 2
8962 4
8963 14
8964 8
8965 7
8966 6
8967 18
8968 14
8969 21
8970 3
8971 3
8972 0
8973 0
8974 0
8975 0
8976 0
8977 0
8978 0
8979 0
8980 0
8981 0
8982 0
8983 1
8984 0
8985 0
8986 9
8987 4
8988 7
8989 10
8990 4
8991 6
8992 0
8993 8
8994 5
8995 3
8996 25
8997 10
8998 10
8999 24
9000 21
9001 13
9002 18
9003 15
9004 13
9005 10
9006 7
9007 23
9008 21
9009 12
9010 15
9011 21
9012 24
9013 18
9014 22
9015 12
9016 10
9017 25
9018 12
9019 17
9020 12
9021 14
9022 12
9023 13
9024 11
9025 16
9026 14
9027 15
9028 20
9029 23
9030 25
9031 21
9032 14
9033 16
9034 19
9035 18
9036 10
9037 0
9038 0
9039 0
9040 0
9041 8
9042 0
9043 0
9044 4
9045 10
9046 14
9047 11
9048 0
9049 5
9050 9
9051 0
9052 8
9053 5
9054 9
9055 9
9056 13
9057 8
9058 11
9059 12
9060 0
9061 4
9062 3
9063 3
9064 2
9065 5
9066 3
9067 0
9068 0
9069 0
9070 0
9071 3
9072 5
9073 2
9074 3
9075 0
9076 0
9077 1
9078 2
9079 1
9080 0
9081 1
9082 2
9083 0
9084 0
9085 1
9086 0
9087 1
9088 1
9089 5
9090 4
9091 1
9092 0
9093 1
9094 1
9095 4
9096 5
9097 3
9098 0
9099 1
9100 0
9101 2
9102 3
9103 4
9104 1
9105 0
9106 4
9107 9
9108 4
9109 0
9110 0
9111 0
9112 0
9113 0
9114 0
9115 5
9116 9
9117 11
9118 5
9119 8
9120 8
9121 1
9122 1
9123 1
9124 5
9125 1
9126 0
9127 8
9128 10
9129 1
9130 7
9131 0
9132 6
9133 3
9134 11
9135 3
9136 9
9137 8
9138 11
9139 0
9140 0
9141 9
9142 1
9143 0
9144 0
9145 0
9146 8
9147 11
9148 8
9149 10
9150 12
9151 11
9152 7
9153 8
9154 8
9155 5
9156 8
9157 4
9158 10
9159 1
9160 0
9161 0
9162 0
9163 0
9164 0
9165 2
9166 1
9167 4
9168 0
9169 0
9170 0
9171 0
9172 7
9173 3
9174 6
9175 1
9176 3
9177 5
9178 5
9179 1
9180 11
9181 6
9182 1
9183 9
9184 9
9185 7
9186 1
9187 1
9188 0
9189 0
9190 0
9191 0
9192 0
9193 0
9194 0
9195 0
9196 0
9197 0
9198 0
9199 0
9200 0
9201 0
9202 1
9203 5
9204 2
9205 3
9206 8
9207 4
9208 8
9209 5
9210 4
9211 2
9212 1
9213 4
9214 7
9215 8
9216 1
9217 3
9218 4
9219 10
9220 16
9221 17
9222 9
9223 5
9224 0
9225 0
9226 6
9227 7
9228 3
9229 1
9230 0
9231 3
9232 8
9233 9
9234 5
9235 8
9236 8
9237 16
9238 8
9239 5
9240 5
9241 1
9242 5
9243 7
9244 4
9245 0
9246 0
9247 0
9248 0
9249 0
9250 0
9251 0
9252 0
9253 0
9254 0
9255 0
9256 0
9257 0
9258 9
9259 1
9260 0
9261 6
9262 5
9263 6
9264 11
9265 3
9266 4
9267 10
9268 4
9269 14
9270 8
9271 14
9272 6
9273 10
9274 12
9275 15
9276 8
9277 11
9278 2
9279 2
9280 1
9281 1
9282 0
9283 0
9284 0
9285 0
9286 0
9287 0
9288 3
9289 1
9290 0
9291 1
9292 0
9293 4
9294 1
9295 1
9296 0
9297 0
9298 0
9299 0
9300 1
9301 7
9302 4
9303 2
9304 3
9305 1
9306 2
9307 0
9308 6
9309 1
9310 0
9311 0
9312 0
9313 0
9314 8
9315 0
9316 0
9317 0
9318 8
9319 10
9320 0
9321 7
9322 5
9323 6
9324 5
9325 1
9326 0
9327 1
9328 3
9329 1
9330 1
9331 1
9332 4
9333 0
9334 1
9335 0
9336 3
9337 0
9338 0
9339 0
9340 0
9341 0
9342 0
9343 0
9344 0
9345 0
9346 0
9347 0
9348 0
9349 0
9350 0
9351 0
9352 0
9353 0
9354 0
9355 0
9356 0
9357 0
9358 0
9359 10
9360 0
9361 8
9362 10
9363 8
9364 1
9365 1
9366 3
9367 0
9368 1
9369 3
9370 1
9371 0
9372 0
9373 0
9374 0
9375 0
9376 0
9377 0
9378 0
9379 5
9380 9
9381 0
9382 0
9383 9
9384 8
9385 7
9386 5
9387 10
9388 5
9389 8
9390 7
9391 7
9392 10
9393 6
9394 11
9395 8
9396 5
9397 6
9398 5
9399 8
9400 9
9401 7
9402 0
9403 0
9404 0
9405 9
9406 0
9407 0
9408 0
9409 2
9410 1
9411 1
9412 3
9413 0
9414 1
9415 0
9416 0
9417 0
9418 0
9419 0
9420 0
9421 0
9422 0
9423 0
9424 0
9425 0
9426 0
9427 3
9428 2
9429 1
9430 0
9431 0
9432 0
9433 0
9434 0
9435 0
9436 0
9437 0
9438 0
9439 0
9440 0
9441 0
9442 0
9443 0
9444 0
9445 0
9446 0
9447 0
9448 0
9449 3
9450 1
9451 0
9452 0
9453 0
9454 0
9455 0
9456 0
9457 0
9458 0
9459 0
9460 0
9461 0
9462 0
9463 0
9464 0
9465 0
9466 0
9467 0
9468 0
9469 0
9470 0
9471 0
9472 0
9473 0
9474 0
9475 0
9476 0
9477 0
9478 0
9479 0
9480 0
9481 3
9482 5
9483 0
9484 0
9485 4
9486 8
9487 5
9488 6
9489 5
9490 7
9491 0
9492 4
9493 7
9494 6
9495 6
9496 4
9497 5
9498 4
9499 0
9500 9
9501 0
9502 0
9503 0
9504 0
9505 0
9506 1
9507 3
9508 3
9509 1
9510 4
9511 0
9512 3
9513 0
9514 1
9515 1
9516 7
9517 1
9518 0
9519 0
9520 0
9521 0
9522 0
9523 0
9524 0
9525 0
9526 0
9527 3
9528 0
9529 0
9530 0
9531 0
9532 2
9533 0
9534 0
9535 0
9536 0
9537 0
9538 0
9539 0
9540 2
9541 0
9542 0
9543 0
9544 2
9545 0
9546 3
9547 2
9548 0
9549 4
9550 9
9551 3
9552 3
9553 0
9554 0
9555 4
9556 3
9557 1
9558 0
9559 0
9560 1
9561 0
9562 0
9563 0
9564 4
9565 3
9566 1
9567 0
9568 1
9569 1
9570 1
9571 2
9572 3
9573 0
9574 5
9575 4
9576 4
9577 0
9578 0
9579 0
9580 0
9581 0
9582 0
9583 0
9584 6
9585 3
9586 0
9587 0
9588 0
9589 1
9590 0
9591 3
9592 6
9593 4
9594 3
9595 0
9596 4
9597 4
9598 1
9599 1
9600 0
9601 0
9602 0
9603 4
9604 0
9605 0
9606 0
9607 1
9608 2
9609 0
9610 5
9611 0
9612 1
9613 2
9614 0
9615 0
9616 0
9617 3
9618 1
9619 3
9620 10
9621 5
9622 17
9623 13
9624 3
9625 9
9626 14
9627 2
9628 17
9629 10
9630 0
9631 16
9632 17
9633 17
9634 7
9635 12
9636 12
9637 2
9638 10
9639 4
9640 7
9641 1
9642 1
9643 0
9644 0
9645 0
9646 3
9647 4
9648 4
9649 3
9650 5
9651 6
9652 1
9653 0
9654 7
9655 0
9656 1
9657 5
9658 1
9659 0
9660 0
9661 0
9662 0
9663 0
9664 0
9665 2
9666 1
9667 1
9668 0
9669 0
9670 1
9671 1
9672 0
9673 0
9674 0
9675 2
9676 0
9677 0
9678 1
9679 0
9680 0
9681 1
9682 9
9683 9
9684 13
9685 5
9686 14
9687 22
9688 10
9689 12
9690 15
9691 13
9692 10
9693 24
9694 9
9695 11
9696 12
9697 6
9698 11
9699 7
9700 9
9701 13
9702 19
9703 11
9704 12
9705 3
9706 0
9707 9
9708 12
9709 13
9710 14
9711 11
9712 14
9713 2
9714 1
9715 8
9716 10
9717 0
9718 0
9719 0
9720 0
9721 1
9722 2
9723 1
9724 1
9725 3
9726 3
9727 0
9728 1
9729 0
9730 0
9731 1
9732 2
9733 0
9734 2
9735 0
9736 0
9737 0
9738 0
9739 0
9740 0
9741 0
9742 0
9743 0
9744 0
9745 0
9746 0
9747 0
9748 0
9749 0
9750 0
9751 0
9752 0
9753 0
9754 3
9755 0
9756 1
9757 4
9758 6
9759 10
9760 0
9761 8
9762 0
9763 0
9764 1
9765 2
9766 1
9767 0
9768 0
9769 0
9770 0
9771 4
9772 0
9773 8
9774 4
9775 1
9776 0
9777 0
9778 0
9779 6
9780 0
9781 0
9782 0
9783 0
9784 0
9785 0
9786 0
9787 0
9788 0
9789 0
9790 0
9791 1
9792 0
9793 0
9794 0
9795 0
9796 0
9797 0
9798 5
9799 3
9800 10
9801 9
9802 15
9803 12
9804 14
9805 19
9806 10
9807 9
9808 16
9809 2
9810 8
9811 13
9812 9
9813 12
9814 10
9815 15
9816 5
9817 12
9818 13
9819 8
9820 8
9821 7
9822 9
9823 9
9824 9
9825 7
9826 5
9827 10
9828 13
9829 12
9830 5
9831 9
9832 10
9833 2
9834 2
9835 1
9836 6
9837 1
9838 2
9839 1
9840 3
9841 9
9842 4
9843 10
9844 6
9845 5
9846 10
9847 12
9848 2
9849 8
9850 9
9851 9
9852 12
9853 4
9854 1
9855 0
9856 0
9857 0
9858 2
9859 2
9860 4
9861 4
9862 2
9863 0
9864 1
9865 2
9866 12
9867 6
9868 6
9869 15
9870 4
9871 9
9872 9
9873 9
9874 8
9875 9
9876 5
9877 5
9878 3
9879 2
9880 10
9881 12
9882 4
9883 5
9884 0
9885 5
9886 4
9887 3
9888 4
9889 3
9890 5
9891 3
9892 1
9893 1
9894 9
9895 4
9896 1
9897 5
9898 1
9899 0
9900 0
9901 11
9902 10
9903 9
9904 8
9905 8
9906 5
9907 8
9908 0
9909 0
9910 0
9911 0
9912 0
9913 5
9914 13
9915 15
9916 10
9917 18
9918 1
9919 0
9920 0
9921 0
9922 0
9923 0
9924 0
9925 0
9926 0
9927 0
9928 0
9929 0
9930 1
9931 0
9932 0
9933 0
9934 4
9935 3
9936 6
9937 3
9938 0
9939 0
9940 0
9941 0
9942 0
9943 0
9944 0
9945 2
9946 0
9947 0
9948 0
9949 4
9950 19
9951 15
9952 13
9953 13
9954 16
9955 16
9956 22
9957 0
9958 8
9959 2
9960 6
9961 19
9962 17
9963 9
9964 17
9965 23
9966 20
9967 12
9968 19
9969 16
9970 4
9971 19
9972 19
9973 9
9974 20
9975 2
9976 13
9977 9
9978 11
9979 16
9980 12
9981 4
9982 0
9983 3
9984 8
9985 14
9986 3
9987 6
9988 11
9989 3
9990 14
9991 8
9992 0
9993 10
9994 10
9995 17
9996 12
9997 10
9998 16
9999 8
