# Frame Contacts
30000 55
30010 62
30020 53
30030 65
30040 64
30050 60
30060 70
30070 49
30080 63
30090 66
30100 59
30110 50
30120 72
30130 61
30140 71
30150 64
30160 62
30170 62
30180 62
30190 56
30200 68
30210 62
30220 72
30230 59
30240 66
30250 58
30260 66
30270 74
30280 57
30290 58
30300 59
30310 69
30320 46
30330 69
30340 50
30350 58
30360 58
30370 70
30380 68
30390 55
30400 62
30410 70
30420 62
30430 52
30440 60
30450 73
30460 67
30470 61
30480 64
30490 63
30500 79
30510 73
30520 63
30530 50
30540 63
30550 64
30560 66
30570 52
30580 70
30590 57
30600 70
30610 55
30620 62
30630 56
30640 65
30650 56
30660 65
30670 48
30680 62
30690 66
30700 72
30710 55
30720 62
30730 66
30740 47
30750 44
30760 52
30770 44
30780 50
30790 47
30800 46
30810 38
30820 41
30830 44
30840 57
30850 26
30860 40
30870 55
30880 46
30890 47
30900 49
30910 49
30920 38
30930 56
30940 31
30950 52
30960 56
30970 47
30980 54
30990 52
31000 43
31010 53
31020 44
31030 55
31040 45
31050 37
31060 44
31070 38
31080 40
31090 44
31100 50
31110 40
31120 40
31130 52
31140 42
31150 41
31160 31
31170 43
31180 57
31190 42
31200 53
31210 45
31220 61
31230 65
31240 47
31250 42
31260 54
31270 48
31280 40
31290 56
31300 60
31310 47
31320 48
31330 49
31340 50
31350 44
31360 49
31370 55
31380 57
31390 59
31400 61
31410 56
31420 56
31430 59
31440 49
31450 60
31460 68
31470 47
31480 71
31490 57
31500 51
31510 70
31520 55
31530 61
31540 54
31550 60
31560 46
31570 59
31580 58
31590 49
31600 55
31610 52
31620 58
31630 54
31640 54
31650 55
31660 60
31670 60
31680 68
31690 41
31700 55
31710 49
31720 57
31730 58
31740 57
31750 50
31760 59
31770 51
31780 37
31790 54
31800 50
31810 67
31820 55
31830 56
31840 58
31850 51
31860 56
31870 59
31880 64
31890 52
31900 62
31910 60
31920 53
31930 44
31940 43
31950 69
31960 62
31970 63
31980 70
31990 45
32000 70
32010 44
32020 38
32030 43
32040 41
32050 51
32060 61
32070 55
32080 68
32090 66
32100 49
32110 45
32120 56
32130 46
32140 58
32150 72
32160 58
32170 68
32180 52
32190 39
32200 47
32210 61
32220 63
32230 62
32240 57
32250 75
32260 47
32270 70
32280 62
32290 61
32300 45
32310 58
32320 70
32330 64
32340 73
32350 59
32360 42
32370 76
32380 62
32390 59
32400 54
32410 59
32420 58
32430 63
32440 67
32450 65
32460 59
32470 56
32480 52
32490 67
32500 58
32510 67
32520 73
32530 67
32540 52
32550 51
32560 52
32570 66
32580 60
32590 65
32600 71
32610 59
32620 65
32630 57
32640 67
32650 72
32660 79
32670 52
32680 81
32690 50
32700 63
32710 61
32720 47
32730 47
32740 39
32750 51
32760 64
32770 59
32780 57
32790 62
32800 68
32810 49
32820 57
32830 59
32840 60
32850 60
32860 53
32870 56
32880 66
32890 49
32900 56
32910 53
32920 59
32930 59
32940 62
32950 58
32960 58
32970 59
32980 52
32990 65
33000 58
33010 52
33020 61
33030 57
33040 61
33050 69
33060 58
33070 56
33080 64
33090 56
33100 50
33110 57
33120 65
33130 59
33140 52
33150 59
33160 67
33170 63
33180 66
33190 62
33200 62
33210 67
33220 73
33230 59
33240 56
33250 65
33260 51
33270 66
33280 68
33290 49
33300 44
33310 77
33320 61
33330 53
33340 67
33350 56
33360 56
33370 60
33380 67
33390 44
33400 46
33410 61
33420 52
33430 39
33440 45
33450 46
33460 46
33470 50
33480 55
33490 42
33500 71
33510 67
33520 67
33530 49
33540 59
33550 48
33560 57
33570 55
33580 58
33590 52
33600 54
33610 81
33620 67
33630 62
33640 83
33650 85
33660 77
33670 71
33680 70
33690 79
33700 42
33710 73
33720 72
33730 67
33740 56
33750 52
33760 49
33770 61
33780 44
33790 44
33800 70
33810 60
33820 48
33830 51
33840 49
33850 61
33860 53
33870 47
33880 49
33890 57
33900 55
33910 58
33920 66
33930 57
33940 53
33950 58
33960 65
33970 67
33980 63
33990 70
34000 71
34010 63
34020 79
34030 69
34040 60
34050 58
34060 63
34070 72
34080 64
34090 76
34100 73
34110 69
34120 79
34130 74
34140 57
34150 51
34160 54
34170 47
34180 59
34190 65
34200 73
34210 51
34220 55
34230 53
34240 63
34250 61
34260 64
34270 55
34280 43
34290 57
34300 55
34310 54
34320 60
34330 66
34340 71
34350 73
34360 79
34370 72
34380 72
34390 62
34400 58
34410 41
34420 62
34430 68
34440 56
34450 62
34460 76
34470 62
34480 62
34490 47
34500 59
34510 68
34520 59
34530 73
34540 56
34550 63
34560 57
34570 60
34580 62
34590 77
34600 47
34610 68
34620 52
34630 64
34640 74
34650 61
34660 65
34670 51
34680 54
34690 68
34700 52
34710 62
34720 39
34730 57
34740 58
34750 55
34760 59
34770 62
34780 62
34790 47
34800 44
34810 65
34820 70
34830 84
34840 59
34850 57
34860 69
34870 56
34880 77
34890 67
34900 64
34910 62
34920 55
34930 59
34940 49
34950 56
34960 58
34970 64
34980 39
34990 46
35000 48
35010 62
35020 54
35030 60
35040 55
35050 57
35060 52
35070 51
35080 53
35090 53
35100 54
35110 69
35120 59
35130 52
35140 63
35150 65
35160 46
35170 61
35180 63
35190 64
35200 63
35210 60
35220 55
35230 51
35240 41
35250 45
35260 43
35270 41
35280 51
35290 53
35300 71
35310 46
35320 58
35330 74
35340 66
35350 50
35360 66
35370 62
35380 70
35390 56
35400 66
35410 57
35420 61
35430 45
35440 55
35450 55
35460 54
35470 63
35480 51
35490 58
35500 69
35510 62
35520 61
35530 66
35540 57
35550 49
35560 59
35570 55
35580 80
35590 55
35600 64
35610 54
35620 65
35630 76
35640 76
35650 54
35660 63
35670 52
35680 59
35690 61
35700 40
35710 60
35720 54
35730 68
35740 60
35750 66
35760 52
35770 65
35780 63
35790 52
35800 59
35810 69
35820 55
35830 71
35840 60
35850 64
35860 62
35870 66
35880 61
35890 62
35900 72
35910 52
35920 62
35930 52
35940 43
35950 50
35960 39
35970 49
35980 60
35990 47
36000 46
36010 54
36020 57
36030 50
36040 54
36050 62
36060 41
36070 65
36080 51
36090 71
36100 60
36110 55
36120 40
36130 58
36140 54
36150 50
36160 55
36170 53
36180 56
36190 59
36200 53
36210 61
36220 56
36230 54
36240 66
36250 60
36260 56
36270 61
36280 57
36290 46
36300 58
36310 52
36320 52
36330 56
36340 55
36350 48
36360 46
36370 55
36380 70
36390 46
36400 46
36410 61
36420 59
36430 53
36440 52
36450 61
36460 47
36470 56
36480 52
36490 54
36500 62
36510 45
36520 52
36530 52
36540 50
36550 69
36560 67
36570 46
36580 63
36590 70
36600 71
36610 66
36620 48
36630 63
36640 61
36650 65
36660 53
36670 36
36680 67
36690 73
36700 63
36710 63
36720 70
36730 72
36740 64
36750 60
36760 54
36770 68
36780 75
36790 76
36800 65
36810 72
36820 62
36830 78
36840 57
36850 74
36860 51
36870 78
36880 64
36890 73
36900 56
36910 58
36920 74
36930 58
36940 68
36950 47
36960 71
36970 53
36980 56
36990 70
37000 77
37010 71
37020 61
37030 77
37040 65
37050 57
37060 63
37070 70
37080 66
37090 53
37100 45
37110 39
37120 68
37130 56
37140 35
37150 54
37160 52
37170 68
37180 68
37190 47
37200 63
37210 59
37220 47
37230 44
37240 48
37250 67
37260 46
37270 70
37280 62
37290 61
37300 61
37310 42
37320 46
37330 53
37340 51
37350 61
37360 49
37370 46
37380 68
37390 57
37400 54
37410 59
37420 59
37430 55
37440 58
37450 40
37460 48
37470 54
37480 53
37490 62
37500 75
37510 61
37520 66
37530 72
37540 71
37550 54
37560 70
37570 59
37580 59
37590 88
37600 77
37610 64
37620 76
37630 80
37640 76
37650 61
37660 58
37670 59
37680 67
37690 51
37700 63
37710 68
37720 51
37730 63
37740 60
37750 48
37760 50
37770 48
37780 52
37790 55
37800 61
37810 59
37820 42
37830 58
37840 62
37850 57
37860 62
37870 66
37880 56
37890 62
37900 54
37910 50
37920 51
37930 60
37940 52
37950 76
37960 57
37970 61
37980 66
37990 56
38000 59
38010 71
38020 54
38030 70
38040 55
38050 60
38060 47
38070 67
38080 52
38090 54
38100 61
38110 53
38120 60
38130 50
38140 64
38150 67
38160 56
38170 65
38180 62
38190 63
38200 66
38210 75
38220 63
38230 65
38240 63
38250 61
38260 68
38270 60
38280 74
38290 61
38300 63
38310 74
38320 69
38330 70
38340 73
38350 73
38360 59
38370 68
38380 67
38390 64
38400 82
38410 60
38420 70
38430 69
38440 67
38450 57
38460 73
38470 57
38480 49
38490 72
38500 75
38510 64
38520 65
38530 67
38540 71
38550 66
38560 63
38570 72
38580 72
38590 57
38600 63
38610 53
38620 57
38630 48
38640 56
38650 51
38660 52
38670 43
38680 61
38690 65
38700 47
38710 58
38720 52
38730 60
38740 55
38750 81
38760 59
38770 61
38780 63
38790 72
38800 65
38810 49
38820 68
38830 63
38840 56
38850 52
38860 63
38870 59
38880 60
38890 59
38900 58
38910 55
38920 64
38930 55
38940 62
38950 52
38960 59
38970 64
38980 57
38990 65
39000 57
39010 63
39020 74
39030 53
39040 61
39050 48
39060 59
39070 63
39080 58
39090 59
39100 57
39110 67
39120 62
39130 68
39140 63
39150 63
39160 65
39170 61
39180 63
39190 76
39200 70
39210 58
39220 71
39230 52
39240 74
39250 66
39260 72
39270 63
39280 63
39290 52
39300 67
39310 70
39320 72
39330 62
39340 64
39350 58
39360 77
39370 66
39380 70
39390 75
39400 62
39410 73
39420 68
39430 66
39440 79
39450 61
39460 75
39470 67
39480 65
39490 66
39500 67
39510 62
39520 73
39530 64
39540 54
39550 69
39560 72
39570 70
39580 78
39590 51
39600 68
39610 64
39620 73
39630 69
39640 65
39650 56
39660 77
39670 74
39680 78
39690 64
39700 67
39710 61
39720 70
39730 70
39740 65
39750 57
39760 59
39770 66
39780 63
39790 60
39800 48
39810 54
39820 59
39830 69
39840 74
39850 81
39860 67
39870 62
39880 76
39890 73
39900 62
39910 63
39920 66
39930 69
39940 62
39950 63
39960 49
39970 71
39980 63
39990 80
40000 70
40010 62
40020 77
40030 58
40040 60
40050 68
40060 60
40070 66
40080 70
40090 66
40100 61
40110 67
40120 61
40130 67
40140 74
40150 64
40160 50
40170 63
40180 55
40190 35
40200 54
40210 56
40220 64
40230 49
40240 53
40250 50
40260 58
40270 60
40280 59
40290 53
40300 63
40310 69
40320 63
40330 52
40340 77
40350 62
40360 92
40370 52
40380 78
40390 78
40400 63
40410 65
40420 55
40430 54
40440 57
40450 56
40460 65
40470 52
40480 72
40490 44
40500 61
40510 39
40520 58
40530 52
40540 43
40550 72
40560 60
40570 62
40580 56
40590 48
40600 49
40610 55
40620 72
40630 78
40640 68
40650 61
40660 56
40670 53
40680 50
40690 59
40700 65
40710 56
40720 60
40730 64
40740 62
40750 69
40760 73
40770 77
40780 67
40790 55
40800 67
40810 65
40820 59
40830 67
40840 52
40850 58
40860 59
40870 49
40880 47
40890 66
40900 58
40910 57
40920 56
40930 54
40940 51
40950 61
40960 63
40970 45
40980 50
40990 65
41000 56
41010 43
41020 69
41030 55
41040 73
41050 66
41060 72
41070 69
41080 65
41090 49
41100 47
41110 65
41120 50
41130 65
41140 54
41150 35
41160 61
41170 57
41180 39
41190 78
41200 62
41210 63
41220 50
41230 54
41240 53
41250 49
41260 47
41270 63
41280 52
41290 64
41300 44
41310 56
41320 55
41330 47
41340 50
41350 49
41360 64
41370 68
41380 64
41390 50
41400 63
41410 60
41420 66
41430 52
41440 64
41450 49
41460 55
41470 43
41480 58
41490 62
41500 59
41510 52
41520 59
41530 52
41540 76
41550 65
41560 58
41570 54
41580 51
41590 56
41600 37
41610 65
41620 76
41630 59
41640 60
41650 51
41660 55
41670 56
41680 59
41690 52
41700 71
41710 61
41720 52
41730 56
41740 60
41750 61
41760 47
41770 75
41780 60
41790 70
41800 85
41810 63
41820 60
41830 59
41840 64
41850 51
41860 57
41870 65
41880 67
41890 50
41900 74
41910 81
41920 61
41930 70
41940 75
41950 69
41960 61
41970 68
41980 66
41990 46
42000 64
42010 57
42020 42
42030 67
42040 61
42050 67
42060 48
42070 56
42080 64
42090 63
42100 54
42110 58
42120 89
42130 68
42140 55
42150 54
42160 53
42170 64
42180 60
42190 51
42200 60
42210 49
42220 66
42230 66
42240 64
42250 68
42260 53
42270 68
42280 60
42290 65
42300 51
42310 59
42320 43
42330 59
42340 60
42350 53
42360 57
42370 71
42380 66
42390 77
42400 56
42410 62
42420 51
42430 43
42440 55
42450 59
42460 56
42470 66
42480 66
42490 53
42500 40
42510 53
42520 70
42530 60
42540 60
42550 65
42560 78
42570 75
42580 55
42590 52
42600 72
42610 63
42620 73
42630 59
42640 59
42650 81
42660 72
42670 57
42680 65
42690 60
42700 56
42710 54
42720 57
42730 60
42740 73
42750 49
42760 67
42770 78
42780 57
42790 55
42800 61
42810 67
42820 58
42830 93
42840 82
42850 57
42860 40
42870 73
42880 44
42890 69
42900 58
42910 51
42920 55
42930 51
42940 56
42950 58
42960 82
42970 84
42980 65
42990 48
43000 61
43010 62
43020 55
43030 74
43040 50
43050 63
43060 62
43070 56
43080 52
43090 76
43100 57
43110 62
43120 68
43130 55
43140 49
43150 52
43160 60
43170 47
43180 63
43190 35
43200 56
43210 55
43220 63
43230 74
43240 65
43250 53
43260 67
43270 76
43280 72
43290 51
43300 52
43310 59
43320 70
43330 57
43340 85
43350 63
43360 57
43370 72
43380 54
43390 67
43400 48
43410 56
43420 47
43430 46
43440 63
43450 47
43460 67
43470 57
43480 72
43490 53
43500 58
43510 54
43520 66
43530 58
43540 56
43550 63
43560 60
43570 56
43580 65
43590 64
43600 79
43610 51
43620 51
43630 68
43640 53
43650 48
43660 67
43670 68
43680 41
43690 56
43700 54
43710 56
43720 50
43730 50
43740 56
43750 62
43760 60
43770 52
43780 53
43790 52
43800 52
43810 58
43820 61
43830 45
43840 53
43850 53
43860 55
43870 49
43880 48
43890 64
43900 57
43910 35
43920 59
43930 51
43940 48
43950 61
43960 48
43970 59
43980 61
43990 63
44000 63
44010 51
44020 66
44030 49
44040 66
44050 55
44060 56
44070 60
44080 50
44090 57
44100 53
44110 53
44120 59
44130 55
44140 62
44150 62
44160 65
44170 64
44180 58
44190 62
44200 54
44210 58
44220 59
44230 49
44240 66
44250 49
44260 52
44270 59
44280 51
44290 38
44300 66
44310 59
44320 54
44330 54
44340 51
44350 56
44360 59
44370 46
44380 54
44390 60
44400 50
44410 65
44420 53
44430 58
44440 65
44450 67
44460 49
44470 50
44480 56
44490 55
44500 43
44510 55
44520 62
44530 49
44540 59
44550 60
44560 55
44570 50
44580 60
44590 41
44600 53
44610 77
44620 46
44630 54
44640 65
44650 72
44660 59
44670 60
44680 58
44690 50
44700 50
44710 66
44720 61
44730 62
44740 55
44750 61
44760 78
44770 62
44780 58
44790 63
44800 77
44810 66
44820 58
44830 56
44840 61
44850 50
44860 66
44870 66
44880 66
44890 42
44900 72
44910 51
44920 63
44930 56
44940 70
44950 65
44960 70
44970 64
44980 50
44990 60
45000 74
45010 78
45020 72
45030 76
45040 80
45050 69
45060 72
45070 58
45080 59
45090 54
45100 66
45110 58
45120 47
45130 34
45140 66
45150 70
45160 59
45170 62
45180 46
45190 67
45200 59
45210 67
45220 51
45230 59
45240 55
45250 58
45260 55
45270 72
45280 72
45290 59
45300 69
45310 64
45320 53
45330 76
45340 50
45350 65
45360 61
45370 73
45380 56
45390 68
45400 57
45410 38
45420 50
45430 57
45440 56
45450 73
45460 38
45470 47
45480 47
45490 40
45500 55
45510 64
45520 69
45530 66
45540 65
45550 72
45560 44
45570 70
45580 67
45590 56
45600 53
45610 64
45620 69
45630 67
45640 54
45650 51
45660 45
45670 48
45680 68
45690 54
45700 50
45710 61
45720 55
45730 53
45740 69
45750 52
45760 46
45770 59
45780 48
45790 55
45800 69
45810 49
45820 65
45830 72
45840 58
45850 62
45860 64
45870 72
45880 74
45890 77
45900 38
45910 63
45920 69
45930 80
45940 77
45950 66
45960 89
45970 70
45980 66
45990 69
46000 69
46010 67
46020 75
46030 63
46040 59
46050 66
46060 59
46070 51
46080 74
46090 67
46100 63
46110 58
46120 65
46130 64
46140 69
46150 63
46160 60
46170 61
46180 41
46190 54
46200 50
46210 40
46220 46
46230 44
46240 67
46250 41
46260 55
46270 61
46280 44
46290 53
46300 69
46310 58
46320 50
46330 60
46340 63
46350 53
46360 62
46370 60
46380 60
46390 47
46400 44
46410 75
46420 62
46430 67
46440 63
46450 78
46460 69
46470 68
46480 84
46490 51
46500 67
46510 60
46520 54
46530 54
46540 51
46550 60
46560 50
46570 58
46580 70
46590 60
46600 64
46610 49
46620 51
46630 63
46640 57
46650 57
46660 57
46670 76
46680 68
46690 76
46700 69
46710 55
46720 55
46730 51
46740 52
46750 63
46760 55
46770 53
46780 70
46790 70
46800 64
46810 50
46820 45
46830 56
46840 65
46850 59
46860 56
46870 49
46880 47
46890 47
46900 38
46910 60
46920 45
46930 58
46940 80
46950 58
46960 52
46970 67
46980 72
46990 73
47000 68
47010 65
47020 57
47030 56
47040 49
47050 62
47060 61
47070 68
47080 50
47090 52
47100 56
47110 55
47120 59
47130 59
47140 68
47150 59
47160 58
47170 76
47180 46
47190 50
47200 70
47210 56
47220 70
47230 79
47240 54
47250 48
47260 49
47270 52
47280 52
47290 46
47300 49
47310 64
47320 54
47330 57
47340 60
47350 70
47360 48
47370 42
47380 48
47390 56
47400 62
47410 61
47420 57
47430 52
47440 43
47450 55
47460 51
47470 56
47480 51
47490 52
47500 43
47510 59
47520 55
47530 61
47540 58
47550 57
47560 54
47570 71
47580 55
47590 62
47600 43
47610 42
47620 41
47630 57
47640 57
47650 49
47660 57
47670 63
47680 55
47690 57
47700 63
47710 47
47720 61
47730 59
47740 40
47750 60
47760 53
47770 44
47780 41
47790 54
47800 52
47810 47
47820 39
47830 66
47840 52
47850 52
47860 54
47870 48
47880 54
47890 60
47900 75
47910 62
47920 67
47930 84
47940 76
47950 61
47960 69
47970 72
47980 61
47990 58
48000 45
48010 57
48020 56
48030 61
48040 57
48050 68
48060 49
48070 71
48080 50
48090 35
48100 33
48110 36
48120 69
48130 67
48140 44
48150 49
48160 54
48170 67
48180 34
48190 66
48200 59
48210 49
48220 63
48230 62
48240 59
48250 60
48260 55
48270 54
48280 61
48290 48
48300 59
48310 59
48320 61
48330 62
48340 59
48350 57
48360 73
48370 60
48380 65
48390 61
48400 68
48410 71
48420 65
48430 56
48440 41
48450 65
48460 64
48470 56
48480 42
48490 65
48500 66
48510 51
48520 66
48530 46
48540 52
48550 54
48560 62
48570 51
48580 54
48590 66
48600 76
48610 69
48620 57
48630 47
48640 62
48650 70
48660 52
48670 69
48680 59
48690 50
48700 54
48710 63
48720 64
48730 56
48740 68
48750 53
48760 63
48770 61
48780 59
48790 62
48800 52
48810 43
48820 58
48830 55
48840 40
48850 44
48860 69
48870 56
48880 52
48890 78
48900 80
48910 73
48920 81
48930 61
48940 74
48950 70
48960 63
48970 67
48980 68
48990 57
49000 65
49010 57
49020 51
49030 61
49040 68
49050 69
49060 76
49070 61
49080 55
49090 59
49100 47
49110 57
49120 50
49130 54
49140 69
49150 50
49160 55
49170 53
49180 53
49190 45
49200 53
49210 55
49220 51
49230 54
49240 60
49250 40
49260 38
49270 56
49280 52
49290 63
49300 62
49310 65
49320 51
49330 69
49340 76
49350 59
49360 76
49370 73
49380 77
49390 83
49400 58
49410 49
49420 55
49430 51
49440 63
49450 63
49460 58
49470 52
49480 53
49490 53
49500 74
49510 72
49520 58
49530 61
49540 60
49550 62
49560 64
49570 57
49580 57
49590 49
49600 60
49610 55
49620 64
49630 69
49640 60
49650 62
49660 70
49670 59
49680 68
49690 74
49700 58
49710 66
49720 51
49730 49
49740 55
49750 59
49760 64
49770 51
49780 57
49790 53
49800 58
49810 58
49820 63
49830 71
49840 67
49850 51
49860 50
49870 64
49880 54
49890 57
49900 62
49910 64
49920 51
49930 55
49940 57
49950 75
49960 75
49970 51
49980 68
49990 69
50000 74
50010 65
50020 56
50030 45
50040 71
50050 66
50060 69
50070 46
50080 58
50090 69
50100 80
50110 60
50120 73
50130 73
50140 73
50150 76
50160 75
50170 65
50180 76
50190 63
50200 68
50210 59
50220 72
50230 71
50240 68
50250 73
50260 72
50270 56
50280 71
50290 65
50300 62
50310 76
50320 72
50330 66
50340 56
50350 67
50360 76
50370 68
50380 80
50390 61
50400 82
50410 76
50420 67
50430 74
50440 78
50450 62
50460 73
50470 75
50480 61
50490 67
50500 72
50510 76
50520 75
50530 74
50540 74
50550 67
50560 74
50570 81
50580 66
50590 71
50600 55
50610 73
50620 68
50630 79
50640 67
50650 67
50660 79
50670 76
50680 70
50690 72
50700 73
50710 59
50720 69
50730 63
50740 70
50750 62
50760 62
50770 66
50780 77
50790 60
50800 48
50810 56
50820 58
50830 64
50840 64
50850 73
50860 70
50870 68
50880 68
50890 74
50900 60
50910 66
50920 78
50930 71
50940 61
50950 63
50960 72
50970 60
50980 74
50990 60
51000 71
51010 58
51020 63
51030 76
51040 61
51050 84
51060 63
51070 76
51080 74
51090 76
51100 57
51110 56
51120 62
51130 84
51140 79
51150 63
51160 59
51170 73
51180 66
51190 75
51200 67
51210 74
51220 75
51230 70
51240 66
51250 66
51260 69
51270 75
51280 63
51290 68
51300 65
51310 75
51320 61
51330 47
51340 55
51350 54
51360 60
51370 63
51380 63
51390 68
51400 55
51410 70
51420 54
51430 52
51440 62
51450 66
51460 55
51470 47
51480 45
51490 54
51500 51
51510 61
51520 52
51530 63
51540 53
51550 60
51560 48
51570 54
51580 62
51590 58
51600 57
51610 49
51620 43
51630 57
51640 45
51650 54
51660 60
51670 55
51680 61
51690 51
51700 58
51710 65
51720 54
51730 65
51740 51
51750 55
51760 59
51770 55
51780 55
51790 48
51800 55
51810 55
51820 61
51830 66
51840 59
51850 58
51860 63
51870 44
51880 70
51890 76
51900 74
51910 60
51920 58
51930 65
51940 40
51950 53
51960 63
51970 66
51980 59
51990 51
52000 45
52010 55
52020 55
52030 56
52040 50
52050 56
52060 47
52070 60
52080 53
52090 48
52100 64
52110 67
52120 60
52130 56
52140 64
52150 60
52160 68
52170 48
52180 75
52190 47
52200 54
52210 63
52220 53
52230 71
52240 56
52250 63
52260 76
52270 74
52280 66
52290 48
52300 48
52310 48
52320 56
52330 66
52340 49
52350 54
52360 58
52370 52
52380 48
52390 62
52400 61
52410 72
52420 53
52430 44
52440 56
52450 48
52460 53
52470 58
52480 63
52490 60
52500 48
52510 52
52520 38
52530 66
52540 57
52550 68
52560 79
52570 69
52580 58
52590 61
52600 58
52610 49
52620 56
52630 57
52640 55
52650 66
52660 52
52670 64
52680 69
52690 74
52700 63
52710 72
52720 70
52730 68
52740 70
52750 67
52760 67
52770 74
52780 70
52790 56
52800 60
52810 62
52820 52
52830 52
52840 49
52850 55
52860 59
52870 52
52880 57
52890 47
52900 62
52910 68
52920 43
52930 67
52940 43
52950 54
52960 68
52970 44
52980 50
52990 60
53000 62
53010 40
53020 70
53030 65
53040 45
53050 54
53060 51
53070 46
53080 56
53090 53
53100 62
53110 57
53120 69
53130 57
53140 36
53150 48
53160 64
53170 50
53180 59
53190 61
53200 61
53210 55
53220 44
53230 66
53240 51
53250 69
53260 64
53270 71
53280 35
53290 68
53300 64
53310 59
53320 43
53330 55
53340 60
53350 51
53360 60
53370 51
53380 49
53390 42
53400 52
53410 60
53420 48
53430 51
53440 54
53450 57
53460 54
53470 45
53480 52
53490 53
53500 55
53510 54
53520 66
53530 50
53540 51
53550 54
53560 59
53570 62
53580 50
53590 59
53600 36
53610 44
53620 45
53630 64
53640 50
53650 45
53660 50
53670 57
53680 59
53690 52
53700 48
53710 53
53720 60
53730 49
53740 48
53750 68
53760 48
53770 44
53780 47
53790 52
53800 58
53810 56
53820 48
53830 44
53840 43
53850 55
53860 63
53870 46
53880 62
53890 50
53900 57
53910 67
53920 57
53930 55
53940 60
53950 73
53960 53
53970 56
53980 61
53990 56
54000 57
54010 55
54020 61
54030 51
54040 65
54050 69
54060 67
54070 46
54080 59
54090 54
54100 56
54110 56
54120 69
54130 64
54140 49
54150 66
54160 37
54170 59
54180 65
54190 54
54200 55
54210 61
54220 73
54230 67
54240 45
54250 60
54260 53
54270 59
54280 59
54290 60
54300 59
54310 63
54320 54
54330 63
54340 59
54350 63
54360 64
54370 65
54380 62
54390 60
54400 64
54410 66
54420 49
54430 52
54440 73
54450 55
54460 72
54470 43
54480 69
54490 52
54500 71
54510 76
54520 51
54530 64
54540 67
54550 59
54560 62
54570 52
54580 54
54590 70
54600 67
54610 57
54620 59
54630 63
54640 66
54650 71
54660 57
54670 59
54680 48
54690 52
54700 64
54710 62
54720 56
54730 55
54740 64
54750 50
54760 57
54770 57
54780 44
54790 60
54800 50
54810 58
54820 56
54830 59
54840 56
54850 45
54860 61
54870 65
54880 65
54890 67
54900 46
54910 60
54920 49
54930 66
54940 64
54950 64
54960 74
54970 64
54980 73
54990 61
55000 65
55010 73
55020 62
55030 57
55040 64
55050 60
55060 54
55070 61
55080 61
55090 53
55100 57
55110 64
55120 68
55130 50
55140 65
55150 66
55160 50
55170 61
55180 64
55190 66
55200 69
55210 71
55220 66
55230 64
55240 60
55250 68
55260 59
55270 54
55280 52
55290 67
55300 62
55310 65
55320 55
55330 68
55340 65
55350 62
55360 70
55370 73
55380 60
55390 57
55400 51
55410 54
55420 54
55430 72
55440 63
55450 63
55460 49
55470 56
55480 48
55490 40
55500 65
55510 63
55520 61
55530 51
55540 51
55550 62
55560 55
55570 60
55580 66
55590 62
55600 71
55610 74
55620 64
55630 62
55640 40
55650 64
55660 63
55670 63
55680 70
55690 67
55700 60
55710 61
55720 65
55730 64
55740 62
55750 70
55760 68
55770 57
55780 67
55790 57
55800 39
55810 59
55820 57
55830 56
55840 71
55850 60
55860 41
55870 55
55880 65
55890 56
55900 62
55910 57
55920 48
55930 61
55940 56
55950 59
55960 70
55970 59
55980 65
55990 61
56000 55
56010 52
56020 53
56030 46
56040 57
56050 72
56060 55
56070 65
56080 57
56090 54
56100 78
56110 50
56120 54
56130 60
56140 49
56150 55
56160 52
56170 63
56180 49
56190 57
56200 42
56210 53
56220 69
56230 46
56240 65
56250 54
56260 45
56270 62
56280 59
56290 51
56300 59
56310 57
56320 59
56330 62
56340 58
56350 56
56360 80
56370 60
56380 40
56390 51
56400 60
56410 69
56420 49
56430 61
56440 45
56450 62
56460 52
56470 56
56480 60
56490 51
56500 62
56510 55
56520 50
56530 47
56540 62
56550 50
56560 52
56570 64
56580 73
56590 53
56600 44
56610 48
56620 53
56630 66
56640 47
56650 53
56660 60
56670 47
56680 72
56690 54
56700 57
56710 56
56720 69
56730 61
56740 62
56750 61
56760 69
56770 58
56780 48
56790 53
56800 64
56810 55
56820 52
56830 61
56840 54
56850 60
56860 60
56870 60
56880 58
56890 47
56900 75
56910 53
56920 61
56930 44
56940 68
56950 48
56960 57
56970 47
56980 52
56990 64
57000 48
57010 45
57020 44
57030 37
57040 62
57050 61
57060 64
57070 60
57080 69
57090 60
57100 58
57110 50
57120 53
57130 53
57140 61
57150 62
57160 67
57170 65
57180 55
57190 44
57200 50
57210 44
57220 56
57230 56
57240 53
57250 51
57260 47
57270 34
57280 64
57290 48
57300 50
57310 65
57320 51
57330 60
57340 44
57350 67
57360 53
57370 46
57380 46
57390 56
57400 72
57410 56
57420 60
57430 54
57440 53
57450 55
57460 42
57470 56
57480 53
57490 75
57500 53
57510 57
57520 57
57530 47
57540 51
57550 69
57560 60
57570 55
57580 55
57590 62
57600 63
57610 53
57620 66
57630 68
57640 78
57650 51
57660 60
57670 69
57680 69
57690 58
57700 44
57710 66
57720 72
57730 69
57740 70
57750 87
57760 86
57770 82
57780 79
57790 54
57800 60
57810 55
57820 59
57830 52
57840 56
57850 58
57860 42
57870 43
57880 71
57890 56
57900 65
57910 68
57920 61
57930 58
57940 72
57950 76
57960 77
57970 81
57980 77
57990 45
58000 79
58010 58
58020 67
58030 90
58040 53
58050 80
58060 57
58070 83
58080 71
58090 61
58100 45
58110 72
58120 48
58130 60
58140 49
58150 55
58160 58
58170 52
58180 55
58190 68
58200 59
58210 65
58220 72
58230 57
58240 66
58250 66
58260 53
58270 65
58280 70
58290 58
58300 56
58310 48
58320 50
58330 63
58340 64
58350 66
58360 47
58370 53
58380 49
58390 50
58400 55
58410 50
58420 53
58430 64
58440 51
58450 45
58460 53
58470 61
58480 67
58490 58
58500 45
58510 52
58520 36
58530 66
58540 69
58550 68
58560 50
58570 58
58580 43
58590 55
58600 62
58610 51
58620 57
58630 47
58640 57
58650 54
58660 56
58670 63
58680 61
58690 64
58700 48
58710 39
58720 70
58730 55
58740 59
58750 64
58760 71
58770 53
58780 68
58790 58
58800 44
58810 55
58820 59
58830 53
58840 55
58850 57
58860 49
58870 52
58880 57
58890 49
58900 46
58910 70
58920 62
58930 50
58940 54
58950 56
58960 56
58970 62
58980 45
58990 62
59000 54
59010 62
59020 50
59030 63
59040 45
59050 54
59060 48
59070 60
59080 60
59090 66
59100 74
59110 55
59120 65
59130 68
59140 55
59150 55
59160 55
59170 61
59180 47
59190 47
59200 44
59210 59
59220 69
59230 71
59240 64
59250 70
59260 52
59270 58
59280 64
59290 53
59300 65
59310 56
59320 80
59330 60
59340 33
59350 50
59360 59
59370 59
59380 47
59390 55
59400 45
59410 54
59420 59
59430 63
59440 47
59450 55
59460 54
59470 78
59480 59
59490 57
59500 56
59510 49
59520 53
59530 68
59540 46
59550 40
59560 54
59570 54
59580 51
59590 62
59600 61
59610 59
59620 79
59630 55
59640 50
59650 61
59660 47
59670 53
59680 63
59690 66
59700 62
59710 54
59720 56
59730 53
59740 61
59750 65
59760 70
59770 46
59780 63
59790 47
59800 73
59810 66
59820 59
59830 56
59840 53
59850 61
59860 68
59870 68
59880 40
59890 77
59900 54
59910 47
59920 56
59930 58
59940 58
59950 65
59960 69
59970 64
59980 56
59990 47
60000 64
60010 66
60020 62
60030 49
60040 64
60050 57
60060 53
60070 66
60080 60
60090 48
60100 60
60110 59
60120 70
60130 73
60140 64
60150 47
60160 61
60170 72
60180 49
60190 60
60200 62
60210 67
60220 44
60230 57
60240 39
60250 67
60260 64
60270 58
60280 59
60290 67
60300 48
60310 62
60320 65
60330 59
60340 59
60350 67
60360 74
60370 60
60380 50
60390 59
60400 61
60410 63
60420 61
60430 53
60440 66
60450 63
60460 52
60470 50
60480 43
60490 39
60500 48
60510 53
60520 39
60530 58
60540 32
60550 56
60560 56
60570 50
60580 50
60590 61
60600 48
60610 60
60620 63
60630 43
60640 49
60650 52
60660 46
60670 53
60680 43
60690 73
60700 63
60710 55
60720 73
60730 51
60740 48
60750 52
60760 62
60770 61
60780 55
60790 46
60800 50
60810 53
60820 66
60830 64
60840 51
60850 55
60860 59
60870 59
60880 63
60890 56
60900 48
60910 52
60920 44
60930 54
60940 62
60950 44
60960 64
60970 63
60980 63
60990 70
61000 48
61010 35
61020 55
61030 51
61040 53
61050 60
61060 53
61070 56
61080 49
61090 62
61100 64
61110 62
61120 57
61130 63
61140 50
61150 53
61160 61
61170 57
61180 64
61190 60
61200 56
61210 62
61220 59
61230 60
61240 55
61250 62
61260 50
61270 52
61280 49
61290 55
61300 64
61310 46
61320 45
61330 49
61340 62
61350 42
61360 57
61370 58
61380 60
61390 53
61400 56
61410 48
61420 46
61430 61
61440 53
61450 64
61460 66
61470 71
61480 58
61490 54
61500 57
61510 52
61520 53
61530 61
61540 73
61550 54
61560 53
61570 70
61580 63
61590 64
61600 47
61610 60
61620 50
61630 58
61640 47
61650 60
61660 62
61670 55
61680 50
61690 57
61700 57
61710 44
61720 58
61730 56
61740 51
61750 55
61760 48
61770 66
61780 52
61790 55
61800 52
61810 63
61820 59
61830 64
61840 53
61850 47
61860 59
61870 50
61880 53
61890 57
61900 43
61910 47
61920 54
61930 61
61940 56
61950 53
61960 62
61970 40
61980 55
61990 56
62000 53
62010 61
62020 64
62030 53
62040 68
62050 75
62060 43
62070 83
62080 61
62090 70
62100 64
62110 61
62120 49
62130 57
62140 47
62150 67
62160 68
62170 43
62180 60
62190 71
62200 51
62210 43
62220 50
62230 58
62240 60
62250 70
62260 58
62270 62
62280 60
62290 67
62300 54
62310 61
62320 74
62330 52
62340 64
62350 59
62360 63
62370 58
62380 60
62390 66
62400 72
62410 45
62420 58
62430 52
62440 60
62450 58
62460 60
62470 52
62480 67
62490 46
62500 57
62510 48
62520 43
62530 62
62540 41
62550 54
62560 52
62570 65
62580 56
62590 52
62600 46
62610 50
62620 44
62630 47
62640 57
62650 54
62660 42
62670 47
62680 64
62690 40
62700 53
62710 45
62720 53
62730 48
62740 51
62750 53
62760 50
62770 53
62780 60
62790 55
62800 47
62810 54
62820 59
62830 59
62840 49
62850 47
62860 46
62870 62
62880 55
62890 54
62900 51
62910 57
62920 66
62930 54
62940 49
62950 51
62960 59
62970 62
62980 56
62990 52
63000 45
63010 54
63020 60
63030 61
63040 67
63050 74
63060 72
63070 39
63080 54
63090 49
63100 44
63110 49
63120 45
63130 61
63140 58
63150 48
63160 49
63170 69
63180 56
63190 64
63200 54
63210 69
63220 70
63230 59
63240 53
63250 67
63260 60
63270 53
63280 57
63290 59
63300 58
63310 65
63320 55
63330 61
63340 57
63350 57
63360 54
63370 48
63380 55
63390 44
63400 54
63410 55
63420 58
63430 52
63440 59
63450 47
63460 45
63470 48
63480 52
63490 37
63500 60
63510 47
63520 44
63530 55
63540 48
63550 58
63560 40
63570 57
63580 37
63590 46
63600 47
63610 61
63620 59
63630 56
63640 52
63650 49
63660 65
63670 63
63680 63
63690 64
63700 80
63710 42
63720 47
63730 54
63740 53
63750 55
63760 51
63770 41
63780 61
63790 61
63800 69
63810 57
63820 50
63830 53
63840 64
63850 66
63860 59
63870 67
63880 62
63890 59
63900 52
63910 58
63920 60
63930 53
63940 75
63950 50
63960 47
63970 71
63980 46
63990 71
64000 68
64010 41
64020 49
64030 65
64040 54
64050 63
64060 82
64070 53
64080 68
64090 53
64100 60
64110 42
64120 60
64130 34
64140 65
64150 49
64160 68
64170 80
64180 47
64190 64
64200 62
64210 59
64220 48
64230 45
64240 56
64250 46
64260 54
64270 72
64280 65
64290 39
64300 54
64310 52
64320 44
64330 62
64340 51
64350 59
64360 50
64370 65
64380 63
64390 68
64400 65
64410 62
64420 53
64430 61
64440 43
64450 49
64460 37
64470 38
64480 45
64490 59
64500 64
64510 42
64520 45
64530 34
64540 65
64550 56
64560 50
64570 50
64580 57
64590 55
64600 62
64610 46
64620 49
64630 58
64640 42
64650 58
64660 53
64670 42
64680 64
64690 55
64700 44
64710 60
64720 53
64730 42
64740 49
64750 57
64760 55
64770 38
64780 48
64790 32
64800 45
64810 32
64820 26
64830 28
64840 39
64850 38
64860 40
64870 49
64880 46
64890 49
64900 60
64910 53
64920 60
64930 58
64940 53
64950 62
64960 44
64970 32
64980 61
64990 44
65000 72
65010 53
65020 63
65030 70
65040 51
65050 52
65060 57
65070 49
65080 63
65090 66
65100 49
65110 35
65120 48
65130 52
65140 53
65150 52
65160 78
65170 57
65180 68
65190 47
65200 56
65210 59
65220 67
65230 57
65240 48
65250 50
65260 65
65270 52
65280 56
65290 65
65300 63
65310 57
65320 44
65330 58
65340 65
65350 58
65360 55
65370 53
65380 67
65390 58
65400 62
65410 55
65420 67
65430 68
65440 65
65450 62
65460 70
65470 66
65480 67
65490 51
65500 51
65510 50
65520 50
65530 52
65540 42
65550 68
65560 59
65570 67
65580 51
65590 55
65600 47
65610 61
65620 48
65630 58
65640 61
65650 56
65660 59
65670 55
65680 55
65690 59
65700 52
65710 62
65720 40
65730 62
65740 57
65750 60
65760 56
65770 52
65780 52
65790 62
65800 66
65810 60
65820 71
65830 53
65840 52
65850 55
65860 53
65870 44
65880 57
65890 59
65900 54
65910 63
65920 62
65930 64
65940 66
65950 53
65960 69
65970 50
65980 61
65990 47
66000 60
66010 48
66020 45
66030 44
66040 50
66050 47
66060 48
66070 36
66080 51
66090 56
66100 45
66110 48
66120 65
66130 57
66140 45
66150 48
66160 73
66170 54
66180 52
66190 55
66200 48
66210 65
66220 46
66230 59
66240 56
66250 56
66260 54
66270 60
66280 60
66290 58
66300 74
66310 59
66320 57
66330 75
66340 55
66350 43
66360 47
66370 66
66380 48
66390 54
66400 64
66410 56
66420 64
66430 56
66440 49
66450 56
66460 63
66470 58
66480 60
66490 70
66500 51
66510 59
66520 49
66530 51
66540 52
66550 41
66560 50
66570 41
66580 38
66590 54
66600 61
66610 52
66620 48
66630 66
66640 44
66650 48
66660 49
66670 40
66680 54
66690 48
66700 52
66710 71
66720 63
66730 63
66740 62
66750 52
66760 48
66770 42
66780 47
66790 60
66800 54
66810 45
66820 62
66830 49
66840 51
66850 45
66860 42
66870 54
66880 65
66890 67
66900 65
66910 54
66920 39
66930 58
66940 45
66950 50
66960 50
66970 74
66980 42
66990 38
67000 43
67010 51
67020 71
67030 53
67040 50
67050 38
67060 52
67070 57
67080 53
67090 58
67100 73
67110 63
67120 56
67130 41
67140 62
67150 67
67160 54
67170 55
67180 65
67190 55
67200 46
67210 77
67220 58
67230 63
67240 65
67250 39
67260 53
67270 57
67280 66
67290 63
67300 58
67310 37
67320 32
67330 57
67340 56
67350 56
67360 59
67370 59
67380 47
67390 49
67400 58
67410 61
67420 58
67430 57
67440 64
67450 55
67460 46
67470 58
67480 56
67490 57
67500 67
67510 48
67520 52
67530 61
67540 53
67550 57
67560 54
67570 46
67580 40
67590 23
67600 23
67610 20
67620 83
67630 65
67640 70
67650 81
67660 35
67670 52
67680 31
67690 53
67700 64
67710 58
67720 71
67730 57
67740 49
67750 69
67760 60
67770 69
67780 55
67790 65
67800 74
67810 65
67820 73
67830 59
67840 63
67850 56
67860 51
67870 58
67880 72
67890 69
67900 60
67910 51
67920 46
67930 72
67940 60
67950 60
67960 57
67970 65
67980 75
67990 63
68000 63
68010 53
68020 65
68030 61
68040 52
68050 64
68060 67
68070 53
68080 60
68090 70
68100 59
68110 61
68120 64
68130 52
68140 59
68150 49
68160 43
68170 42
68180 47
68190 52
68200 52
68210 44
68220 62
68230 62
68240 55
68250 52
68260 73
68270 67
68280 67
68290 63
68300 47
68310 53
68320 58
68330 62
68340 73
68350 54
68360 70
68370 59
68380 55
68390 24
68400 36
68410 47
68420 41
68430 55
68440 61
68450 64
68460 54
68470 75
68480 55
68490 66
68500 65
68510 48
68520 58
68530 54
68540 54
68550 50
68560 45
68570 63
68580 48
68590 52
68600 57
68610 49
68620 70
68630 49
68640 72
68650 63
68660 65
68670 56
68680 54
68690 72
68700 45
68710 46
68720 62
68730 62
68740 52
68750 61
68760 76
68770 76
68780 56
68790 63
68800 62
68810 64
68820 60
68830 58
68840 44
68850 52
68860 68
68870 69
68880 63
68890 63
68900 62
68910 63
68920 78
68930 50
68940 57
68950 69
68960 73
68970 59
68980 61
68990 62
69000 56
69010 69
69020 66
69030 54
69040 65
69050 58
69060 64
69070 62
69080 59
69090 55
69100 57
69110 61
69120 66
69130 38
69140 69
69150 81
69160 43
69170 58
69180 62
69190 58
69200 57
69210 61
69220 52
69230 49
69240 64
69250 64
69260 65
69270 53
69280 61
69290 64
69300 69
69310 55
69320 51
69330 59
69340 62
69350 54
69360 71
69370 54
69380 70
69390 62
69400 68
69410 62
69420 48
69430 48
69440 59
69450 49
69460 59
69470 49
69480 33
69490 55
69500 53
69510 47
69520 58
69530 57
69540 53
69550 43
69560 57
69570 63
69580 54
69590 62
69600 62
69610 63
69620 49
69630 76
69640 62
69650 64
69660 58
69670 57
69680 76
69690 51
69700 73
69710 61
69720 65
69730 61
69740 81
69750 79
69760 81
69770 68
69780 52
69790 63
69800 59
69810 58
69820 66
69830 78
69840 68
69850 59
69860 67
69870 64
69880 77
69890 66
69900 65
69910 50
69920 81
69930 64
69940 66
69950 73
69960 66
69970 34
69980 61
69990 55
70000 63
70010 71
70020 47
70030 48
70040 58
70050 65
70060 56
70070 44
70080 57
70090 68
70100 61
70110 67
70120 58
70130 43
70140 55
70150 61
70160 63
70170 55
70180 58
70190 80
70200 54
70210 67
70220 63
70230 56
70240 54
70250 52
70260 57
70270 74
70280 56
70290 73
70300 77
70310 61
70320 80
70330 62
70340 74
70350 74
70360 78
70370 66
70380 70
70390 56
70400 61
70410 61
70420 60
70430 46
70440 56
70450 55
70460 54
70470 64
70480 57
70490 50
70500 50
70510 51
70520 46
70530 39
70540 40
70550 69
70560 60
70570 58
70580 67
70590 59
70600 68
70610 67
70620 64
70630 52
70640 55
70650 44
70660 39
70670 69
70680 83
70690 59
70700 50
70710 66
70720 56
70730 49
70740 48
70750 41
70760 58
70770 60
70780 55
70790 56
70800 40
70810 58
70820 60
70830 50
70840 60
70850 54
70860 75
70870 46
70880 64
70890 47
70900 50
70910 47
70920 51
70930 52
70940 54
70950 51
70960 57
70970 54
70980 53
70990 41
71000 62
71010 41
71020 54
71030 52
71040 71
71050 62
71060 44
71070 34
71080 47
71090 64
71100 43
71110 65
71120 62
71130 69
71140 44
71150 73
71160 78
71170 88
71180 83
71190 70
71200 55
71210 60
71220 57
71230 64
71240 54
71250 64
71260 59
71270 60
71280 46
71290 53
71300 68
71310 62
71320 67
71330 59
71340 48
71350 63
71360 61
71370 57
71380 57
71390 51
71400 58
71410 54
71420 47
71430 63
71440 54
71450 52
71460 57
71470 56
71480 65
71490 62
71500 56
71510 55
71520 57
71530 53
71540 72
71550 60
71560 46
71570 64
71580 54
71590 69
71600 64
71610 59
71620 68
71630 59
71640 57
71650 59
71660 58
71670 51
71680 60
71690 74
71700 65
71710 53
71720 64
71730 55
71740 46
71750 64
71760 51
71770 40
71780 54
71790 68
71800 48
71810 40
71820 59
71830 78
71840 48
71850 57
71860 56
71870 52
71880 55
71890 62
71900 68
71910 50
71920 57
71930 69
71940 69
71950 77
71960 57
71970 58
71980 65
71990 52
72000 50
72010 66
72020 67
72030 63
72040 68
72050 61
72060 62
72070 71
72080 74
72090 65
72100 60
72110 64
72120 59
72130 59
72140 47
72150 57
72160 63
72170 64
72180 50
72190 54
72200 61
72210 55
72220 77
72230 61
72240 62
72250 53
72260 61
72270 49
72280 62
72290 58
72300 64
72310 65
72320 51
72330 59
72340 54
72350 56
72360 59
72370 59
72380 53
72390 58
72400 73
72410 66
72420 60
72430 67
72440 72
72450 58
72460 52
72470 59
72480 69
72490 52
72500 59
72510 45
72520 66
72530 65
72540 56
72550 51
72560 47
72570 71
72580 52
72590 55
72600 77
72610 65
72620 59
72630 81
72640 54
72650 45
72660 67
72670 70
72680 50
72690 66
72700 49
72710 74
72720 69
72730 59
72740 51
72750 48
72760 61
72770 67
72780 63
72790 62
72800 48
72810 51
72820 57
72830 59
72840 50
72850 62
72860 47
72870 56
72880 62
72890 59
72900 55
72910 58
72920 55
72930 55
72940 61
72950 55
72960 68
72970 59
72980 60
72990 58
73000 52
73010 55
73020 53
73030 57
73040 55
73050 58
73060 73
73070 59
73080 63
73090 54
73100 64
73110 50
73120 70
73130 53
73140 42
73150 64
73160 55
73170 66
73180 62
73190 49
73200 60
73210 72
73220 64
73230 53
73240 46
73250 49
73260 63
73270 70
73280 61
73290 58
73300 60
73310 66
73320 64
73330 53
73340 54
73350 54
73360 53
73370 48
73380 49
73390 49
73400 63
73410 51
73420 66
73430 53
73440 49
73450 50
73460 44
73470 57
73480 49
73490 51
73500 70
73510 67
73520 57
73530 41
73540 51
73550 57
73560 44
73570 55
73580 57
73590 56
73600 49
73610 64
73620 50
73630 52
73640 54
73650 63
73660 51
73670 61
73680 47
73690 72
73700 69
73710 44
73720 54
73730 51
73740 56
73750 49
73760 49
73770 43
73780 59
73790 55
73800 50
73810 56
73820 49
73830 60
73840 64
73850 66
73860 61
73870 45
73880 59
73890 71
73900 65
73910 63
73920 49
73930 58
73940 35
73950 57
73960 59
73970 52
73980 63
73990 68
74000 57
74010 57
74020 68
74030 63
74040 43
74050 62
74060 72
74070 43
74080 47
74090 62
74100 57
74110 65
74120 67
74130 69
74140 49
74150 53
74160 53
74170 54
74180 63
74190 49
74200 57
74210 32
74220 47
74230 64
74240 63
74250 47
74260 37
74270 58
74280 64
74290 42
74300 54
74310 57
74320 60
74330 54
74340 64
74350 60
74360 59
74370 47
74380 47
74390 62
74400 40
74410 44
74420 60
74430 47
74440 60
74450 51
74460 48
74470 48
74480 43
74490 49
74500 52
74510 56
74520 54
74530 56
74540 58
74550 54
74560 43
74570 70
74580 63
74590 59
74600 57
74610 67
74620 52
74630 65
74640 54
74650 71
74660 61
74670 53
74680 61
74690 72
74700 73
74710 55
74720 55
74730 57
74740 73
74750 65
74760 66
74770 57
74780 61
74790 69
74800 56
74810 59
74820 46
74830 54
74840 62
74850 63
74860 52
74870 59
74880 58
74890 61
74900 59
74910 54
74920 52
74930 60
74940 57
74950 54
74960 55
74970 54
74980 52
74990 66
75000 46
75010 64
75020 58
75030 60
75040 51
75050 71
75060 56
75070 52
75080 59
75090 55
75100 65
75110 49
75120 38
75130 46
75140 66
75150 61
75160 51
75170 52
75180 47
75190 58
75200 55
75210 61
75220 72
75230 62
75240 58
75250 68
75260 65
75270 62
75280 67
75290 61
75300 49
75310 51
75320 77
75330 69
75340 64
75350 58
75360 65
75370 52
75380 69
75390 62
75400 56
75410 58
75420 60
75430 62
75440 65
75450 60
75460 59
75470 48
75480 86
75490 72
75500 56
75510 61
75520 59
75530 58
75540 63
75550 54
75560 62
75570 70
75580 66
75590 67
75600 59
75610 63
75620 59
75630 52
75640 59
75650 47
75660 61
75670 59
75680 63
75690 59
75700 69
75710 54
75720 68
75730 52
75740 54
75750 57
75760 72
75770 71
75780 63
75790 58
75800 46
75810 55
75820 43
75830 64
75840 66
75850 59
75860 62
75870 61
75880 55
75890 54
75900 59
75910 70
75920 54
75930 53
75940 47
75950 44
75960 54
75970 72
75980 48
75990 52
76000 59
76010 48
76020 60
76030 63
76040 46
76050 60
76060 50
76070 76
76080 68
76090 63
76100 60
76110 55
76120 44
76130 67
76140 38
76150 34
76160 77
76170 50
76180 43
76190 54
76200 55
76210 60
76220 52
76230 55
76240 47
76250 56
76260 57
76270 64
76280 63
76290 77
76300 63
76310 73
76320 73
76330 72
76340 65
76350 81
76360 59
76370 75
76380 70
76390 72
76400 74
76410 78
76420 61
76430 51
76440 68
76450 67
76460 78
76470 65
76480 68
76490 80
76500 53
76510 66
76520 68
76530 57
76540 73
76550 62
76560 73
76570 69
76580 63
76590 69
76600 50
76610 52
76620 74
76630 47
76640 58
76650 53
76660 57
76670 53
76680 53
76690 65
76700 48
76710 58
76720 56
76730 50
76740 59
76750 53
76760 47
76770 58
76780 54
76790 68
76800 37
76810 48
76820 47
76830 44
76840 63
76850 55
76860 51
76870 38
76880 49
76890 58
76900 65
76910 64
76920 61
76930 65
76940 40
76950 42
76960 46
76970 44
76980 60
76990 49
77000 58
77010 45
77020 56
77030 43
77040 50
77050 58
77060 56
77070 60
77080 45
77090 55
77100 52
77110 46
77120 56
77130 63
77140 52
77150 73
77160 65
77170 58
77180 65
77190 54
77200 49
77210 56
77220 55
77230 50
77240 52
77250 72
77260 49
77270 60
77280 42
77290 61
77300 69
77310 63
77320 63
77330 54
77340 53
77350 60
77360 54
77370 49
77380 56
77390 47
77400 51
77410 42
77420 42
77430 53
77440 64
77450 48
77460 60
77470 59
77480 69
77490 58
77500 54
77510 51
77520 60
77530 73
77540 65
77550 61
77560 49
77570 62
77580 60
77590 64
77600 63
77610 64
77620 59
77630 69
77640 67
77650 67
77660 69
77670 57
77680 67
77690 63
77700 51
77710 58
77720 64
77730 62
77740 57
77750 52
77760 61
77770 49
77780 56
77790 49
77800 62
77810 64
77820 65
77830 59
77840 53
77850 65
77860 73
77870 53
77880 55
77890 51
77900 66
77910 53
77920 67
77930 61
77940 65
77950 55
77960 55
77970 66
77980 53
77990 53
78000 67
78010 56
78020 60
78030 61
78040 54
78050 61
78060 59
78070 59
78080 66
78090 54
78100 66
78110 64
78120 43
78130 59
78140 54
78150 44
78160 64
78170 55
78180 47
78190 53
78200 48
78210 50
78220 32
78230 54
78240 47
78250 43
78260 51
78270 55
78280 46
78290 50
78300 55
78310 52
78320 61
78330 59
78340 56
78350 47
78360 48
78370 60
78380 60
78390 48
78400 59
78410 57
78420 60
78430 53
78440 44
78450 71
78460 58
78470 55
78480 58
78490 65
78500 71
78510 64
78520 64
78530 58
78540 75
78550 71
78560 44
78570 59
78580 47
78590 45
78600 65
78610 65
78620 74
78630 64
78640 61
78650 51
78660 50
78670 47
78680 43
78690 64
78700 52
78710 60
78720 46
78730 72
78740 49
78750 74
78760 65
78770 67
78780 47
78790 61
78800 62
78810 41
78820 60
78830 65
78840 82
78850 52
78860 51
78870 54
78880 63
78890 38
78900 69
78910 58
78920 64
78930 62
78940 72
78950 71
78960 65
78970 61
78980 58
78990 57
79000 64
79010 73
79020 63
79030 67
79040 73
79050 70
79060 69
79070 70
79080 72
79090 76
79100 65
79110 56
79120 66
79130 38
79140 54
79150 50
79160 60
79170 47
79180 59
79190 52
79200 50
79210 69
79220 56
79230 61
79240 61
79250 56
79260 47
79270 58
79280 59
79290 53
79300 55
79310 63
79320 60
79330 48
79340 65
79350 79
79360 64
79370 66
79380 67
79390 64
79400 54
79410 74
79420 72
79430 61
79440 68
79450 60
79460 72
79470 64
79480 64
79490 75
79500 68
79510 64
79520 69
79530 70
79540 66
79550 64
79560 62
79570 63
79580 50
79590 63
79600 46
79610 65
79620 62
79630 47
79640 64
79650 63
79660 50
79670 50
79680 52
79690 46
79700 50
79710 39
79720 50
79730 62
79740 48
79750 58
79760 61
79770 49
79780 53
79790 68
79800 61
79810 60
79820 72
79830 56
79840 60
79850 53
79860 62
79870 51
79880 62
79890 66
79900 66
79910 53
79920 65
79930 65
79940 57
79950 65
79960 61
79970 52
79980 72
79990 60
80000 64
80010 59
80020 55
80030 52
80040 50
80050 68
80060 56
80070 55
80080 47
80090 65
80100 54
80110 54
80120 42
80130 67
80140 47
80150 48
80160 59
80170 64
80180 63
80190 60
80200 53
80210 63
80220 59
80230 63
80240 57
80250 61
80260 59
80270 51
80280 65
80290 58
80300 60
80310 44
80320 62
80330 61
80340 48
80350 61
80360 64
80370 61
80380 63
80390 62
80400 64
80410 64
80420 73
80430 49
80440 55
80450 67
80460 59
80470 64
80480 65
80490 60
80500 61
80510 78
80520 67
80530 59
80540 77
80550 58
80560 59
80570 66
80580 62
80590 67
80600 57
80610 67
80620 68
80630 60
80640 58
80650 69
80660 55
80670 50
80680 77
80690 49
80700 62
80710 53
80720 71
80730 71
80740 61
80750 51
80760 58
80770 78
80780 51
80790 62
80800 67
80810 61
80820 55
80830 82
80840 76
80850 63
80860 75
80870 64
80880 75
80890 51
80900 68
80910 79
80920 70
80930 73
80940 62
80950 71
80960 61
80970 60
80980 61
80990 56
81000 67
81010 65
81020 48
81030 63
81040 70
81050 69
81060 53
81070 59
81080 57
81090 59
81100 47
81110 58
81120 57
81130 47
81140 54
81150 61
81160 55
81170 58
81180 65
81190 49
81200 57
81210 59
81220 52
81230 66
81240 48
81250 70
81260 31
81270 56
81280 59
81290 67
81300 54
81310 57
81320 50
81330 49
81340 53
81350 42
81360 60
81370 58
81380 59
81390 68
81400 60
81410 58
81420 56
81430 58
81440 56
81450 54
81460 61
81470 58
81480 47
81490 59
81500 58
81510 53
81520 73
81530 64
81540 57
81550 50
81560 75
81570 59
81580 42
81590 52
81600 58
81610 65
81620 63
81630 63
81640 55
81650 67
81660 63
81670 62
81680 39
81690 60
81700 63
81710 67
81720 53
81730 54
81740 59
81750 63
81760 62
81770 48
81780 60
81790 56
81800 68
81810 61
81820 61
81830 58
81840 55
81850 65
81860 47
81870 75
81880 68
81890 56
81900 60
81910 62
81920 51
81930 46
81940 53
81950 43
81960 66
81970 65
81980 52
81990 62
82000 62
82010 60
82020 62
82030 56
82040 55
82050 63
82060 55
82070 41
82080 67
82090 54
82100 67
82110 60
82120 42
82130 64
82140 51
82150 51
82160 58
82170 52
82180 65
82190 58
82200 55
82210 64
82220 41
82230 59
82240 53
82250 53
82260 51
82270 64
82280 65
82290 62
82300 48
82310 52
82320 64
82330 44
82340 54
82350 50
82360 60
82370 66
82380 50
82390 55
82400 55
82410 55
82420 43
82430 62
82440 58
82450 58
82460 54
82470 58
82480 63
82490 66
82500 47
82510 54
82520 53
82530 50
82540 62
82550 55
82560 56
82570 59
82580 55
82590 56
82600 68
82610 68
82620 59
82630 54
82640 61
82650 44
82660 75
82670 55
82680 60
82690 50
82700 42
82710 60
82720 53
82730 65
82740 60
82750 64
82760 47
82770 52
82780 56
82790 69
82800 61
82810 58
82820 59
82830 55
82840 66
82850 39
82860 48
82870 56
82880 45
82890 59
82900 54
82910 60
82920 71
82930 58
82940 54
82950 70
82960 53
82970 50
82980 58
82990 68
83000 58
83010 61
83020 64
83030 54
83040 51
83050 54
83060 58
83070 55
83080 47
83090 52
83100 57
83110 53
83120 61
83130 56
83140 67
83150 55
83160 54
83170 62
83180 57
83190 52
83200 58
83210 63
83220 63
83230 47
83240 49
83250 52
83260 60
83270 67
83280 56
83290 72
83300 37
83310 69
83320 62
83330 53
83340 52
83350 45
83360 58
83370 70
83380 52
83390 57
83400 44
83410 52
83420 46
83430 54
83440 35
83450 57
83460 48
83470 39
83480 32
83490 30
83500 54
83510 55
83520 65
83530 62
83540 53
83550 61
83560 81
83570 43
83580 58
83590 47
83600 55
83610 60
83620 76
83630 55
83640 49
83650 48
83660 52
83670 56
83680 55
83690 58
83700 56
83710 61
83720 69
83730 80
83740 58
83750 52
83760 53
83770 62
83780 70
83790 57
83800 50
83810 66
83820 53
83830 59
83840 52
83850 57
83860 44
83870 65
83880 49
83890 63
83900 67
83910 60
83920 45
83930 56
83940 61
83950 57
83960 56
83970 68
83980 52
83990 47
84000 62
84010 41
84020 62
84030 55
84040 70
84050 49
84060 63
84070 78
84080 54
84090 60
84100 101
84110 81
84120 58
84130 63
84140 73
84150 51
84160 68
84170 63
84180 60
84190 50
84200 54
84210 58
84220 51
84230 50
84240 49
84250 54
84260 60
84270 60
84280 57
84290 52
84300 53
84310 57
84320 64
84330 61
84340 53
84350 58
84360 61
84370 57
84380 68
84390 67
84400 56
84410 49
84420 53
84430 56
84440 62
84450 54
84460 52
84470 46
84480 53
84490 61
84500 60
84510 50
84520 65
84530 52
84540 47
84550 56
84560 51
84570 53
84580 50
84590 54
84600 57
84610 48
84620 62
84630 55
84640 54
84650 48
84660 60
84670 61
84680 48
84690 70
84700 53
84710 69
84720 59
84730 70
84740 76
84750 67
84760 58
84770 75
84780 77
84790 72
84800 63
84810 76
84820 71
84830 73
84840 77
84850 61
84860 68
84870 53
84880 54
84890 64
84900 72
84910 57
84920 64
84930 65
84940 56
84950 66
84960 63
84970 54
84980 82
84990 80
85000 62
85010 80
85020 72
85030 69
85040 58
85050 48
85060 54
85070 46
85080 59
85090 53
85100 45
85110 55
85120 50
85130 53
85140 42
85150 61
85160 54
85170 45
85180 48
85190 44
85200 48
85210 55
85220 52
85230 57
85240 47
85250 53
85260 61
85270 59
85280 58
85290 46
85300 38
85310 46
85320 60
85330 61
85340 57
85350 34
85360 61
85370 42
85380 51
85390 60
85400 53
85410 37
85420 50
85430 58
85440 54
85450 59
85460 52
85470 65
85480 68
85490 60
85500 63
85510 56
85520 69
85530 52
85540 63
85550 50
85560 58
85570 57
85580 56
85590 64
85600 53
85610 58
85620 59
85630 74
85640 58
85650 58
85660 59
85670 63
85680 61
85690 55
85700 63
85710 55
85720 60
85730 57
85740 57
85750 44
85760 53
85770 61
85780 54
85790 46
85800 60
85810 64
85820 48
85830 69
85840 51
85850 62
85860 54
85870 66
85880 56
85890 64
85900 53
85910 67
85920 43
85930 47
85940 54
85950 48
85960 66
85970 49
85980 49
85990 53
86000 51
86010 50
86020 59
86030 55
86040 59
86050 53
86060 58
86070 53
86080 66
86090 37
86100 62
86110 54
86120 60
86130 58
86140 66
86150 57
86160 64
86170 49
86180 57
86190 60
86200 70
86210 64
86220 77
86230 74
86240 60
86250 67
86260 76
86270 69
86280 60
86290 67
86300 62
86310 65
86320 75
86330 76
86340 69
86350 78
86360 74
86370 75
86380 67
86390 75
86400 69
86410 67
86420 57
86430 59
86440 60
86450 72
86460 68
86470 68
86480 70
86490 64
86500 54
86510 60
86520 64
86530 77
86540 74
86550 79
86560 69
86570 56
86580 75
86590 72
86600 77
86610 63
86620 65
86630 67
86640 70
86650 75
86660 72
86670 67
86680 82
86690 74
86700 70
86710 80
86720 61
86730 62
86740 75
86750 60
86760 69
86770 70
86780 66
86790 55
86800 66
86810 79
86820 55
86830 65
86840 62
86850 68
86860 63
86870 68
86880 76
86890 69
86900 73
86910 63
86920 77
86930 67
86940 60
86950 64
86960 66
86970 56
86980 63
86990 75
87000 74
87010 68
87020 67
87030 78
87040 64
87050 79
87060 71
87070 74
87080 69
87090 63
87100 54
87110 73
87120 65
87130 65
87140 63
87150 69
87160 63
87170 70
87180 70
87190 57
87200 64
87210 63
87220 70
87230 62
87240 65
87250 76
87260 68
87270 67
87280 51
87290 68
87300 71
87310 72
87320 46
87330 65
87340 67
87350 64
87360 71
87370 68
87380 63
87390 61
87400 54
87410 67
87420 67
87430 77
87440 66
87450 81
87460 70
87470 67
87480 52
87490 72
87500 72
87510 64
87520 77
87530 63
87540 71
87550 68
87560 58
87570 63
87580 75
87590 53
87600 54
87610 74
87620 66
87630 63
87640 55
87650 49
87660 49
87670 65
87680 51
87690 60
87700 54
87710 41
87720 39
87730 57
87740 48
87750 51
87760 48
87770 73
87780 73
87790 73
87800 64
87810 67
87820 65
87830 51
87840 57
87850 69
87860 66
87870 69
87880 54
87890 55
87900 67
87910 70
87920 65
87930 79
87940 58
87950 65
87960 65
87970 45
87980 40
87990 66
88000 59
88010 65
88020 69
88030 71
88040 63
88050 63
88060 72
88070 59
88080 58
88090 76
88100 69
88110 60
88120 85
88130 61
88140 66
88150 58
88160 48
88170 53
88180 57
88190 42
88200 48
88210 50
88220 46
88230 49
88240 52
88250 53
88260 58
88270 66
88280 50
88290 54
88300 56
88310 68
88320 64
88330 51
88340 61
88350 59
88360 51
88370 54
88380 56
88390 49
88400 40
88410 51
88420 58
88430 69
88440 61
88450 56
88460 71
88470 54
88480 50
88490 40
88500 71
88510 48
88520 59
88530 63
88540 60
88550 57
88560 58
88570 62
88580 61
88590 70
88600 58
88610 49
88620 63
88630 50
88640 45
88650 66
88660 64
88670 68
88680 49
88690 70
88700 64
88710 57
88720 54
88730 54
88740 61
88750 60
88760 74
88770 70
88780 45
88790 57
88800 52
88810 73
88820 64
88830 40
88840 53
88850 56
88860 65
88870 45
88880 46
88890 45
88900 57
88910 57
88920 46
88930 54
88940 52
88950 49
88960 59
88970 56
88980 48
88990 37
89000 33
89010 32
89020 43
89030 55
89040 71
89050 47
89060 59
89070 57
89080 49
89090 64
89100 56
89110 58
89120 55
89130 46
89140 40
89150 65
89160 54
89170 42
89180 57
89190 65
89200 70
89210 61
89220 51
89230 54
89240 55
89250 53
89260 48
89270 66
89280 65
89290 46
89300 63
89310 58
89320 56
89330 59
89340 67
89350 56
89360 62
89370 62
89380 61
89390 54
89400 70
89410 44
89420 67
89430 53
89440 57
89450 69
89460 64
89470 65
89480 61
89490 75
89500 54
89510 62
89520 68
89530 49
89540 59
89550 49
89560 44
89570 65
89580 63
89590 74
89600 62
89610 61
89620 51
89630 43
89640 56
89650 65
89660 66
89670 48
89680 57
89690 66
89700 56
89710 65
89720 75
89730 59
89740 77
89750 61
89760 50
89770 54
89780 53
89790 62
89800 60
89810 64
89820 51
89830 56
89840 57
89850 52
89860 56
89870 61
89880 61
89890 58
89900 61
89910 48
89920 47
89930 42
89940 62
89950 52
89960 66
89970 69
89980 62
89990 63
90000 75
90010 61
90020 57
90030 61
90040 67
90050 56
90060 62
90070 56
90080 49
90090 67
90100 58
90110 68
90120 55
90130 56
90140 59
90150 49
90160 44
90170 40
90180 60
90190 53
90200 54
90210 67
90220 54
90230 64
90240 44
90250 72
90260 46
90270 70
90280 62
90290 48
90300 69
90310 46
90320 54
90330 56
90340 59
90350 60
90360 64
90370 56
90380 57
90390 54
90400 58
90410 61
90420 72
90430 59
90440 52
90450 56
90460 74
90470 66
90480 52
90490 72
90500 58
90510 48
90520 55
90530 51
90540 62
90550 59
90560 57
90570 64
90580 64
90590 62
90600 61
90610 82
90620 66
90630 62
90640 62
90650 61
90660 67
90670 55
90680 55
90690 67
90700 65
90710 66
90720 73
90730 58
90740 60
90750 76
90760 70
90770 54
90780 68
90790 69
90800 57
90810 69
90820 58
90830 76
90840 70
90850 84
90860 74
90870 63
90880 57
90890 60
90900 67
90910 57
90920 65
90930 54
90940 62
90950 50
90960 59
90970 57
90980 62
90990 60
91000 63
91010 60
91020 52
91030 72
91040 59
91050 44
91060 59
91070 41
91080 33
91090 44
91100 35
91110 59
91120 48
91130 49
91140 56
91150 49
91160 40
91170 63
91180 54
91190 70
91200 65
91210 59
91220 51
91230 51
91240 59
91250 76
91260 67
91270 57
91280 70
91290 53
91300 64
91310 59
91320 67
91330 60
91340 46
91350 54
91360 54
91370 55
91380 57
91390 56
91400 47
91410 63
91420 53
91430 64
91440 64
91450 65
91460 63
91470 71
91480 51
91490 57
91500 52
91510 64
91520 53
91530 53
91540 56
91550 63
91560 53
91570 65
91580 61
91590 60
91600 55
91610 58
91620 64
91630 58
91640 69
91650 62
91660 44
91670 57
91680 60
91690 65
91700 73
91710 48
91720 58
91730 61
91740 57
91750 62
91760 52
91770 49
91780 56
91790 64
91800 66
91810 69
91820 84
91830 59
91840 72
91850 69
91860 61
91870 44
91880 59
91890 54
91900 69
91910 52
91920 64
91930 68
91940 59
91950 56
91960 55
91970 56
91980 49
91990 58
92000 61
92010 48
92020 65
92030 51
92040 58
92050 59
92060 62
92070 61
92080 47
92090 64
92100 76
92110 71
92120 65
92130 51
92140 60
92150 54
92160 58
92170 61
92180 55
92190 54
92200 49
92210 62
92220 54
92230 66
92240 53
92250 52
92260 52
92270 60
92280 56
92290 64
92300 53
92310 52
92320 61
92330 67
92340 61
92350 66
92360 64
92370 77
92380 50
92390 61
92400 72
92410 76
92420 65
92430 68
92440 62
92450 57
92460 50
92470 60
92480 61
92490 52
92500 58
92510 45
92520 66
92530 59
92540 55
92550 65
92560 53
92570 52
92580 48
92590 48
92600 54
92610 63
92620 47
92630 52
92640 56
92650 64
92660 52
92670 55
92680 66
92690 64
92700 55
92710 46
92720 63
92730 58
92740 59
92750 68
92760 59
92770 47
92780 59
92790 63
92800 58
92810 67
92820 57
92830 58
92840 58
92850 60
92860 51
92870 62
92880 65
92890 60
92900 61
92910 46
92920 61
92930 52
92940 74
92950 54
92960 58
92970 54
92980 69
92990 50
93000 62
93010 51
93020 52
93030 55
93040 51
93050 60
93060 59
93070 59
93080 60
93090 56
93100 52
93110 59
93120 59
93130 54
93140 62
93150 54
93160 57
93170 46
93180 57
93190 68
93200 53
93210 67
93220 52
93230 56
93240 55
93250 43
93260 64
93270 60
93280 64
93290 58
93300 44
93310 56
93320 57
93330 60
93340 53
93350 55
93360 60
93370 61
93380 55
93390 66
93400 59
93410 66
93420 62
93430 71
93440 63
93450 60
93460 46
93470 42
93480 53
93490 59
93500 66
93510 57
93520 52
93530 58
93540 65
93550 68
93560 53
93570 57
93580 51
93590 64
93600 74
93610 66
93620 63
93630 65
93640 85
93650 68
93660 68
93670 65
93680 64
93690 68
93700 72
93710 62
93720 50
93730 72
93740 63
93750 63
93760 66
93770 58
93780 65
93790 47
93800 67
93810 58
93820 65
93830 74
93840 52
93850 55
93860 52
93870 55
93880 65
93890 72
93900 50
93910 50
93920 67
93930 54
93940 50
93950 67
93960 48
93970 58
93980 52
93990 70
94000 57
94010 60
94020 77
94030 64
94040 55
94050 46
94060 54
94070 52
94080 56
94090 69
94100 49
94110 70
94120 67
94130 41
94140 73
94150 75
94160 62
94170 72
94180 56
94190 77
94200 57
94210 73
94220 62
94230 75
94240 60
94250 75
94260 63
94270 61
94280 60
94290 51
94300 67
94310 66
94320 75
94330 70
94340 64
94350 62
94360 60
94370 64
94380 70
94390 62
94400 46
94410 46
94420 50
94430 55
94440 73
94450 60
94460 47
94470 60
94480 55
94490 58
94500 47
94510 59
94520 69
94530 69
94540 58
94550 57
94560 53
94570 59
94580 72
94590 56
94600 61
94610 47
94620 57
94630 52
94640 67
94650 47
94660 57
94670 59
94680 60
94690 53
94700 57
94710 48
94720 56
94730 50
94740 46
94750 56
94760 61
94770 56
94780 48
94790 57
94800 58
94810 57
94820 58
94830 43
94840 61
94850 51
94860 47
94870 64
94880 51
94890 54
94900 63
94910 58
94920 58
94930 52
94940 57
94950 59
94960 58
94970 60
94980 61
94990 60
95000 63
95010 64
95020 45
95030 55
95040 59
95050 65
95060 54
95070 61
95080 61
95090 55
95100 53
95110 45
95120 45
95130 57
95140 42
95150 47
95160 65
95170 58
95180 44
95190 59
95200 64
95210 57
95220 59
95230 60
95240 65
95250 57
95260 55
95270 63
95280 54
95290 65
95300 64
95310 58
95320 45
95330 60
95340 59
95350 73
95360 70
95370 75
95380 60
95390 69
95400 62
95410 70
95420 66
95430 61
95440 69
95450 68
95460 57
95470 57
95480 48
95490 58
95500 58
95510 53
95520 52
95530 51
95540 55
95550 64
95560 64
95570 50
95580 57
95590 51
95600 52
95610 50
95620 51
95630 69
95640 76
95650 48
95660 63
95670 50
95680 61
95690 69
95700 64
95710 58
95720 46
95730 62
95740 42
95750 51
95760 59
95770 53
95780 66
95790 70
95800 52
95810 56
95820 56
95830 53
95840 57
95850 57
95860 61
95870 55
95880 67
95890 57
95900 59
95910 68
95920 53
95930 39
95940 55
95950 61
95960 62
95970 44
95980 47
95990 53
96000 59
96010 52
96020 56
96030 57
96040 60
96050 63
96060 50
96070 51
96080 52
96090 67
96100 62
96110 56
96120 69
96130 74
96140 64
96150 57
96160 70
96170 64
96180 49
96190 67
96200 65
96210 60
96220 62
96230 64
96240 53
96250 41
96260 50
96270 57
96280 62
96290 46
96300 64
96310 63
96320 43
96330 60
96340 45
96350 55
96360 66
96370 63
96380 58
96390 46
96400 61
96410 46
96420 64
96430 68
96440 53
96450 51
96460 52
96470 58
96480 53
96490 56
96500 68
96510 58
96520 42
96530 58
96540 50
96550 56
96560 43
96570 58
96580 69
96590 45
96600 58
96610 56
96620 55
96630 65
96640 68
96650 64
96660 56
96670 55
96680 64
96690 69
96700 49
96710 51
96720 42
96730 59
96740 58
96750 70
96760 57
96770 54
96780 37
96790 50
96800 56
96810 58
96820 53
96830 54
96840 70
96850 56
96860 66
96870 76
96880 78
96890 73
96900 57
96910 67
96920 66
96930 71
96940 62
96950 74
96960 80
96970 72
96980 70
96990 65
97000 71
97010 68
97020 68
97030 53
97040 77
97050 64
97060 60
97070 67
97080 60
97090 65
97100 68
97110 65
97120 71
97130 70
97140 73
97150 68
97160 69
97170 64
97180 56
97190 59
97200 57
97210 63
97220 62
97230 51
97240 64
97250 72
97260 51
97270 54
97280 48
97290 57
97300 55
97310 51
97320 57
97330 58
97340 55
97350 62
97360 56
97370 62
97380 49
97390 74
97400 60
97410 50
97420 73
97430 68
97440 77
97450 72
97460 75
97470 62
97480 57
97490 69
97500 64
97510 58
97520 62
97530 58
97540 61
97550 51
97560 53
97570 51
97580 62
97590 57
97600 53
97610 52
97620 40
97630 63
97640 66
97650 75
97660 73
97670 63
97680 76
97690 54
97700 55
97710 59
97720 58
97730 49
97740 41
97750 65
97760 45
97770 42
97780 50
97790 55
97800 56
97810 54
97820 51
97830 50
97840 54
97850 57
97860 76
97870 72
97880 60
97890 63
97900 78
97910 55
97920 62
97930 76
97940 64
97950 71
97960 46
97970 63
97980 62
97990 58
98000 49
98010 66
98020 75
98030 88
98040 60
98050 62
98060 74
98070 64
98080 65
98090 70
98100 69
98110 80
98120 70
98130 73
98140 68
98150 58
98160 68
98170 71
98180 74
98190 71
98200 80
98210 54
98220 63
98230 65
98240 70
98250 61
98260 57
98270 65
98280 69
98290 63
98300 62
98310 62
98320 67
98330 74
98340 46
98350 37
98360 59
98370 57
98380 64
98390 56
98400 56
98410 54
98420 62
98430 55
98440 42
98450 54
98460 61
98470 61
98480 52
98490 65
98500 58
98510 60
98520 63
98530 62
98540 84
98550 75
98560 56
98570 63
98580 66
98590 54
98600 78
98610 61
98620 61
98630 60
98640 68
98650 54
98660 58
98670 49
98680 57
98690 50
98700 43
98710 60
98720 60
98730 59
98740 69
98750 59
98760 50
98770 45
98780 69
98790 58
98800 58
98810 62
98820 49
98830 62
98840 52
98850 55
98860 43
98870 60
98880 52
98890 51
98900 61
98910 68
98920 67
98930 80
98940 62
98950 48
98960 47
98970 69
98980 50
98990 63
99000 65
99010 57
99020 61
99030 59
99040 52
99050 54
99060 52
99070 54
99080 64
99090 76
99100 55
99110 54
99120 56
99130 58
99140 59
99150 68
99160 50
99170 50
99180 53
99190 56
99200 61
99210 62
99220 65
99230 53
99240 52
99250 58
99260 48
99270 56
99280 59
99290 60
99300 45
99310 53
99320 47
99330 62
99340 38
99350 50
99360 53
99370 66
99380 45
99390 70
99400 46
99410 74
99420 61
99430 68
99440 49
99450 39
99460 48
99470 72
99480 67
99490 59
99500 54
99510 67
99520 50
99530 44
99540 51
99550 54
99560 63
99570 74
99580 54
99590 62
99600 50
99610 43
99620 43
99630 44
99640 48
99650 49
99660 70
99670 52
99680 56
99690 60
99700 53
99710 52
99720 45
99730 58
99740 67
99750 45
99760 52
99770 57
99780 61
99790 67
99800 59
99810 63
99820 64
99830 63
99840 68
99850 53
99860 57
99870 49
99880 71
99890 61
99900 56
99910 52
99920 55
99930 54
99940 62
99950 57
99960 53
99970 52
99980 40
99990 57
