# Frame Contacts
30000 33
30010 31
30020 36
30030 21
30040 19
30050 27
30060 35
30070 35
30080 41
30090 33
30100 28
30110 17
30120 32
30130 35
30140 32
30150 23
30160 29
30170 26
30180 27
30190 18
30200 20
30210 37
30220 29
30230 26
30240 45
30250 42
30260 24
30270 29
30280 21
30290 34
30300 29
30310 29
30320 28
30330 6
30340 22
30350 23
30360 26
30370 18
30380 16
30390 19
30400 32
30410 27
30420 31
30430 31
30440 25
30450 19
30460 14
30470 20
30480 28
30490 23
30500 19
30510 25
30520 24
30530 29
30540 16
30550 23
30560 26
30570 28
30580 25
30590 28
30600 42
30610 29
30620 22
30630 30
30640 28
30650 37
30660 36
30670 34
30680 27
30690 28
30700 34
30710 16
30720 28
30730 29
30740 35
30750 24
30760 15
30770 28
30780 32
30790 17
30800 10
30810 21
30820 9
30830 4
30840 24
30850 17
30860 26
30870 29
30880 14
30890 28
30900 26
30910 19
30920 17
30930 19
30940 34
30950 17
30960 28
30970 22
30980 29
30990 33
31000 19
31010 13
31020 27
31030 6
31040 37
31050 14
31060 24
31070 26
31080 25
31090 35
31100 38
31110 34
31120 28
31130 36
31140 34
31150 32
31160 25
31170 33
31180 16
31190 12
31200 16
31210 4
31220 16
31230 13
31240 10
31250 25
31260 32
31270 21
31280 23
31290 24
31300 17
31310 29
31320 12
31330 12
31340 12
31350 8
31360 18
31370 17
31380 26
31390 18
31400 24
31410 13
31420 36
31430 28
31440 10
31450 25
31460 19
31470 19
31480 5
31490 22
31500 19
31510 18
31520 14
31530 11
31540 17
31550 18
31560 15
31570 15
31580 20
31590 15
31600 9
31610 11
31620 9
31630 22
31640 13
31650 30
31660 15
31670 19
31680 15
31690 19
31700 8
31710 12
31720 15
31730 9
31740 15
31750 17
31760 13
31770 26
31780 35
31790 33
31800 31
31810 8
31820 31
31830 27
31840 29
31850 26
31860 41
31870 28
31880 23
31890 23
31900 20
31910 28
31920 13
31930 27
31940 34
31950 34
31960 16
31970 20
31980 35
31990 32
32000 35
32010 26
32020 20
32030 22
32040 22
32050 32
32060 29
32070 31
32080 18
32090 25
32100 23
32110 31
32120 37
32130 38
32140 30
32150 24
32160 32
32170 26
32180 29
32190 23
32200 35
32210 31
32220 27
32230 24
32240 32
32250 24
32260 28
32270 37
32280 23
32290 31
32300 32
32310 21
32320 15
32330 29
32340 34
32350 34
32360 25
32370 31
32380 21
32390 27
32400 30
32410 24
32420 32
32430 31
32440 29
32450 37
32460 30
32470 32
32480 34
32490 20
32500 24
32510 30
32520 27
32530 25
32540 37
32550 28
32560 16
32570 28
32580 20
32590 33
32600 23
32610 25
32620 26
32630 19
32640 35
32650 34
32660 25
32670 14
32680 29
32690 14
32700 29
32710 32
32720 21
32730 30
32740 37
32750 31
32760 27
32770 31
32780 38
32790 22
32800 19
32810 20
32820 21
32830 45
32840 14
32850 27
32860 32
32870 34
32880 32
32890 35
32900 23
32910 23
32920 27
32930 28
32940 40
32950 11
32960 22
32970 30
32980 33
32990 34
33000 12
33010 24
33020 36
33030 31
33040 21
33050 33
33060 21
33070 37
33080 35
33090 26
33100 18
33110 28
33120 25
33130 21
33140 33
33150 23
33160 27
33170 27
33180 26
33190 26
33200 22
33210 34
33220 14
33230 14
33240 28
33250 32
33260 32
33270 27
33280 38
33290 29
33300 28
33310 31
33320 26
33330 21
33340 11
33350 31
33360 16
33370 11
33380 20
33390 21
33400 32
33410 22
33420 31
33430 27
33440 26
33450 15
33460 14
33470 20
33480 26
33490 11
33500 22
33510 24
33520 27
33530 28
33540 23
33550 17
33560 27
33570 24
33580 33
33590 9
33600 32
33610 18
33620 18
33630 34
33640 34
33650 41
33660 33
33670 33
33680 13
33690 32
33700 14
33710 22
33720 21
33730 14
33740 17
33750 25
33760 35
33770 17
33780 28
33790 32
33800 34
33810 29
33820 27
33830 40
33840 33
33850 26
33860 44
33870 40
33880 40
33890 32
33900 21
33910 17
33920 31
33930 36
33940 29
33950 28
33960 23
33970 30
33980 30
33990 29
34000 26
34010 20
34020 43
34030 25
34040 26
34050 27
34060 20
34070 17
34080 23
34090 28
34100 26
34110 36
34120 13
34130 27
34140 31
34150 26
34160 20
34170 28
34180 20
34190 23
34200 32
34210 11
34220 29
34230 16
34240 9
34250 22
34260 28
34270 40
34280 35
34290 32
34300 21
34310 27
34320 27
34330 25
34340 18
34350 16
34360 27
34370 31
34380 25
34390 34
34400 25
34410 22
34420 12
34430 14
34440 17
34450 39
34460 22
34470 16
34480 32
34490 36
34500 13
34510 23
34520 25
34530 28
34540 29
34550 19
34560 20
34570 24
34580 30
34590 34
34600 21
34610 16
34620 30
34630 19
34640 25
34650 33
34660 27
34670 21
34680 10
34690 14
34700 33
34710 25
34720 38
34730 30
34740 32
34750 30
34760 31
34770 34
34780 16
34790 25
34800 26
34810 29
34820 28
34830 42
34840 34
34850 27
34860 30
34870 32
34880 37
34890 25
34900 33
34910 17
34920 27
34930 24
34940 28
34950 36
34960 26
34970 26
34980 35
34990 27
35000 29
35010 36
35020 34
35030 34
35040 33
35050 32
35060 23
35070 38
35080 35
35090 35
35100 31
35110 37
35120 29
35130 33
35140 32
35150 33
35160 25
35170 24
35180 22
35190 25
35200 40
35210 36
35220 29
35230 22
35240 36
35250 24
35260 39
35270 31
35280 32
35290 28
35300 18
35310 27
35320 19
35330 45
35340 30
35350 29
35360 40
35370 38
35380 26
35390 29
35400 22
35410 35
35420 28
35430 31
35440 41
35450 28
35460 27
35470 28
35480 34
35490 36
35500 32
35510 29
35520 36
35530 42
35540 31
35550 21
35560 36
35570 34
35580 42
35590 29
35600 34
35610 33
35620 29
35630 35
35640 26
35650 31
35660 41
35670 33
35680 37
35690 32
35700 40
35710 28
35720 28
35730 33
35740 32
35750 39
35760 37
35770 28
35780 35
35790 30
35800 33
35810 34
35820 37
35830 39
35840 33
35850 40
35860 21
35870 30
35880 22
35890 31
35900 33
35910 34
35920 30
35930 24
35940 33
35950 37
35960 30
35970 36
35980 42
35990 32
36000 33
36010 30
36020 40
36030 35
36040 32
36050 31
36060 28
36070 28
36080 21
36090 26
36100 14
36110 21
36120 30
36130 26
36140 24
36150 26
36160 38
36170 23
36180 36
36190 34
36200 38
36210 30
36220 32
36230 41
36240 32
36250 34
36260 31
36270 37
36280 34
36290 27
36300 24
36310 38
36320 16
36330 33
36340 29
36350 40
36360 18
36370 23
36380 20
36390 29
36400 31
36410 39
36420 34
36430 39
36440 34
36450 25
36460 29
36470 20
36480 33
36490 26
36500 22
36510 30
36520 34
36530 28
36540 25
36550 38
36560 26
36570 19
36580 15
36590 29
36600 19
36610 25
36620 24
36630 29
36640 34
36650 31
36660 35
36670 40
36680 37
36690 36
36700 27
36710 31
36720 36
36730 39
36740 28
36750 24
36760 38
36770 25
36780 35
36790 33
36800 24
36810 36
36820 35
36830 42
36840 45
36850 42
36860 43
36870 33
36880 34
36890 35
36900 20
36910 24
36920 30
36930 36
36940 29
36950 33
36960 20
36970 36
36980 35
36990 33
37000 34
37010 36
37020 32
37030 39
37040 34
37050 41
37060 36
37070 39
37080 29
37090 33
37100 38
37110 35
37120 35
37130 38
37140 29
37150 38
37160 30
37170 40
37180 45
37190 34
37200 36
37210 39
37220 28
37230 32
37240 33
37250 23
37260 34
37270 38
37280 31
37290 28
37300 33
37310 36
37320 29
37330 25
37340 36
37350 28
37360 30
37370 39
37380 28
37390 33
37400 34
37410 33
37420 36
37430 36
37440 36
37450 34
37460 36
37470 38
37480 32
37490 26
37500 40
37510 38
37520 35
37530 38
37540 39
37550 40
37560 29
37570 25
37580 37
37590 36
37600 33
37610 36
37620 32
37630 38
37640 28
37650 38
37660 32
37670 37
37680 33
37690 29
37700 30
37710 26
37720 20
37730 28
37740 20
37750 29
37760 36
37770 29
37780 33
37790 25
37800 12
37810 17
37820 21
37830 22
37840 26
37850 31
37860 40
37870 18
37880 20
37890 30
37900 31
37910 33
37920 32
37930 30
37940 29
37950 39
37960 27
37970 44
37980 25
37990 27
38000 23
38010 33
38020 30
38030 45
38040 37
38050 37
38060 33
38070 36
38080 42
38090 32
38100 38
38110 24
38120 32
38130 38
38140 35
38150 23
38160 31
38170 41
38180 43
38190 29
38200 24
38210 27
38220 24
38230 23
38240 43
38250 19
38260 38
38270 35
38280 27
38290 17
38300 33
38310 36
38320 30
38330 32
38340 31
38350 35
38360 38
38370 30
38380 31
38390 21
38400 25
38410 22
38420 34
38430 39
38440 23
38450 25
38460 32
38470 29
38480 31
38490 28
38500 35
38510 33
38520 34
38530 27
38540 45
38550 26
38560 25
38570 36
38580 28
38590 41
38600 22
38610 30
38620 24
38630 24
38640 29
38650 33
38660 30
38670 32
38680 27
38690 29
38700 33
38710 33
38720 35
38730 21
38740 40
38750 35
38760 39
38770 22
38780 39
38790 32
38800 38
38810 29
38820 32
38830 20
38840 22
38850 32
38860 41
38870 30
38880 38
38890 31
38900 40
38910 34
38920 30
38930 38
38940 28
38950 29
38960 24
38970 37
38980 37
38990 32
39000 30
39010 34
39020 34
39030 41
39040 34
39050 39
39060 39
39070 33
39080 30
39090 30
39100 34
39110 25
39120 30
39130 21
39140 30
39150 30
39160 34
39170 32
39180 25
39190 20
39200 30
39210 38
39220 17
39230 36
39240 26
39250 26
39260 33
39270 37
39280 32
39290 36
39300 30
39310 29
39320 30
39330 39
39340 25
39350 30
39360 32
39370 29
39380 28
39390 34
39400 32
39410 32
39420 25
39430 29
39440 27
39450 27
39460 28
39470 28
39480 27
39490 28
39500 27
39510 31
39520 32
39530 20
39540 28
39550 39
39560 32
39570 32
39580 37
39590 19
39600 29
39610 34
39620 33
39630 36
39640 26
39650 27
39660 18
39670 35
39680 30
39690 25
39700 30
39710 37
39720 23
39730 26
39740 31
39750 38
39760 29
39770 34
39780 23
39790 34
39800 38
39810 25
39820 36
39830 30
39840 37
39850 39
39860 38
39870 34
39880 31
39890 30
39900 43
39910 15
39920 23
39930 20
39940 35
39950 38
39960 34
39970 32
39980 30
39990 32
40000 33
40010 34
40020 30
40030 28
40040 40
40050 25
40060 22
40070 34
40080 37
40090 39
40100 29
40110 40
40120 25
40130 31
40140 29
40150 36
40160 31
40170 23
40180 18
40190 22
40200 30
40210 38
40220 27
40230 29
40240 32
40250 28
40260 32
40270 23
40280 39
40290 25
40300 22
40310 40
40320 30
40330 33
40340 29
40350 33
40360 30
40370 24
40380 24
40390 34
40400 29
40410 27
40420 21
40430 35
40440 37
40450 43
40460 39
40470 25
40480 42
40490 20
40500 32
40510 40
40520 26
40530 24
40540 22
40550 32
40560 27
40570 27
40580 19
40590 28
40600 21
40610 23
40620 33
40630 29
40640 34
40650 40
40660 33
40670 35
40680 39
40690 33
40700 38
40710 35
40720 38
40730 43
40740 36
40750 36
40760 26
40770 41
40780 45
40790 28
40800 30
40810 24
40820 27
40830 40
40840 41
40850 22
40860 34
40870 35
40880 17
40890 40
40900 41
40910 16
40920 37
40930 27
40940 29
40950 31
40960 37
40970 30
40980 36
40990 41
41000 36
41010 28
41020 21
41030 25
41040 15
41050 44
41060 21
41070 28
41080 30
41090 27
41100 21
41110 22
41120 36
41130 31
41140 26
41150 28
41160 33
41170 36
41180 35
41190 35
41200 35
41210 30
41220 38
41230 29
41240 39
41250 35
41260 37
41270 30
41280 40
41290 41
41300 34
41310 23
41320 41
41330 26
41340 37
41350 43
41360 29
41370 36
41380 31
41390 37
41400 44
41410 37
41420 37
41430 32
41440 33
41450 36
41460 42
41470 33
41480 29
41490 35
41500 37
41510 35
41520 32
41530 37
41540 23
41550 16
41560 32
41570 33
41580 24
41590 31
41600 27
41610 28
41620 25
41630 38
41640 29
41650 26
41660 15
41670 13
41680 26
41690 42
41700 25
41710 22
41720 23
41730 12
41740 18
41750 19
41760 15
41770 11
41780 34
41790 35
41800 26
41810 35
41820 30
41830 28
41840 41
41850 29
41860 41
41870 27
41880 20
41890 36
41900 35
41910 15
41920 29
41930 23
41940 33
41950 36
41960 34
41970 29
41980 37
41990 37
42000 42
42010 48
42020 19
42030 31
42040 33
42050 38
42060 34
42070 28
42080 29
42090 39
42100 24
42110 32
42120 15
42130 16
42140 20
42150 11
42160 14
42170 27
42180 41
42190 37
42200 38
42210 37
42220 38
42230 43
42240 35
42250 37
42260 33
42270 35
42280 33
42290 20
42300 29
42310 27
42320 22
42330 32
42340 39
42350 37
42360 36
42370 37
42380 28
42390 24
42400 27
42410 38
42420 32
42430 22
42440 28
42450 39
42460 35
42470 34
42480 30
42490 28
42500 29
42510 29
42520 40
42530 28
42540 38
42550 21
42560 17
42570 31
42580 27
42590 26
42600 27
42610 8
42620 36
42630 32
42640 36
42650 21
42660 23
42670 38
42680 31
42690 35
42700 34
42710 25
42720 32
42730 26
42740 32
42750 26
42760 25
42770 37
42780 34
42790 28
42800 40
42810 14
42820 27
42830 27
42840 26
42850 30
42860 32
42870 32
42880 20
42890 39
42900 31
42910 26
42920 29
42930 6
42940 39
42950 31
42960 30
42970 39
42980 26
42990 22
43000 23
43010 17
43020 23
43030 25
43040 11
43050 8
43060 25
43070 19
43080 33
43090 32
43100 16
43110 22
43120 36
43130 27
43140 16
43150 21
43160 31
43170 9
43180 24
43190 26
43200 35
43210 26
43220 33
43230 23
43240 23
43250 28
43260 22
43270 35
43280 39
43290 36
43300 20
43310 26
43320 19
43330 24
43340 43
43350 38
43360 27
43370 40
43380 24
43390 24
43400 25
43410 33
43420 29
43430 34
43440 37
43450 30
43460 32
43470 18
43480 41
43490 45
43500 32
43510 38
43520 39
43530 41
43540 19
43550 27
43560 38
43570 30
43580 23
43590 29
43600 23
43610 19
43620 15
43630 22
43640 32
43650 14
43660 17
43670 35
43680 34
43690 19
43700 33
43710 19
43720 32
43730 31
43740 22
43750 22
43760 38
43770 26
43780 22
43790 29
43800 17
43810 28
43820 10
43830 7
43840 25
43850 15
43860 30
43870 30
43880 15
43890 34
43900 33
43910 30
43920 23
43930 30
43940 31
43950 32
43960 32
43970 17
43980 25
43990 27
44000 27
44010 21
44020 22
44030 25
44040 24
44050 25
44060 14
44070 29
44080 32
44090 7
44100 30
44110 13
44120 24
44130 15
44140 28
44150 27
44160 27
44170 30
44180 33
44190 25
44200 13
44210 22
44220 15
44230 14
44240 3
44250 21
44260 29
44270 17
44280 20
44290 34
44300 15
44310 30
44320 27
44330 31
44340 31
44350 32
44360 33
44370 33
44380 38
44390 23
44400 34
44410 28
44420 17
44430 38
44440 27
44450 24
44460 25
44470 17
44480 30
44490 32
44500 21
44510 28
44520 26
44530 27
44540 29
44550 30
44560 23
44570 28
44580 32
44590 29
44600 41
44610 25
44620 17
44630 32
44640 35
44650 20
44660 21
44670 13
44680 25
44690 20
44700 22
44710 17
44720 22
44730 32
44740 24
44750 29
44760 30
44770 20
44780 36
44790 24
44800 29
44810 26
44820 25
44830 12
44840 23
44850 22
44860 20
44870 17
44880 36
44890 21
44900 26
44910 19
44920 24
44930 23
44940 23
44950 27
44960 15
44970 2
44980 17
44990 25
45000 34
45010 27
45020 38
45030 14
45040 32
45050 32
45060 20
45070 17
45080 29
45090 19
45100 22
45110 22
45120 20
45130 23
45140 40
45150 16
45160 16
45170 34
45180 22
45190 31
45200 32
45210 13
45220 32
45230 22
45240 35
45250 40
45260 32
45270 30
45280 24
45290 16
45300 33
45310 38
45320 38
45330 38
45340 39
45350 30
45360 24
45370 42
45380 17
45390 26
45400 32
45410 37
45420 36
45430 36
45440 32
45450 33
45460 12
45470 24
45480 18
45490 13
45500 11
45510 33
45520 7
45530 28
45540 14
45550 11
45560 29
45570 26
45580 29
45590 36
45600 27
45610 26
45620 19
45630 29
45640 36
45650 19
45660 31
45670 31
45680 37
45690 38
45700 18
45710 27
45720 39
45730 27
45740 34
45750 19
45760 38
45770 29
45780 37
45790 32
45800 37
45810 38
45820 40
45830 28
45840 32
45850 43
45860 32
45870 41
45880 34
45890 38
45900 38
45910 37
45920 29
45930 29
45940 32
45950 27
45960 35
45970 31
45980 40
45990 23
46000 27
46010 18
46020 28
46030 30
46040 35
46050 13
46060 27
46070 28
46080 32
46090 28
46100 25
46110 17
46120 16
46130 33
46140 23
46150 15
46160 33
46170 21
46180 26
46190 30
46200 21
46210 39
46220 36
46230 18
46240 8
46250 11
46260 28
46270 38
46280 22
46290 9
46300 16
46310 25
46320 31
46330 35
46340 30
46350 32
46360 36
46370 38
46380 36
46390 28
46400 31
46410 35
46420 33
46430 34
46440 32
46450 30
46460 38
46470 38
46480 33
46490 36
46500 36
46510 41
46520 36
46530 24
46540 33
46550 21
46560 19
46570 41
46580 28
46590 11
46600 20
46610 32
46620 33
46630 20
46640 34
46650 27
46660 28
46670 32
46680 41
46690 32
46700 37
46710 24
46720 36
46730 42
46740 31
46750 17
46760 14
46770 35
46780 35
46790 38
46800 36
46810 28
46820 32
46830 24
46840 39
46850 34
46860 29
46870 27
46880 41
46890 34
46900 34
46910 24
46920 16
46930 24
46940 18
46950 37
46960 29
46970 30
46980 26
46990 26
47000 29
47010 32
47020 26
47030 28
47040 28
47050 15
47060 28
47070 35
47080 25
47090 24
47100 30
47110 30
47120 24
47130 32
47140 33
47150 22
47160 28
47170 18
47180 26
47190 22
47200 24
47210 25
47220 31
47230 17
47240 28
47250 27
47260 28
47270 35
47280 37
47290 32
47300 34
47310 31
47320 29
47330 27
47340 31
47350 30
47360 10
47370 29
47380 31
47390 29
47400 34
47410 32
47420 34
47430 28
47440 35
47450 6
47460 17
47470 47
47480 25
47490 28
47500 35
47510 33
47520 32
47530 25
47540 29
47550 33
47560 20
47570 25
47580 20
47590 21
47600 9
47610 28
47620 15
47630 33
47640 13
47650 15
47660 22
47670 29
47680 31
47690 18
47700 27
47710 20
47720 20
47730 29
47740 28
47750 13
47760 20
47770 22
47780 6
47790 11
47800 10
47810 30
47820 27
47830 25
47840 37
47850 28
47860 12
47870 31
47880 28
47890 29
47900 18
47910 31
47920 26
47930 22
47940 38
47950 25
47960 28
47970 27
47980 27
47990 30
48000 24
48010 19
48020 29
48030 23
48040 23
48050 27
48060 17
48070 38
48080 17
48090 14
48100 30
48110 28
48120 31
48130 25
48140 20
48150 34
48160 27
48170 26
48180 30
48190 22
48200 37
48210 30
48220 31
48230 33
48240 25
48250 35
48260 36
48270 31
48280 26
48290 35
48300 21
48310 22
48320 21
48330 27
48340 31
48350 31
48360 34
48370 29
48380 27
48390 40
48400 31
48410 37
48420 32
48430 32
48440 30
48450 21
48460 25
48470 29
48480 26
48490 25
48500 26
48510 18
48520 27
48530 6
48540 24
48550 11
48560 19
48570 29
48580 16
48590 22
48600 11
48610 14
48620 16
48630 25
48640 20
48650 16
48660 12
48670 19
48680 29
48690 28
48700 25
48710 19
48720 19
48730 32
48740 16
48750 19
48760 12
48770 17
48780 37
48790 24
48800 31
48810 25
48820 41
48830 37
48840 31
48850 42
48860 41
48870 21
48880 39
48890 23
48900 31
48910 39
48920 30
48930 25
48940 24
48950 41
48960 27
48970 25
48980 22
48990 29
49000 21
49010 19
49020 21
49030 24
49040 23
49050 26
49060 26
49070 16
49080 26
49090 15
49100 14
49110 37
49120 34
49130 22
49140 25
49150 31
49160 38
49170 14
49180 32
49190 36
49200 32
49210 21
49220 34
49230 25
49240 25
49250 26
49260 38
49270 24
49280 21
49290 32
49300 19
49310 26
49320 30
49330 34
49340 18
49350 23
49360 45
49370 37
49380 25
49390 37
49400 30
49410 35
49420 24
49430 28
49440 32
49450 38
49460 28
49470 30
49480 30
49490 34
49500 19
49510 12
49520 17
49530 30
49540 39
49550 35
49560 28
49570 34
49580 22
49590 21
49600 27
49610 22
49620 24
49630 29
49640 29
49650 35
49660 33
49670 33
49680 20
49690 28
49700 27
49710 21
49720 25
49730 31
49740 27
49750 28
49760 32
49770 34
49780 25
49790 32
49800 21
49810 34
49820 25
49830 26
49840 27
49850 23
49860 27
49870 32
49880 21
49890 16
49900 30
49910 30
49920 16
49930 37
49940 15
49950 24
49960 22
49970 32
49980 26
49990 19
50000 20
50010 24
50020 28
50030 18
50040 37
50050 35
50060 28
50070 32
50080 23
50090 19
50100 32
50110 27
50120 31
50130 35
50140 31
50150 22
50160 18
50170 37
50180 17
50190 23
50200 27
50210 25
50220 44
50230 30
50240 40
50250 30
50260 35
50270 26
50280 39
50290 28
50300 32
50310 36
50320 31
50330 34
50340 32
50350 32
50360 36
50370 37
50380 32
50390 31
50400 35
50410 25
50420 20
50430 32
50440 28
50450 27
50460 30
50470 33
50480 35
50490 37
50500 25
50510 15
50520 21
50530 32
50540 23
50550 25
50560 23
50570 19
50580 22
50590 14
50600 29
50610 20
50620 19
50630 11
50640 12
50650 27
50660 19
50670 14
50680 31
50690 20
50700 28
50710 12
50720 23
50730 32
50740 38
50750 35
50760 21
50770 30
50780 32
50790 25
50800 32
50810 23
50820 17
50830 35
50840 23
50850 25
50860 23
50870 25
50880 22
50890 24
50900 32
50910 34
50920 26
50930 22
50940 33
50950 31
50960 24
50970 27
50980 24
50990 21
51000 22
51010 32
51020 30
51030 18
51040 27
51050 24
51060 18
51070 31
51080 17
51090 38
51100 26
51110 37
51120 12
51130 24
51140 32
51150 28
51160 32
51170 31
51180 25
51190 26
51200 22
51210 24
51220 16
51230 20
51240 16
51250 28
51260 28
51270 15
51280 27
51290 30
51300 19
51310 32
51320 33
51330 22
51340 28
51350 30
51360 34
51370 30
51380 31
51390 31
51400 25
51410 30
51420 15
51430 26
51440 34
51450 14
51460 30
51470 14
51480 23
51490 12
51500 27
51510 14
51520 30
51530 23
51540 26
51550 32
51560 19
51570 23
51580 22
51590 34
51600 26
51610 36
51620 37
51630 19
51640 30
51650 26
51660 33
51670 31
51680 30
51690 31
51700 40
51710 30
51720 33
51730 25
51740 35
51750 36
51760 24
51770 31
51780 35
51790 32
51800 38
51810 26
51820 16
51830 31
51840 33
51850 27
51860 35
51870 32
51880 28
51890 46
51900 24
51910 36
51920 39
51930 27
51940 37
51950 30
51960 30
51970 32
51980 35
51990 32
52000 41
52010 38
52020 40
52030 24
52040 32
52050 33
52060 30
52070 36
52080 39
52090 31
52100 34
52110 29
52120 32
52130 28
52140 15
52150 22
52160 15
52170 12
52180 14
52190 16
52200 35
52210 34
52220 20
52230 17
52240 25
52250 38
52260 35
52270 12
52280 27
52290 34
52300 25
52310 18
52320 17
52330 30
52340 31
52350 20
52360 17
52370 18
52380 13
52390 23
52400 27
52410 24
52420 31
52430 21
52440 38
52450 33
52460 29
52470 37
52480 30
52490 39
52500 33
52510 30
52520 30
52530 31
52540 19
52550 35
52560 32
52570 26
52580 38
52590 15
52600 29
52610 32
52620 28
52630 36
52640 26
52650 25
52660 33
52670 38
52680 30
52690 27
52700 28
52710 37
52720 35
52730 38
52740 24
52750 23
52760 22
52770 23
52780 13
52790 18
52800 28
52810 21
52820 21
52830 11
52840 36
52850 16
52860 8
52870 29
52880 13
52890 14
52900 28
52910 27
52920 12
52930 20
52940 20
52950 6
52960 12
52970 34
52980 32
52990 11
53000 21
53010 12
53020 27
53030 19
53040 25
53050 15
53060 28
53070 28
53080 23
53090 35
53100 38
53110 37
53120 25
53130 30
53140 20
53150 23
53160 14
53170 19
53180 20
53190 15
53200 29
53210 10
53220 33
53230 24
53240 23
53250 33
53260 14
53270 26
53280 28
53290 10
53300 36
53310 26
53320 20
53330 18
53340 34
53350 28
53360 14
53370 31
53380 28
53390 20
53400 23
53410 29
53420 24
53430 37
53440 18
53450 20
53460 34
53470 30
53480 25
53490 27
53500 27
53510 24
53520 36
53530 30
53540 34
53550 36
53560 25
53570 29
53580 23
53590 33
53600 30
53610 37
53620 32
53630 29
53640 33
53650 25
53660 26
53670 38
53680 34
53690 33
53700 39
53710 24
53720 34
53730 28
53740 41
53750 35
53760 45
53770 33
53780 32
53790 19
53800 34
53810 28
53820 26
53830 23
53840 23
53850 32
53860 40
53870 33
53880 15
53890 27
53900 28
53910 19
53920 25
53930 26
53940 45
53950 31
53960 21
53970 45
53980 20
53990 40
54000 31
54010 36
54020 29
54030 36
54040 31
54050 35
54060 24
54070 29
54080 37
54090 33
54100 36
54110 13
54120 36
54130 34
54140 22
54150 24
54160 29
54170 29
54180 27
54190 24
54200 31
54210 33
54220 16
54230 24
54240 29
54250 35
54260 28
54270 31
54280 23
54290 32
54300 37
54310 37
54320 27
54330 29
54340 19
54350 36
54360 34
54370 36
54380 30
54390 35
54400 34
54410 33
54420 33
54430 34
54440 23
54450 28
54460 36
54470 30
54480 37
54490 22
54500 26
54510 31
54520 14
54530 25
54540 34
54550 27
54560 33
54570 26
54580 13
54590 24
54600 14
54610 33
54620 26
54630 24
54640 25
54650 34
54660 37
54670 27
54680 38
54690 19
54700 29
54710 11
54720 28
54730 28
54740 13
54750 18
54760 26
54770 30
54780 28
54790 27
54800 14
54810 36
54820 31
54830 21
54840 30
54850 30
54860 23
54870 37
54880 38
54890 27
54900 25
54910 32
54920 24
54930 23
54940 27
54950 19
54960 32
54970 28
54980 25
54990 17
55000 19
55010 18
55020 33
55030 21
55040 32
55050 26
55060 28
55070 25
55080 12
55090 41
55100 33
55110 29
55120 31
55130 27
55140 25
55150 30
55160 16
55170 30
55180 29
55190 39
55200 33
55210 26
55220 34
55230 30
55240 33
55250 29
55260 24
55270 29
55280 28
55290 25
55300 34
55310 37
55320 30
55330 39
55340 36
55350 36
55360 22
55370 26
55380 36
55390 29
55400 28
55410 38
55420 20
55430 31
55440 29
55450 21
55460 32
55470 28
55480 25
55490 32
55500 27
55510 27
55520 27
55530 29
55540 25
55550 29
55560 29
55570 22
55580 29
55590 27
55600 36
55610 31
55620 30
55630 39
55640 34
55650 34
55660 28
55670 18
55680 19
55690 17
55700 29
55710 25
55720 23
55730 17
55740 23
55750 24
55760 26
55770 20
55780 22
55790 27
55800 23
55810 25
55820 24
55830 21
55840 28
55850 35
55860 23
55870 32
55880 20
55890 25
55900 34
55910 25
55920 30
55930 24
55940 28
55950 37
55960 25
55970 28
55980 26
55990 25
56000 31
56010 30
56020 27
56030 13
56040 23
56050 31
56060 15
56070 39
56080 21
56090 35
56100 35
56110 28
56120 30
56130 39
56140 21
56150 26
56160 14
56170 18
56180 12
56190 36
56200 22
56210 24
56220 22
56230 31
56240 18
56250 22
56260 33
56270 34
56280 21
56290 16
56300 17
56310 24
56320 26
56330 21
56340 27
56350 24
56360 25
56370 26
56380 29
56390 20
56400 28
56410 29
56420 15
56430 20
56440 19
56450 21
56460 19
56470 21
56480 32
56490 30
56500 27
56510 34
56520 15
56530 15
56540 21
56550 14
56560 11
56570 10
56580 6
56590 24
56600 21
56610 20
56620 10
56630 5
56640 5
56650 23
56660 15
56670 31
56680 33
56690 25
56700 14
56710 18
56720 19
56730 17
56740 36
56750 17
56760 20
56770 36
56780 33
56790 23
56800 41
56810 25
56820 27
56830 34
56840 35
56850 36
56860 31
56870 35
56880 33
56890 35
56900 36
56910 35
56920 30
56930 26
56940 31
56950 25
56960 29
56970 26
56980 29
56990 32
57000 32
57010 29
57020 23
57030 35
57040 34
57050 27
57060 11
57070 17
57080 36
57090 28
57100 10
57110 19
57120 25
57130 28
57140 21
57150 32
57160 30
57170 36
57180 35
57190 35
57200 32
57210 32
57220 21
57230 16
57240 32
57250 20
57260 22
57270 24
57280 30
57290 37
57300 24
57310 35
57320 26
57330 41
57340 22
57350 31
57360 34
57370 29
57380 18
57390 29
57400 16
57410 26
57420 14
57430 14
57440 17
57450 23
57460 8
57470 26
57480 32
57490 27
57500 20
57510 32
57520 14
57530 24
57540 10
57550 31
57560 31
57570 34
57580 27
57590 27
57600 28
57610 33
57620 23
57630 31
57640 34
57650 26
57660 28
57670 35
57680 28
57690 25
57700 23
57710 32
57720 26
57730 32
57740 25
57750 31
57760 22
57770 26
57780 39
57790 23
57800 32
57810 30
57820 27
57830 23
57840 31
57850 11
57860 29
57870 35
57880 30
57890 32
57900 28
57910 45
57920 23
57930 37
57940 24
57950 23
57960 36
57970 35
57980 18
57990 30
58000 36
58010 26
58020 24
58030 29
58040 19
58050 37
58060 33
58070 40
58080 33
58090 30
58100 34
58110 35
58120 20
58130 30
58140 20
58150 29
58160 31
58170 28
58180 19
58190 28
58200 26
58210 34
58220 36
58230 34
58240 22
58250 14
58260 38
58270 12
58280 40
58290 23
58300 25
58310 29
58320 25
58330 26
58340 26
58350 37
58360 30
58370 26
58380 20
58390 28
58400 25
58410 18
58420 27
58430 11
58440 24
58450 28
58460 32
58470 13
58480 21
58490 26
58500 19
58510 7
58520 22
58530 10
58540 23
58550 21
58560 27
58570 20
58580 24
58590 24
58600 19
58610 19
58620 18
58630 11
58640 25
58650 25
58660 9
58670 23
58680 17
58690 29
58700 26
58710 19
58720 23
58730 26
58740 23
58750 29
58760 35
58770 23
58780 18
58790 11
58800 16
58810 31
58820 14
58830 12
58840 16
58850 18
58860 26
58870 15
58880 28
58890 16
58900 26
58910 26
58920 24
58930 19
58940 35
58950 32
58960 26
58970 16
58980 22
58990 31
59000 32
59010 17
59020 28
59030 34
59040 10
59050 21
59060 19
59070 20
59080 14
59090 32
59100 29
59110 23
59120 25
59130 27
59140 23
59150 26
59160 23
59170 23
59180 20
59190 31
59200 34
59210 12
59220 29
59230 20
59240 19
59250 15
59260 23
59270 26
59280 37
59290 33
59300 21
59310 28
59320 32
59330 24
59340 35
59350 32
59360 28
59370 25
59380 15
59390 24
59400 28
59410 27
59420 17
59430 31
59440 16
59450 15
59460 18
59470 18
59480 12
59490 22
59500 26
59510 20
59520 36
59530 21
59540 16
59550 17
59560 11
59570 19
59580 19
59590 33
59600 18
59610 25
59620 21
59630 26
59640 20
59650 24
59660 24
59670 19
59680 25
59690 25
59700 21
59710 27
59720 22
59730 19
59740 17
59750 26
59760 24
59770 22
59780 24
59790 20
59800 40
59810 31
59820 34
59830 18
59840 31
59850 39
59860 27
59870 36
59880 41
59890 23
59900 25
59910 27
59920 27
59930 26
59940 19
59950 23
59960 35
59970 30
59980 29
59990 26
60000 22
60010 27
60020 25
60030 25
60040 36
60050 30
60060 29
60070 24
60080 7
60090 34
60100 30
60110 17
60120 26
60130 38
60140 38
60150 26
60160 20
60170 32
60180 27
60190 30
60200 19
60210 38
60220 40
60230 28
60240 36
60250 30
60260 33
60270 32
60280 16
60290 28
60300 38
60310 30
60320 28
60330 18
60340 24
60350 30
60360 28
60370 35
60380 29
60390 24
60400 43
60410 24
60420 20
60430 20
60440 16
60450 37
60460 23
60470 19
60480 28
60490 31
60500 27
60510 17
60520 16
60530 28
60540 15
60550 28
60560 25
60570 30
60580 18
60590 31
60600 27
60610 32
60620 48
60630 32
60640 17
60650 25
60660 27
60670 17
60680 27
60690 16
60700 28
60710 29
60720 26
60730 14
60740 19
60750 10
60760 10
60770 35
60780 27
60790 33
60800 27
60810 28
60820 34
60830 16
60840 22
60850 38
60860 27
60870 18
60880 20
60890 36
60900 13
60910 13
60920 6
60930 25
60940 12
60950 21
60960 20
60970 14
60980 18
60990 15
61000 12
61010 18
61020 19
61030 11
61040 23
61050 25
61060 25
61070 16
61080 14
61090 19
61100 11
61110 25
61120 22
61130 19
61140 25
61150 27
61160 21
61170 16
61180 24
61190 26
61200 26
61210 15
61220 10
61230 15
61240 16
61250 3
61260 15
61270 18
61280 18
61290 33
61300 32
61310 21
61320 31
61330 30
61340 30
61350 31
61360 29
61370 19
61380 38
61390 12
61400 16
61410 19
61420 13
61430 14
61440 20
61450 19
61460 20
61470 21
61480 14
61490 28
61500 16
61510 10
61520 18
61530 25
61540 25
61550 13
61560 18
61570 19
61580 25
61590 15
61600 13
61610 23
61620 19
61630 15
61640 19
61650 27
61660 18
61670 16
61680 12
61690 15
61700 19
61710 27
61720 23
61730 8
61740 13
61750 17
61760 10
61770 24
61780 21
61790 16
61800 14
61810 19
61820 18
61830 21
61840 21
61850 29
61860 33
61870 26
61880 29
61890 23
61900 30
61910 12
61920 27
61930 33
61940 30
61950 37
61960 26
61970 26
61980 32
61990 35
62000 44
62010 25
62020 39
62030 38
62040 26
62050 26
62060 40
62070 47
62080 37
62090 36
62100 37
62110 37
62120 36
62130 30
62140 36
62150 29
62160 36
62170 35
62180 33
62190 26
62200 37
62210 33
62220 30
62230 27
62240 22
62250 29
62260 29
62270 30
62280 40
62290 25
62300 39
62310 33
62320 29
62330 23
62340 28
62350 16
62360 25
62370 25
62380 22
62390 37
62400 33
62410 34
62420 36
62430 33
62440 28
62450 35
62460 26
62470 33
62480 12
62490 14
62500 8
62510 9
62520 6
62530 8
62540 16
62550 13
62560 16
62570 15
62580 16
62590 15
62600 18
62610 10
62620 9
62630 12
62640 11
62650 17
62660 10
62670 16
62680 21
62690 24
62700 18
62710 18
62720 15
62730 23
62740 22
62750 25
62760 25
62770 24
62780 20
62790 19
62800 9
62810 9
62820 8
62830 15
62840 24
62850 19
62860 12
62870 15
62880 18
62890 20
62900 24
62910 15
62920 14
62930 20
62940 22
62950 13
62960 24
62970 11
62980 8
62990 17
63000 16
63010 16
63020 24
63030 11
63040 16
63050 32
63060 18
63070 22
63080 11
63090 30
63100 28
63110 21
63120 21
63130 25
63140 19
63150 10
63160 20
63170 22
63180 20
63190 19
63200 20
63210 6
63220 15
63230 20
63240 20
63250 20
63260 37
63270 22
63280 14
63290 23
63300 25
63310 23
63320 34
63330 37
63340 34
63350 36
63360 22
63370 36
63380 31
63390 28
63400 35
63410 41
63420 31
63430 23
63440 34
63450 27
63460 36
63470 14
63480 19
63490 16
63500 15
63510 24
63520 24
63530 15
63540 14
63550 17
63560 16
63570 23
63580 27
63590 14
63600 25
63610 15
63620 22
63630 18
63640 14
63650 15
63660 9
63670 7
63680 16
63690 15
63700 7
63710 10
63720 13
63730 11
63740 21
63750 16
63760 24
63770 21
63780 14
63790 19
63800 20
63810 17
63820 20
63830 12
63840 12
63850 21
63860 27
63870 44
63880 27
63890 12
63900 23
63910 16
63920 23
63930 28
63940 36
63950 35
63960 27
63970 28
63980 13
63990 37
64000 26
64010 31
64020 27
64030 32
64040 28
64050 32
64060 35
64070 30
64080 27
64090 18
64100 19
64110 26
64120 21
64130 29
64140 27
64150 31
64160 23
64170 23
64180 35
64190 19
64200 26
64210 28
64220 14
64230 26
64240 19
64250 6
64260 17
64270 16
64280 23
64290 28
64300 32
64310 38
64320 31
64330 33
64340 28
64350 21
64360 33
64370 20
64380 30
64390 24
64400 33
64410 26
64420 28
64430 30
64440 28
64450 11
64460 12
64470 17
64480 27
64490 28
64500 25
64510 35
64520 19
64530 16
64540 25
64550 27
64560 16
64570 33
64580 32
64590 29
64600 29
64610 20
64620 32
64630 21
64640 19
64650 19
64660 13
64670 11
64680 15
64690 14
64700 18
64710 23
64720 25
64730 33
64740 24
64750 34
64760 38
64770 31
64780 24
64790 24
64800 27
64810 28
64820 10
64830 23
64840 30
64850 24
64860 27
64870 11
64880 23
64890 16
64900 28
64910 25
64920 20
64930 10
64940 17
64950 12
64960 14
64970 19
64980 21
64990 17
65000 14
65010 20
65020 9
65030 11
65040 18
65050 13
65060 9
65070 11
65080 14
65090 14
65100 15
65110 10
65120 23
65130 17
65140 15
65150 10
65160 14
65170 15
65180 13
65190 10
65200 23
65210 25
65220 19
65230 12
65240 9
65250 11
65260 20
65270 14
65280 20
65290 14
65300 18
65310 22
65320 14
65330 16
65340 18
65350 16
65360 16
65370 18
65380 16
65390 16
65400 18
65410 18
65420 24
65430 13
65440 16
65450 15
65460 15
65470 11
65480 11
65490 16
65500 16
65510 15
65520 11
65530 14
65540 13
65550 17
65560 17
65570 15
65580 19
65590 15
65600 14
65610 16
65620 2
65630 13
65640 14
65650 16
65660 17
65670 13
65680 13
65690 17
65700 17
65710 14
65720 22
65730 28
65740 30
65750 26
65760 17
65770 21
65780 33
65790 30
65800 32
65810 38
65820 28
65830 33
65840 27
65850 27
65860 25
65870 24
65880 19
65890 7
65900 7
65910 14
65920 13
65930 14
65940 16
65950 13
65960 12
65970 20
65980 12
65990 13
66000 19
66010 27
66020 17
66030 26
66040 20
66050 18
66060 30
66070 14
66080 11
66090 11
66100 16
66110 26
66120 13
66130 2
66140 7
66150 3
66160 21
66170 29
66180 17
66190 12
66200 12
66210 6
66220 6
66230 8
66240 5
66250 5
66260 4
66270 8
66280 4
66290 3
66300 1
66310 5
66320 0
66330 12
66340 3
66350 2
66360 8
66370 5
66380 9
66390 2
66400 1
66410 4
66420 0
66430 0
66440 0
66450 5
66460 16
66470 0
66480 6
66490 15
66500 25
66510 10
66520 9
66530 14
66540 10
66550 13
66560 15
66570 18
66580 13
66590 18
66600 12
66610 3
66620 12
66630 6
66640 9
66650 6
66660 18
66670 2
66680 8
66690 3
66700 8
66710 15
66720 9
66730 4
66740 9
66750 18
66760 13
66770 17
66780 9
66790 14
66800 19
66810 14
66820 13
66830 13
66840 26
66850 25
66860 35
66870 21
66880 19
66890 17
66900 17
66910 31
66920 32
66930 31
66940 33
66950 27
66960 26
66970 35
66980 24
66990 3
67000 16
67010 28
67020 28
67030 31
67040 23
67050 38
67060 33
67070 15
67080 23
67090 29
67100 30
67110 43
67120 35
67130 34
67140 26
67150 32
67160 31
67170 33
67180 23
67190 25
67200 37
67210 27
67220 37
67230 27
67240 34
67250 33
67260 34
67270 13
67280 26
67290 21
67300 30
67310 17
67320 19
67330 5
67340 8
67350 21
67360 24
67370 32
67380 36
67390 25
67400 26
67410 18
67420 13
67430 24
67440 19
67450 33
67460 22
67470 43
67480 36
67490 32
67500 26
67510 28
67520 36
67530 18
67540 26
67550 30
67560 25
67570 32
67580 28
67590 43
67600 41
67610 26
67620 27
67630 29
67640 15
67650 27
67660 17
67670 14
67680 36
67690 20
67700 24
67710 20
67720 26
67730 22
67740 26
67750 31
67760 17
67770 24
67780 33
67790 22
67800 24
67810 30
67820 7
67830 19
67840 23
67850 13
67860 20
67870 20
67880 27
67890 22
67900 11
67910 30
67920 37
67930 33
67940 30
67950 21
67960 23
67970 15
67980 20
67990 17
68000 28
68010 18
68020 22
68030 14
68040 22
68050 23
68060 19
68070 29
68080 29
68090 27
68100 13
68110 14
68120 15
68130 21
68140 35
68150 12
68160 35
68170 30
68180 26
68190 28
68200 16
68210 27
68220 33
68230 30
68240 21
68250 30
68260 38
68270 39
68280 35
68290 21
68300 35
68310 27
68320 30
68330 34
68340 38
68350 19
68360 21
68370 25
68380 20
68390 29
68400 14
68410 32
68420 13
68430 32
68440 34
68450 29
68460 34
68470 21
68480 38
68490 23
68500 15
68510 29
68520 30
68530 16
68540 29
68550 38
68560 34
68570 30
68580 24
68590 34
68600 32
68610 31
68620 32
68630 39
68640 36
68650 40
68660 33
68670 31
68680 32
68690 31
68700 31
68710 35
68720 35
68730 34
68740 24
68750 35
68760 33
68770 36
68780 31
68790 22
68800 33
68810 29
68820 33
68830 21
68840 28
68850 24
68860 23
68870 29
68880 38
68890 34
68900 36
68910 40
68920 25
68930 27
68940 27
68950 29
68960 28
68970 34
68980 35
68990 26
69000 19
69010 32
69020 31
69030 27
69040 26
69050 25
69060 24
69070 33
69080 26
69090 30
69100 24
69110 18
69120 22
69130 28
69140 7
69150 17
69160 26
69170 33
69180 17
69190 24
69200 27
69210 29
69220 24
69230 26
69240 15
69250 31
69260 14
69270 31
69280 32
69290 35
69300 27
69310 27
69320 30
69330 29
69340 33
69350 33
69360 35
69370 23
69380 31
69390 31
69400 34
69410 37
69420 29
69430 40
69440 19
69450 31
69460 18
69470 34
69480 38
69490 32
69500 32
69510 37
69520 34
69530 32
69540 31
69550 36
69560 32
69570 42
69580 38
69590 29
69600 41
69610 39
69620 30
69630 45
69640 32
69650 34
69660 30
69670 34
69680 25
69690 32
69700 41
69710 34
69720 30
69730 35
69740 33
69750 32
69760 44
69770 40
69780 33
69790 29
69800 41
69810 38
69820 42
69830 38
69840 43
69850 44
69860 42
69870 44
69880 41
69890 43
69900 24
69910 38
69920 34
69930 20
69940 33
69950 29
69960 31
69970 24
69980 40
69990 39
70000 34
70010 23
70020 35
70030 32
70040 24
70050 24
70060 34
70070 37
70080 19
70090 33
70100 36
70110 33
70120 24
70130 27
70140 32
70150 25
70160 29
70170 23
70180 24
70190 30
70200 21
70210 25
70220 32
70230 29
70240 42
70250 42
70260 40
70270 34
70280 27
70290 20
70300 27
70310 19
70320 29
70330 29
70340 43
70350 33
70360 36
70370 24
70380 32
70390 31
70400 40
70410 23
70420 28
70430 26
70440 34
70450 32
70460 29
70470 36
70480 22
70490 42
70500 28
70510 33
70520 20
70530 23
70540 34
70550 23
70560 18
70570 15
70580 42
70590 31
70600 35
70610 46
70620 34
70630 40
70640 26
70650 29
70660 30
70670 26
70680 30
70690 30
70700 22
70710 36
70720 44
70730 30
70740 25
70750 32
70760 26
70770 28
70780 31
70790 36
70800 30
70810 37
70820 35
70830 32
70840 32
70850 30
70860 16
70870 36
70880 37
70890 39
70900 28
70910 26
70920 24
70930 31
70940 34
70950 31
70960 25
70970 25
70980 27
70990 31
71000 38
71010 37
71020 35
71030 29
71040 30
71050 32
71060 24
71070 31
71080 25
71090 36
71100 31
71110 35
71120 26
71130 22
71140 32
71150 20
71160 20
71170 22
71180 18
71190 27
71200 14
71210 17
71220 21
71230 15
71240 24
71250 21
71260 28
71270 26
71280 32
71290 32
71300 19
71310 17
71320 20
71330 30
71340 24
71350 30
71360 36
71370 23
71380 36
71390 31
71400 19
71410 28
71420 35
71430 29
71440 35
71450 39
71460 24
71470 33
71480 31
71490 32
71500 14
71510 22
71520 26
71530 32
71540 14
71550 38
71560 40
71570 34
71580 35
71590 38
71600 26
71610 16
71620 20
71630 15
71640 24
71650 22
71660 15
71670 33
71680 35
71690 26
71700 41
71710 28
71720 32
71730 34
71740 32
71750 17
71760 26
71770 33
71780 27
71790 20
71800 27
71810 32
71820 32
71830 36
71840 37
71850 37
71860 32
71870 47
71880 27
71890 26
71900 34
71910 43
71920 32
71930 39
71940 33
71950 37
71960 36
71970 27
71980 32
71990 33
72000 33
72010 42
72020 37
72030 33
72040 41
72050 37
72060 37
72070 31
72080 40
72090 17
72100 34
72110 27
72120 27
72130 18
72140 30
72150 39
72160 35
72170 32
72180 33
72190 34
72200 28
72210 40
72220 34
72230 39
72240 15
72250 14
72260 39
72270 30
72280 34
72290 41
72300 31
72310 20
72320 14
72330 22
72340 16
72350 26
72360 30
72370 26
72380 29
72390 33
72400 28
72410 28
72420 16
72430 21
72440 13
72450 13
72460 13
72470 11
72480 9
72490 7
72500 11
72510 7
72520 17
72530 14
72540 6
72550 12
72560 6
72570 7
72580 10
72590 6
72600 7
72610 5
72620 12
72630 12
72640 10
72650 15
72660 24
72670 13
72680 18
72690 9
72700 5
72710 9
72720 5
72730 9
72740 9
72750 8
72760 6
72770 2
72780 7
72790 3
72800 11
72810 8
72820 10
72830 14
72840 8
72850 9
72860 17
72870 9
72880 10
72890 11
72900 22
72910 11
72920 6
72930 18
72940 7
72950 14
72960 10
72970 8
72980 12
72990 21
73000 14
73010 12
73020 18
73030 10
73040 15
73050 17
73060 5
73070 11
73080 16
73090 11
73100 10
73110 12
73120 8
73130 2
73140 8
73150 2
73160 4
73170 12
73180 10
73190 12
73200 12
73210 14
73220 10
73230 8
73240 16
73250 15
73260 5
73270 7
73280 8
73290 10
73300 13
73310 6
73320 9
73330 14
73340 8
73350 6
73360 6
73370 8
73380 7
73390 6
73400 10
73410 10
73420 4
73430 13
73440 12
73450 10
73460 17
73470 10
73480 13
73490 8
73500 24
73510 19
73520 19
73530 12
73540 14
73550 14
73560 13
73570 16
73580 16
73590 13
73600 14
73610 9
73620 18
73630 3
73640 3
73650 8
73660 5
73670 4
73680 4
73690 11
73700 1
73710 1
73720 4
73730 8
73740 4
73750 3
73760 6
73770 6
73780 21
73790 14
73800 14
73810 12
73820 14
73830 10
73840 11
73850 17
73860 14
73870 14
73880 9
73890 9
73900 15
73910 11
73920 10
73930 10
73940 8
73950 3
73960 4
73970 6
73980 3
73990 3
74000 3
74010 6
74020 2
74030 2
74040 1
74050 4
74060 5
74070 4
74080 4
74090 2
74100 0
74110 4
74120 5
74130 4
74140 2
74150 3
74160 2
74170 3
74180 5
74190 1
74200 2
74210 4
74220 11
74230 10
74240 10
74250 7
74260 13
74270 9
74280 7
74290 16
74300 13
74310 13
74320 13
74330 14
74340 30
74350 20
74360 23
74370 20
74380 11
74390 20
74400 10
74410 31
74420 14
74430 18
74440 8
74450 14
74460 11
74470 7
74480 17
74490 7
74500 13
74510 13
74520 9
74530 18
74540 10
74550 17
74560 18
74570 17
74580 10
74590 11
74600 11
74610 9
74620 15
74630 11
74640 13
74650 26
74660 10
74670 22
74680 18
74690 25
74700 14
74710 4
74720 13
74730 10
74740 15
74750 10
74760 18
74770 17
74780 18
74790 13
74800 12
74810 18
74820 24
74830 29
74840 22
74850 27
74860 24
74870 26
74880 21
74890 14
74900 19
74910 8
74920 11
74930 12
74940 7
74950 8
74960 10
74970 8
74980 2
74990 16
75000 9
75010 12
75020 3
75030 15
75040 12
75050 11
75060 4
75070 5
75080 3
75090 1
75100 4
75110 20
75120 17
75130 9
75140 15
75150 19
75160 18
75170 8
75180 19
75190 17
75200 14
75210 4
75220 15
75230 25
75240 23
75250 19
75260 31
75270 14
75280 36
75290 31
75300 12
75310 13
75320 24
75330 31
75340 29
75350 33
75360 21
75370 23
75380 23
75390 27
75400 24
75410 34
75420 26
75430 25
75440 23
75450 35
75460 33
75470 13
75480 43
75490 36
75500 31
75510 32
75520 31
75530 25
75540 31
75550 29
75560 31
75570 22
75580 33
75590 23
75600 23
75610 25
75620 12
75630 21
75640 26
75650 29
75660 20
75670 25
75680 26
75690 19
75700 17
75710 14
75720 18
75730 21
75740 24
75750 35
75760 31
75770 29
75780 26
75790 30
75800 29
75810 31
75820 33
75830 34
75840 28
75850 31
75860 16
75870 33
75880 13
75890 22
75900 12
75910 17
75920 37
75930 29
75940 24
75950 26
75960 29
75970 34
75980 36
75990 25
76000 34
76010 28
76020 31
76030 31
76040 26
76050 20
76060 21
76070 11
76080 29
76090 31
76100 33
76110 18
76120 18
76130 20
76140 22
76150 18
76160 15
76170 18
76180 13
76190 23
76200 15
76210 28
76220 30
76230 25
76240 27
76250 17
76260 10
76270 20
76280 22
76290 7
76300 25
76310 32
76320 19
76330 16
76340 22
76350 13
76360 19
76370 20
76380 16
76390 20
76400 29
76410 13
76420 11
76430 15
76440 19
76450 31
76460 32
76470 33
76480 25
76490 41
76500 34
76510 33
76520 29
76530 28
76540 23
76550 21
76560 24
76570 22
76580 19
76590 32
76600 32
76610 40
76620 34
76630 28
76640 31
76650 33
76660 34
76670 36
76680 29
76690 23
76700 20
76710 13
76720 28
76730 18
76740 34
76750 21
76760 17
76770 20
76780 13
76790 22
76800 14
76810 18
76820 25
76830 11
76840 24
76850 32
76860 29
76870 26
76880 27
76890 5
76900 18
76910 10
76920 20
76930 21
76940 30
76950 19
76960 21
76970 14
76980 25
76990 21
77000 24
77010 19
77020 18
77030 10
77040 20
77050 21
77060 18
77070 14
77080 13
77090 29
77100 36
77110 32
77120 30
77130 34
77140 19
77150 21
77160 25
77170 20
77180 18
77190 28
77200 15
77210 16
77220 38
77230 14
77240 30
77250 20
77260 24
77270 18
77280 22
77290 20
77300 31
77310 25
77320 33
77330 27
77340 30
77350 30
77360 25
77370 28
77380 29
77390 11
77400 12
77410 29
77420 29
77430 19
77440 14
77450 29
77460 28
77470 24
77480 36
77490 39
77500 30
77510 27
77520 21
77530 32
77540 22
77550 12
77560 11
77570 27
77580 27
77590 17
77600 33
77610 26
77620 25
77630 24
77640 28
77650 32
77660 27
77670 18
77680 24
77690 31
77700 29
77710 23
77720 18
77730 14
77740 19
77750 15
77760 14
77770 13
77780 18
77790 9
77800 20
77810 22
77820 17
77830 12
77840 21
77850 11
77860 19
77870 38
77880 13
77890 9
77900 28
77910 21
77920 27
77930 26
77940 20
77950 21
77960 17
77970 12
77980 25
77990 19
78000 13
78010 14
78020 13
78030 19
78040 21
78050 23
78060 20
78070 17
78080 12
78090 8
78100 24
78110 15
78120 12
78130 8
78140 16
78150 14
78160 21
78170 18
78180 29
78190 16
78200 16
78210 20
78220 12
78230 13
78240 10
78250 14
78260 13
78270 11
78280 15
78290 15
78300 23
78310 17
78320 17
78330 18
78340 19
78350 15
78360 15
78370 27
78380 16
78390 29
78400 17
78410 26
78420 32
78430 25
78440 30
78450 24
78460 27
78470 24
78480 28
78490 26
78500 18
78510 32
78520 36
78530 31
78540 28
78550 31
78560 26
78570 22
78580 19
78590 25
78600 29
78610 27
78620 29
78630 21
78640 17
78650 24
78660 23
78670 19
78680 21
78690 26
78700 16
78710 26
78720 12
78730 10
78740 14
78750 12
78760 13
78770 12
78780 16
78790 14
78800 15
78810 16
78820 27
78830 15
78840 33
78850 32
78860 26
78870 35
78880 18
78890 28
78900 33
78910 23
78920 37
78930 27
78940 25
78950 30
78960 18
78970 7
78980 21
78990 23
79000 30
79010 24
79020 34
79030 20
79040 38
79050 22
79060 28
79070 43
79080 34
79090 19
79100 30
79110 34
79120 17
79130 30
79140 24
79150 36
79160 29
79170 22
79180 28
79190 27
79200 28
79210 20
79220 11
79230 14
79240 22
79250 16
79260 22
79270 19
79280 19
79290 16
79300 18
79310 15
79320 7
79330 30
79340 12
79350 24
79360 11
79370 17
79380 19
79390 9
79400 12
79410 8
79420 17
79430 15
79440 17
79450 12
79460 20
79470 30
79480 33
79490 32
79500 31
79510 35
79520 29
79530 21
79540 31
79550 8
79560 21
79570 24
79580 13
79590 22
79600 15
79610 21
79620 21
79630 23
79640 32
79650 18
79660 26
79670 26
79680 27
79690 28
79700 21
79710 22
79720 29
79730 24
79740 18
79750 25
79760 26
79770 23
79780 18
79790 22
79800 29
79810 18
79820 20
79830 13
79840 19
79850 34
79860 29
79870 26
79880 23
79890 26
79900 21
79910 19
79920 31
79930 24
79940 16
79950 22
79960 22
79970 15
79980 29
79990 31
80000 31
80010 30
80020 23
80030 23
80040 22
80050 21
80060 17
80070 16
80080 12
80090 17
80100 11
80110 17
80120 21
80130 12
80140 25
80150 15
80160 17
80170 11
80180 17
80190 12
80200 8
80210 23
80220 18
80230 16
80240 11
80250 18
80260 23
80270 19
80280 24
80290 28
80300 31
80310 23
80320 34
80330 22
80340 20
80350 13
80360 25
80370 27
80380 28
80390 19
80400 13
80410 10
80420 3
80430 6
80440 14
80450 12
80460 16
80470 15
80480 8
80490 17
80500 14
80510 16
80520 11
80530 13
80540 10
80550 14
80560 11
80570 8
80580 13
80590 10
80600 9
80610 11
80620 14
80630 17
80640 11
80650 11
80660 6
80670 9
80680 11
80690 9
80700 9
80710 6
80720 14
80730 9
80740 10
80750 10
80760 10
80770 22
80780 16
80790 11
80800 13
80810 20
80820 13
80830 8
80840 11
80850 8
80860 9
80870 11
80880 8
80890 8
80900 9
80910 9
80920 10
80930 11
80940 14
80950 9
80960 11
80970 17
80980 14
80990 10
81000 11
81010 14
81020 13
81030 21
81040 5
81050 9
81060 10
81070 9
81080 9
81090 12
81100 12
81110 17
81120 15
81130 6
81140 7
81150 15
81160 12
81170 10
81180 24
81190 18
81200 14
81210 8
81220 10
81230 16
81240 14
81250 11
81260 9
81270 12
81280 16
81290 14
81300 7
81310 14
81320 9
81330 13
81340 17
81350 13
81360 22
81370 10
81380 6
81390 4
81400 11
81410 8
81420 8
81430 6
81440 10
81450 4
81460 19
81470 18
81480 8
81490 9
81500 5
81510 13
81520 12
81530 6
81540 8
81550 9
81560 10
81570 7
81580 8
81590 11
81600 11
81610 8
81620 7
81630 12
81640 9
81650 10
81660 11
81670 9
81680 10
81690 14
81700 18
81710 14
81720 7
81730 12
81740 18
81750 10
81760 16
81770 10
81780 8
81790 16
81800 13
81810 13
81820 13
81830 16
81840 9
81850 12
81860 12
81870 12
81880 9
81890 13
81900 10
81910 10
81920 9
81930 5
81940 16
81950 22
81960 3
81970 10
81980 10
81990 11
82000 11
82010 21
82020 18
82030 14
82040 23
82050 12
82060 17
82070 19
82080 15
82090 5
82100 4
82110 17
82120 20
82130 10
82140 12
82150 11
82160 4
82170 8
82180 11
82190 10
82200 15
82210 13
82220 9
82230 0
82240 5
82250 10
82260 13
82270 13
82280 8
82290 4
82300 11
82310 13
82320 7
82330 18
82340 12
82350 3
82360 9
82370 6
82380 5
82390 6
82400 4
82410 4
82420 4
82430 6
82440 10
82450 6
82460 4
82470 4
82480 5
82490 6
82500 7
82510 12
82520 12
82530 12
82540 18
82550 8
82560 7
82570 6
82580 10
82590 13
82600 8
82610 11
82620 9
82630 16
82640 9
82650 11
82660 10
82670 8
82680 8
82690 12
82700 9
82710 10
82720 12
82730 10
82740 14
82750 18
82760 20
82770 23
82780 22
82790 9
82800 12
82810 10
82820 9
82830 10
82840 7
82850 9
82860 14
82870 14
82880 15
82890 3
82900 16
82910 17
82920 4
82930 4
82940 7
82950 7
82960 17
82970 4
82980 7
82990 3
83000 4
83010 4
83020 10
83030 1
83040 7
83050 7
83060 1
83070 4
83080 6
83090 10
83100 4
83110 0
83120 5
83130 8
83140 3
83150 7
83160 3
83170 2
83180 3
83190 3
83200 3
83210 4
83220 10
83230 3
83240 5
83250 16
83260 10
83270 15
83280 11
83290 2
83300 1
83310 1
83320 1
83330 2
83340 18
83350 9
83360 7
83370 18
83380 8
83390 14
83400 13
83410 23
83420 11
83430 20
83440 11
83450 17
83460 20
83470 21
83480 17
83490 19
83500 14
83510 7
83520 9
83530 16
83540 7
83550 4
83560 15
83570 21
83580 1
83590 12
83600 6
83610 2
83620 8
83630 3
83640 5
83650 10
83660 6
83670 3
83680 10
83690 11
83700 8
83710 9
83720 14
83730 11
83740 7
83750 8
83760 3
83770 13
83780 9
83790 15
83800 2
83810 2
83820 9
83830 2
83840 10
83850 12
83860 13
83870 8
83880 10
83890 7
83900 3
83910 11
83920 8
83930 14
83940 7
83950 8
83960 15
83970 14
83980 21
83990 14
84000 3
84010 6
84020 16
84030 19
84040 10
84050 17
84060 22
84070 12
84080 24
84090 18
84100 16
84110 9
84120 12
84130 21
84140 25
84150 18
84160 25
84170 21
84180 14
84190 15
84200 13
84210 10
84220 20
84230 19
84240 13
84250 21
84260 20
84270 18
84280 10
84290 18
84300 6
84310 4
84320 2
84330 4
84340 5
84350 3
84360 4
84370 8
84380 2
84390 3
84400 6
84410 7
84420 8
84430 3
84440 4
84450 9
84460 12
84470 7
84480 8
84490 14
84500 9
84510 19
84520 18
84530 13
84540 28
84550 25
84560 20
84570 18
84580 19
84590 22
84600 26
84610 21
84620 23
84630 28
84640 28
84650 23
84660 26
84670 15
84680 13
84690 11
84700 17
84710 23
84720 18
84730 19
84740 15
84750 20
84760 20
84770 10
84780 19
84790 12
84800 13
84810 4
84820 13
84830 10
84840 20
84850 7
84860 1
84870 22
84880 28
84890 23
84900 13
84910 24
84920 16
84930 25
84940 24
84950 23
84960 21
84970 22
84980 13
84990 29
85000 26
85010 26
85020 15
85030 11
85040 39
85050 32
85060 33
85070 31
85080 33
85090 27
85100 25
85110 37
85120 34
85130 31
85140 27
85150 40
85160 29
85170 32
85180 36
85190 35
85200 34
85210 28
85220 29
85230 28
85240 34
85250 24
85260 34
85270 29
85280 19
85290 30
85300 23
85310 32
85320 14
85330 15
85340 33
85350 13
85360 25
85370 35
85380 13
85390 18
85400 23
85410 25
85420 35
85430 35
85440 30
85450 20
85460 30
85470 20
85480 36
85490 15
85500 33
85510 32
85520 24
85530 25
85540 21
85550 5
85560 22
85570 22
85580 12
85590 15
85600 24
85610 19
85620 16
85630 12
85640 20
85650 16
85660 18
85670 14
85680 17
85690 24
85700 18
85710 26
85720 16
85730 25
85740 23
85750 32
85760 29
85770 31
85780 23
85790 34
85800 17
85810 12
85820 22
85830 31
85840 27
85850 26
85860 25
85870 27
85880 33
85890 36
85900 26
85910 28
85920 35
85930 24
85940 40
85950 35
85960 33
85970 27
85980 31
85990 28
86000 35
86010 33
86020 30
86030 16
86040 29
86050 10
86060 21
86070 25
86080 33
86090 24
86100 20
86110 28
86120 32
86130 24
86140 36
86150 29
86160 29
86170 23
86180 23
86190 35
86200 28
86210 25
86220 17
86230 29
86240 27
86250 29
86260 24
86270 35
86280 26
86290 19
86300 32
86310 34
86320 41
86330 31
86340 24
86350 32
86360 23
86370 28
86380 32
86390 37
86400 13
86410 27
86420 24
86430 32
86440 30
86450 32
86460 32
86470 30
86480 38
86490 24
86500 33
86510 28
86520 26
86530 23
86540 33
86550 22
86560 26
86570 31
86580 34
86590 19
86600 33
86610 30
86620 29
86630 34
86640 40
86650 30
86660 35
86670 20
86680 15
86690 31
86700 39
86710 37
86720 39
86730 16
86740 22
86750 28
86760 26
86770 36
86780 25
86790 33
86800 33
86810 40
86820 26
86830 30
86840 22
86850 33
86860 31
86870 34
86880 28
86890 30
86900 28
86910 37
86920 29
86930 18
86940 31
86950 13
86960 27
86970 25
86980 29
86990 34
87000 17
87010 32
87020 28
87030 33
87040 32
87050 33
87060 25
87070 20
87080 19
87090 14
87100 23
87110 23
87120 27
87130 38
87140 35
87150 18
87160 35
87170 34
87180 40
87190 40
87200 26
87210 18
87220 27
87230 36
87240 15
87250 34
87260 38
87270 35
87280 32
87290 25
87300 31
87310 19
87320 28
87330 19
87340 31
87350 27
87360 26
87370 36
87380 30
87390 29
87400 16
87410 18
87420 31
87430 34
87440 28
87450 25
87460 29
87470 36
87480 30
87490 36
87500 36
87510 38
87520 33
87530 36
87540 47
87550 31
87560 24
87570 12
87580 34
87590 26
87600 38
87610 29
87620 23
87630 36
87640 27
87650 41
87660 37
87670 22
87680 35
87690 36
87700 27
87710 30
87720 26
87730 31
87740 28
87750 36
87760 36
87770 24
87780 28
87790 29
87800 30
87810 33
87820 36
87830 28
87840 29
87850 36
87860 31
87870 29
87880 31
87890 26
87900 40
87910 34
87920 22
87930 33
87940 35
87950 22
87960 10
87970 17
87980 11
87990 30
88000 34
88010 35
88020 29
88030 29
88040 21
88050 8
88060 10
88070 8
88080 25
88090 14
88100 8
88110 14
88120 19
88130 15
88140 16
88150 12
88160 22
88170 21
88180 14
88190 7
88200 22
88210 8
88220 14
88230 9
88240 17
88250 15
88260 14
88270 21
88280 21
88290 16
88300 3
88310 7
88320 5
88330 8
88340 5
88350 1
88360 9
88370 8
88380 3
88390 5
88400 7
88410 18
88420 26
88430 11
88440 9
88450 18
88460 15
88470 3
88480 13
88490 9
88500 14
88510 11
88520 8
88530 9
88540 12
88550 16
88560 16
88570 7
88580 15
88590 15
88600 21
88610 18
88620 15
88630 7
88640 15
88650 20
88660 10
88670 13
88680 21
88690 7
88700 10
88710 14
88720 16
88730 9
88740 15
88750 10
88760 12
88770 2
88780 0
88790 6
88800 10
88810 2
88820 1
88830 3
88840 14
88850 20
88860 14
88870 16
88880 15
88890 12
88900 11
88910 8
88920 11
88930 11
88940 6
88950 9
88960 4
88970 4
88980 4
88990 3
89000 18
89010 16
89020 17
89030 2
89040 3
89050 12
89060 14
89070 12
89080 4
89090 3
89100 4
89110 13
89120 8
89130 10
89140 13
89150 26
89160 25
89170 22
89180 20
89190 10
89200 7
89210 12
89220 8
89230 13
89240 11
89250 16
89260 14
89270 24
89280 14
89290 10
89300 16
89310 8
89320 7
89330 11
89340 15
89350 7
89360 4
89370 9
89380 13
89390 9
89400 8
89410 14
89420 8
89430 8
89440 8
89450 14
89460 18
89470 5
89480 4
89490 13
89500 7
89510 5
89520 4
89530 5
89540 11
89550 6
89560 19
89570 22
89580 19
89590 22
89600 19
89610 18
89620 6
89630 10
89640 9
89650 2
89660 4
89670 11
89680 8
89690 13
89700 9
89710 9
89720 12
89730 11
89740 12
89750 8
89760 18
89770 23
89780 18
89790 14
89800 4
89810 10
89820 5
89830 12
89840 7
89850 10
89860 6
89870 22
89880 13
89890 19
89900 21
89910 12
89920 19
89930 15
89940 24
89950 3
89960 8
89970 10
89980 3
89990 14
90000 9
90010 23
90020 23
90030 16
90040 16
90050 19
90060 14
90070 17
90080 11
90090 18
90100 7
90110 17
90120 12
90130 6
90140 20
90150 9
90160 7
90170 10
90180 9
90190 9
90200 12
90210 9
90220 5
90230 10
90240 12
90250 14
90260 15
90270 10
90280 13
90290 8
90300 15
90310 21
90320 5
90330 10
90340 7
90350 10
90360 8
90370 9
90380 13
90390 11
90400 5
90410 12
90420 6
90430 3
90440 11
90450 22
90460 11
90470 3
90480 8
90490 3
90500 3
90510 1
90520 5
90530 10
90540 9
90550 6
90560 5
90570 5
90580 8
90590 16
90600 4
90610 7
90620 6
90630 2
90640 5
90650 13
90660 20
90670 13
90680 10
90690 10
90700 20
90710 13
90720 20
90730 9
90740 18
90750 12
90760 29
90770 24
90780 19
90790 15
90800 21
90810 21
90820 21
90830 10
90840 14
90850 3
90860 2
90870 7
90880 14
90890 6
90900 10
90910 14
90920 27
90930 1
90940 3
90950 5
90960 2
90970 5
90980 10
90990 10
91000 7
91010 13
91020 27
91030 2
91040 4
91050 4
91060 3
91070 2
91080 10
91090 12
91100 12
91110 8
91120 10
91130 9
91140 11
91150 8
91160 5
91170 20
91180 10
91190 5
91200 24
91210 15
91220 12
91230 13
91240 7
91250 11
91260 5
91270 12
91280 16
91290 21
91300 13
91310 18
91320 19
91330 22
91340 2
91350 7
91360 3
91370 4
91380 5
91390 4
91400 10
91410 7
91420 8
91430 3
91440 14
91450 4
91460 4
91470 8
91480 8
91490 5
91500 6
91510 18
91520 12
91530 18
91540 12
91550 14
91560 4
91570 12
91580 16
91590 12
91600 12
91610 18
91620 11
91630 15
91640 1
91650 7
91660 6
91670 5
91680 7
91690 2
91700 5
91710 10
91720 3
91730 7
91740 12
91750 7
91760 15
91770 21
91780 7
91790 7
91800 4
91810 15
91820 5
91830 9
91840 10
91850 7
91860 21
91870 4
91880 11
91890 13
91900 18
91910 18
91920 18
91930 14
91940 10
91950 1
91960 6
91970 1
91980 7
91990 3
92000 2
92010 1
92020 3
92030 11
92040 21
92050 11
92060 15
92070 12
92080 20
92090 11
92100 7
92110 18
92120 10
92130 8
92140 17
92150 8
92160 2
92170 13
92180 10
92190 13
92200 10
92210 5
92220 8
92230 8
92240 7
92250 10
92260 6
92270 6
92280 14
92290 10
92300 12
92310 9
92320 9
92330 18
92340 8
92350 7
92360 14
92370 7
92380 13
92390 18
92400 21
92410 22
92420 10
92430 24
92440 13
92450 1
92460 4
92470 2
92480 14
92490 6
92500 10
92510 15
92520 11
92530 20
92540 10
92550 17
92560 15
92570 13
92580 12
92590 10
92600 8
92610 13
92620 12
92630 13
92640 15
92650 13
92660 13
92670 8
92680 12
92690 8
92700 7
92710 7
92720 15
92730 14
92740 13
92750 13
92760 15
92770 17
92780 10
92790 10
92800 4
92810 5
92820 1
92830 13
92840 6
92850 16
92860 13
92870 16
92880 9
92890 17
92900 8
92910 15
92920 8
92930 7
92940 13
92950 8
92960 6
92970 6
92980 25
92990 9
93000 9
93010 6
93020 9
93030 12
93040 12
93050 5
93060 4
93070 3
93080 4
93090 17
93100 7
93110 16
93120 13
93130 14
93140 22
93150 10
93160 13
93170 17
93180 8
93190 16
93200 12
93210 15
93220 21
93230 12
93240 23
93250 14
93260 13
93270 14
93280 18
93290 17
93300 15
93310 9
93320 7
93330 4
93340 14
93350 7
93360 4
93370 8
93380 20
93390 13
93400 7
93410 6
93420 7
93430 4
93440 4
93450 4
93460 7
93470 6
93480 10
93490 3
93500 12
93510 1
93520 7
93530 4
93540 9
93550 15
93560 3
93570 5
93580 12
93590 4
93600 13
93610 16
93620 13
93630 17
93640 10
93650 16
93660 14
93670 18
93680 9
93690 5
93700 2
93710 10
93720 19
93730 13
93740 5
93750 16
93760 11
93770 9
93780 13
93790 6
93800 10
93810 9
93820 8
93830 19
93840 6
93850 17
93860 7
93870 3
93880 6
93890 5
93900 4
93910 4
93920 4
93930 2
93940 4
93950 9
93960 2
93970 7
93980 3
93990 11
94000 17
94010 20
94020 16
94030 16
94040 9
94050 12
94060 8
94070 6
94080 7
94090 0
94100 2
94110 12
94120 13
94130 1
94140 8
94150 10
94160 7
94170 15
94180 10
94190 11
94200 8
94210 5
94220 6
94230 10
94240 7
94250 2
94260 9
94270 6
94280 3
94290 6
94300 11
94310 5
94320 16
94330 4
94340 12
94350 5
94360 5
94370 4
94380 4
94390 4
94400 0
94410 7
94420 4
94430 7
94440 6
94450 12
94460 5
94470 3
94480 8
94490 3
94500 5
94510 6
94520 14
94530 11
94540 6
94550 12
94560 10
94570 9
94580 12
94590 5
94600 8
94610 6
94620 11
94630 7
94640 14
94650 19
94660 16
94670 7
94680 3
94690 4
94700 11
94710 12
94720 3
94730 12
94740 11
94750 12
94760 13
94770 4
94780 9
94790 18
94800 11
94810 13
94820 9
94830 18
94840 15
94850 13
94860 1
94870 8
94880 2
94890 5
94900 5
94910 2
94920 7
94930 11
94940 13
94950 8
94960 18
94970 9
94980 4
94990 24
95000 28
95010 27
95020 22
95030 38
95040 31
95050 23
95060 34
95070 24
95080 19
95090 37
95100 32
95110 24
95120 23
95130 29
95140 28
95150 30
95160 30
95170 24
95180 15
95190 13
95200 13
95210 14
95220 12
95230 14
95240 19
95250 26
95260 13
95270 36
95280 32
95290 36
95300 21
95310 12
95320 30
95330 31
95340 33
95350 28
95360 16
95370 34
95380 23
95390 37
95400 29
95410 28
95420 35
95430 17
95440 29
95450 32
95460 26
95470 34
95480 35
95490 37
95500 37
95510 30
95520 21
95530 19
95540 10
95550 24
95560 19
95570 9
95580 15
95590 15
95600 23
95610 19
95620 21
95630 12
95640 16
95650 14
95660 15
95670 25
95680 36
95690 16
95700 9
95710 11
95720 21
95730 7
95740 3
95750 18
95760 25
95770 16
95780 22
95790 19
95800 17
95810 17
95820 20
95830 11
95840 11
95850 17
95860 31
95870 27
95880 15
95890 26
95900 31
95910 10
95920 24
95930 15
95940 22
95950 33
95960 32
95970 28
95980 25
95990 13
96000 12
96010 17
96020 26
96030 30
96040 31
96050 23
96060 32
96070 23
96080 12
96090 24
96100 19
96110 34
96120 25
96130 25
96140 35
96150 24
96160 38
96170 36
96180 32
96190 34
96200 36
96210 33
96220 31
96230 25
96240 37
96250 33
96260 9
96270 31
96280 29
96290 30
96300 33
96310 27
96320 36
96330 27
96340 25
96350 23
96360 32
96370 22
96380 35
96390 36
96400 29
96410 31
96420 35
96430 16
96440 19
96450 25
96460 20
96470 28
96480 37
96490 16
96500 34
96510 39
96520 35
96530 36
96540 35
96550 28
96560 31
96570 31
96580 22
96590 28
96600 29
96610 31
96620 25
96630 31
96640 28
96650 16
96660 26
96670 24
96680 33
96690 36
96700 32
96710 30
96720 25
96730 30
96740 21
96750 24
96760 15
96770 13
96780 28
96790 34
96800 32
96810 20
96820 35
96830 26
96840 18
96850 28
96860 7
96870 24
96880 22
96890 28
96900 25
96910 27
96920 20
96930 32
96940 25
96950 34
96960 29
96970 29
96980 23
96990 25
97000 12
97010 20
97020 11
97030 29
97040 16
97050 21
97060 27
97070 29
97080 24
97090 24
97100 32
97110 17
97120 31
97130 27
97140 15
97150 9
97160 14
97170 16
97180 19
97190 16
97200 25
97210 27
97220 22
97230 21
97240 24
97250 31
97260 20
97270 23
97280 25
97290 22
97300 26
97310 28
97320 27
97330 33
97340 27
97350 29
97360 20
97370 29
97380 25
97390 31
97400 29
97410 25
97420 23
97430 33
97440 26
97450 26
97460 28
97470 16
97480 21
97490 18
97500 18
97510 26
97520 32
97530 25
97540 26
97550 25
97560 26
97570 23
97580 38
97590 19
97600 7
97610 36
97620 7
97630 24
97640 25
97650 28
97660 10
97670 28
97680 12
97690 15
97700 17
97710 11
97720 14
97730 19
97740 14
97750 29
97760 27
97770 25
97780 10
97790 12
97800 1
97810 24
97820 19
97830 10
97840 15
97850 9
97860 2
97870 8
97880 7
97890 21
97900 10
97910 12
97920 12
97930 27
97940 6
97950 3
97960 30
97970 25
97980 29
97990 20
98000 16
98010 34
98020 30
98030 25
98040 34
98050 29
98060 24
98070 15
98080 34
98090 11
98100 14
98110 31
98120 29
98130 31
98140 27
98150 12
98160 33
98170 20
98180 17
98190 32
98200 26
98210 32
98220 35
98230 23
98240 27
98250 28
98260 31
98270 37
98280 22
98290 33
98300 34
98310 25
98320 26
98330 20
98340 28
98350 33
98360 29
98370 28
98380 11
98390 9
98400 33
98410 30
98420 25
98430 14
98440 16
98450 28
98460 34
98470 31
98480 30
98490 35
98500 28
98510 27
98520 18
98530 22
98540 29
98550 12
98560 20
98570 22
98580 9
98590 22
98600 6
98610 5
98620 13
98630 19
98640 12
98650 22
98660 14
98670 34
98680 36
98690 24
98700 24
98710 26
98720 16
98730 16
98740 16
98750 22
98760 25
98770 24
98780 30
98790 35
98800 13
98810 29
98820 38
98830 36
98840 42
98850 33
98860 36
98870 32
98880 32
98890 36
98900 37
98910 38
98920 35
98930 28
98940 27
98950 32
98960 29
98970 36
98980 25
98990 35
99000 37
99010 37
99020 30
99030 31
99040 35
99050 40
99060 35
99070 23
99080 34
99090 33
99100 41
99110 40
99120 37
99130 36
99140 28
99150 30
99160 39
99170 31
99180 34
99190 24
99200 36
99210 32
99220 23
99230 9
99240 33
99250 33
99260 40
99270 33
99280 31
99290 40
99300 30
99310 37
99320 28
99330 21
99340 12
99350 27
99360 27
99370 34
99380 29
99390 19
99400 31
99410 32
99420 27
99430 28
99440 29
99450 39
99460 38
99470 18
99480 31
99490 30
99500 29
99510 33
99520 31
99530 31
99540 34
99550 26
99560 25
99570 28
99580 41
99590 36
99600 37
99610 29
99620 35
99630 29
99640 29
99650 8
99660 16
99670 22
99680 32
99690 30
99700 18
99710 31
99720 22
99730 25
99740 20
99750 19
99760 24
99770 22
99780 19
99790 34
99800 11
99810 24
99820 36
99830 35
99840 33
99850 36
99860 27
99870 31
99880 33
99890 39
99900 32
99910 18
99920 22
99930 35
99940 35
99950 27
99960 19
99970 35
99980 36
99990 27
