# Frame Contacts
30000 38
30010 37
30020 34
30030 33
30040 30
30050 34
30060 26
30070 21
30080 34
30090 34
30100 28
30110 18
30120 18
30130 39
30140 26
30150 23
30160 23
30170 37
30180 32
30190 17
30200 28
30210 26
30220 38
30230 37
30240 35
30250 30
30260 24
30270 34
30280 15
30290 24
30300 29
30310 26
30320 26
30330 28
30340 20
30350 26
30360 32
30370 27
30380 20
30390 29
30400 29
30410 30
30420 27
30430 25
30440 19
30450 36
30460 26
30470 18
30480 25
30490 34
30500 21
30510 35
30520 26
30530 17
30540 30
30550 21
30560 21
30570 18
30580 24
30590 27
30600 26
30610 37
30620 26
30630 29
30640 31
30650 19
30660 20
30670 22
30680 26
30690 25
30700 13
30710 28
30720 23
30730 18
30740 22
30750 27
30760 22
30770 28
30780 32
30790 32
30800 31
30810 19
30820 15
30830 21
30840 28
30850 29
30860 25
30870 30
30880 18
30890 23
30900 21
30910 19
30920 19
30930 15
30940 30
30950 29
30960 22
30970 27
30980 23
30990 20
31000 27
31010 24
31020 26
31030 22
31040 18
31050 18
31060 22
31070 30
31080 9
31090 8
31100 24
31110 17
31120 24
31130 12
31140 6
31150 10
31160 15
31170 25
31180 16
31190 14
31200 20
31210 14
31220 16
31230 15
31240 21
31250 16
31260 23
31270 17
31280 17
31290 18
31300 24
31310 13
31320 7
31330 5
31340 14
31350 13
31360 10
31370 12
31380 10
31390 12
31400 10
31410 13
31420 3
31430 7
31440 9
31450 12
31460 5
31470 14
31480 6
31490 11
31500 4
31510 7
31520 9
31530 24
31540 16
31550 26
31560 12
31570 20
31580 17
31590 23
31600 21
31610 26
31620 13
31630 6
31640 4
31650 2
31660 6
31670 6
31680 12
31690 8
31700 3
31710 16
31720 7
31730 4
31740 9
31750 4
31760 15
31770 15
31780 5
31790 4
31800 4
31810 4
31820 4
31830 7
31840 2
31850 9
31860 15
31870 16
31880 12
31890 3
31900 4
31910 1
31920 3
31930 21
31940 19
31950 1
31960 10
31970 11
31980 9
31990 14
32000 11
32010 9
32020 8
32030 4
32040 4
32050 11
32060 10
32070 13
32080 10
32090 7
32100 3
32110 3
32120 5
32130 9
32140 4
32150 9
32160 7
32170 9
32180 8
32190 10
32200 10
32210 24
32220 9
32230 10
32240 11
32250 5
32260 14
32270 5
32280 13
32290 10
32300 8
32310 21
32320 24
32330 19
32340 17
32350 20
32360 20
32370 10
32380 21
32390 13
32400 18
32410 19
32420 16
32430 17
32440 18
32450 13
32460 24
32470 21
32480 22
32490 12
32500 18
32510 17
32520 10
32530 13
32540 9
32550 14
32560 14
32570 18
32580 12
32590 18
32600 22
32610 16
32620 15
32630 21
32640 13
32650 8
32660 19
32670 28
32680 23
32690 20
32700 15
32710 20
32720 22
32730 19
32740 19
32750 14
32760 13
32770 19
32780 21
32790 18
32800 21
32810 18
32820 20
32830 9
32840 12
32850 15
32860 28
32870 28
32880 24
32890 21
32900 30
32910 26
32920 26
32930 14
32940 9
32950 35
32960 27
32970 28
32980 27
32990 31
33000 30
33010 23
33020 20
33030 14
33040 30
33050 23
33060 13
33070 29
33080 31
33090 30
33100 28
33110 15
33120 29
33130 28
33140 30
33150 32
33160 27
33170 28
33180 22
33190 23
33200 8
33210 15
33220 25
33230 30
33240 28
33250 29
33260 10
33270 24
33280 23
33290 12
33300 21
33310 19
33320 33
33330 25
33340 28
33350 35
33360 30
33370 15
33380 23
33390 24
33400 19
33410 32
33420 28
33430 17
33440 30
33450 31
33460 30
33470 30
33480 23
33490 30
33500 21
33510 21
33520 25
33530 26
33540 39
33550 30
33560 29
33570 27
33580 32
33590 25
33600 30
33610 30
33620 21
33630 26
33640 23
33650 18
33660 18
33670 33
33680 20
33690 13
33700 23
33710 21
33720 22
33730 26
33740 19
33750 30
33760 19
33770 25
33780 31
33790 24
33800 19
33810 32
33820 26
33830 32
33840 22
33850 32
33860 25
33870 16
33880 20
33890 29
33900 25
33910 20
33920 27
33930 27
33940 21
33950 23
33960 31
33970 15
33980 27
33990 25
34000 18
34010 29
34020 28
34030 29
34040 20
34050 20
34060 27
34070 24
34080 20
34090 34
34100 33
34110 11
34120 12
34130 29
34140 27
34150 25
34160 22
34170 27
34180 40
34190 25
34200 27
34210 27
34220 29
34230 22
34240 17
34250 21
34260 30
34270 26
34280 17
34290 22
34300 21
34310 11
34320 26
34330 28
34340 14
34350 16
34360 27
34370 24
34380 33
34390 10
34400 25
34410 28
34420 28
34430 29
34440 22
34450 31
34460 14
34470 12
34480 26
34490 31
34500 21
34510 20
34520 21
34530 21
34540 28
34550 22
34560 25
34570 38
34580 7
34590 13
34600 29
34610 30
34620 34
34630 37
34640 24
34650 22
34660 31
34670 26
34680 30
34690 37
34700 33
34710 33
34720 18
34730 24
34740 26
34750 15
34760 16
34770 22
34780 33
34790 10
34800 32
34810 30
34820 25
34830 22
34840 20
34850 18
34860 11
34870 12
34880 11
34890 9
34900 14
34910 13
34920 5
34930 2
34940 6
34950 22
34960 22
34970 26
34980 2
34990 21
35000 6
35010 7
35020 14
35030 14
35040 7
35050 12
35060 12
35070 21
35080 14
35090 22
35100 19
35110 11
35120 17
35130 18
35140 14
35150 23
35160 24
35170 35
35180 12
35190 8
35200 9
35210 21
35220 21
35230 12
35240 21
35250 21
35260 14
35270 15
35280 12
35290 18
35300 20
35310 11
35320 16
35330 24
35340 4
35350 15
35360 10
35370 9
35380 19
35390 8
35400 7
35410 10
35420 14
35430 22
35440 22
35450 26
35460 15
35470 23
35480 23
35490 26
35500 21
35510 29
35520 28
35530 12
35540 18
35550 28
35560 27
35570 12
35580 20
35590 30
35600 24
35610 45
35620 33
35630 41
35640 38
35650 37
35660 28
35670 26
35680 33
35690 32
35700 30
35710 24
35720 26
35730 23
35740 31
35750 28
35760 28
35770 31
35780 34
35790 26
35800 36
35810 28
35820 13
35830 29
35840 39
35850 37
35860 30
35870 37
35880 34
35890 27
35900 34
35910 33
35920 22
35930 30
35940 31
35950 22
35960 17
35970 35
35980 32
35990 37
36000 28
36010 32
36020 12
36030 13
36040 16
36050 4
36060 20
36070 12
36080 17
36090 14
36100 17
36110 13
36120 11
36130 11
36140 21
36150 14
36160 14
36170 10
36180 20
36190 4
36200 13
36210 13
36220 13
36230 15
36240 13
36250 12
36260 16
36270 8
36280 18
36290 7
36300 21
36310 5
36320 18
36330 15
36340 14
36350 14
36360 10
36370 14
36380 16
36390 12
36400 36
36410 33
36420 13
36430 16
36440 27
36450 31
36460 24
36470 21
36480 29
36490 20
36500 23
36510 22
36520 19
36530 27
36540 28
36550 27
36560 23
36570 24
36580 17
36590 30
36600 24
36610 18
36620 31
36630 17
36640 21
36650 16
36660 26
36670 31
36680 20
36690 30
36700 21
36710 22
36720 15
36730 24
36740 28
36750 19
36760 27
36770 27
36780 28
36790 16
36800 13
36810 22
36820 29
36830 10
36840 23
36850 22
36860 20
36870 12
36880 32
36890 19
36900 37
36910 23
36920 37
36930 22
36940 23
36950 12
36960 24
36970 25
36980 31
36990 31
37000 16
37010 16
37020 23
37030 39
37040 25
37050 28
37060 36
37070 26
37080 35
37090 38
37100 33
37110 18
37120 24
37130 28
37140 15
37150 27
37160 15
37170 20
37180 30
37190 24
37200 21
37210 24
37220 5
37230 28
37240 22
37250 23
37260 23
37270 21
37280 19
37290 35
37300 13
37310 10
37320 19
37330 24
37340 12
37350 17
37360 29
37370 11
37380 31
37390 29
37400 9
37410 18
37420 29
37430 10
37440 24
37450 30
37460 30
37470 23
37480 21
37490 18
37500 12
37510 21
37520 25
37530 21
37540 27
37550 31
37560 26
37570 24
37580 24
37590 21
37600 33
37610 28
37620 35
37630 39
37640 14
37650 25
37660 30
37670 29
37680 34
37690 28
37700 20
37710 30
37720 23
37730 28
37740 29
37750 26
37760 15
37770 18
37780 30
37790 28
37800 26
37810 21
37820 28
37830 24
37840 21
37850 31
37860 23
37870 29
37880 36
37890 23
37900 29
37910 27
37920 12
37930 16
37940 21
37950 24
37960 19
37970 37
37980 24
37990 9
38000 21
38010 28
38020 27
38030 20
38040 37
38050 39
38060 25
38070 22
38080 29
38090 33
38100 15
38110 20
38120 22
38130 20
38140 19
38150 26
38160 27
38170 27
38180 10
38190 22
38200 31
38210 23
38220 31
38230 33
38240 21
38250 35
38260 25
38270 15
38280 31
38290 24
38300 31
38310 32
38320 33
38330 14
38340 27
38350 14
38360 16
38370 25
38380 17
38390 14
38400 18
38410 32
38420 28
38430 13
38440 21
38450 21
38460 20
38470 2
38480 16
38490 20
38500 23
38510 9
38520 14
38530 8
38540 18
38550 15
38560 18
38570 28
38580 20
38590 9
38600 9
38610 16
38620 25
38630 21
38640 21
38650 25
38660 24
38670 10
38680 16
38690 20
38700 17
38710 29
38720 27
38730 20
38740 12
38750 29
38760 20
38770 24
38780 26
38790 23
38800 17
38810 20
38820 20
38830 1
38840 9
38850 16
38860 3
38870 3
38880 5
38890 15
38900 21
38910 20
38920 19
38930 19
38940 29
38950 12
38960 14
38970 22
38980 26
38990 20
39000 16
39010 17
39020 13
39030 14
39040 22
39050 30
39060 24
39070 11
39080 17
39090 18
39100 13
39110 2
39120 20
39130 21
39140 18
39150 27
39160 24
39170 17
39180 14
39190 15
39200 28
39210 28
39220 14
39230 14
39240 29
39250 24
39260 21
39270 14
39280 7
39290 31
39300 28
39310 30
39320 29
39330 26
39340 14
39350 27
39360 10
39370 5
39380 14
39390 3
39400 7
39410 9
39420 6
39430 22
39440 7
39450 7
39460 9
39470 9
39480 8
39490 13
39500 8
39510 16
39520 15
39530 19
39540 24
39550 23
39560 23
39570 21
39580 3
39590 12
39600 18
39610 27
39620 23
39630 30
39640 31
39650 22
39660 29
39670 34
39680 29
39690 26
39700 17
39710 14
39720 29
39730 21
39740 15
39750 10
39760 14
39770 33
39780 23
39790 14
39800 7
39810 22
39820 7
39830 19
39840 9
39850 19
39860 10
39870 21
39880 20
39890 19
39900 26
39910 23
39920 16
39930 13
39940 20
39950 18
39960 26
39970 24
39980 16
39990 16
40000 12
40010 11
40020 13
40030 30
40040 25
40050 29
40060 35
40070 24
40080 20
40090 8
40100 15
40110 26
40120 20
40130 29
40140 25
40150 29
40160 27
40170 35
40180 20
40190 24
40200 27
40210 22
40220 20
40230 16
40240 22
40250 37
40260 43
40270 38
40280 29
40290 40
40300 37
40310 32
40320 43
40330 7
40340 24
40350 24
40360 34
40370 24
40380 34
40390 22
40400 25
40410 33
40420 32
40430 45
40440 30
40450 32
40460 18
40470 20
40480 25
40490 29
40500 28
40510 29
40520 30
40530 12
40540 29
40550 35
40560 33
40570 29
40580 14
40590 27
40600 18
40610 23
40620 19
40630 21
40640 18
40650 23
40660 35
40670 38
40680 39
40690 30
40700 20
40710 25
40720 23
40730 17
40740 33
40750 47
40760 26
40770 16
40780 30
40790 38
40800 33
40810 35
40820 38
40830 36
40840 36
40850 40
40860 20
40870 24
40880 42
40890 40
40900 36
40910 26
40920 23
40930 31
40940 22
40950 26
40960 32
40970 31
40980 38
40990 23
41000 33
41010 43
41020 41
41030 33
41040 33
41050 31
41060 31
41070 17
41080 9
41090 28
41100 31
41110 36
41120 33
41130 36
41140 24
41150 38
41160 19
41170 21
41180 34
41190 44
41200 41
41210 35
41220 18
41230 27
41240 15
41250 27
41260 15
41270 27
41280 31
41290 36
41300 40
41310 36
41320 29
41330 29
41340 36
41350 36
41360 30
41370 40
41380 23
41390 34
41400 41
41410 21
41420 33
41430 39
41440 35
41450 35
41460 34
41470 36
41480 20
41490 18
41500 18
41510 38
41520 40
41530 30
41540 32
41550 28
41560 31
41570 37
41580 39
41590 25
41600 41
41610 14
41620 20
41630 38
41640 36
41650 28
41660 28
41670 32
41680 36
41690 38
41700 31
41710 33
41720 21
41730 34
41740 29
41750 31
41760 24
41770 49
41780 35
41790 39
41800 44
41810 21
41820 28
41830 34
41840 35
41850 38
41860 35
41870 20
41880 28
41890 34
41900 30
41910 38
41920 32
41930 26
41940 44
41950 40
41960 29
41970 12
41980 24
41990 35
42000 38
42010 43
42020 37
42030 37
42040 20
42050 38
42060 41
42070 33
42080 24
42090 32
42100 40
42110 43
42120 30
42130 38
42140 34
42150 28
42160 31
42170 36
42180 32
42190 35
42200 38
42210 40
42220 47
42230 30
42240 38
42250 35
42260 44
42270 39
42280 33
42290 25
42300 46
42310 40
42320 25
42330 38
42340 34
42350 27
42360 28
42370 28
42380 35
42390 19
42400 27
42410 23
42420 35
42430 45
42440 32
42450 14
42460 15
42470 14
42480 17
42490 25
42500 27
42510 22
42520 23
42530 18
42540 40
42550 36
42560 42
42570 28
42580 26
42590 40
42600 24
42610 31
42620 38
42630 21
42640 35
42650 35
42660 26
42670 15
42680 31
42690 37
42700 38
42710 41
42720 29
42730 23
42740 31
42750 31
42760 38
42770 33
42780 41
42790 43
42800 39
42810 28
42820 34
42830 15
42840 14
42850 31
42860 33
42870 40
42880 34
42890 40
42900 30
42910 33
42920 26
42930 28
42940 30
42950 18
42960 18
42970 39
42980 36
42990 30
43000 39
43010 23
43020 30
43030 30
43040 35
43050 26
43060 33
43070 26
43080 18
43090 36
43100 38
43110 39
43120 25
43130 26
43140 22
43150 25
43160 28
43170 35
43180 42
43190 42
43200 28
43210 19
43220 34
43230 29
43240 31
43250 23
43260 32
43270 40
43280 35
43290 39
43300 42
43310 13
43320 39
43330 18
43340 26
43350 34
43360 41
43370 33
43380 44
43390 24
43400 33
43410 29
43420 39
43430 41
43440 40
43450 36
43460 37
43470 31
43480 41
43490 32
43500 33
43510 37
43520 39
43530 32
43540 37
43550 28
43560 18
43570 21
43580 26
43590 24
43600 41
43610 36
43620 18
43630 45
43640 36
43650 38
43660 41
43670 36
43680 22
43690 26
43700 36
43710 19
43720 29
43730 31
43740 43
43750 38
43760 28
43770 29
43780 11
43790 24
43800 25
43810 36
43820 41
43830 26
43840 40
43850 28
43860 30
43870 32
43880 27
43890 29
43900 34
43910 32
43920 39
43930 30
43940 40
43950 31
43960 16
43970 39
43980 16
43990 34
44000 37
44010 22
44020 42
44030 37
44040 32
44050 38
44060 32
44070 24
44080 34
44090 37
44100 40
44110 29
44120 30
44130 29
44140 38
44150 26
44160 31
44170 43
44180 33
44190 35
44200 41
44210 24
44220 30
44230 21
44240 28
44250 33
44260 25
44270 33
44280 42
44290 35
44300 30
44310 35
44320 29
44330 29
44340 41
44350 34
44360 41
44370 43
44380 25
44390 33
44400 43
44410 35
44420 14
44430 33
44440 33
44450 39
44460 40
44470 32
44480 36
44490 31
44500 26
44510 32
44520 40
44530 26
44540 42
44550 39
44560 36
44570 40
44580 39
44590 31
44600 40
44610 42
44620 39
44630 25
44640 21
44650 27
44660 26
44670 44
44680 32
44690 34
44700 42
44710 36
44720 37
44730 19
44740 32
44750 39
44760 37
44770 37
44780 32
44790 37
44800 43
44810 37
44820 33
44830 38
44840 36
44850 37
44860 40
44870 33
44880 28
44890 29
44900 31
44910 30
44920 20
44930 38
44940 18
44950 17
44960 27
44970 23
44980 35
44990 27
45000 43
45010 40
45020 35
45030 44
45040 21
45050 24
45060 33
45070 32
45080 34
45090 39
45100 41
45110 35
45120 30
45130 30
45140 32
45150 35
45160 39
45170 31
45180 41
45190 35
45200 28
45210 38
45220 21
45230 39
45240 30
45250 35
45260 42
45270 35
45280 10
45290 34
45300 43
45310 34
45320 37
45330 40
45340 45
45350 34
45360 14
45370 36
45380 39
45390 23
45400 37
45410 23
45420 26
45430 26
45440 38
45450 24
45460 34
45470 39
45480 33
45490 44
45500 34
45510 42
45520 35
45530 30
45540 42
45550 34
45560 29
45570 41
45580 33
45590 33
45600 39
45610 37
45620 34
45630 35
45640 30
45650 31
45660 28
45670 36
45680 31
45690 34
45700 35
45710 35
45720 20
45730 23
45740 17
45750 35
45760 24
45770 24
45780 26
45790 33
45800 34
45810 39
45820 34
45830 37
45840 22
45850 14
45860 32
45870 36
45880 40
45890 34
45900 23
45910 33
45920 40
45930 42
45940 40
45950 37
45960 39
45970 33
45980 35
45990 26
46000 32
46010 27
46020 37
46030 36
46040 36
46050 26
46060 31
46070 35
46080 35
46090 33
46100 38
46110 28
46120 37
46130 12
46140 31
46150 10
46160 39
46170 30
46180 21
46190 32
46200 37
46210 34
46220 38
46230 43
46240 34
46250 21
46260 41
46270 38
46280 35
46290 7
46300 18
46310 18
46320 32
46330 27
46340 22
46350 26
46360 36
46370 24
46380 34
46390 41
46400 19
46410 31
46420 21
46430 35
46440 34
46450 26
46460 33
46470 16
46480 37
46490 39
46500 19
46510 34
46520 33
46530 39
46540 43
46550 31
46560 22
46570 25
46580 41
46590 29
46600 38
46610 33
46620 12
46630 22
46640 41
46650 24
46660 39
46670 35
46680 11
46690 38
46700 43
46710 42
46720 43
46730 41
46740 32
46750 39
46760 30
46770 30
46780 39
46790 44
46800 40
46810 30
46820 35
46830 38
46840 37
46850 34
46860 27
46870 40
46880 36
46890 22
46900 36
46910 30
46920 40
46930 33
46940 30
46950 24
46960 29
46970 39
46980 30
46990 34
47000 27
47010 25
47020 23
47030 21
47040 19
47050 24
47060 35
47070 26
47080 35
47090 33
47100 33
47110 18
47120 23
47130 21
47140 17
47150 24
47160 17
47170 21
47180 45
47190 23
47200 39
47210 45
47220 23
47230 14
47240 39
47250 25
47260 23
47270 40
47280 36
47290 33
47300 31
47310 41
47320 28
47330 27
47340 38
47350 38
47360 28
47370 29
47380 14
47390 21
47400 20
47410 22
47420 22
47430 22
47440 30
47450 24
47460 25
47470 25
47480 38
47490 37
47500 39
47510 22
47520 37
47530 26
47540 24
47550 33
47560 35
47570 19
47580 30
47590 28
47600 27
47610 39
47620 29
47630 25
47640 22
47650 29
47660 43
47670 34
47680 22
47690 34
47700 38
47710 34
47720 23
47730 35
47740 22
47750 40
47760 36
47770 28
47780 26
47790 35
47800 26
47810 27
47820 27
47830 28
47840 36
47850 20
47860 11
47870 22
47880 17
47890 13
47900 23
47910 35
47920 34
47930 12
47940 29
47950 28
47960 41
47970 18
47980 35
47990 33
48000 21
48010 29
48020 33
48030 24
48040 28
48050 36
48060 30
48070 25
48080 12
48090 36
48100 25
48110 41
48120 28
48130 20
48140 42
48150 32
48160 43
48170 31
48180 21
48190 38
48200 38
48210 20
48220 37
48230 33
48240 42
48250 23
48260 16
48270 29
48280 41
48290 18
48300 38
48310 32
48320 39
48330 34
48340 37
48350 28
48360 39
48370 27
48380 28
48390 40
48400 16
48410 39
48420 37
48430 19
48440 36
48450 33
48460 34
48470 15
48480 27
48490 9
48500 14
48510 15
48520 23
48530 19
48540 34
48550 27
48560 30
48570 9
48580 4
48590 24
48600 24
48610 31
48620 16
48630 17
48640 21
48650 23
48660 17
48670 28
48680 21
48690 13
48700 12
48710 26
48720 20
48730 25
48740 22
48750 21
48760 13
48770 21
48780 22
48790 14
48800 15
48810 24
48820 22
48830 17
48840 22
48850 16
48860 21
48870 21
48880 16
48890 18
48900 24
48910 29
48920 18
48930 26
48940 28
48950 25
48960 36
48970 35
48980 41
48990 38
49000 31
49010 31
49020 35
49030 38
49040 35
49050 34
49060 36
49070 40
49080 38
49090 21
49100 42
49110 33
49120 29
49130 34
49140 40
49150 38
49160 36
49170 39
49180 33
49190 39
49200 34
49210 44
49220 28
49230 37
49240 34
49250 33
49260 34
49270 34
49280 36
49290 41
49300 39
49310 25
49320 31
49330 30
49340 27
49350 27
49360 30
49370 27
49380 22
49390 36
49400 35
49410 29
49420 33
49430 31
49440 34
49450 29
49460 35
49470 32
49480 24
49490 40
49500 36
49510 19
49520 19
49530 33
49540 37
49550 22
49560 24
49570 27
49580 24
49590 39
49600 20
49610 30
49620 30
49630 24
49640 36
49650 34
49660 33
49670 43
49680 38
49690 36
49700 33
49710 36
49720 31
49730 30
49740 32
49750 37
49760 38
49770 9
49780 22
49790 8
49800 21
49810 17
49820 23
49830 21
49840 8
49850 15
49860 20
49870 37
49880 12
49890 29
49900 27
49910 28
49920 29
49930 25
49940 34
49950 31
49960 17
49970 34
49980 31
49990 28
50000 26
50010 19
50020 16
50030 21
50040 33
50050 32
50060 25
50070 29
50080 19
50090 27
50100 27
50110 28
50120 22
50130 9
50140 13
50150 38
50160 31
50170 33
50180 33
50190 32
50200 34
50210 19
50220 29
50230 32
50240 38
50250 43
50260 35
50270 27
50280 23
50290 35
50300 32
50310 25
50320 24
50330 36
50340 35
50350 29
50360 26
50370 35
50380 27
50390 23
50400 22
50410 26
50420 18
50430 25
50440 27
50450 31
50460 35
50470 23
50480 21
50490 27
50500 27
50510 32
50520 37
50530 22
50540 32
50550 26
50560 28
50570 26
50580 27
50590 16
50600 21
50610 21
50620 33
50630 33
50640 23
50650 20
50660 21
50670 17
50680 21
50690 0
50700 12
50710 18
50720 18
50730 18
50740 19
50750 26
50760 11
50770 9
50780 17
50790 17
50800 31
50810 11
50820 14
50830 14
50840 19
50850 20
50860 22
50870 21
50880 24
50890 14
50900 3
50910 10
50920 13
50930 21
50940 21
50950 17
50960 16
50970 34
50980 21
50990 22
51000 23
51010 20
51020 34
51030 22
51040 31
51050 27
51060 35
51070 22
51080 30
51090 36
51100 33
51110 34
51120 27
51130 27
51140 33
51150 29
51160 37
51170 32
51180 34
51190 35
51200 42
51210 36
51220 35
51230 27
51240 26
51250 32
51260 38
51270 27
51280 43
51290 28
51300 42
51310 39
51320 41
51330 41
51340 29
51350 29
51360 43
51370 27
51380 30
51390 45
51400 36
51410 28
51420 42
51430 32
51440 43
51450 42
51460 29
51470 43
51480 47
51490 38
51500 34
51510 34
51520 33
51530 37
51540 33
51550 44
51560 40
51570 38
51580 33
51590 36
51600 38
51610 22
51620 28
51630 39
51640 34
51650 37
51660 41
51670 44
51680 22
51690 32
51700 26
51710 20
51720 32
51730 35
51740 45
51750 25
51760 33
51770 39
51780 33
51790 24
51800 37
51810 29
51820 25
51830 37
51840 38
51850 28
51860 32
51870 35
51880 37
51890 37
51900 38
51910 40
51920 21
51930 44
51940 34
51950 30
51960 25
51970 36
51980 29
51990 40
52000 28
52010 32
52020 34
52030 27
52040 32
52050 27
52060 38
52070 25
52080 37
52090 32
52100 36
52110 29
52120 23
52130 33
52140 39
52150 29
52160 40
52170 40
52180 30
52190 35
52200 17
52210 41
52220 24
52230 32
52240 31
52250 26
52260 18
52270 42
52280 31
52290 39
52300 28
52310 35
52320 32
52330 36
52340 26
52350 27
52360 34
52370 32
52380 30
52390 35
52400 30
52410 15
52420 16
52430 24
52440 27
52450 31
52460 31
52470 35
52480 30
52490 18
52500 35
52510 23
52520 25
52530 36
52540 27
52550 28
52560 30
52570 29
52580 17
52590 35
52600 33
52610 42
52620 43
52630 38
52640 35
52650 41
52660 39
52670 33
52680 33
52690 26
52700 38
52710 23
52720 26
52730 34
52740 26
52750 13
52760 25
52770 18
52780 27
52790 30
52800 32
52810 31
52820 33
52830 25
52840 32
52850 34
52860 26
52870 35
52880 31
52890 33
52900 27
52910 32
52920 14
52930 21
52940 33
52950 35
52960 30
52970 16
52980 38
52990 26
53000 30
53010 41
53020 18
53030 20
53040 38
53050 29
53060 26
53070 32
53080 13
53090 26
53100 27
53110 25
53120 24
53130 36
53140 34
53150 32
53160 32
53170 41
53180 27
53190 25
53200 32
53210 38
53220 22
53230 28
53240 34
53250 24
53260 37
53270 22
53280 27
53290 17
53300 29
53310 29
53320 43
53330 34
53340 32
53350 27
53360 22
53370 27
53380 16
53390 27
53400 39
53410 42
53420 31
53430 33
53440 30
53450 30
53460 35
53470 22
53480 15
53490 24
53500 39
53510 33
53520 30
53530 22
53540 35
53550 37
53560 27
53570 30
53580 27
53590 36
53600 23
53610 40
53620 36
53630 18
53640 28
53650 32
53660 31
53670 26
53680 19
53690 27
53700 38
53710 33
53720 22
53730 40
53740 42
53750 25
53760 31
53770 28
53780 23
53790 32
53800 25
53810 29
53820 24
53830 19
53840 16
53850 30
53860 38
53870 26
53880 22
53890 30
53900 14
53910 10
53920 20
53930 38
53940 22
53950 44
53960 47
53970 29
53980 26
53990 18
54000 14
54010 33
54020 27
54030 16
54040 12
54050 22
54060 29
54070 25
54080 21
54090 19
54100 19
54110 26
54120 36
54130 39
54140 36
54150 21
54160 23
54170 21
54180 29
54190 37
54200 21
54210 44
54220 44
54230 30
54240 38
54250 37
54260 28
54270 24
54280 17
54290 37
54300 42
54310 35
54320 22
54330 39
54340 34
54350 20
54360 22
54370 21
54380 18
54390 37
54400 12
54410 26
54420 33
54430 30
54440 18
54450 24
54460 38
54470 28
54480 41
54490 30
54500 25
54510 37
54520 25
54530 20
54540 11
54550 33
54560 29
54570 32
54580 22
54590 28
54600 25
54610 36
54620 25
54630 23
54640 38
54650 34
54660 34
54670 41
54680 27
54690 19
54700 34
54710 25
54720 34
54730 37
54740 24
54750 29
54760 38
54770 16
54780 26
54790 30
54800 27
54810 25
54820 22
54830 35
54840 34
54850 35
54860 26
54870 8
54880 40
54890 35
54900 33
54910 26
54920 31
54930 39
54940 33
54950 40
54960 31
54970 30
54980 37
54990 21
55000 39
55010 34
55020 35
55030 34
55040 29
55050 43
55060 34
55070 37
55080 41
55090 30
55100 36
55110 32
55120 25
55130 35
55140 24
55150 33
55160 30
55170 23
55180 27
55190 32
55200 22
55210 23
55220 32
55230 32
55240 34
55250 42
55260 27
55270 30
55280 31
55290 20
55300 34
55310 34
55320 38
55330 34
55340 26
55350 33
55360 40
55370 25
55380 40
55390 37
55400 45
55410 31
55420 33
55430 29
55440 28
55450 41
55460 38
55470 25
55480 33
55490 28
55500 31
55510 23
55520 20
55530 36
55540 16
55550 31
55560 34
55570 25
55580 34
55590 19
55600 9
55610 24
55620 31
55630 9
55640 27
55650 22
55660 30
55670 23
55680 19
55690 29
55700 8
55710 24
55720 21
55730 27
55740 21
55750 23
55760 25
55770 20
55780 30
55790 16
55800 19
55810 19
55820 27
55830 32
55840 26
55850 15
55860 33
55870 23
55880 30
55890 27
55900 22
55910 27
55920 28
55930 19
55940 24
55950 19
55960 25
55970 17
55980 25
55990 17
56000 24
56010 21
56020 29
56030 25
56040 23
56050 29
56060 21
56070 22
56080 21
56090 26
56100 19
56110 18
56120 27
56130 18
56140 7
56150 13
56160 18
56170 13
56180 14
56190 27
56200 19
56210 19
56220 24
56230 14
56240 13
56250 22
56260 20
56270 13
56280 17
56290 24
56300 13
56310 37
56320 32
56330 22
56340 33
56350 32
56360 26
56370 31
56380 17
56390 21
56400 36
56410 27
56420 22
56430 31
56440 35
56450 28
56460 37
56470 29
56480 14
56490 29
56500 25
56510 34
56520 27
56530 23
56540 29
56550 15
56560 35
56570 34
56580 35
56590 28
56600 36
56610 22
56620 18
56630 24
56640 33
56650 27
56660 35
56670 21
56680 25
56690 19
56700 34
56710 25
56720 35
56730 38
56740 35
56750 24
56760 23
56770 39
56780 42
56790 28
56800 28
56810 34
56820 36
56830 36
56840 38
56850 24
56860 31
56870 21
56880 32
56890 17
56900 21
56910 38
56920 19
56930 31
56940 21
56950 34
56960 21
56970 23
56980 31
56990 32
57000 37
57010 36
57020 32
57030 33
57040 26
57050 38
57060 18
57070 28
57080 28
57090 16
57100 27
57110 23
57120 33
57130 37
57140 36
57150 28
57160 26
57170 20
57180 15
57190 16
57200 23
57210 31
57220 41
57230 26
57240 19
57250 28
57260 24
57270 33
57280 35
57290 27
57300 30
57310 17
57320 36
57330 30
57340 38
57350 40
57360 26
57370 22
57380 35
57390 36
57400 33
57410 19
57420 17
57430 17
57440 18
57450 31
57460 14
57470 30
57480 29
57490 33
57500 36
57510 32
57520 29
57530 38
57540 30
57550 29
57560 30
57570 25
57580 20
57590 32
57600 34
57610 28
57620 26
57630 32
57640 33
57650 40
57660 30
57670 30
57680 40
57690 39
57700 32
57710 20
57720 17
57730 32
57740 39
57750 33
57760 36
57770 38
57780 36
57790 36
57800 32
57810 41
57820 39
57830 20
57840 30
57850 27
57860 34
57870 29
57880 29
57890 8
57900 36
57910 36
57920 28
57930 30
57940 35
57950 28
57960 43
57970 26
57980 41
57990 32
58000 46
58010 21
58020 28
58030 31
58040 20
58050 14
58060 38
58070 41
58080 33
58090 32
58100 37
58110 28
58120 32
58130 34
58140 39
58150 39
58160 18
58170 27
58180 28
58190 34
58200 25
58210 31
58220 34
58230 33
58240 43
58250 44
58260 33
58270 41
58280 17
58290 43
58300 41
58310 32
58320 33
58330 31
58340 22
58350 32
58360 33
58370 40
58380 30
58390 31
58400 27
58410 15
58420 25
58430 34
58440 34
58450 27
58460 36
58470 28
58480 37
58490 28
58500 32
58510 36
58520 26
58530 29
58540 27
58550 19
58560 32
58570 21
58580 39
58590 31
58600 22
58610 40
58620 24
58630 33
58640 30
58650 17
58660 10
58670 17
58680 14
58690 19
58700 14
58710 20
58720 29
58730 20
58740 28
58750 20
58760 23
58770 27
58780 39
58790 31
58800 23
58810 41
58820 45
58830 48
58840 35
58850 16
58860 13
58870 16
58880 30
58890 33
58900 24
58910 16
58920 16
58930 39
58940 40
58950 34
58960 38
58970 33
58980 31
58990 24
59000 24
59010 27
59020 30
59030 33
59040 34
59050 36
59060 23
59070 22
59080 25
59090 30
59100 25
59110 31
59120 31
59130 34
59140 28
59150 33
59160 27
59170 33
59180 39
59190 26
59200 30
59210 23
59220 29
59230 41
59240 31
59250 39
59260 32
59270 13
59280 17
59290 28
59300 34
59310 19
59320 31
59330 27
59340 35
59350 35
59360 14
59370 30
59380 22
59390 33
59400 37
59410 30
59420 19
59430 29
59440 20
59450 33
59460 23
59470 29
59480 25
59490 36
59500 24
59510 32
59520 30
59530 32
59540 31
59550 35
59560 31
59570 25
59580 40
59590 25
59600 24
59610 32
59620 27
59630 41
59640 32
59650 24
59660 28
59670 33
59680 22
59690 33
59700 22
59710 23
59720 23
59730 36
59740 38
59750 35
59760 23
59770 37
59780 37
59790 39
59800 32
59810 38
59820 27
59830 25
59840 21
59850 30
59860 28
59870 30
59880 24
59890 31
59900 24
59910 44
59920 26
59930 23
59940 23
59950 34
59960 25
59970 31
59980 27
59990 29
60000 20
60010 20
60020 29
60030 24
60040 30
60050 37
60060 32
60070 33
60080 38
60090 20
60100 36
60110 36
60120 33
60130 29
60140 35
60150 25
60160 26
60170 27
60180 20
60190 21
60200 17
60210 14
60220 35
60230 34
60240 35
60250 27
60260 25
60270 29
60280 34
60290 35
60300 31
60310 31
60320 36
60330 38
60340 19
60350 25
60360 29
60370 31
60380 39
60390 31
60400 30
60410 35
60420 23
60430 37
60440 24
60450 21
60460 30
60470 29
60480 33
60490 28
60500 40
60510 29
60520 31
60530 27
60540 34
60550 31
60560 28
60570 35
60580 47
60590 42
60600 32
60610 38
60620 33
60630 16
60640 26
60650 21
60660 33
60670 37
60680 26
60690 28
60700 33
60710 26
60720 24
60730 34
60740 30
60750 24
60760 32
60770 40
60780 24
60790 35
60800 40
60810 34
60820 25
60830 16
60840 30
60850 33
60860 30
60870 33
60880 30
60890 16
60900 24
60910 22
60920 24
60930 30
60940 23
60950 27
60960 30
60970 21
60980 19
60990 22
61000 37
61010 20
61020 23
61030 31
61040 30
61050 37
61060 27
61070 32
61080 35
61090 26
61100 27
61110 32
61120 19
61130 12
61140 19
61150 32
61160 31
61170 22
61180 26
61190 28
61200 29
61210 30
61220 37
61230 33
61240 31
61250 32
61260 25
61270 31
61280 31
61290 29
61300 19
61310 33
61320 32
61330 16
61340 26
61350 28
61360 32
61370 32
61380 36
61390 31
61400 34
61410 25
61420 39
61430 26
61440 32
61450 35
61460 37
61470 34
61480 28
61490 40
61500 43
61510 31
61520 30
61530 34
61540 19
61550 29
61560 29
61570 25
61580 36
61590 29
61600 9
61610 29
61620 29
61630 25
61640 26
61650 36
61660 30
61670 42
61680 37
61690 33
61700 28
61710 29
61720 32
61730 34
61740 39
61750 26
61760 41
61770 37
61780 33
61790 35
61800 31
61810 13
61820 24
61830 21
61840 28
61850 31
61860 22
61870 29
61880 24
61890 24
61900 25
61910 23
61920 30
61930 35
61940 26
61950 4
61960 18
61970 23
61980 13
61990 21
62000 23
62010 33
62020 38
62030 30
62040 40
62050 33
62060 21
62070 26
62080 26
62090 28
62100 33
62110 16
62120 26
62130 29
62140 32
62150 26
62160 32
62170 29
62180 30
62190 36
62200 24
62210 28
62220 25
62230 22
62240 28
62250 39
62260 30
62270 15
62280 36
62290 41
62300 29
62310 23
62320 35
62330 32
62340 35
62350 29
62360 23
62370 30
62380 31
62390 30
62400 30
62410 27
62420 41
62430 31
62440 28
62450 31
62460 40
62470 21
62480 30
62490 27
62500 26
62510 26
62520 39
62530 16
62540 14
62550 34
62560 26
62570 11
62580 31
62590 38
62600 28
62610 23
62620 21
62630 36
62640 32
62650 31
62660 29
62670 22
62680 36
62690 30
62700 18
62710 21
62720 21
62730 16
62740 17
62750 25
62760 20
62770 26
62780 25
62790 26
62800 25
62810 30
62820 15
62830 16
62840 16
62850 29
62860 24
62870 18
62880 36
62890 29
62900 35
62910 28
62920 38
62930 29
62940 34
62950 30
62960 25
62970 39
62980 31
62990 40
63000 33
63010 38
63020 39
63030 35
63040 33
63050 39
63060 39
63070 36
63080 35
63090 37
63100 32
63110 39
63120 41
63130 40
63140 37
63150 36
63160 32
63170 44
63180 37
63190 37
63200 40
63210 42
63220 34
63230 38
63240 37
63250 35
63260 33
63270 39
63280 34
63290 36
63300 33
63310 31
63320 34
63330 29
63340 29
63350 39
63360 29
63370 26
63380 12
63390 26
63400 15
63410 14
63420 16
63430 20
63440 31
63450 28
63460 26
63470 33
63480 32
63490 19
63500 26
63510 24
63520 33
63530 11
63540 24
63550 33
63560 21
63570 20
63580 33
63590 23
63600 31
63610 29
63620 25
63630 33
63640 29
63650 35
63660 33
63670 32
63680 32
63690 34
63700 31
63710 27
63720 31
63730 31
63740 21
63750 23
63760 27
63770 18
63780 26
63790 24
63800 25
63810 23
63820 25
63830 15
63840 17
63850 35
63860 32
63870 29
63880 33
63890 26
63900 18
63910 27
63920 23
63930 20
63940 30
63950 22
63960 13
63970 25
63980 19
63990 25
64000 31
64010 18
64020 31
64030 20
64040 11
64050 30
64060 23
64070 24
64080 26
64090 28
64100 21
64110 23
64120 16
64130 24
64140 11
64150 33
64160 25
64170 16
64180 35
64190 11
64200 28
64210 19
64220 12
64230 28
64240 30
64250 22
64260 19
64270 18
64280 13
64290 8
64300 18
64310 25
64320 35
64330 17
64340 30
64350 14
64360 23
64370 14
64380 39
64390 34
64400 21
64410 26
64420 30
64430 22
64440 25
64450 28
64460 35
64470 30
64480 27
64490 41
64500 31
64510 26
64520 25
64530 37
64540 17
64550 36
64560 44
64570 30
64580 39
64590 37
64600 36
64610 38
64620 30
64630 33
64640 30
64650 35
64660 28
64670 45
64680 28
64690 39
64700 19
64710 19
64720 38
64730 41
64740 38
64750 37
64760 37
64770 32
64780 28
64790 25
64800 27
64810 31
64820 26
64830 23
64840 30
64850 31
64860 41
64870 32
64880 22
64890 17
64900 29
64910 28
64920 34
64930 33
64940 39
64950 38
64960 31
64970 40
64980 43
64990 31
65000 36
65010 43
65020 41
65030 24
65040 33
65050 38
65060 21
65070 31
65080 25
65090 30
65100 35
65110 33
65120 22
65130 35
65140 28
65150 34
65160 30
65170 38
65180 38
65190 40
65200 42
65210 32
65220 21
65230 22
65240 24
65250 35
65260 35
65270 25
65280 36
65290 23
65300 21
65310 31
65320 22
65330 13
65340 31
65350 21
65360 34
65370 36
65380 30
65390 33
65400 31
65410 30
65420 30
65430 32
65440 31
65450 20
65460 20
65470 33
65480 34
65490 38
65500 23
65510 31
65520 29
65530 38
65540 34
65550 41
65560 29
65570 39
65580 39
65590 32
65600 29
65610 35
65620 40
65630 33
65640 27
65650 36
65660 32
65670 24
65680 35
65690 37
65700 34
65710 33
65720 33
65730 36
65740 40
65750 33
65760 39
65770 35
65780 32
65790 39
65800 36
65810 36
65820 39
65830 29
65840 16
65850 28
65860 40
65870 34
65880 31
65890 35
65900 35
65910 38
65920 35
65930 37
65940 36
65950 46
65960 39
65970 38
65980 44
65990 32
66000 35
66010 20
66020 42
66030 40
66040 40
66050 27
66060 38
66070 34
66080 38
66090 34
66100 27
66110 38
66120 17
66130 34
66140 40
66150 33
66160 36
66170 25
66180 34
66190 42
66200 34
66210 40
66220 37
66230 36
66240 26
66250 38
66260 35
66270 35
66280 31
66290 38
66300 37
66310 38
66320 30
66330 35
66340 25
66350 39
66360 34
66370 38
66380 34
66390 26
66400 21
66410 31
66420 34
66430 22
66440 26
66450 31
66460 31
66470 38
66480 22
66490 35
66500 29
66510 25
66520 29
66530 40
66540 37
66550 41
66560 26
66570 31
66580 38
66590 35
66600 38
66610 36
66620 36
66630 34
66640 34
66650 31
66660 39
66670 35
66680 35
66690 19
66700 23
66710 29
66720 40
66730 30
66740 43
66750 29
66760 32
66770 29
66780 34
66790 35
66800 25
66810 19
66820 26
66830 29
66840 35
66850 40
66860 25
66870 27
66880 29
66890 23
66900 30
66910 31
66920 29
66930 33
66940 27
66950 34
66960 35
66970 42
66980 38
66990 39
67000 34
67010 21
67020 36
67030 33
67040 37
67050 18
67060 33
67070 26
67080 29
67090 22
67100 26
67110 35
67120 33
67130 36
67140 28
67150 29
67160 27
67170 28
67180 42
67190 31
67200 35
67210 26
67220 32
67230 27
67240 20
67250 36
67260 29
67270 30
67280 14
67290 22
67300 38
67310 26
67320 26
67330 34
67340 26
67350 24
67360 22
67370 34
67380 35
67390 29
67400 19
67410 32
67420 25
67430 25
67440 32
67450 25
67460 26
67470 17
67480 27
67490 31
67500 24
67510 15
67520 22
67530 26
67540 25
67550 18
67560 26
67570 37
67580 16
67590 28
67600 15
67610 33
67620 16
67630 26
67640 29
67650 15
67660 22
67670 25
67680 31
67690 35
67700 28
67710 29
67720 26
67730 21
67740 13
67750 25
67760 26
67770 24
67780 26
67790 20
67800 21
67810 16
67820 27
67830 25
67840 17
67850 26
67860 33
67870 20
67880 22
67890 20
67900 24
67910 29
67920 25
67930 17
67940 32
67950 28
67960 31
67970 19
67980 29
67990 26
68000 18
68010 32
68020 30
68030 27
68040 32
68050 39
68060 28
68070 19
68080 30
68090 28
68100 36
68110 12
68120 34
68130 20
68140 29
68150 23
68160 31
68170 27
68180 22
68190 31
68200 10
68210 31
68220 31
68230 16
68240 29
68250 31
68260 27
68270 23
68280 23
68290 29
68300 35
68310 33
68320 30
68330 16
68340 30
68350 25
68360 19
68370 32
68380 37
68390 28
68400 28
68410 25
68420 33
68430 16
68440 23
68450 25
68460 24
68470 29
68480 31
68490 26
68500 31
68510 24
68520 24
68530 11
68540 20
68550 21
68560 30
68570 23
68580 30
68590 26
68600 22
68610 31
68620 22
68630 26
68640 26
68650 22
68660 9
68670 30
68680 27
68690 20
68700 21
68710 25
68720 26
68730 23
68740 8
68750 20
68760 26
68770 23
68780 20
68790 28
68800 25
68810 25
68820 33
68830 25
68840 27
68850 29
68860 36
68870 27
68880 29
68890 31
68900 27
68910 20
68920 10
68930 21
68940 27
68950 31
68960 27
68970 32
68980 25
68990 26
69000 37
69010 28
69020 30
69030 22
69040 23
69050 20
69060 29
69070 26
69080 29
69090 28
69100 38
69110 22
69120 9
69130 25
69140 20
69150 24
69160 30
69170 29
69180 32
69190 27
69200 15
69210 13
69220 26
69230 16
69240 17
69250 28
69260 23
69270 27
69280 20
69290 16
69300 22
69310 34
69320 19
69330 26
69340 27
69350 26
69360 17
69370 28
69380 23
69390 34
69400 36
69410 29
69420 29
69430 30
69440 34
69450 30
69460 27
69470 24
69480 31
69490 27
69500 33
69510 32
69520 35
69530 31
69540 32
69550 37
69560 24
69570 27
69580 34
69590 35
69600 24
69610 19
69620 30
69630 34
69640 25
69650 35
69660 35
69670 34
69680 32
69690 35
69700 32
69710 32
69720 36
69730 32
69740 33
69750 35
69760 34
69770 31
69780 30
69790 40
69800 44
69810 37
69820 41
69830 35
69840 39
69850 35
69860 35
69870 36
69880 30
69890 22
69900 29
69910 30
69920 33
69930 29
69940 31
69950 41
69960 35
69970 42
69980 37
69990 30
70000 41
70010 40
70020 46
70030 39
70040 32
70050 44
70060 38
70070 39
70080 31
70090 41
70100 42
70110 33
70120 39
70130 30
70140 46
70150 33
70160 32
70170 34
70180 40
70190 40
70200 40
70210 34
70220 36
70230 39
70240 38
70250 42
70260 39
70270 33
70280 32
70290 34
70300 36
70310 33
70320 21
70330 27
70340 18
70350 39
70360 20
70370 26
70380 5
70390 26
70400 29
70410 35
70420 19
70430 20
70440 34
70450 38
70460 25
70470 32
70480 25
70490 20
70500 30
70510 26
70520 24
70530 14
70540 27
70550 38
70560 31
70570 33
70580 36
70590 34
70600 33
70610 27
70620 40
70630 37
70640 36
70650 33
70660 31
70670 31
70680 33
70690 30
70700 25
70710 35
70720 30
70730 35
70740 31
70750 30
70760 34
70770 30
70780 28
70790 39
70800 33
70810 42
70820 42
70830 39
70840 15
70850 41
70860 39
70870 40
70880 28
70890 24
70900 21
70910 33
70920 11
70930 17
70940 24
70950 41
70960 30
70970 32
70980 32
70990 33
71000 30
71010 17
71020 31
71030 21
71040 33
71050 42
71060 43
71070 31
71080 33
71090 23
71100 28
71110 26
71120 28
71130 38
71140 40
71150 42
71160 33
71170 31
71180 42
71190 45
71200 36
71210 29
71220 35
71230 40
71240 29
71250 27
71260 27
71270 25
71280 30
71290 23
71300 33
71310 36
71320 27
71330 24
71340 31
71350 41
71360 38
71370 38
71380 29
71390 33
71400 36
71410 39
71420 29
71430 33
71440 34
71450 28
71460 45
71470 37
71480 37
71490 37
71500 33
71510 30
71520 36
71530 35
71540 31
71550 30
71560 38
71570 40
71580 31
71590 44
71600 33
71610 35
71620 36
71630 38
71640 22
71650 28
71660 24
71670 17
71680 20
71690 33
71700 40
71710 36
71720 32
71730 39
71740 37
71750 33
71760 41
71770 25
71780 21
71790 33
71800 35
71810 30
71820 34
71830 38
71840 37
71850 32
71860 37
71870 31
71880 39
71890 42
71900 31
71910 37
71920 38
71930 26
71940 31
71950 19
71960 23
71970 18
71980 37
71990 35
72000 19
72010 40
72020 25
72030 15
72040 18
72050 32
72060 30
72070 19
72080 24
72090 29
72100 21
72110 13
72120 15
72130 26
72140 21
72150 19
72160 17
72170 26
72180 22
72190 25
72200 19
72210 25
72220 27
72230 23
72240 21
72250 11
72260 12
72270 35
72280 22
72290 21
72300 4
72310 7
72320 29
72330 16
72340 31
72350 24
72360 27
72370 40
72380 16
72390 7
72400 26
72410 23
72420 31
72430 32
72440 16
72450 15
72460 15
72470 9
72480 31
72490 10
72500 29
72510 30
72520 25
72530 25
72540 29
72550 33
72560 31
72570 12
72580 30
72590 23
72600 30
72610 18
72620 14
72630 21
72640 30
72650 20
72660 17
72670 19
72680 20
72690 20
72700 12
72710 14
72720 30
72730 1
72740 5
72750 21
72760 13
72770 9
72780 20
72790 10
72800 13
72810 20
72820 35
72830 29
72840 31
72850 21
72860 11
72870 7
72880 19
72890 16
72900 24
72910 30
72920 14
72930 24
72940 12
72950 30
72960 30
72970 28
72980 34
72990 34
73000 18
73010 22
73020 25
73030 35
73040 26
73050 16
73060 9
73070 9
73080 9
73090 4
73100 3
73110 4
73120 21
73130 12
73140 14
73150 25
73160 19
73170 20
73180 10
73190 35
73200 25
73210 14
73220 26
73230 37
73240 34
73250 31
73260 27
73270 34
73280 13
73290 27
73300 18
73310 19
73320 25
73330 15
73340 21
73350 10
73360 23
73370 33
73380 13
73390 28
73400 16
73410 24
73420 21
73430 25
73440 12
73450 19
73460 27
73470 27
73480 20
73490 26
73500 17
73510 19
73520 23
73530 25
73540 16
73550 20
73560 23
73570 9
73580 22
73590 23
73600 18
73610 18
73620 10
73630 12
73640 9
73650 16
73660 30
73670 34
73680 17
73690 14
73700 18
73710 22
73720 21
73730 11
73740 7
73750 24
73760 7
73770 13
73780 21
73790 18
73800 17
73810 6
73820 14
73830 7
73840 12
73850 18
73860 20
73870 14
73880 23
73890 17
73900 20
73910 25
73920 17
73930 17
73940 12
73950 12
73960 21
73970 29
73980 25
73990 34
74000 34
74010 39
74020 27
74030 26
74040 24
74050 24
74060 36
74070 28
74080 19
74090 36
74100 38
74110 19
74120 28
74130 15
74140 16
74150 17
74160 33
74170 19
74180 20
74190 28
74200 13
74210 19
74220 14
74230 37
74240 39
74250 32
74260 21
74270 27
74280 24
74290 30
74300 19
74310 37
74320 33
74330 38
74340 26
74350 35
74360 20
74370 32
74380 24
74390 19
74400 20
74410 33
74420 16
74430 20
74440 26
74450 28
74460 42
74470 39
74480 39
74490 29
74500 38
74510 36
74520 34
74530 38
74540 28
74550 30
74560 39
74570 30
74580 37
74590 29
74600 34
74610 29
74620 38
74630 17
74640 22
74650 16
74660 31
74670 28
74680 24
74690 29
74700 15
74710 27
74720 19
74730 17
74740 26
74750 28
74760 31
74770 38
74780 19
74790 39
74800 36
74810 19
74820 32
74830 20
74840 21
74850 23
74860 23
74870 35
74880 26
74890 37
74900 23
74910 36
74920 32
74930 14
74940 37
74950 43
74960 22
74970 25
74980 45
74990 35
75000 22
75010 39
75020 36
75030 35
75040 24
75050 30
75060 30
75070 22
75080 23
75090 24
75100 26
75110 26
75120 26
75130 16
75140 27
75150 31
75160 22
75170 37
75180 33
75190 26
75200 29
75210 32
75220 33
75230 32
75240 32
75250 29
75260 26
75270 32
75280 30
75290 32
75300 34
75310 32
75320 26
75330 27
75340 31
75350 30
75360 29
75370 34
75380 32
75390 36
75400 32
75410 15
75420 20
75430 34
75440 25
75450 13
75460 31
75470 28
75480 24
75490 27
75500 27
75510 23
75520 37
75530 32
75540 21
75550 18
75560 26
75570 28
75580 33
75590 31
75600 39
75610 29
75620 15
75630 17
75640 28
75650 30
75660 34
75670 17
75680 42
75690 36
75700 33
75710 35
75720 29
75730 38
75740 26
75750 22
75760 25
75770 25
75780 25
75790 26
75800 37
75810 15
75820 16
75830 16
75840 32
75850 17
75860 41
75870 32
75880 22
75890 20
75900 26
75910 17
75920 8
75930 19
75940 16
75950 31
75960 20
75970 30
75980 28
75990 22
76000 27
76010 30
76020 17
76030 18
76040 31
76050 16
76060 25
76070 24
76080 22
76090 12
76100 21
76110 25
76120 9
76130 23
76140 26
76150 26
76160 24
76170 28
76180 26
76190 20
76200 25
76210 23
76220 26
76230 16
76240 18
76250 16
76260 15
76270 25
76280 20
76290 30
76300 24
76310 24
76320 27
76330 20
76340 25
76350 21
76360 11
76370 30
76380 28
76390 31
76400 23
76410 13
76420 25
76430 16
76440 24
76450 27
76460 13
76470 15
76480 24
76490 26
76500 12
76510 19
76520 18
76530 33
76540 21
76550 30
76560 30
76570 26
76580 25
76590 24
76600 27
76610 43
76620 28
76630 21
76640 12
76650 30
76660 29
76670 28
76680 16
76690 23
76700 29
76710 16
76720 32
76730 22
76740 30
76750 23
76760 39
76770 25
76780 15
76790 20
76800 17
76810 25
76820 38
76830 7
76840 31
76850 33
76860 32
76870 32
76880 37
76890 30
76900 26
76910 29
76920 28
76930 22
76940 36
76950 27
76960 26
76970 32
76980 17
76990 15
77000 19
77010 33
77020 23
77030 23
77040 35
77050 30
77060 25
77070 27
77080 22
77090 29
77100 26
77110 26
77120 36
77130 31
77140 30
77150 21
77160 22
77170 30
77180 36
77190 37
77200 19
77210 30
77220 31
77230 31
77240 25
77250 15
77260 19
77270 37
77280 24
77290 10
77300 29
77310 34
77320 32
77330 23
77340 27
77350 31
77360 29
77370 20
77380 21
77390 37
77400 26
77410 27
77420 39
77430 21
77440 35
77450 39
77460 30
77470 19
77480 22
77490 29
77500 19
77510 24
77520 30
77530 30
77540 28
77550 14
77560 28
77570 17
77580 30
77590 34
77600 34
77610 31
77620 21
77630 25
77640 21
77650 30
77660 29
77670 25
77680 18
77690 29
77700 29
77710 33
77720 26
77730 29
77740 30
77750 30
77760 28
77770 33
77780 19
77790 33
77800 40
77810 30
77820 31
77830 36
77840 24
77850 22
77860 18
77870 35
77880 27
77890 22
77900 20
77910 14
77920 34
77930 31
77940 31
77950 23
77960 21
77970 38
77980 35
77990 19
78000 23
78010 30
78020 33
78030 39
78040 27
78050 39
78060 30
78070 29
78080 33
78090 30
78100 31
78110 33
78120 27
78130 32
78140 29
78150 23
78160 46
78170 29
78180 38
78190 35
78200 31
78210 21
78220 24
78230 32
78240 33
78250 26
78260 39
78270 21
78280 18
78290 24
78300 22
78310 27
78320 37
78330 44
78340 35
78350 30
78360 42
78370 34
78380 36
78390 25
78400 20
78410 20
78420 35
78430 19
78440 29
78450 40
78460 28
78470 24
78480 35
78490 23
78500 21
78510 32
78520 33
78530 28
78540 38
78550 23
78560 27
78570 33
78580 21
78590 29
78600 39
78610 29
78620 34
78630 31
78640 23
78650 28
78660 23
78670 28
78680 42
78690 29
78700 20
78710 31
78720 33
78730 33
78740 25
78750 38
78760 30
78770 34
78780 27
78790 31
78800 34
78810 23
78820 43
78830 28
78840 37
78850 35
78860 44
78870 45
78880 42
78890 26
78900 46
78910 47
78920 39
78930 29
78940 39
78950 15
78960 28
78970 35
78980 30
78990 28
79000 22
79010 23
79020 29
79030 25
79040 26
79050 34
79060 26
79070 29
79080 35
79090 32
79100 31
79110 34
79120 34
79130 26
79140 12
79150 25
79160 30
79170 19
79180 26
79190 21
79200 31
79210 18
79220 29
79230 35
79240 35
79250 33
79260 21
79270 29
79280 39
79290 40
79300 15
79310 25
79320 21
79330 39
79340 23
79350 20
79360 24
79370 34
79380 34
79390 34
79400 27
79410 15
79420 19
79430 32
79440 29
79450 28
79460 37
79470 25
79480 18
79490 34
79500 14
79510 37
79520 37
79530 14
79540 18
79550 22
79560 16
79570 23
79580 30
79590 22
79600 34
79610 21
79620 32
79630 27
79640 18
79650 27
79660 30
79670 13
79680 21
79690 27
79700 22
79710 30
79720 13
79730 20
79740 37
79750 12
79760 25
79770 28
79780 30
79790 28
79800 30
79810 15
79820 31
79830 17
79840 31
79850 37
79860 25
79870 26
79880 29
79890 35
79900 28
79910 37
79920 42
79930 28
79940 29
79950 31
79960 26
79970 38
79980 39
79990 30
80000 28
80010 30
80020 18
80030 24
80040 33
80050 28
80060 38
80070 28
80080 24
80090 37
80100 23
80110 29
80120 28
80130 13
80140 35
80150 28
80160 34
80170 30
80180 26
80190 26
80200 38
80210 18
80220 29
80230 32
80240 35
80250 31
80260 18
80270 25
80280 36
80290 11
80300 33
80310 35
80320 32
80330 33
80340 27
80350 21
80360 35
80370 24
80380 35
80390 32
80400 33
80410 32
80420 32
80430 34
80440 33
80450 31
80460 28
80470 34
80480 32
80490 31
80500 36
80510 33
80520 38
80530 39
80540 35
80550 38
80560 32
80570 39
80580 34
80590 35
80600 32
80610 24
80620 36
80630 34
80640 42
80650 43
80660 38
80670 35
80680 38
80690 34
80700 43
80710 42
80720 39
80730 44
80740 38
80750 37
80760 43
80770 41
80780 43
80790 36
80800 21
80810 29
80820 36
80830 30
80840 34
80850 28
80860 26
80870 25
80880 44
80890 33
80900 38
80910 33
80920 36
80930 36
80940 25
80950 27
80960 35
80970 30
80980 22
80990 32
81000 23
81010 26
81020 44
81030 43
81040 40
81050 33
81060 26
81070 29
81080 28
81090 27
81100 30
81110 29
81120 34
81130 32
81140 29
81150 19
81160 44
81170 26
81180 36
81190 39
81200 26
81210 29
81220 31
81230 41
81240 23
81250 34
81260 35
81270 27
81280 41
81290 32
81300 33
81310 24
81320 24
81330 33
81340 34
81350 34
81360 36
81370 28
81380 39
81390 23
81400 42
81410 26
81420 23
81430 22
81440 32
81450 27
81460 28
81470 27
81480 28
81490 35
81500 27
81510 30
81520 36
81530 32
81540 39
81550 36
81560 30
81570 30
81580 29
81590 30
81600 30
81610 26
81620 37
81630 28
81640 21
81650 37
81660 26
81670 29
81680 26
81690 27
81700 22
81710 33
81720 33
81730 38
81740 21
81750 33
81760 26
81770 36
81780 34
81790 41
81800 25
81810 36
81820 19
81830 26
81840 32
81850 34
81860 33
81870 29
81880 29
81890 33
81900 22
81910 19
81920 20
81930 20
81940 22
81950 18
81960 9
81970 24
81980 11
81990 13
82000 21
82010 22
82020 10
82030 18
82040 32
82050 29
82060 29
82070 25
82080 23
82090 26
82100 31
82110 25
82120 18
82130 21
82140 28
82150 28
82160 23
82170 10
82180 28
82190 21
82200 26
82210 38
82220 20
82230 25
82240 37
82250 34
82260 20
82270 20
82280 37
82290 33
82300 27
82310 31
82320 23
82330 29
82340 19
82350 27
82360 25
82370 28
82380 24
82390 9
82400 24
82410 25
82420 29
82430 28
82440 33
82450 37
82460 21
82470 25
82480 28
82490 33
82500 26
82510 28
82520 26
82530 29
82540 41
82550 36
82560 30
82570 20
82580 34
82590 30
82600 42
82610 34
82620 26
82630 39
82640 34
82650 29
82660 18
82670 27
82680 17
82690 27
82700 35
82710 29
82720 31
82730 39
82740 19
82750 31
82760 29
82770 32
82780 34
82790 20
82800 29
82810 28
82820 27
82830 20
82840 17
82850 8
82860 30
82870 35
82880 30
82890 16
82900 35
82910 17
82920 34
82930 31
82940 34
82950 28
82960 34
82970 30
82980 24
82990 27
83000 38
83010 30
83020 31
83030 17
83040 23
83050 21
83060 38
83070 37
83080 35
83090 26
83100 39
83110 32
83120 19
83130 26
83140 23
83150 28
83160 21
83170 30
83180 26
83190 38
83200 17
83210 21
83220 29
83230 24
83240 36
83250 16
83260 13
83270 30
83280 25
83290 31
83300 29
83310 36
83320 25
83330 29
83340 33
83350 36
83360 21
83370 28
83380 26
83390 36
83400 33
83410 20
83420 26
83430 37
83440 33
83450 37
83460 25
83470 35
83480 33
83490 36
83500 12
83510 21
83520 30
83530 26
83540 34
83550 29
83560 30
83570 28
83580 30
83590 32
83600 16
83610 21
83620 23
83630 32
83640 19
83650 30
83660 36
83670 29
83680 22
83690 31
83700 22
83710 35
83720 23
83730 43
83740 32
83750 31
83760 24
83770 19
83780 30
83790 33
83800 18
83810 14
83820 17
83830 19
83840 17
83850 15
83860 7
83870 19
83880 27
83890 39
83900 29
83910 25
83920 23
83930 30
83940 4
83950 22
83960 16
83970 23
83980 23
83990 14
84000 16
84010 16
84020 14
84030 29
84040 26
84050 20
84060 23
84070 24
84080 24
84090 12
84100 21
84110 13
84120 16
84130 21
84140 22
84150 28
84160 24
84170 18
84180 26
84190 29
84200 23
84210 13
84220 19
84230 19
84240 19
84250 16
84260 14
84270 30
84280 16
84290 16
84300 23
84310 11
84320 34
84330 25
84340 30
84350 33
84360 37
84370 24
84380 33
84390 18
84400 17
84410 12
84420 25
84430 17
84440 15
84450 30
84460 19
84470 24
84480 21
84490 32
84500 6
84510 22
84520 25
84530 12
84540 29
84550 21
84560 23
84570 13
84580 9
84590 23
84600 20
84610 30
84620 19
84630 11
84640 24
84650 18
84660 37
84670 26
84680 24
84690 35
84700 36
84710 39
84720 36
84730 29
84740 30
84750 21
84760 26
84770 29
84780 38
84790 28
84800 21
84810 34
84820 32
84830 36
84840 33
84850 37
84860 27
84870 31
84880 44
84890 37
84900 29
84910 27
84920 34
84930 40
84940 34
84950 42
84960 35
84970 41
84980 37
84990 30
85000 28
85010 28
85020 33
85030 39
85040 34
85050 37
85060 33
85070 41
85080 30
85090 33
85100 40
85110 30
85120 29
85130 30
85140 36
85150 30
85160 25
85170 23
85180 37
85190 28
85200 27
85210 39
85220 32
85230 30
85240 25
85250 35
85260 32
85270 39
85280 38
85290 29
85300 33
85310 36
85320 45
85330 33
85340 37
85350 33
85360 27
85370 38
85380 33
85390 40
85400 40
85410 31
85420 34
85430 43
85440 36
85450 37
85460 43
85470 39
85480 40
85490 27
85500 36
85510 29
85520 17
85530 25
85540 24
85550 30
85560 35
85570 26
85580 33
85590 32
85600 19
85610 31
85620 25
85630 38
85640 26
85650 35
85660 32
85670 25
85680 26
85690 37
85700 30
85710 37
85720 33
85730 32
85740 23
85750 35
85760 33
85770 34
85780 30
85790 26
85800 35
85810 26
85820 20
85830 36
85840 30
85850 35
85860 48
85870 38
85880 31
85890 30
85900 34
85910 27
85920 43
85930 33
85940 34
85950 35
85960 24
85970 37
85980 20
85990 41
86000 23
86010 38
86020 32
86030 37
86040 34
86050 36
86060 41
86070 41
86080 33
86090 38
86100 43
86110 41
86120 37
86130 40
86140 39
86150 33
86160 44
86170 40
86180 22
86190 41
86200 36
86210 40
86220 28
86230 43
86240 40
86250 33
86260 38
86270 43
86280 34
86290 35
86300 29
86310 30
86320 38
86330 37
86340 38
86350 40
86360 30
86370 35
86380 37
86390 32
86400 40
86410 39
86420 39
86430 40
86440 29
86450 39
86460 34
86470 40
86480 30
86490 31
86500 29
86510 32
86520 36
86530 32
86540 27
86550 31
86560 26
86570 24
86580 30
86590 31
86600 32
86610 40
86620 37
86630 38
86640 25
86650 28
86660 38
86670 15
86680 28
86690 39
86700 40
86710 33
86720 20
86730 24
86740 22
86750 33
86760 29
86770 15
86780 42
86790 31
86800 34
86810 33
86820 32
86830 45
86840 30
86850 35
86860 33
86870 25
86880 28
86890 35
86900 30
86910 21
86920 34
86930 36
86940 31
86950 28
86960 33
86970 16
86980 20
86990 38
87000 21
87010 18
87020 27
87030 25
87040 30
87050 30
87060 29
87070 39
87080 38
87090 21
87100 30
87110 36
87120 42
87130 38
87140 26
87150 25
87160 35
87170 16
87180 24
87190 10
87200 28
87210 28
87220 33
87230 37
87240 26
87250 32
87260 20
87270 26
87280 20
87290 21
87300 20
87310 34
87320 32
87330 28
87340 40
87350 22
87360 29
87370 15
87380 27
87390 33
87400 34
87410 29
87420 22
87430 17
87440 34
87450 29
87460 37
87470 39
87480 32
87490 38
87500 26
87510 31
87520 32
87530 43
87540 23
87550 40
87560 39
87570 34
87580 29
87590 36
87600 43
87610 37
87620 20
87630 35
87640 23
87650 22
87660 26
87670 24
87680 31
87690 26
87700 21
87710 38
87720 24
87730 20
87740 22
87750 38
87760 41
87770 26
87780 29
87790 27
87800 32
87810 28
87820 39
87830 32
87840 27
87850 30
87860 31
87870 39
87880 31
87890 33
87900 38
87910 18
87920 36
87930 24
87940 20
87950 34
87960 36
87970 36
87980 29
87990 33
88000 35
88010 29
88020 37
88030 34
88040 36
88050 27
88060 29
88070 29
88080 35
88090 31
88100 38
88110 35
88120 33
88130 22
88140 28
88150 20
88160 28
88170 22
88180 25
88190 18
88200 33
88210 32
88220 23
88230 27
88240 36
88250 29
88260 43
88270 26
88280 39
88290 27
88300 8
88310 32
88320 23
88330 14
88340 19
88350 13
88360 25
88370 28
88380 20
88390 28
88400 4
88410 33
88420 35
88430 22
88440 25
88450 15
88460 11
88470 5
88480 13
88490 7
88500 9
88510 30
88520 23
88530 22
88540 26
88550 17
88560 31
88570 37
88580 15
88590 21
88600 34
88610 34
88620 32
88630 12
88640 26
88650 22
88660 18
88670 9
88680 14
88690 14
88700 24
88710 22
88720 34
88730 31
88740 30
88750 23
88760 34
88770 29
88780 42
88790 26
88800 25
88810 24
88820 4
88830 38
88840 36
88850 36
88860 33
88870 32
88880 37
88890 26
88900 24
88910 28
88920 38
88930 37
88940 26
88950 17
88960 39
88970 33
88980 21
88990 23
89000 36
89010 20
89020 13
89030 11
89040 20
89050 16
89060 14
89070 13
89080 9
89090 12
89100 5
89110 10
89120 7
89130 19
89140 26
89150 10
89160 16
89170 11
89180 29
89190 37
89200 16
89210 38
89220 30
89230 24
89240 28
89250 35
89260 44
89270 27
89280 24
89290 31
89300 37
89310 29
89320 29
89330 32
89340 32
89350 25
89360 31
89370 36
89380 29
89390 36
89400 28
89410 33
89420 27
89430 26
89440 28
89450 36
89460 38
89470 30
89480 34
89490 36
89500 36
89510 27
89520 33
89530 25
89540 21
89550 23
89560 20
89570 28
89580 35
89590 16
89600 37
89610 22
89620 32
89630 34
89640 31
89650 29
89660 27
89670 21
89680 36
89690 19
89700 30
89710 18
89720 20
89730 27
89740 21
89750 26
89760 28
89770 19
89780 33
89790 25
89800 31
89810 27
89820 25
89830 26
89840 20
89850 23
89860 30
89870 17
89880 24
89890 21
89900 24
89910 20
89920 29
89930 29
89940 25
89950 16
89960 25
89970 30
89980 33
89990 38
90000 36
90010 33
90020 27
90030 44
90040 38
90050 43
90060 41
90070 37
90080 42
90090 43
90100 31
90110 28
90120 43
90130 39
90140 42
90150 45
90160 38
90170 35
90180 35
90190 38
90200 33
90210 33
90220 35
90230 41
90240 45
90250 21
90260 37
90270 34
90280 38
90290 28
90300 39
90310 32
90320 37
90330 39
90340 41
90350 32
90360 36
90370 39
90380 30
90390 37
90400 32
90410 26
90420 39
90430 31
90440 40
90450 34
90460 38
90470 41
90480 31
90490 35
90500 22
90510 36
90520 32
90530 41
90540 41
90550 34
90560 43
90570 26
90580 41
90590 40
90600 35
90610 34
90620 33
90630 39
90640 40
90650 40
90660 24
90670 34
90680 39
90690 36
90700 37
90710 34
90720 31
90730 34
90740 36
90750 40
90760 34
90770 21
90780 35
90790 36
90800 40
90810 38
90820 31
90830 31
90840 40
90850 25
90860 34
90870 22
90880 40
90890 37
90900 34
90910 35
90920 29
90930 38
90940 32
90950 34
90960 47
90970 42
90980 38
90990 35
91000 31
91010 39
91020 38
91030 32
91040 26
91050 39
91060 36
91070 39
91080 27
91090 26
91100 32
91110 45
91120 39
91130 40
91140 32
91150 35
91160 32
91170 33
91180 34
91190 37
91200 29
91210 22
91220 27
91230 31
91240 37
91250 22
91260 38
91270 37
91280 34
91290 28
91300 28
91310 30
91320 28
91330 35
91340 23
91350 35
91360 28
91370 33
91380 37
91390 16
91400 39
91410 33
91420 22
91430 32
91440 26
91450 33
91460 33
91470 35
91480 19
91490 33
91500 30
91510 19
91520 30
91530 24
91540 34
91550 29
91560 34
91570 37
91580 24
91590 31
91600 22
91610 29
91620 34
91630 32
91640 29
91650 33
91660 26
91670 28
91680 22
91690 24
91700 23
91710 29
91720 24
91730 35
91740 32
91750 33
91760 44
91770 33
91780 36
91790 35
91800 41
91810 30
91820 36
91830 32
91840 33
91850 35
91860 25
91870 45
91880 34
91890 45
91900 39
91910 24
91920 28
91930 33
91940 43
91950 41
91960 35
91970 36
91980 41
91990 36
92000 42
92010 34
92020 24
92030 13
92040 23
92050 42
92060 35
92070 40
92080 28
92090 27
92100 39
92110 34
92120 26
92130 38
92140 33
92150 30
92160 36
92170 35
92180 20
92190 30
92200 27
92210 34
92220 26
92230 15
92240 34
92250 41
92260 37
92270 34
92280 42
92290 37
92300 41
92310 30
92320 37
92330 47
92340 39
92350 39
92360 36
92370 36
92380 39
92390 37
92400 29
92410 26
92420 32
92430 34
92440 28
92450 20
92460 38
92470 32
92480 24
92490 33
92500 33
92510 30
92520 31
92530 32
92540 40
92550 29
92560 35
92570 26
92580 26
92590 38
92600 32
92610 24
92620 29
92630 28
92640 49
92650 33
92660 34
92670 34
92680 29
92690 28
92700 26
92710 39
92720 36
92730 28
92740 42
92750 38
92760 23
92770 27
92780 29
92790 45
92800 43
92810 38
92820 42
92830 39
92840 32
92850 30
92860 34
92870 25
92880 22
92890 44
92900 23
92910 20
92920 29
92930 19
92940 31
92950 32
92960 36
92970 28
92980 16
92990 32
93000 27
93010 44
93020 32
93030 27
93040 30
93050 36
93060 19
93070 24
93080 27
93090 21
93100 33
93110 36
93120 33
93130 26
93140 36
93150 29
93160 21
93170 37
93180 35
93190 33
93200 35
93210 39
93220 28
93230 22
93240 34
93250 26
93260 28
93270 34
93280 27
93290 27
93300 44
93310 35
93320 23
93330 34
93340 21
93350 29
93360 27
93370 22
93380 34
93390 32
93400 34
93410 28
93420 18
93430 16
93440 26
93450 37
93460 16
93470 29
93480 24
93490 40
93500 14
93510 34
93520 39
93530 37
93540 29
93550 30
93560 32
93570 38
93580 31
93590 39
93600 32
93610 23
93620 18
93630 32
93640 35
93650 16
93660 32
93670 30
93680 19
93690 45
93700 30
93710 37
93720 41
93730 30
93740 34
93750 35
93760 33
93770 36
93780 33
93790 37
93800 42
93810 31
93820 37
93830 30
93840 44
93850 26
93860 33
93870 38
93880 38
93890 42
93900 33
93910 34
93920 38
93930 22
93940 44
93950 29
93960 26
93970 33
93980 35
93990 30
94000 31
94010 32
94020 31
94030 32
94040 34
94050 38
94060 31
94070 29
94080 31
94090 27
94100 39
94110 35
94120 31
94130 44
94140 40
94150 33
94160 37
94170 42
94180 29
94190 42
94200 39
94210 44
94220 40
94230 29
94240 31
94250 16
94260 36
94270 19
94280 43
94290 37
94300 37
94310 40
94320 36
94330 23
94340 35
94350 17
94360 28
94370 28
94380 30
94390 27
94400 29
94410 26
94420 36
94430 30
94440 24
94450 15
94460 24
94470 23
94480 35
94490 26
94500 19
94510 24
94520 20
94530 33
94540 21
94550 23
94560 31
94570 31
94580 10
94590 32
94600 31
94610 29
94620 24
94630 32
94640 30
94650 32
94660 35
94670 30
94680 34
94690 34
94700 25
94710 33
94720 23
94730 23
94740 36
94750 17
94760 17
94770 34
94780 42
94790 35
94800 36
94810 39
94820 35
94830 37
94840 39
94850 34
94860 32
94870 39
94880 31
94890 38
94900 32
94910 38
94920 29
94930 37
94940 36
94950 33
94960 36
94970 37
94980 30
94990 32
95000 33
95010 31
95020 17
95030 27
95040 22
95050 19
95060 27
95070 21
95080 25
95090 13
95100 14
95110 29
95120 27
95130 31
95140 25
95150 31
95160 32
95170 21
95180 9
95190 29
95200 29
95210 31
95220 20
95230 29
95240 26
95250 26
95260 22
95270 32
95280 26
95290 31
95300 35
95310 23
95320 25
95330 29
95340 39
95350 27
95360 29
95370 35
95380 32
95390 38
95400 30
95410 22
95420 35
95430 29
95440 32
95450 17
95460 28
95470 19
95480 26
95490 33
95500 34
95510 34
95520 28
95530 31
95540 32
95550 25
95560 26
95570 34
95580 20
95590 32
95600 20
95610 33
95620 27
95630 32
95640 30
95650 29
95660 22
95670 22
95680 38
95690 16
95700 28
95710 27
95720 35
95730 35
95740 24
95750 20
95760 19
95770 21
95780 21
95790 30
95800 19
95810 22
95820 18
95830 24
95840 24
95850 18
95860 23
95870 22
95880 29
95890 19
95900 40
95910 42
95920 27
95930 26
95940 34
95950 29
95960 40
95970 30
95980 33
95990 29
96000 35
96010 31
96020 32
96030 33
96040 31
96050 22
96060 14
96070 32
96080 28
96090 23
96100 26
96110 30
96120 26
96130 21
96140 18
96150 13
96160 22
96170 10
96180 33
96190 21
96200 29
96210 22
96220 31
96230 29
96240 19
96250 37
96260 30
96270 25
96280 29
96290 34
96300 31
96310 36
96320 16
96330 18
96340 33
96350 25
96360 28
96370 23
96380 23
96390 15
96400 23
96410 33
96420 38
96430 38
96440 22
96450 25
96460 30
96470 29
96480 31
96490 31
96500 38
96510 31
96520 32
96530 28
96540 21
96550 20
96560 34
96570 39
96580 23
96590 20
96600 22
96610 28
96620 21
96630 21
96640 21
96650 37
96660 35
96670 35
96680 30
96690 28
96700 35
96710 31
96720 25
96730 23
96740 29
96750 27
96760 12
96770 14
96780 32
96790 17
96800 26
96810 16
96820 31
96830 20
96840 14
96850 28
96860 14
96870 23
96880 33
96890 21
96900 6
96910 21
96920 21
96930 28
96940 16
96950 26
96960 27
96970 28
96980 32
96990 41
97000 33
97010 35
97020 35
97030 21
97040 31
97050 19
97060 21
97070 13
97080 21
97090 17
97100 21
97110 30
97120 24
97130 33
97140 21
97150 32
97160 34
97170 32
97180 24
97190 25
97200 11
97210 12
97220 25
97230 15
97240 29
97250 27
97260 25
97270 12
97280 29
97290 20
97300 23
97310 12
97320 26
97330 19
97340 11
97350 21
97360 36
97370 20
97380 15
97390 12
97400 13
97410 20
97420 25
97430 16
97440 16
97450 26
97460 19
97470 16
97480 23
97490 19
97500 24
97510 7
97520 30
97530 14
97540 25
97550 18
97560 28
97570 17
97580 16
97590 31
97600 32
97610 39
97620 41
97630 25
97640 35
97650 16
97660 30
97670 30
97680 37
97690 34
97700 35
97710 30
97720 24
97730 37
97740 31
97750 36
97760 22
97770 36
97780 29
97790 34
97800 33
97810 26
97820 22
97830 31
97840 41
97850 28
97860 35
97870 24
97880 28
97890 28
97900 28
97910 26
97920 35
97930 33
97940 35
97950 31
97960 34
97970 35
97980 32
97990 38
98000 29
98010 39
98020 36
98030 32
98040 25
98050 29
98060 20
98070 33
98080 40
98090 31
98100 25
98110 32
98120 25
98130 34
98140 29
98150 15
98160 28
98170 28
98180 35
98190 23
98200 22
98210 42
98220 20
98230 32
98240 17
98250 18
98260 24
98270 26
98280 15
98290 30
98300 31
98310 35
98320 33
98330 26
98340 33
98350 35
98360 21
98370 28
98380 30
98390 35
98400 30
98410 33
98420 44
98430 37
98440 35
98450 34
98460 44
98470 38
98480 31
98490 28
98500 35
98510 20
98520 35
98530 29
98540 36
98550 31
98560 34
98570 32
98580 28
98590 30
98600 38
98610 22
98620 14
98630 32
98640 35
98650 35
98660 12
98670 14
98680 31
98690 23
98700 37
98710 32
98720 28
98730 30
98740 29
98750 27
98760 24
98770 32
98780 33
98790 27
98800 45
98810 35
98820 46
98830 27
98840 34
98850 36
98860 40
98870 44
98880 35
98890 38
98900 36
98910 34
98920 32
98930 35
98940 29
98950 32
98960 35
98970 40
98980 34
98990 38
99000 42
99010 41
99020 43
99030 36
99040 29
99050 31
99060 27
99070 38
99080 32
99090 36
99100 20
99110 40
99120 44
99130 36
99140 37
99150 33
99160 22
99170 34
99180 34
99190 37
99200 42
99210 40
99220 38
99230 12
99240 28
99250 30
99260 27
99270 33
99280 25
99290 30
99300 27
99310 30
99320 30
99330 23
99340 32
99350 29
99360 30
99370 32
99380 15
99390 36
99400 27
99410 31
99420 34
99430 30
99440 28
99450 35
99460 18
99470 38
99480 20
99490 31
99500 33
99510 26
99520 32
99530 28
99540 45
99550 41
99560 29
99570 35
99580 38
99590 44
99600 39
99610 32
99620 42
99630 36
99640 30
99650 35
99660 30
99670 40
99680 33
99690 32
99700 18
99710 32
99720 23
99730 36
99740 30
99750 37
99760 34
99770 20
99780 30
99790 37
99800 41
99810 15
99820 27
99830 23
99840 31
99850 34
99860 34
99870 33
99880 21
99890 36
99900 36
99910 29
99920 27
99930 40
99940 25
99950 37
99960 40
99970 33
99980 30
99990 30
