# Frame Contacts
30000 14
30010 14
30020 18
30030 11
30040 15
30050 15
30060 12
30070 7
30080 21
30090 5
30100 11
30110 12
30120 11
30130 14
30140 12
30150 9
30160 10
30170 13
30180 11
30190 9
30200 18
30210 12
30220 13
30230 9
30240 11
30250 10
30260 14
30270 12
30280 15
30290 12
30300 10
30310 14
30320 13
30330 12
30340 18
30350 14
30360 11
30370 17
30380 15
30390 16
30400 20
30410 19
30420 14
30430 22
30440 19
30450 20
30460 24
30470 15
30480 17
30490 20
30500 16
30510 17
30520 16
30530 21
30540 25
30550 14
30560 14
30570 7
30580 16
30590 9
30600 21
30610 20
30620 17
30630 23
30640 21
30650 20
30660 22
30670 21
30680 20
30690 18
30700 14
30710 20
30720 18
30730 17
30740 20
30750 10
30760 16
30770 14
30780 13
30790 11
30800 11
30810 23
30820 12
30830 17
30840 14
30850 24
30860 17
30870 14
30880 22
30890 15
30900 14
30910 21
30920 18
30930 18
30940 24
30950 20
30960 18
30970 15
30980 18
30990 20
31000 15
31010 18
31020 16
31030 14
31040 19
31050 13
31060 18
31070 21
31080 14
31090 20
31100 13
31110 7
31120 17
31130 16
31140 17
31150 17
31160 10
31170 16
31180 11
31190 16
31200 16
31210 14
31220 21
31230 18
31240 16
31250 12
31260 18
31270 17
31280 20
31290 15
31300 18
31310 24
31320 17
31330 16
31340 14
31350 12
31360 18
31370 19
31380 20
31390 14
31400 21
31410 7
31420 15
31430 25
31440 18
31450 18
31460 15
31470 11
31480 13
31490 11
31500 13
31510 14
31520 10
31530 16
31540 18
31550 16
31560 20
31570 16
31580 11
31590 16
31600 15
31610 13
31620 18
31630 15
31640 17
31650 11
31660 19
31670 12
31680 18
31690 18
31700 15
31710 23
31720 23
31730 13
31740 15
31750 19
31760 20
31770 16
31780 23
31790 19
31800 20
31810 16
31820 14
31830 21
31840 15
31850 11
31860 13
31870 15
31880 11
31890 17
31900 15
31910 11
31920 9
31930 12
31940 11
31950 14
31960 13
31970 12
31980 13
31990 14
32000 8
32010 16
32020 20
32030 14
32040 16
32050 12
32060 15
32070 16
32080 20
32090 12
32100 16
32110 15
32120 16
32130 17
32140 8
32150 11
32160 14
32170 17
32180 9
32190 15
32200 15
32210 16
32220 15
32230 12
32240 9
32250 15
32260 14
32270 17
32280 22
32290 14
32300 21
32310 17
32320 21
32330 16
32340 26
32350 19
32360 23
32370 14
32380 14
32390 20
32400 24
32410 17
32420 16
32430 21
32440 20
32450 18
32460 20
32470 21
32480 16
32490 18
32500 23
32510 15
32520 21
32530 23
32540 19
32550 19
32560 17
32570 15
32580 23
32590 14
32600 17
32610 20
32620 20
32630 21
32640 23
32650 17
32660 19
32670 12
32680 16
32690 20
32700 18
32710 20
32720 18
32730 20
32740 16
32750 16
32760 17
32770 25
32780 17
32790 21
32800 12
32810 23
32820 20
32830 18
32840 23
32850 17
32860 12
32870 15
32880 16
32890 17
32900 21
32910 20
32920 17
32930 19
32940 21
32950 19
32960 19
32970 17
32980 18
32990 20
33000 19
33010 18
33020 17
33030 16
33040 12
33050 18
33060 22
33070 12
33080 13
33090 12
33100 9
33110 10
33120 14
33130 12
33140 10
33150 15
33160 13
33170 10
33180 5
33190 9
33200 14
33210 14
33220 8
33230 18
33240 16
33250 16
33260 13
33270 18
33280 14
33290 18
33300 16
33310 18
33320 11
33330 19
33340 15
33350 21
33360 12
33370 15
33380 15
33390 7
33400 12
33410 14
33420 8
33430 15
33440 11
33450 14
33460 14
33470 14
33480 9
33490 12
33500 14
33510 11
33520 18
33530 10
33540 11
33550 19
33560 11
33570 12
33580 11
33590 11
33600 12
33610 9
33620 15
33630 15
33640 21
33650 11
33660 12
33670 15
33680 16
33690 17
33700 25
33710 21
33720 22
33730 22
33740 15
33750 18
33760 15
33770 18
33780 20
33790 16
33800 16
33810 16
33820 18
33830 23
33840 9
33850 11
33860 2
33870 16
33880 18
33890 15
33900 17
33910 18
33920 15
33930 15
33940 18
33950 20
33960 18
33970 23
33980 16
33990 20
34000 18
34010 14
34020 16
34030 20
34040 15
34050 15
34060 20
34070 20
34080 19
34090 20
34100 22
34110 20
34120 15
34130 21
34140 18
34150 12
34160 19
34170 19
34180 20
34190 18
34200 16
34210 15
34220 16
34230 17
34240 15
34250 18
34260 19
34270 18
34280 17
34290 17
34300 20
34310 13
34320 13
34330 13
34340 11
34350 12
34360 16
34370 11
34380 14
34390 15
34400 11
34410 7
34420 6
34430 13
34440 11
34450 16
34460 18
34470 10
34480 18
34490 16
34500 18
34510 16
34520 20
34530 15
34540 17
34550 17
34560 17
34570 18
34580 15
34590 23
34600 21
34610 19
34620 17
34630 16
34640 18
34650 23
34660 18
34670 18
34680 17
34690 11
34700 15
34710 17
34720 18
34730 19
34740 11
34750 11
34760 17
34770 13
34780 12
34790 16
34800 16
34810 19
34820 22
34830 15
34840 10
34850 17
34860 17
34870 16
34880 20
34890 19
34900 17
34910 18
34920 20
34930 10
34940 17
34950 13
34960 24
34970 15
34980 17
34990 15
35000 20
35010 11
35020 20
35030 16
35040 21
35050 17
35060 20
35070 17
35080 18
35090 18
35100 16
35110 16
35120 19
35130 19
35140 17
35150 15
35160 20
35170 18
35180 18
35190 20
35200 13
35210 20
35220 18
35230 19
35240 17
35250 17
35260 15
35270 18
35280 17
35290 15
35300 20
35310 17
35320 20
35330 24
35340 15
35350 15
35360 10
35370 14
35380 16
35390 18
35400 18
35410 16
35420 18
35430 18
35440 23
35450 16
35460 17
35470 16
35480 17
35490 23
35500 21
35510 18
35520 13
35530 10
35540 10
35550 13
35560 12
35570 10
35580 20
35590 17
35600 19
35610 19
35620 18
35630 20
35640 12
35650 15
35660 19
35670 14
35680 14
35690 17
35700 16
35710 12
35720 19
35730 21
35740 19
35750 15
35760 19
35770 17
35780 14
35790 18
35800 19
35810 15
35820 13
35830 10
35840 12
35850 19
35860 16
35870 22
35880 16
35890 11
35900 11
35910 20
35920 16
35930 16
35940 16
35950 17
35960 16
35970 16
35980 16
35990 17
36000 21
36010 15
36020 22
36030 18
36040 19
36050 12
36060 15
36070 15
36080 18
36090 18
36100 19
36110 19
36120 17
36130 15
36140 16
36150 16
36160 17
36170 17
36180 14
36190 19
36200 18
36210 13
36220 23
36230 16
36240 19
36250 15
36260 14
36270 19
36280 17
36290 17
36300 16
36310 16
36320 17
36330 21
36340 17
36350 20
36360 17
36370 16
36380 18
36390 18
36400 20
36410 19
36420 23
36430 15
36440 17
36450 14
36460 21
36470 19
36480 22
36490 19
36500 16
36510 15
36520 21
36530 22
36540 11
36550 16
36560 16
36570 16
36580 15
36590 18
36600 19
36610 20
36620 18
36630 16
36640 18
36650 19
36660 12
36670 11
36680 14
36690 14
36700 19
36710 18
36720 22
36730 19
36740 22
36750 17
36760 23
36770 21
36780 16
36790 15
36800 21
36810 23
36820 19
36830 16
36840 19
36850 17
36860 14
36870 15
36880 16
36890 19
36900 14
36910 23
36920 21
36930 17
36940 21
36950 17
36960 16
36970 18
36980 14
36990 25
37000 19
37010 18
37020 22
37030 17
37040 19
37050 19
37060 22
37070 22
37080 13
37090 18
37100 19
37110 18
37120 18
37130 23
37140 23
37150 23
37160 16
37170 14
37180 20
37190 16
37200 19
37210 17
37220 18
37230 17
37240 23
37250 22
37260 18
37270 17
37280 16
37290 15
37300 15
37310 14
37320 15
37330 12
37340 17
37350 17
37360 21
37370 15
37380 14
37390 18
37400 14
37410 21
37420 16
37430 14
37440 11
37450 13
37460 10
37470 8
37480 10
37490 11
37500 11
37510 7
37520 5
37530 8
37540 13
37550 15
37560 14
37570 19
37580 21
37590 19
37600 15
37610 18
37620 20
37630 23
37640 13
37650 20
37660 18
37670 16
37680 20
37690 20
37700 14
37710 14
37720 13
37730 17
37740 15
37750 14
37760 16
37770 20
37780 17
37790 18
37800 16
37810 18
37820 15
37830 17
37840 19
37850 18
37860 18
37870 19
37880 16
37890 13
37900 20
37910 21
37920 23
37930 19
37940 15
37950 22
37960 16
37970 17
37980 16
37990 16
38000 18
38010 16
38020 20
38030 21
38040 15
38050 24
38060 21
38070 23
38080 15
38090 24
38100 11
38110 15
38120 16
38130 13
38140 12
38150 12
38160 15
38170 10
38180 12
38190 13
38200 12
38210 16
38220 13
38230 13
38240 14
38250 18
38260 14
38270 19
38280 11
38290 10
38300 16
38310 20
38320 9
38330 15
38340 14
38350 13
38360 14
38370 10
38380 12
38390 13
38400 16
38410 15
38420 18
38430 21
38440 21
38450 18
38460 21
38470 15
38480 21
38490 14
38500 17
38510 18
38520 25
38530 14
38540 16
38550 19
38560 14
38570 28
38580 11
38590 12
38600 11
38610 18
38620 9
38630 12
38640 17
38650 20
38660 21
38670 19
38680 19
38690 20
38700 19
38710 14
38720 16
38730 16
38740 18
38750 16
38760 20
38770 18
38780 17
38790 15
38800 17
38810 20
38820 19
38830 17
38840 14
38850 15
38860 14
38870 18
38880 16
38890 11
38900 14
38910 13
38920 15
38930 12
38940 16
38950 14
38960 14
38970 25
38980 19
38990 18
39000 15
39010 18
39020 21
39030 15
39040 17
39050 12
39060 17
39070 18
39080 16
39090 16
39100 18
39110 6
39120 14
39130 19
39140 20
39150 20
39160 14
39170 14
39180 18
39190 17
39200 13
39210 17
39220 21
39230 18
39240 19
39250 15
39260 20
39270 18
39280 18
39290 18
39300 22
39310 18
39320 22
39330 14
39340 16
39350 13
39360 18
39370 16
39380 20
39390 19
39400 19
39410 18
39420 23
39430 19
39440 19
39450 16
39460 12
39470 21
39480 22
39490 19
39500 12
39510 15
39520 17
39530 20
39540 17
39550 18
39560 14
39570 26
39580 25
39590 20
39600 23
39610 17
39620 20
39630 20
39640 21
39650 14
39660 15
39670 15
39680 17
39690 17
39700 18
39710 18
39720 14
39730 18
39740 17
39750 21
39760 15
39770 20
39780 6
39790 9
39800 15
39810 20
39820 13
39830 18
39840 16
39850 24
39860 24
39870 31
39880 20
39890 25
39900 22
39910 26
39920 15
39930 15
39940 18
39950 13
39960 26
39970 20
39980 12
39990 14
40000 15
40010 21
40020 16
40030 8
40040 17
40050 3
40060 21
40070 32
40080 19
40090 11
40100 13
40110 8
40120 1
40130 1
40140 0
40150 1
40160 2
40170 0
40180 0
40190 1
40200 0
40210 0
40220 0
40230 0
40240 0
40250 0
40260 10
40270 9
40280 3
40290 0
40300 0
40310 0
40320 4
40330 4
40340 14
40350 6
40360 3
40370 14
40380 15
40390 10
40400 12
40410 21
40420 16
40430 16
40440 14
40450 19
40460 4
40470 16
40480 11
40490 16
40500 12
40510 23
40520 17
40530 12
40540 10
40550 24
40560 16
40570 10
40580 27
40590 21
40600 17
40610 20
40620 13
40630 25
40640 30
40650 21
40660 13
40670 15
40680 7
40690 8
40700 13
40710 6
40720 1
40730 4
40740 9
40750 8
40760 13
40770 11
40780 8
40790 7
40800 19
40810 14
40820 9
40830 12
40840 16
40850 12
40860 10
40870 10
40880 1
40890 1
40900 1
40910 8
40920 11
40930 26
40940 7
40950 5
40960 12
40970 8
40980 23
40990 14
41000 21
41010 21
41020 21
41030 35
41040 5
41050 10
41060 13
41070 11
41080 7
41090 16
41100 8
41110 7
41120 7
41130 15
41140 15
41150 7
41160 13
41170 17
41180 16
41190 13
41200 13
41210 9
41220 9
41230 20
41240 12
41250 14
41260 9
41270 9
41280 5
41290 8
41300 7
41310 16
41320 16
41330 14
41340 23
41350 17
41360 18
41370 26
41380 20
41390 14
41400 20
41410 20
41420 24
41430 20
41440 15
41450 14
41460 15
41470 5
41480 0
41490 0
41500 0
41510 0
41520 0
41530 0
41540 1
41550 1
41560 0
41570 0
41580 0
41590 0
41600 0
41610 1
41620 6
41630 4
41640 10
41650 2
41660 0
41670 0
41680 13
41690 6
41700 9
41710 6
41720 10
41730 3
41740 2
41750 8
41760 8
41770 4
41780 2
41790 4
41800 1
41810 4
41820 7
41830 14
41840 11
41850 13
41860 16
41870 8
41880 6
41890 14
41900 10
41910 12
41920 11
41930 13
41940 12
41950 8
41960 11
41970 6
41980 11
41990 11
42000 12
42010 12
42020 11
42030 9
42040 5
42050 20
42060 10
42070 14
42080 17
42090 12
42100 11
42110 20
42120 7
42130 12
42140 10
42150 8
42160 9
42170 16
42180 22
42190 17
42200 8
42210 7
42220 16
42230 11
42240 7
42250 17
42260 12
42270 6
42280 17
42290 12
42300 9
42310 20
42320 21
42330 6
42340 18
42350 10
42360 21
42370 20
42380 13
42390 17
42400 14
42410 14
42420 8
42430 10
42440 17
42450 11
42460 7
42470 10
42480 8
42490 21
42500 10
42510 8
42520 10
42530 19
42540 7
42550 10
42560 13
42570 16
42580 14
42590 4
42600 15
42610 18
42620 15
42630 15
42640 6
42650 7
42660 18
42670 13
42680 11
42690 22
42700 18
42710 10
42720 5
42730 6
42740 8
42750 16
42760 8
42770 9
42780 14
42790 18
42800 12
42810 17
42820 14
42830 24
42840 8
42850 18
42860 11
42870 5
42880 11
42890 17
42900 7
42910 8
42920 12
42930 19
42940 22
42950 12
42960 10
42970 9
42980 9
42990 11
43000 8
43010 8
43020 8
43030 10
43040 4
43050 12
43060 9
43070 12
43080 5
43090 11
43100 13
43110 6
43120 11
43130 4
43140 9
43150 3
43160 5
43170 12
43180 17
43190 9
43200 7
43210 3
43220 6
43230 11
43240 6
43250 2
43260 7
43270 5
43280 9
43290 7
43300 9
43310 19
43320 7
43330 9
43340 7
43350 6
43360 4
43370 7
43380 7
43390 4
43400 3
43410 7
43420 5
43430 5
43440 4
43450 11
43460 15
43470 0
43480 0
43490 13
43500 9
43510 6
43520 15
43530 17
43540 10
43550 21
43560 14
43570 12
43580 13
43590 19
43600 27
43610 18
43620 19
43630 13
43640 17
43650 20
43660 19
43670 16
43680 22
43690 12
43700 14
43710 11
43720 12
43730 25
43740 12
43750 26
43760 17
43770 11
43780 16
43790 6
43800 1
43810 8
43820 21
43830 19
43840 18
43850 23
43860 22
43870 17
43880 18
43890 19
43900 28
43910 17
43920 17
43930 20
43940 23
43950 25
43960 28
43970 25
43980 27
43990 24
44000 12
44010 36
44020 31
44030 18
44040 25
44050 24
44060 34
44070 30
44080 30
44090 28
44100 31
44110 30
44120 30
44130 32
44140 32
44150 21
44160 26
44170 17
44180 18
44190 15
44200 17
44210 19
44220 18
44230 16
44240 8
44250 20
44260 14
44270 11
44280 4
44290 3
44300 11
44310 7
44320 13
44330 19
44340 15
44350 25
44360 10
44370 10
44380 7
44390 6
44400 8
44410 17
44420 13
44430 14
44440 17
44450 23
44460 23
44470 20
44480 20
44490 20
44500 30
44510 20
44520 27
44530 27
44540 26
44550 15
44560 34
44570 18
44580 25
44590 24
44600 14
44610 22
44620 29
44630 13
44640 24
44650 15
44660 30
44670 19
44680 19
44690 13
44700 15
44710 18
44720 24
44730 20
44740 20
44750 18
44760 29
44770 31
44780 23
44790 20
44800 25
44810 26
44820 24
44830 16
44840 23
44850 20
44860 20
44870 26
44880 26
44890 24
44900 20
44910 25
44920 21
44930 25
44940 25
44950 26
44960 20
44970 17
44980 15
44990 12
45000 13
45010 21
45020 19
45030 8
45040 19
45050 8
45060 10
45070 29
45080 18
45090 28
45100 38
45110 30
45120 25
45130 27
45140 29
45150 18
45160 20
45170 28
45180 25
45190 17
45200 14
45210 19
45220 17
45230 17
45240 16
45250 19
45260 18
45270 20
45280 17
45290 22
45300 29
45310 19
45320 15
45330 19
45340 16
45350 15
45360 10
45370 5
45380 16
45390 11
45400 13
45410 15
45420 15
45430 4
45440 7
45450 9
45460 4
45470 10
45480 3
45490 14
45500 10
45510 17
45520 8
45530 6
45540 10
45550 10
45560 7
45570 15
45580 10
45590 15
45600 14
45610 6
45620 15
45630 14
45640 25
45650 7
45660 11
45670 20
45680 18
45690 13
45700 16
45710 19
45720 11
45730 19
45740 18
45750 14
45760 16
45770 23
45780 12
45790 17
45800 16
45810 13
45820 4
45830 13
45840 24
45850 25
45860 20
45870 13
45880 9
45890 15
45900 10
45910 16
45920 13
45930 17
45940 22
45950 19
45960 10
45970 10
45980 14
45990 13
46000 15
46010 10
46020 21
46030 18
46040 12
46050 10
46060 21
46070 4
46080 18
46090 2
46100 14
46110 9
46120 16
46130 6
46140 10
46150 15
46160 10
46170 8
46180 6
46190 11
46200 8
46210 9
46220 6
46230 14
46240 11
46250 11
46260 10
46270 10
46280 12
46290 13
46300 8
46310 7
46320 7
46330 10
46340 3
46350 8
46360 11
46370 10
46380 13
46390 7
46400 5
46410 9
46420 7
46430 6
46440 9
46450 8
46460 14
46470 7
46480 6
46490 7
46500 7
46510 12
46520 4
46530 4
46540 9
46550 9
46560 7
46570 7
46580 14
46590 5
46600 11
46610 5
46620 4
46630 14
46640 7
46650 9
46660 10
46670 15
46680 3
46690 11
46700 4
46710 9
46720 7
46730 7
46740 5
46750 4
46760 3
46770 8
46780 2
46790 3
46800 6
46810 7
46820 3
46830 5
46840 4
46850 4
46860 2
46870 10
46880 6
46890 7
46900 4
46910 5
46920 10
46930 13
46940 6
46950 10
46960 8
46970 8
46980 7
46990 11
47000 7
47010 4
47020 9
47030 3
47040 7
47050 6
47060 7
47070 10
47080 8
47090 11
47100 14
47110 4
47120 6
47130 15
47140 13
47150 10
47160 15
47170 10
47180 12
47190 10
47200 5
47210 11
47220 12
47230 13
47240 9
47250 6
47260 8
47270 6
47280 9
47290 7
47300 5
47310 11
47320 13
47330 10
47340 11
47350 8
47360 12
47370 5
47380 7
47390 6
47400 5
47410 7
47420 9
47430 4
47440 6
47450 8
47460 7
47470 7
47480 6
47490 14
47500 4
47510 3
47520 6
47530 10
47540 7
47550 7
47560 13
47570 12
47580 4
47590 13
47600 9
47610 9
47620 11
47630 13
47640 9
47650 8
47660 12
47670 21
47680 16
47690 8
47700 9
47710 10
47720 11
47730 10
47740 10
47750 7
47760 9
47770 9
47780 7
47790 9
47800 4
47810 9
47820 8
47830 4
47840 8
47850 7
47860 5
47870 11
47880 1
47890 8
47900 9
47910 6
47920 8
47930 8
47940 5
47950 10
47960 10
47970 6
47980 7
47990 7
48000 8
48010 13
48020 6
48030 5
48040 5
48050 8
48060 7
48070 4
48080 6
48090 6
48100 9
48110 3
48120 10
48130 12
48140 5
48150 3
48160 12
48170 6
48180 9
48190 7
48200 5
48210 9
48220 7
48230 15
48240 7
48250 10
48260 13
48270 4
48280 2
48290 14
48300 7
48310 2
48320 5
48330 5
48340 10
48350 6
48360 4
48370 9
48380 10
48390 8
48400 3
48410 9
48420 3
48430 9
48440 8
48450 7
48460 9
48470 6
48480 4
48490 6
48500 2
48510 6
48520 5
48530 12
48540 12
48550 7
48560 8
48570 4
48580 8
48590 8
48600 9
48610 4
48620 4
48630 3
48640 6
48650 9
48660 7
48670 4
48680 8
48690 8
48700 8
48710 11
48720 6
48730 11
48740 2
48750 15
48760 3
48770 1
48780 6
48790 6
48800 6
48810 10
48820 5
48830 8
48840 7
48850 6
48860 6
48870 12
48880 8
48890 11
48900 10
48910 4
48920 4
48930 5
48940 19
48950 15
48960 13
48970 15
48980 3
48990 10
49000 10
49010 9
49020 5
49030 3
49040 0
49050 9
49060 8
49070 2
49080 4
49090 7
49100 10
49110 14
49120 8
49130 8
49140 9
49150 6
49160 8
49170 12
49180 4
49190 8
49200 3
49210 11
49220 5
49230 8
49240 8
49250 6
49260 11
49270 3
49280 8
49290 1
49300 6
49310 13
49320 21
49330 3
49340 6
49350 4
49360 4
49370 12
49380 6
49390 6
49400 8
49410 6
49420 7
49430 13
49440 5
49450 7
49460 5
49470 3
49480 9
49490 5
49500 8
49510 7
49520 13
49530 7
49540 13
49550 9
49560 11
49570 4
49580 9
49590 3
49600 12
49610 20
49620 12
49630 19
49640 13
49650 15
49660 17
49670 17
49680 18
49690 19
49700 14
49710 13
49720 10
49730 15
49740 9
49750 18
49760 19
49770 10
49780 14
49790 15
49800 22
49810 14
49820 16
49830 9
49840 17
49850 15
49860 18
49870 16
49880 16
49890 9
49900 11
49910 12
49920 13
49930 17
49940 18
49950 22
49960 8
49970 15
49980 18
49990 17
50000 11
50010 12
50020 13
50030 21
50040 17
50050 17
50060 16
50070 16
50080 17
50090 14
50100 16
50110 17
50120 17
50130 13
50140 12
50150 20
50160 25
50170 17
50180 17
50190 16
50200 17
50210 17
50220 16
50230 13
50240 25
50250 15
50260 15
50270 14
50280 16
50290 13
50300 12
50310 8
50320 19
50330 18
50340 20
50350 14
50360 18
50370 19
50380 11
50390 17
50400 13
50410 15
50420 14
50430 11
50440 11
50450 10
50460 11
50470 18
50480 16
50490 13
50500 16
50510 21
50520 19
50530 15
50540 16
50550 16
50560 21
50570 18
50580 20
50590 14
50600 11
50610 16
50620 16
50630 13
50640 22
50650 22
50660 13
50670 15
50680 17
50690 17
50700 17
50710 18
50720 17
50730 21
50740 24
50750 10
50760 12
50770 8
50780 21
50790 10
50800 8
50810 16
50820 13
50830 11
50840 14
50850 11
50860 16
50870 5
50880 12
50890 12
50900 19
50910 16
50920 10
50930 15
50940 20
50950 13
50960 6
50970 9
50980 15
50990 14
51000 18
51010 11
51020 11
51030 11
51040 12
51050 11
51060 17
51070 12
51080 21
51090 13
51100 15
51110 15
51120 19
51130 16
51140 21
51150 19
51160 14
51170 20
51180 13
51190 23
51200 14
51210 18
51220 13
51230 13
51240 15
51250 14
51260 16
51270 18
51280 21
51290 16
51300 17
51310 14
51320 12
51330 12
51340 20
51350 14
51360 14
51370 17
51380 18
51390 13
51400 15
51410 15
51420 12
51430 16
51440 19
51450 13
51460 10
51470 13
51480 13
51490 10
51500 11
51510 12
51520 18
51530 17
51540 17
51550 13
51560 19
51570 16
51580 18
51590 13
51600 13
51610 14
51620 21
51630 14
51640 5
51650 8
51660 10
51670 7
51680 12
51690 15
51700 17
51710 7
51720 12
51730 20
51740 11
51750 15
51760 7
51770 6
51780 6
51790 18
51800 19
51810 7
51820 16
51830 15
51840 14
51850 13
51860 19
51870 18
51880 20
51890 17
51900 16
51910 12
51920 7
51930 15
51940 16
51950 13
51960 18
51970 9
51980 13
51990 18
52000 21
52010 12
52020 15
52030 15
52040 15
52050 12
52060 18
52070 17
52080 11
52090 17
52100 17
52110 12
52120 18
52130 12
52140 17
52150 14
52160 16
52170 11
52180 14
52190 13
52200 15
52210 26
52220 10
52230 18
52240 11
52250 16
52260 12
52270 15
52280 12
52290 13
52300 18
52310 8
52320 14
52330 19
52340 13
52350 19
52360 15
52370 7
52380 13
52390 19
52400 12
52410 15
52420 16
52430 10
52440 15
52450 16
52460 3
52470 13
52480 11
52490 7
52500 13
52510 18
52520 11
52530 8
52540 17
52550 13
52560 16
52570 7
52580 10
52590 10
52600 7
52610 11
52620 10
52630 10
52640 14
52650 14
52660 14
52670 16
52680 11
52690 13
52700 17
52710 7
52720 8
52730 11
52740 8
52750 7
52760 28
52770 21
52780 27
52790 16
52800 24
52810 20
52820 17
52830 14
52840 22
52850 17
52860 12
52870 19
52880 21
52890 20
52900 24
52910 13
52920 16
52930 29
52940 21
52950 20
52960 17
52970 22
52980 5
52990 22
53000 21
53010 26
53020 15
53030 15
53040 17
53050 22
53060 23
53070 28
53080 32
53090 17
53100 13
53110 9
53120 16
53130 14
53140 18
53150 22
53160 23
53170 25
53180 27
53190 21
53200 17
53210 23
53220 25
53230 21
53240 18
53250 25
53260 16
53270 23
53280 23
53290 30
53300 25
53310 24
53320 22
53330 30
53340 20
53350 23
53360 22
53370 24
53380 19
53390 20
53400 27
53410 24
53420 12
53430 12
53440 11
53450 23
53460 23
53470 19
53480 19
53490 16
53500 12
53510 7
53520 8
53530 8
53540 6
53550 7
53560 11
53570 16
53580 7
53590 15
53600 12
53610 28
53620 17
53630 12
53640 25
53650 26
53660 30
53670 20
53680 28
53690 17
53700 24
53710 26
53720 24
53730 15
53740 25
53750 17
53760 16
53770 30
53780 9
53790 16
53800 23
53810 27
53820 15
53830 21
53840 14
53850 33
53860 16
53870 29
53880 28
53890 22
53900 15
53910 22
53920 22
53930 29
53940 17
53950 21
53960 17
53970 13
53980 15
53990 27
54000 18
54010 21
54020 26
54030 14
54040 21
54050 15
54060 14
54070 7
54080 14
54090 20
54100 13
54110 15
54120 17
54130 14
54140 21
54150 4
54160 4
54170 6
54180 12
54190 20
54200 17
54210 23
54220 20
54230 24
54240 24
54250 21
54260 11
54270 23
54280 15
54290 13
54300 17
54310 23
54320 18
54330 20
54340 20
54350 19
54360 20
54370 12
54380 22
54390 19
54400 11
54410 11
54420 4
54430 0
54440 10
54450 15
54460 16
54470 6
54480 12
54490 7
54500 8
54510 6
54520 11
54530 13
54540 8
54550 15
54560 18
54570 21
54580 9
54590 17
54600 17
54610 22
54620 18
54630 11
54640 17
54650 17
54660 18
54670 24
54680 17
54690 13
54700 16
54710 19
54720 6
54730 18
54740 15
54750 14
54760 20
54770 19
54780 20
54790 18
54800 15
54810 23
54820 16
54830 19
54840 15
54850 27
54860 15
54870 14
54880 23
54890 16
54900 9
54910 10
54920 19
54930 9
54940 18
54950 20
54960 21
54970 9
54980 15
54990 18
55000 14
55010 20
55020 7
55030 12
55040 12
55050 7
55060 19
55070 9
55080 22
55090 17
55100 20
55110 19
55120 14
55130 21
55140 20
55150 19
55160 13
55170 18
55180 23
55190 12
55200 21
55210 19
55220 21
55230 21
55240 17
55250 12
55260 12
55270 19
55280 2
55290 2
55300 6
55310 7
55320 10
55330 6
55340 2
55350 2
55360 13
55370 1
55380 4
55390 15
55400 14
55410 13
55420 19
55430 12
55440 17
55450 19
55460 17
55470 18
55480 22
55490 11
55500 15
55510 23
55520 19
55530 15
55540 16
55550 11
55560 19
55570 23
55580 16
55590 18
55600 7
55610 19
55620 21
55630 11
55640 18
55650 11
55660 16
55670 14
55680 14
55690 13
55700 16
55710 25
55720 14
55730 21
55740 13
55750 14
55760 17
55770 21
55780 17
55790 13
55800 10
55810 11
55820 18
55830 13
55840 17
55850 8
55860 5
55870 10
55880 11
55890 14
55900 16
55910 9
55920 18
55930 21
55940 11
55950 2
55960 11
55970 12
55980 19
55990 18
56000 15
56010 7
56020 9
56030 13
56040 15
56050 16
56060 17
56070 3
56080 10
56090 15
56100 26
56110 22
56120 16
56130 21
56140 18
56150 10
56160 24
56170 24
56180 14
56190 28
56200 21
56210 17
56220 9
56230 24
56240 22
56250 24
56260 14
56270 24
56280 22
56290 27
56300 32
56310 27
56320 15
56330 26
56340 13
56350 21
56360 22
56370 23
56380 21
56390 23
56400 30
56410 21
56420 13
56430 22
56440 10
56450 20
56460 16
56470 9
56480 12
56490 7
56500 16
56510 22
56520 12
56530 20
56540 20
56550 17
56560 23
56570 25
56580 21
56590 16
56600 25
56610 21
56620 19
56630 15
56640 25
56650 23
56660 18
56670 28
56680 22
56690 27
56700 27
56710 23
56720 21
56730 27
56740 23
56750 13
56760 13
56770 26
56780 23
56790 17
56800 22
56810 23
56820 16
56830 26
56840 17
56850 9
56860 22
56870 18
56880 17
56890 24
56900 18
56910 10
56920 13
56930 25
56940 30
56950 17
56960 17
56970 19
56980 26
56990 9
57000 28
57010 15
57020 22
57030 30
57040 24
57050 11
57060 19
57070 15
57080 13
57090 27
57100 26
57110 21
57120 12
57130 15
57140 9
57150 15
57160 28
57170 14
57180 24
57190 19
57200 14
57210 15
57220 8
57230 18
57240 19
57250 20
57260 22
57270 11
57280 15
57290 18
57300 12
57310 12
57320 12
57330 20
57340 18
57350 12
57360 11
57370 14
57380 24
57390 19
57400 17
57410 24
57420 14
57430 10
57440 7
57450 19
57460 23
57470 11
57480 18
57490 16
57500 21
57510 22
57520 16
57530 15
57540 12
57550 27
57560 29
57570 27
57580 20
57590 28
57600 26
57610 8
57620 24
57630 18
57640 21
57650 35
57660 28
57670 22
57680 29
57690 24
57700 22
57710 14
57720 22
57730 18
57740 23
57750 17
57760 14
57770 29
57780 25
57790 15
57800 18
57810 21
57820 33
57830 21
57840 22
57850 20
57860 19
57870 14
57880 34
57890 20
57900 23
57910 26
57920 18
57930 22
57940 26
57950 26
57960 28
57970 21
57980 23
57990 25
58000 17
58010 21
58020 20
58030 25
58040 19
58050 30
58060 18
58070 23
58080 28
58090 24
58100 24
58110 29
58120 14
58130 9
58140 17
58150 11
58160 9
58170 23
58180 18
58190 9
58200 19
58210 9
58220 20
58230 24
58240 27
58250 15
58260 21
58270 24
58280 23
58290 17
58300 21
58310 24
58320 23
58330 25
58340 18
58350 19
58360 19
58370 27
58380 19
58390 17
58400 21
58410 29
58420 21
58430 16
58440 20
58450 23
58460 11
58470 25
58480 21
58490 23
58500 16
58510 22
58520 27
58530 16
58540 25
58550 29
58560 21
58570 15
58580 27
58590 27
58600 16
58610 22
58620 27
58630 21
58640 20
58650 16
58660 24
58670 19
58680 21
58690 21
58700 21
58710 17
58720 22
58730 14
58740 23
58750 5
58760 26
58770 21
58780 18
58790 14
58800 25
58810 25
58820 21
58830 12
58840 17
58850 9
58860 6
58870 7
58880 13
58890 18
58900 17
58910 1
58920 24
58930 26
58940 20
58950 31
58960 18
58970 12
58980 18
58990 22
59000 23
59010 24
59020 25
59030 21
59040 23
59050 22
59060 24
59070 31
59080 34
59090 24
59100 17
59110 22
59120 12
59130 21
59140 21
59150 22
59160 24
59170 12
59180 24
59190 24
59200 20
59210 18
59220 36
59230 32
59240 17
59250 11
59260 19
59270 22
59280 16
59290 15
59300 26
59310 11
59320 17
59330 25
59340 19
59350 19
59360 14
59370 22
59380 28
59390 26
59400 23
59410 32
59420 16
59430 21
59440 25
59450 20
59460 18
59470 28
59480 27
59490 26
59500 30
59510 22
59520 5
59530 8
59540 8
59550 14
59560 16
59570 24
59580 14
59590 12
59600 15
59610 9
59620 10
59630 12
59640 12
59650 2
59660 15
59670 8
59680 18
59690 14
59700 12
59710 20
59720 19
59730 15
59740 16
59750 17
59760 24
59770 25
59780 14
59790 19
59800 17
59810 14
59820 34
59830 29
59840 18
59850 24
59860 16
59870 13
59880 22
59890 14
59900 16
59910 22
59920 12
59930 20
59940 29
59950 10
59960 12
59970 24
59980 20
59990 17
60000 27
60010 13
60020 17
60030 22
60040 22
60050 24
60060 29
60070 12
60080 17
60090 14
60100 11
60110 26
60120 15
60130 24
60140 13
60150 19
60160 26
60170 18
60180 9
60190 4
60200 8
60210 7
60220 3
60230 9
60240 1
60250 11
60260 21
60270 17
60280 18
60290 18
60300 12
60310 17
60320 14
60330 21
60340 19
60350 15
60360 24
60370 18
60380 20
60390 22
60400 22
60410 20
60420 20
60430 23
60440 22
60450 28
60460 18
60470 22
60480 25
60490 27
60500 18
60510 15
60520 18
60530 29
60540 19
60550 11
60560 25
60570 21
60580 18
60590 16
60600 14
60610 17
60620 6
60630 6
60640 20
60650 13
60660 17
60670 24
60680 20
60690 18
60700 18
60710 13
60720 21
60730 24
60740 26
60750 24
60760 26
60770 27
60780 26
60790 20
60800 25
60810 6
60820 27
60830 26
60840 16
60850 15
60860 22
60870 34
60880 18
60890 27
60900 17
60910 24
60920 21
60930 21
60940 29
60950 16
60960 19
60970 24
60980 25
60990 19
61000 21
61010 25
61020 26
61030 21
61040 22
61050 22
61060 24
61070 20
61080 17
61090 19
61100 20
61110 30
61120 20
61130 16
61140 25
61150 17
61160 23
61170 24
61180 20
61190 22
61200 25
61210 23
61220 25
61230 22
61240 24
61250 26
61260 19
61270 26
61280 22
61290 21
61300 22
61310 31
61320 19
61330 24
61340 16
61350 27
61360 15
61370 18
61380 24
61390 12
61400 24
61410 18
61420 15
61430 27
61440 19
61450 22
61460 24
61470 21
61480 22
61490 21
61500 29
61510 28
61520 21
61530 23
61540 25
61550 27
61560 24
61570 11
61580 29
61590 16
61600 28
61610 28
61620 9
61630 28
61640 22
61650 27
61660 22
61670 12
61680 29
61690 19
61700 14
61710 14
61720 26
61730 20
61740 26
61750 30
61760 23
61770 19
61780 26
61790 20
61800 32
61810 20
61820 24
61830 26
61840 28
61850 17
61860 24
61870 23
61880 15
61890 27
61900 26
61910 26
61920 22
61930 23
61940 11
61950 20
61960 18
61970 15
61980 19
61990 9
62000 15
62010 20
62020 16
62030 21
62040 24
62050 20
62060 23
62070 20
62080 16
62090 33
62100 26
62110 14
62120 19
62130 28
62140 18
62150 12
62160 19
62170 19
62180 25
62190 20
62200 17
62210 17
62220 12
62230 13
62240 7
62250 9
62260 6
62270 8
62280 4
62290 7
62300 8
62310 8
62320 7
62330 5
62340 13
62350 6
62360 7
62370 8
62380 7
62390 12
62400 14
62410 9
62420 12
62430 12
62440 12
62450 8
62460 12
62470 12
62480 10
62490 8
62500 4
62510 7
62520 6
62530 5
62540 7
62550 3
62560 6
62570 7
62580 6
62590 14
62600 14
62610 11
62620 7
62630 13
62640 20
62650 10
62660 12
62670 11
62680 11
62690 10
62700 13
62710 15
62720 5
62730 13
62740 16
62750 15
62760 20
62770 16
62780 13
62790 13
62800 15
62810 14
62820 22
62830 14
62840 15
62850 13
62860 20
62870 19
62880 16
62890 18
62900 19
62910 17
62920 12
62930 18
62940 19
62950 15
62960 20
62970 17
62980 18
62990 11
63000 10
63010 21
63020 17
63030 6
63040 21
63050 18
63060 17
63070 10
63080 17
63090 23
63100 24
63110 18
63120 15
63130 16
63140 20
63150 19
63160 13
63170 18
63180 20
63190 18
63200 14
63210 20
63220 15
63230 15
63240 19
63250 21
63260 23
63270 22
63280 20
63290 14
63300 17
63310 22
63320 23
63330 18
63340 20
63350 21
63360 17
63370 26
63380 22
63390 12
63400 20
63410 21
63420 17
63430 19
63440 11
63450 18
63460 23
63470 19
63480 21
63490 15
63500 23
63510 21
63520 20
63530 19
63540 12
63550 21
63560 20
63570 14
63580 17
63590 15
63600 12
63610 8
63620 15
63630 25
63640 26
63650 23
63660 20
63670 21
63680 18
63690 16
63700 19
63710 17
63720 23
63730 14
63740 13
63750 16
63760 26
63770 19
63780 24
63790 23
63800 22
63810 27
63820 23
63830 26
63840 17
63850 19
63860 15
63870 10
63880 17
63890 22
63900 23
63910 14
63920 17
63930 11
63940 15
63950 18
63960 20
63970 17
63980 15
63990 24
64000 25
64010 26
64020 27
64030 27
64040 14
64050 19
64060 21
64070 17
64080 30
64090 22
64100 12
64110 10
64120 21
64130 20
64140 27
64150 22
64160 25
64170 15
64180 21
64190 16
64200 18
64210 23
64220 18
64230 21
64240 17
64250 15
64260 26
64270 21
64280 15
64290 28
64300 20
64310 27
64320 19
64330 9
64340 13
64350 16
64360 27
64370 14
64380 33
64390 18
64400 17
64410 21
64420 19
64430 19
64440 37
64450 21
64460 19
64470 16
64480 7
64490 23
64500 17
64510 16
64520 24
64530 16
64540 18
64550 17
64560 27
64570 24
64580 17
64590 22
64600 30
64610 14
64620 13
64630 8
64640 2
64650 6
64660 7
64670 5
64680 21
64690 22
64700 17
64710 12
64720 17
64730 22
64740 17
64750 13
64760 15
64770 12
64780 16
64790 13
64800 10
64810 15
64820 15
64830 10
64840 22
64850 21
64860 27
64870 24
64880 17
64890 15
64900 24
64910 19
64920 17
64930 14
64940 23
64950 20
64960 17
64970 20
64980 13
64990 15
65000 17
65010 19
65020 12
65030 19
65040 22
65050 6
65060 16
65070 10
65080 28
65090 20
65100 16
65110 12
65120 13
65130 11
65140 15
65150 19
65160 22
65170 13
65180 16
65190 22
65200 23
65210 19
65220 12
65230 12
65240 5
65250 10
65260 12
65270 7
65280 12
65290 17
65300 16
65310 12
65320 10
65330 7
65340 14
65350 17
65360 7
65370 12
65380 5
65390 9
65400 15
65410 20
65420 20
65430 5
65440 10
65450 8
65460 11
65470 17
65480 14
65490 11
65500 11
65510 9
65520 15
65530 13
65540 8
65550 15
65560 23
65570 18
65580 6
65590 11
65600 13
65610 11
65620 11
65630 17
65640 19
65650 17
65660 30
65670 26
65680 19
65690 27
65700 20
65710 22
65720 17
65730 17
65740 18
65750 14
65760 22
65770 25
65780 24
65790 27
65800 19
65810 10
65820 29
65830 10
65840 20
65850 22
65860 23
65870 14
65880 14
65890 12
65900 29
65910 8
65920 35
65930 29
65940 31
65950 22
65960 23
65970 22
65980 25
65990 27
66000 26
66010 19
66020 34
66030 23
66040 26
66050 23
66060 14
66070 18
66080 24
66090 31
66100 32
66110 23
66120 16
66130 20
66140 24
66150 27
66160 13
66170 33
66180 26
66190 23
66200 31
66210 13
66220 26
66230 23
66240 22
66250 27
66260 29
66270 27
66280 29
66290 16
66300 21
66310 19
66320 37
66330 24
66340 15
66350 27
66360 21
66370 23
66380 20
66390 14
66400 12
66410 15
66420 20
66430 10
66440 17
66450 12
66460 19
66470 19
66480 20
66490 23
66500 12
66510 16
66520 29
66530 21
66540 2
66550 22
66560 25
66570 28
66580 12
66590 18
66600 20
66610 12
66620 22
66630 19
66640 28
66650 16
66660 25
66670 20
66680 30
66690 18
66700 25
66710 21
66720 16
66730 14
66740 27
66750 9
66760 18
66770 24
66780 21
66790 23
66800 19
66810 21
66820 29
66830 20
66840 18
66850 16
66860 24
66870 25
66880 24
66890 27
66900 21
66910 26
66920 25
66930 10
66940 16
66950 18
66960 23
66970 16
66980 22
66990 20
67000 21
67010 22
67020 14
67030 21
67040 21
67050 14
67060 26
67070 17
67080 15
67090 15
67100 21
67110 18
67120 27
67130 13
67140 12
67150 15
67160 14
67170 20
67180 20
67190 23
67200 17
67210 14
67220 22
67230 18
67240 14
67250 22
67260 18
67270 8
67280 25
67290 23
67300 24
67310 13
67320 23
67330 13
67340 12
67350 15
67360 15
67370 28
67380 19
67390 22
67400 18
67410 27
67420 7
67430 18
67440 17
67450 26
67460 27
67470 25
67480 19
67490 21
67500 18
67510 19
67520 23
67530 30
67540 24
67550 20
67560 26
67570 27
67580 25
67590 24
67600 24
67610 17
67620 25
67630 22
67640 5
67650 22
67660 27
67670 20
67680 20
67690 27
67700 19
67710 20
67720 18
67730 18
67740 21
67750 26
67760 26
67770 19
67780 26
67790 29
67800 20
67810 29
67820 21
67830 32
67840 22
67850 16
67860 12
67870 23
67880 15
67890 22
67900 20
67910 21
67920 17
67930 15
67940 16
67950 22
67960 12
67970 20
67980 15
67990 20
68000 21
68010 15
68020 24
68030 23
68040 21
68050 34
68060 19
68070 22
68080 25
68090 14
68100 18
68110 28
68120 21
68130 24
68140 25
68150 28
68160 20
68170 20
68180 22
68190 26
68200 26
68210 31
68220 29
68230 22
68240 23
68250 21
68260 17
68270 35
68280 20
68290 28
68300 18
68310 22
68320 30
68330 19
68340 20
68350 21
68360 16
68370 15
68380 18
68390 21
68400 24
68410 13
68420 23
68430 16
68440 19
68450 19
68460 27
68470 16
68480 23
68490 18
68500 19
68510 25
68520 8
68530 24
68540 23
68550 23
68560 19
68570 20
68580 16
68590 23
68600 14
68610 20
68620 20
68630 19
68640 13
68650 12
68660 24
68670 10
68680 14
68690 21
68700 20
68710 15
68720 20
68730 13
68740 21
68750 13
68760 15
68770 11
68780 22
68790 20
68800 9
68810 13
68820 20
68830 11
68840 16
68850 20
68860 20
68870 21
68880 17
68890 20
68900 7
68910 11
68920 18
68930 17
68940 17
68950 6
68960 4
68970 7
68980 0
68990 6
69000 7
69010 3
69020 21
69030 14
69040 8
69050 14
69060 20
69070 19
69080 12
69090 17
69100 20
69110 19
69120 19
69130 26
69140 20
69150 22
69160 22
69170 12
69180 16
69190 22
69200 21
69210 23
69220 17
69230 25
69240 20
69250 11
69260 19
69270 13
69280 10
69290 15
69300 18
69310 12
69320 16
69330 16
69340 16
69350 18
69360 12
69370 18
69380 17
69390 22
69400 15
69410 20
69420 14
69430 20
69440 16
69450 19
69460 11
69470 15
69480 12
69490 20
69500 20
69510 11
69520 16
69530 21
69540 13
69550 13
69560 20
69570 26
69580 15
69590 6
69600 9
69610 17
69620 1
69630 7
69640 13
69650 9
69660 11
69670 12
69680 12
69690 3
69700 9
69710 8
69720 10
69730 6
69740 10
69750 18
69760 13
69770 11
69780 12
69790 10
69800 10
69810 17
69820 14
69830 12
69840 14
69850 14
69860 17
69870 15
69880 13
69890 17
69900 14
69910 13
69920 21
69930 12
69940 14
69950 11
69960 9
69970 16
69980 10
69990 10
70000 13
70010 17
70020 6
70030 5
70040 5
70050 5
70060 18
70070 20
70080 8
70090 11
70100 22
70110 22
70120 21
70130 19
70140 18
70150 17
70160 32
70170 13
70180 19
70190 29
70200 12
70210 11
70220 17
70230 23
70240 20
70250 19
70260 15
70270 20
70280 7
70290 10
70300 20
70310 20
70320 10
70330 10
70340 10
70350 5
70360 5
70370 13
70380 8
70390 18
70400 17
70410 15
70420 9
70430 8
70440 21
70450 8
70460 7
70470 8
70480 4
70490 13
70500 7
70510 2
70520 7
70530 7
70540 12
70550 16
70560 8
70570 3
70580 8
70590 7
70600 15
70610 7
70620 7
70630 12
70640 12
70650 14
70660 22
70670 13
70680 16
70690 16
70700 2
70710 15
70720 19
70730 15
70740 13
70750 15
70760 21
70770 10
70780 13
70790 12
70800 16
70810 16
70820 11
70830 13
70840 12
70850 11
70860 11
70870 11
70880 10
70890 10
70900 11
70910 15
70920 11
70930 6
70940 8
70950 12
70960 3
70970 6
70980 11
70990 14
71000 14
71010 13
71020 11
71030 15
71040 14
71050 15
71060 4
71070 12
71080 10
71090 25
71100 0
71110 11
71120 10
71130 6
71140 17
71150 9
71160 15
71170 6
71180 10
71190 9
71200 11
71210 11
71220 8
71230 7
71240 5
71250 3
71260 10
71270 11
71280 10
71290 7
71300 11
71310 8
71320 16
71330 10
71340 12
71350 12
71360 9
71370 9
71380 7
71390 7
71400 7
71410 9
71420 15
71430 7
71440 10
71450 9
71460 7
71470 10
71480 12
71490 7
71500 9
71510 9
71520 12
71530 12
71540 11
71550 9
71560 11
71570 12
71580 12
71590 12
71600 9
71610 10
71620 6
71630 13
71640 6
71650 7
71660 3
71670 4
71680 4
71690 8
71700 4
71710 8
71720 9
71730 7
71740 7
71750 16
71760 8
71770 6
71780 12
71790 9
71800 9
71810 9
71820 9
71830 8
71840 13
71850 6
71860 3
71870 7
71880 16
71890 11
71900 4
71910 4
71920 16
71930 6
71940 19
71950 16
71960 13
71970 12
71980 7
71990 10
72000 9
72010 2
72020 12
72030 15
72040 12
72050 6
72060 9
72070 15
72080 11
72090 11
72100 7
72110 11
72120 12
72130 17
72140 1
72150 9
72160 15
72170 15
72180 14
72190 5
72200 4
72210 11
72220 5
72230 8
72240 10
72250 11
72260 17
72270 6
72280 6
72290 10
72300 15
72310 3
72320 9
72330 12
72340 4
72350 9
72360 5
72370 7
72380 8
72390 6
72400 10
72410 4
72420 9
72430 3
72440 9
72450 10
72460 10
72470 9
72480 14
72490 12
72500 18
72510 8
72520 10
72530 10
72540 5
72550 9
72560 7
72570 11
72580 12
72590 15
72600 15
72610 6
72620 15
72630 12
72640 11
72650 13
72660 12
72670 20
72680 20
72690 17
72700 9
72710 20
72720 10
72730 7
72740 15
72750 17
72760 11
72770 12
72780 14
72790 7
72800 12
72810 10
72820 12
72830 11
72840 14
72850 14
72860 4
72870 11
72880 11
72890 19
72900 14
72910 13
72920 14
72930 14
72940 12
72950 10
72960 11
72970 7
72980 10
72990 9
73000 19
73010 14
73020 12
73030 11
73040 5
73050 10
73060 11
73070 10
73080 8
73090 10
73100 4
73110 10
73120 6
73130 12
73140 8
73150 11
73160 6
73170 10
73180 7
73190 11
73200 10
73210 14
73220 12
73230 7
73240 3
73250 8
73260 7
73270 8
73280 11
73290 10
73300 9
73310 12
73320 10
73330 4
73340 12
73350 7
73360 6
73370 12
73380 7
73390 10
73400 8
73410 4
73420 10
73430 9
73440 8
73450 8
73460 11
73470 6
73480 8
73490 11
73500 11
73510 9
73520 8
73530 8
73540 11
73550 14
73560 9
73570 16
73580 26
73590 9
73600 9
73610 8
73620 12
73630 9
73640 10
73650 16
73660 14
73670 23
73680 15
73690 16
73700 15
73710 7
73720 15
73730 16
73740 21
73750 16
73760 10
73770 12
73780 22
73790 6
73800 17
73810 19
73820 13
73830 22
73840 19
73850 15
73860 17
73870 22
73880 21
73890 13
73900 30
73910 15
73920 10
73930 13
73940 13
73950 20
73960 14
73970 21
73980 14
73990 17
74000 8
74010 16
74020 20
74030 13
74040 12
74050 9
74060 20
74070 16
74080 28
74090 21
74100 16
74110 17
74120 21
74130 22
74140 21
74150 23
74160 17
74170 21
74180 11
74190 22
74200 19
74210 9
74220 16
74230 19
74240 24
74250 21
74260 16
74270 22
74280 17
74290 17
74300 17
74310 16
74320 26
74330 26
74340 24
74350 27
74360 25
74370 17
74380 20
74390 18
74400 10
74410 20
74420 15
74430 12
74440 17
74450 22
74460 27
74470 19
74480 16
74490 28
74500 15
74510 21
74520 27
74530 28
74540 30
74550 18
74560 14
74570 15
74580 10
74590 20
74600 16
74610 14
74620 25
74630 18
74640 13
74650 19
74660 24
74670 21
74680 10
74690 18
74700 12
74710 19
74720 16
74730 11
74740 21
74750 17
74760 22
74770 17
74780 18
74790 17
74800 18
74810 21
74820 16
74830 22
74840 27
74850 14
74860 20
74870 10
74880 14
74890 23
74900 14
74910 14
74920 9
74930 10
74940 5
74950 0
74960 0
74970 6
74980 2
74990 0
75000 0
75010 3
75020 11
75030 11
75040 27
75050 8
75060 11
75070 0
75080 12
75090 17
75100 11
75110 3
75120 18
75130 12
75140 18
75150 20
75160 15
75170 13
75180 18
75190 15
75200 9
75210 8
75220 20
75230 16
75240 19
75250 18
75260 28
75270 23
75280 25
75290 17
75300 22
75310 12
75320 25
75330 24
75340 30
75350 21
75360 5
75370 9
75380 11
75390 12
75400 20
75410 12
75420 15
75430 17
75440 17
75450 16
75460 15
75470 19
75480 13
75490 14
75500 16
75510 15
75520 14
75530 13
75540 20
75550 12
75560 15
75570 21
75580 23
75590 10
75600 22
75610 15
75620 11
75630 9
75640 15
75650 6
75660 3
75670 4
75680 4
75690 17
75700 4
75710 9
75720 5
75730 14
75740 12
75750 8
75760 10
75770 13
75780 7
75790 10
75800 12
75810 7
75820 8
75830 16
75840 12
75850 9
75860 7
75870 10
75880 5
75890 10
75900 8
75910 9
75920 9
75930 7
75940 10
75950 5
75960 5
75970 12
75980 7
75990 12
76000 11
76010 19
76020 18
76030 18
76040 19
76050 15
76060 14
76070 14
76080 18
76090 16
76100 12
76110 10
76120 19
76130 16
76140 18
76150 8
76160 5
76170 10
76180 12
76190 21
76200 15
76210 19
76220 11
76230 16
76240 16
76250 18
76260 14
76270 21
76280 13
76290 21
76300 9
76310 18
76320 10
76330 12
76340 10
76350 12
76360 10
76370 15
76380 13
76390 6
76400 13
76410 11
76420 10
76430 12
76440 16
76450 10
76460 19
76470 18
76480 16
76490 14
76500 9
76510 13
76520 17
76530 13
76540 13
76550 15
76560 15
76570 7
76580 12
76590 20
76600 15
76610 16
76620 13
76630 17
76640 15
76650 16
76660 16
76670 15
76680 10
76690 21
76700 18
76710 18
76720 9
76730 12
76740 17
76750 10
76760 19
76770 13
76780 17
76790 7
76800 9
76810 18
76820 7
76830 16
76840 12
76850 9
76860 11
76870 10
76880 8
76890 9
76900 14
76910 11
76920 14
76930 8
76940 13
76950 14
76960 6
76970 9
76980 7
76990 12
77000 1
77010 10
77020 10
77030 6
77040 8
77050 7
77060 16
77070 13
77080 5
77090 8
77100 17
77110 10
77120 14
77130 14
77140 9
77150 13
77160 9
77170 15
77180 12
77190 11
77200 10
77210 10
77220 13
77230 10
77240 13
77250 23
77260 22
77270 13
77280 13
77290 15
77300 11
77310 12
77320 17
77330 12
77340 15
77350 12
77360 12
77370 15
77380 14
77390 19
77400 13
77410 14
77420 21
77430 11
77440 16
77450 13
77460 13
77470 10
77480 8
77490 11
77500 13
77510 10
77520 15
77530 16
77540 8
77550 16
77560 13
77570 15
77580 17
77590 17
77600 13
77610 19
77620 22
77630 19
77640 18
77650 19
77660 15
77670 8
77680 8
77690 16
77700 8
77710 7
77720 11
77730 15
77740 12
77750 10
77760 11
77770 11
77780 14
77790 13
77800 17
77810 11
77820 7
77830 7
77840 7
77850 12
77860 14
77870 10
77880 13
77890 12
77900 8
77910 12
77920 6
77930 13
77940 12
77950 13
77960 4
77970 11
77980 7
77990 14
78000 8
78010 16
78020 7
78030 4
78040 7
78050 16
78060 6
78070 7
78080 8
78090 5
78100 17
78110 11
78120 12
78130 5
78140 7
78150 7
78160 15
78170 11
78180 8
78190 9
78200 12
78210 16
78220 16
78230 14
78240 8
78250 8
78260 14
78270 20
78280 16
78290 7
78300 19
78310 16
78320 16
78330 8
78340 15
78350 15
78360 6
78370 8
78380 10
78390 9
78400 9
78410 7
78420 4
78430 16
78440 20
78450 12
78460 21
78470 19
78480 15
78490 17
78500 16
78510 10
78520 17
78530 9
78540 17
78550 15
78560 14
78570 13
78580 16
78590 15
78600 8
78610 14
78620 11
78630 10
78640 8
78650 11
78660 16
78670 5
78680 9
78690 11
78700 12
78710 7
78720 5
78730 15
78740 12
78750 12
78760 14
78770 24
78780 14
78790 17
78800 9
78810 12
78820 24
78830 19
78840 18
78850 16
78860 15
78870 17
78880 9
78890 16
78900 13
78910 14
78920 20
78930 13
78940 12
78950 12
78960 14
78970 9
78980 14
78990 6
79000 13
79010 17
79020 18
79030 18
79040 14
79050 15
79060 16
79070 18
79080 10
79090 11
79100 10
79110 12
79120 9
79130 17
79140 7
79150 15
79160 19
79170 7
79180 13
79190 8
79200 12
79210 5
79220 5
79230 9
79240 10
79250 5
79260 8
79270 9
79280 8
79290 7
79300 10
79310 10
79320 8
79330 9
79340 13
79350 12
79360 15
79370 15
79380 9
79390 14
79400 2
79410 11
79420 11
79430 9
79440 13
79450 9
79460 12
79470 10
79480 14
79490 13
79500 13
79510 14
79520 14
79530 13
79540 16
79550 14
79560 13
79570 12
79580 14
79590 6
79600 10
79610 6
79620 6
79630 5
79640 5
79650 3
79660 9
79670 6
79680 0
79690 7
79700 9
79710 4
79720 9
79730 12
79740 10
79750 8
79760 10
79770 9
79780 11
79790 3
79800 10
79810 17
79820 12
79830 12
79840 12
79850 17
79860 16
79870 17
79880 19
79890 16
79900 13
79910 16
79920 18
79930 18
79940 14
79950 15
79960 16
79970 19
79980 16
79990 17
80000 19
80010 15
80020 15
80030 20
80040 14
80050 15
80060 14
80070 23
80080 14
80090 14
80100 25
80110 17
80120 15
80130 19
80140 13
80150 21
80160 18
80170 15
80180 19
80190 22
80200 10
80210 14
80220 12
80230 11
80240 10
80250 18
80260 8
80270 10
80280 11
80290 16
80300 12
80310 11
80320 15
80330 12
80340 13
80350 13
80360 16
80370 21
80380 9
80390 5
80400 5
80410 15
80420 19
80430 6
80440 9
80450 15
80460 12
80470 14
80480 18
80490 14
80500 5
80510 11
80520 16
80530 16
80540 9
80550 13
80560 13
80570 11
80580 4
80590 14
80600 9
80610 9
80620 9
80630 8
80640 7
80650 0
80660 7
80670 3
80680 2
80690 3
80700 8
80710 10
80720 10
80730 7
80740 11
80750 2
80760 10
80770 9
80780 11
80790 12
80800 9
80810 3
80820 9
80830 1
80840 1
80850 2
80860 1
80870 5
80880 16
80890 1
80900 7
80910 7
80920 3
80930 16
80940 4
80950 3
80960 5
80970 12
80980 11
80990 11
81000 7
81010 14
81020 7
81030 8
81040 6
81050 1
81060 7
81070 3
81080 0
81090 8
81100 2
81110 8
81120 10
81130 5
81140 8
81150 3
81160 6
81170 13
81180 2
81190 2
81200 11
81210 3
81220 5
81230 4
81240 3
81250 16
81260 10
81270 2
81280 6
81290 6
81300 3
81310 6
81320 10
81330 9
81340 8
81350 8
81360 12
81370 12
81380 8
81390 12
81400 9
81410 8
81420 8
81430 8
81440 6
81450 10
81460 6
81470 8
81480 3
81490 7
81500 9
81510 2
81520 10
81530 1
81540 1
81550 0
81560 0
81570 0
81580 0
81590 1
81600 2
81610 0
81620 0
81630 0
81640 2
81650 1
81660 0
81670 0
81680 0
81690 0
81700 0
81710 2
81720 1
81730 1
81740 14
81750 11
81760 10
81770 7
81780 10
81790 11
81800 12
81810 10
81820 9
81830 8
81840 11
81850 11
81860 11
81870 16
81880 13
81890 13
81900 14
81910 10
81920 12
81930 9
81940 11
81950 10
81960 6
81970 11
81980 8
81990 8
82000 6
82010 13
82020 4
82030 12
82040 8
82050 15
82060 2
82070 7
82080 9
82090 11
82100 6
82110 0
82120 0
82130 0
82140 2
82150 1
82160 11
82170 14
82180 7
82190 11
82200 10
82210 10
82220 9
82230 15
82240 14
82250 11
82260 12
82270 11
82280 12
82290 14
82300 10
82310 16
82320 11
82330 11
82340 9
82350 16
82360 7
82370 4
82380 8
82390 7
82400 2
82410 17
82420 18
82430 5
82440 3
82450 12
82460 5
82470 5
82480 15
82490 15
82500 9
82510 8
82520 11
82530 21
82540 3
82550 11
82560 9
82570 2
82580 13
82590 12
82600 8
82610 18
82620 17
82630 16
82640 14
82650 9
82660 13
82670 20
82680 14
82690 9
82700 1
82710 10
82720 8
82730 13
82740 5
82750 4
82760 4
82770 5
82780 6
82790 6
82800 8
82810 6
82820 11
82830 13
82840 16
82850 6
82860 9
82870 3
82880 8
82890 8
82900 7
82910 9
82920 5
82930 8
82940 8
82950 11
82960 8
82970 10
82980 14
82990 9
83000 6
83010 5
83020 6
83030 4
83040 5
83050 2
83060 10
83070 7
83080 10
83090 11
83100 8
83110 9
83120 3
83130 8
83140 3
83150 6
83160 5
83170 5
83180 8
83190 4
83200 6
83210 10
83220 13
83230 1
83240 9
83250 10
83260 17
83270 9
83280 18
83290 19
83300 10
83310 8
83320 12
83330 6
83340 12
83350 13
83360 7
83370 11
83380 9
83390 9
83400 12
83410 3
83420 13
83430 2
83440 14
83450 11
83460 19
83470 12
83480 9
83490 11
83500 25
83510 15
83520 14
83530 16
83540 15
83550 7
83560 4
83570 8
83580 18
83590 11
83600 10
83610 13
83620 23
83630 13
83640 14
83650 7
83660 8
83670 15
83680 9
83690 13
83700 13
83710 14
83720 11
83730 13
83740 16
83750 10
83760 7
83770 9
83780 18
83790 13
83800 20
83810 18
83820 20
83830 10
83840 8
83850 8
83860 11
83870 16
83880 6
83890 10
83900 8
83910 6
83920 16
83930 8
83940 24
83950 23
83960 12
83970 15
83980 9
83990 3
84000 16
84010 14
84020 15
84030 11
84040 7
84050 13
84060 16
84070 18
84080 6
84090 8
84100 16
84110 16
84120 5
84130 6
84140 6
84150 23
84160 9
84170 3
84180 21
84190 8
84200 22
84210 17
84220 14
84230 19
84240 17
84250 0
84260 1
84270 12
84280 13
84290 12
84300 11
84310 6
84320 6
84330 4
84340 8
84350 11
84360 15
84370 11
84380 5
84390 12
84400 11
84410 12
84420 22
84430 13
84440 2
84450 12
84460 16
84470 6
84480 10
84490 12
84500 16
84510 16
84520 11
84530 11
84540 13
84550 21
84560 14
84570 5
84580 11
84590 9
84600 12
84610 3
84620 1
84630 2
84640 11
84650 7
84660 6
84670 7
84680 8
84690 11
84700 8
84710 6
84720 15
84730 3
84740 7
84750 5
84760 8
84770 6
84780 7
84790 6
84800 6
84810 6
84820 7
84830 8
84840 9
84850 2
84860 7
84870 4
84880 8
84890 14
84900 14
84910 10
84920 15
84930 8
84940 7
84950 12
84960 9
84970 5
84980 5
84990 15
85000 1
85010 3
85020 8
85030 7
85040 12
85050 9
85060 16
85070 7
85080 5
85090 12
85100 11
85110 2
85120 10
85130 0
85140 4
85150 10
85160 11
85170 4
85180 13
85190 7
85200 19
85210 10
85220 17
85230 9
85240 9
85250 6
85260 15
85270 9
85280 11
85290 2
85300 4
85310 17
85320 13
85330 4
85340 12
85350 11
85360 8
85370 5
85380 10
85390 3
85400 11
85410 2
85420 12
85430 16
85440 7
85450 10
85460 9
85470 12
85480 17
85490 17
85500 11
85510 2
85520 13
85530 30
85540 21
85550 19
85560 21
85570 2
85580 9
85590 14
85600 6
85610 11
85620 10
85630 13
85640 10
85650 16
85660 12
85670 5
85680 16
85690 12
85700 15
85710 7
85720 9
85730 12
85740 14
85750 8
85760 12
85770 16
85780 9
85790 10
85800 11
85810 14
85820 14
85830 10
85840 14
85850 10
85860 11
85870 4
85880 10
85890 7
85900 4
85910 16
85920 17
85930 14
85940 11
85950 11
85960 11
85970 11
85980 12
85990 12
86000 9
86010 14
86020 11
86030 10
86040 10
86050 12
86060 9
86070 10
86080 8
86090 8
86100 9
86110 13
86120 11
86130 12
86140 11
86150 11
86160 12
86170 13
86180 9
86190 15
86200 13
86210 7
86220 11
86230 6
86240 11
86250 14
86260 8
86270 13
86280 4
86290 11
86300 5
86310 11
86320 9
86330 5
86340 14
86350 12
86360 13
86370 13
86380 13
86390 16
86400 13
86410 12
86420 5
86430 16
86440 11
86450 8
86460 8
86470 18
86480 13
86490 2
86500 6
86510 11
86520 10
86530 5
86540 14
86550 10
86560 12
86570 2
86580 7
86590 14
86600 4
86610 9
86620 14
86630 11
86640 11
86650 11
86660 2
86670 6
86680 9
86690 8
86700 10
86710 5
86720 14
86730 7
86740 20
86750 14
86760 5
86770 0
86780 4
86790 8
86800 7
86810 6
86820 16
86830 11
86840 14
86850 8
86860 22
86870 11
86880 9
86890 16
86900 3
86910 9
86920 9
86930 4
86940 2
86950 6
86960 5
86970 8
86980 13
86990 17
87000 15
87010 14
87020 9
87030 9
87040 5
87050 0
87060 2
87070 18
87080 25
87090 18
87100 20
87110 19
87120 19
87130 9
87140 17
87150 7
87160 11
87170 21
87180 16
87190 23
87200 20
87210 17
87220 8
87230 11
87240 8
87250 23
87260 21
87270 16
87280 14
87290 15
87300 10
87310 8
87320 15
87330 15
87340 15
87350 12
87360 18
87370 12
87380 16
87390 12
87400 22
87410 19
87420 10
87430 15
87440 20
87450 13
87460 8
87470 18
87480 9
87490 6
87500 17
87510 3
87520 9
87530 13
87540 14
87550 4
87560 4
87570 9
87580 14
87590 6
87600 6
87610 3
87620 2
87630 5
87640 8
87650 8
87660 9
87670 5
87680 10
87690 7
87700 12
87710 3
87720 14
87730 24
87740 11
87750 2
87760 4
87770 18
87780 5
87790 10
87800 11
87810 6
87820 5
87830 4
87840 1
87850 8
87860 3
87870 10
87880 24
87890 24
87900 8
87910 11
87920 7
87930 14
87940 6
87950 13
87960 12
87970 14
87980 6
87990 7
88000 9
88010 4
88020 5
88030 18
88040 16
88050 14
88060 10
88070 7
88080 7
88090 10
88100 3
88110 7
88120 8
88130 3
88140 7
88150 6
88160 8
88170 9
88180 14
88190 11
88200 8
88210 11
88220 8
88230 2
88240 11
88250 0
88260 7
88270 9
88280 15
88290 7
88300 7
88310 12
88320 11
88330 16
88340 11
88350 10
88360 6
88370 12
88380 15
88390 10
88400 26
88410 24
88420 12
88430 22
88440 14
88450 7
88460 0
88470 0
88480 0
88490 0
88500 0
88510 0
88520 0
88530 1
88540 5
88550 0
88560 0
88570 4
88580 7
88590 7
88600 15
88610 8
88620 18
88630 17
88640 7
88650 1
88660 1
88670 3
88680 3
88690 0
88700 6
88710 4
88720 10
88730 7
88740 15
88750 19
88760 18
88770 21
88780 15
88790 16
88800 6
88810 1
88820 10
88830 14
88840 7
88850 15
88860 8
88870 21
88880 9
88890 11
88900 14
88910 16
88920 7
88930 11
88940 5
88950 2
88960 15
88970 18
88980 14
88990 7
89000 8
89010 6
89020 8
89030 13
89040 21
89050 20
89060 20
89070 21
89080 17
89090 22
89100 7
89110 12
89120 13
89130 10
89140 12
89150 5
89160 14
89170 17
89180 15
89190 7
89200 11
89210 13
89220 14
89230 9
89240 10
89250 11
89260 10
89270 10
89280 13
89290 10
89300 15
89310 18
89320 7
89330 15
89340 19
89350 14
89360 11
89370 15
89380 25
89390 15
89400 5
89410 19
89420 16
89430 9
89440 10
89450 5
89460 5
89470 4
89480 6
89490 1
89500 1
89510 5
89520 7
89530 21
89540 6
89550 9
89560 16
89570 16
89580 8
89590 14
89600 22
89610 25
89620 33
89630 33
89640 9
89650 18
89660 8
89670 14
89680 15
89690 12
89700 3
89710 11
89720 14
89730 22
89740 12
89750 20
89760 13
89770 19
89780 9
89790 19
89800 13
89810 13
89820 13
89830 18
89840 8
89850 19
89860 16
89870 18
89880 18
89890 14
89900 19
89910 16
89920 16
89930 23
89940 11
89950 18
89960 16
89970 22
89980 10
89990 21
90000 20
90010 10
90020 24
90030 34
90040 19
90050 16
90060 11
90070 11
90080 37
90090 19
90100 16
90110 7
90120 16
90130 18
90140 9
90150 7
90160 9
90170 21
90180 15
90190 22
90200 26
90210 20
90220 26
90230 23
90240 7
90250 26
90260 21
90270 9
90280 21
90290 36
90300 21
90310 34
90320 18
90330 20
90340 17
90350 34
90360 24
90370 18
90380 25
90390 23
90400 26
90410 18
90420 19
90430 18
90440 28
90450 36
90460 37
90470 30
90480 26
90490 14
90500 21
90510 27
90520 18
90530 27
90540 23
90550 20
90560 32
90570 22
90580 33
90590 12
90600 33
90610 20
90620 25
90630 30
90640 30
90650 27
90660 18
90670 25
90680 22
90690 22
90700 35
90710 14
90720 32
90730 27
90740 29
90750 12
90760 13
90770 18
90780 23
90790 29
90800 22
90810 20
90820 16
90830 9
90840 33
90850 28
90860 31
90870 27
90880 21
90890 26
90900 29
90910 22
90920 17
90930 26
90940 16
90950 16
90960 29
90970 22
90980 31
90990 20
91000 30
91010 24
91020 22
91030 28
91040 25
91050 29
91060 21
91070 22
91080 28
91090 26
91100 25
91110 25
91120 28
91130 20
91140 21
91150 21
91160 22
91170 26
91180 25
91190 36
91200 24
91210 28
91220 26
91230 25
91240 20
91250 28
91260 15
91270 21
91280 16
91290 17
91300 23
91310 18
91320 18
91330 28
91340 15
91350 15
91360 17
91370 15
91380 15
91390 17
91400 26
91410 15
91420 14
91430 22
91440 21
91450 12
91460 9
91470 26
91480 15
91490 27
91500 34
91510 14
91520 15
91530 30
91540 21
91550 19
91560 23
91570 26
91580 20
91590 11
91600 38
91610 15
91620 20
91630 20
91640 18
91650 22
91660 33
91670 20
91680 17
91690 19
91700 26
91710 23
91720 23
91730 16
91740 17
91750 16
91760 15
91770 20
91780 16
91790 24
91800 15
91810 22
91820 18
91830 18
91840 21
91850 11
91860 21
91870 18
91880 19
91890 22
91900 15
91910 24
91920 17
91930 11
91940 18
91950 16
91960 19
91970 26
91980 20
91990 17
92000 15
92010 18
92020 6
92030 18
92040 15
92050 18
92060 22
92070 17
92080 17
92090 9
92100 9
92110 10
92120 14
92130 9
92140 19
92150 13
92160 19
92170 19
92180 26
92190 18
92200 17
92210 14
92220 22
92230 15
92240 21
92250 6
92260 4
92270 10
92280 18
92290 19
92300 15
92310 25
92320 18
92330 15
92340 4
92350 6
92360 4
92370 14
92380 20
92390 14
92400 20
92410 20
92420 17
92430 17
92440 18
92450 16
92460 14
92470 15
92480 20
92490 18
92500 10
92510 10
92520 15
92530 18
92540 21
92550 17
92560 20
92570 8
92580 2
92590 3
92600 2
92610 13
92620 3
92630 5
92640 2
92650 3
92660 0
92670 3
92680 1
92690 0
92700 0
92710 1
92720 4
92730 4
92740 1
92750 4
92760 1
92770 3
92780 0
92790 1
92800 10
92810 10
92820 12
92830 6
92840 2
92850 8
92860 1
92870 2
92880 3
92890 4
92900 5
92910 10
92920 2
92930 4
92940 7
92950 5
92960 7
92970 3
92980 4
92990 4
93000 2
93010 3
93020 5
93030 1
93040 7
93050 1
93060 5
93070 1
93080 2
93090 0
93100 3
93110 4
93120 4
93130 1
93140 6
93150 4
93160 3
93170 3
93180 1
93190 0
93200 0
93210 8
93220 5
93230 18
93240 5
93250 11
93260 18
93270 16
93280 2
93290 7
93300 0
93310 4
93320 1
93330 4
93340 5
93350 5
93360 5
93370 13
93380 10
93390 10
93400 14
93410 16
93420 21
93430 19
93440 14
93450 17
93460 21
93470 21
93480 26
93490 26
93500 16
93510 15
93520 16
93530 18
93540 16
93550 20
93560 6
93570 16
93580 8
93590 11
93600 9
93610 3
93620 7
93630 4
93640 15
93650 16
93660 7
93670 17
93680 5
93690 16
93700 16
93710 19
93720 11
93730 10
93740 14
93750 17
93760 18
93770 17
93780 20
93790 13
93800 14
93810 11
93820 11
93830 11
93840 14
93850 10
93860 20
93870 17
93880 10
93890 16
93900 15
93910 18
93920 8
93930 18
93940 7
93950 14
93960 14
93970 15
93980 12
93990 17
94000 17
94010 7
94020 17
94030 15
94040 17
94050 10
94060 13
94070 13
94080 8
94090 6
94100 10
94110 16
94120 26
94130 11
94140 14
94150 9
94160 13
94170 4
94180 4
94190 2
94200 9
94210 4
94220 15
94230 2
94240 20
94250 10
94260 18
94270 13
94280 16
94290 17
94300 5
94310 7
94320 3
94330 1
94340 0
94350 14
94360 13
94370 21
94380 16
94390 15
94400 17
94410 16
94420 8
94430 14
94440 7
94450 4
94460 4
94470 18
94480 9
94490 16
94500 12
94510 17
94520 12
94530 21
94540 13
94550 8
94560 14
94570 16
94580 19
94590 17
94600 18
94610 10
94620 6
94630 1
94640 0
94650 1
94660 6
94670 5
94680 5
94690 3
94700 13
94710 14
94720 7
94730 4
94740 14
94750 8
94760 11
94770 10
94780 5
94790 12
94800 6
94810 13
94820 8
94830 3
94840 8
94850 9
94860 6
94870 8
94880 4
94890 8
94900 6
94910 7
94920 5
94930 4
94940 6
94950 5
94960 8
94970 4
94980 6
94990 9
95000 8
95010 5
95020 5
95030 8
95040 5
95050 9
95060 11
95070 6
95080 21
95090 20
95100 24
95110 18
95120 23
95130 27
95140 21
95150 24
95160 35
95170 19
95180 29
95190 29
95200 27
95210 27
95220 28
95230 23
95240 22
95250 24
95260 28
95270 23
95280 11
95290 20
95300 20
95310 22
95320 2
95330 21
95340 23
95350 26
95360 23
95370 19
95380 12
95390 16
95400 5
95410 12
95420 13
95430 25
95440 16
95450 15
95460 18
95470 20
95480 17
95490 4
95500 0
95510 1
95520 0
95530 0
95540 0
95550 0
95560 1
95570 0
95580 0
95590 0
95600 0
95610 0
95620 0
95630 0
95640 1
95650 1
95660 0
95670 0
95680 1
95690 17
95700 15
95710 13
95720 15
95730 27
95740 27
95750 26
95760 20
95770 12
95780 13
95790 3
95800 20
95810 9
95820 7
95830 6
95840 8
95850 17
95860 11
95870 6
95880 7
95890 26
95900 17
95910 9
95920 4
95930 22
95940 14
95950 18
95960 4
95970 14
95980 24
95990 15
96000 11
96010 11
96020 15
96030 19
96040 17
96050 2
96060 15
96070 18
96080 15
96090 10
96100 18
96110 27
96120 11
96130 13
96140 18
96150 20
96160 19
96170 15
96180 13
96190 17
96200 18
96210 11
96220 7
96230 33
96240 19
96250 20
96260 25
96270 21
96280 24
96290 14
96300 19
96310 24
96320 30
96330 17
96340 28
96350 17
96360 9
96370 17
96380 19
96390 25
96400 31
96410 31
96420 28
96430 19
96440 28
96450 25
96460 27
96470 28
96480 12
96490 18
96500 30
96510 38
96520 18
96530 28
96540 24
96550 25
96560 17
96570 18
96580 29
96590 16
96600 25
96610 23
96620 18
96630 23
96640 20
96650 23
96660 31
96670 33
96680 24
96690 27
96700 19
96710 21
96720 22
96730 15
96740 23
96750 17
96760 14
96770 9
96780 18
96790 21
96800 17
96810 18
96820 11
96830 17
96840 14
96850 20
96860 12
96870 19
96880 17
96890 22
96900 23
96910 30
96920 15
96930 19
96940 18
96950 15
96960 16
96970 20
96980 18
96990 26
97000 14
97010 16
97020 10
97030 23
97040 16
97050 24
97060 21
97070 31
97080 13
97090 25
97100 19
97110 19
97120 23
97130 32
97140 22
97150 23
97160 22
97170 16
97180 29
97190 3
97200 15
97210 40
97220 28
97230 17
97240 14
97250 27
97260 17
97270 28
97280 21
97290 25
97300 12
97310 26
97320 12
97330 28
97340 23
97350 26
97360 15
97370 20
97380 12
97390 14
97400 20
97410 11
97420 12
97430 18
97440 25
97450 13
97460 16
97470 14
97480 8
97490 19
97500 22
97510 13
97520 16
97530 17
97540 12
97550 11
97560 13
97570 12
97580 13
97590 28
97600 20
97610 23
97620 10
97630 15
97640 22
97650 20
97660 24
97670 23
97680 16
97690 25
97700 23
97710 12
97720 11
97730 12
97740 17
97750 12
97760 5
97770 31
97780 16
97790 24
97800 2
97810 19
97820 17
97830 7
97840 12
97850 2
97860 12
97870 10
97880 20
97890 16
97900 14
97910 13
97920 31
97930 12
97940 17
97950 12
97960 2
97970 26
97980 15
97990 20
98000 21
98010 21
98020 13
98030 21
98040 10
98050 16
98060 15
98070 14
98080 10
98090 14
98100 19
98110 9
98120 15
98130 11
98140 10
98150 24
98160 25
98170 18
98180 25
98190 4
98200 17
98210 10
98220 3
98230 22
98240 13
98250 21
98260 12
98270 20
98280 20
98290 24
98300 16
98310 22
98320 20
98330 15
98340 16
98350 10
98360 21
98370 12
98380 19
98390 14
98400 9
98410 3
98420 9
98430 12
98440 15
98450 15
98460 16
98470 18
98480 18
98490 23
98500 12
98510 7
98520 10
98530 8
98540 4
98550 10
98560 1
98570 11
98580 2
98590 3
98600 3
98610 11
98620 23
98630 18
98640 4
98650 21
98660 18
98670 4
98680 20
98690 4
98700 11
98710 14
98720 17
98730 12
98740 5
98750 5
98760 13
98770 15
98780 16
98790 16
98800 4
98810 19
98820 21
98830 19
98840 19
98850 14
98860 14
98870 18
98880 20
98890 9
98900 12
98910 17
98920 11
98930 22
98940 9
98950 8
98960 2
98970 11
98980 20
98990 13
99000 16
99010 22
99020 24
99030 12
99040 26
99050 14
99060 22
99070 11
99080 17
99090 16
99100 9
99110 12
99120 14
99130 9
99140 5
99150 10
99160 14
99170 24
99180 21
99190 24
99200 14
99210 13
99220 9
99230 9
99240 3
99250 9
99260 10
99270 3
99280 15
99290 12
99300 20
99310 12
99320 17
99330 6
99340 18
99350 15
99360 11
99370 13
99380 23
99390 19
99400 24
99410 12
99420 14
99430 19
99440 18
99450 14
99460 17
99470 20
99480 19
99490 29
99500 30
99510 19
99520 23
99530 26
99540 33
99550 22
99560 26
99570 15
99580 12
99590 13
99600 14
99610 17
99620 11
99630 18
99640 8
99650 7
99660 25
99670 26
99680 30
99690 34
99700 27
99710 22
99720 23
99730 18
99740 20
99750 16
99760 30
99770 16
99780 21
99790 22
99800 6
99810 19
99820 21
99830 16
99840 15
99850 21
99860 12
99870 15
99880 19
99890 7
99900 9
99910 13
99920 11
99930 12
99940 20
99950 23
99960 14
99970 11
99980 2
99990 6
