# Frame Contacts
30000 13
30010 18
30020 21
30030 16
30040 20
30050 20
30060 23
30070 21
30080 22
30090 23
30100 34
30110 20
30120 22
30130 27
30140 19
30150 13
30160 18
30170 14
30180 13
30190 16
30200 10
30210 27
30220 17
30230 23
30240 9
30250 9
30260 20
30270 13
30280 20
30290 18
30300 15
30310 18
30320 24
30330 15
30340 14
30350 23
30360 25
30370 26
30380 30
30390 17
30400 15
30410 20
30420 21
30430 17
30440 16
30450 18
30460 14
30470 16
30480 15
30490 18
30500 14
30510 12
30520 16
30530 15
30540 15
30550 12
30560 14
30570 8
30580 16
30590 18
30600 16
30610 14
30620 13
30630 13
30640 13
30650 13
30660 14
30670 14
30680 15
30690 14
30700 14
30710 16
30720 14
30730 14
30740 13
30750 12
30760 5
30770 14
30780 11
30790 19
30800 8
30810 1
30820 25
30830 17
30840 15
30850 20
30860 11
30870 21
30880 10
30890 14
30900 5
30910 4
30920 5
30930 2
30940 7
30950 6
30960 5
30970 11
30980 15
30990 13
31000 13
31010 14
31020 12
31030 11
31040 15
31050 15
31060 14
31070 14
31080 17
31090 15
31100 14
31110 16
31120 17
31130 17
31140 17
31150 16
31160 18
31170 15
31180 15
31190 14
31200 15
31210 17
31220 18
31230 18
31240 10
31250 14
31260 13
31270 16
31280 12
31290 18
31300 15
31310 13
31320 16
31330 15
31340 14
31350 17
31360 13
31370 14
31380 16
31390 14
31400 10
31410 16
31420 14
31430 15
31440 18
31450 15
31460 16
31470 18
31480 17
31490 15
31500 18
31510 15
31520 16
31530 12
31540 16
31550 17
31560 15
31570 19
31580 16
31590 15
31600 14
31610 16
31620 13
31630 17
31640 15
31650 15
31660 18
31670 20
31680 22
31690 16
31700 16
31710 19
31720 15
31730 16
31740 13
31750 16
31760 10
31770 14
31780 15
31790 20
31800 16
31810 13
31820 19
31830 22
31840 16
31850 16
31860 22
31870 16
31880 9
31890 21
31900 13
31910 20
31920 19
31930 23
31940 13
31950 17
31960 10
31970 16
31980 10
31990 17
32000 16
32010 18
32020 12
32030 22
32040 16
32050 13
32060 12
32070 16
32080 18
32090 15
32100 17
32110 15
32120 23
32130 14
32140 21
32150 20
32160 13
32170 12
32180 17
32190 13
32200 17
32210 11
32220 16
32230 12
32240 19
32250 16
32260 14
32270 11
32280 20
32290 14
32300 17
32310 16
32320 10
32330 11
32340 10
32350 11
32360 12
32370 9
32380 13
32390 15
32400 9
32410 10
32420 8
32430 7
32440 8
32450 10
32460 9
32470 9
32480 9
32490 11
32500 9
32510 10
32520 8
32530 14
32540 13
32550 9
32560 14
32570 18
32580 12
32590 13
32600 11
32610 12
32620 15
32630 12
32640 11
32650 16
32660 13
32670 16
32680 16
32690 14
32700 18
32710 12
32720 12
32730 16
32740 14
32750 17
32760 19
32770 14
32780 11
32790 10
32800 10
32810 12
32820 15
32830 12
32840 12
32850 13
32860 13
32870 13
32880 12
32890 14
32900 11
32910 12
32920 16
32930 21
32940 21
32950 20
32960 17
32970 13
32980 16
32990 14
33000 23
33010 24
33020 18
33030 17
33040 22
33050 15
33060 15
33070 15
33080 14
33090 16
33100 18
33110 12
33120 15
33130 12
33140 13
33150 13
33160 15
33170 11
33180 12
33190 13
33200 14
33210 13
33220 11
33230 14
33240 25
33250 23
33260 16
33270 11
33280 20
33290 24
33300 12
33310 9
33320 5
33330 6
33340 7
33350 13
33360 10
33370 14
33380 12
33390 13
33400 17
33410 12
33420 10
33430 11
33440 12
33450 14
33460 13
33470 15
33480 22
33490 18
33500 14
33510 15
33520 18
33530 18
33540 19
33550 16
33560 13
33570 17
33580 14
33590 22
33600 13
33610 11
33620 12
33630 19
33640 11
33650 12
33660 18
33670 13
33680 12
33690 11
33700 8
33710 13
33720 18
33730 15
33740 17
33750 13
33760 13
33770 8
33780 8
33790 6
33800 6
33810 10
33820 15
33830 11
33840 17
33850 13
33860 12
33870 14
33880 11
33890 12
33900 6
33910 13
33920 14
33930 13
33940 15
33950 10
33960 10
33970 8
33980 5
33990 14
34000 10
34010 8
34020 11
34030 12
34040 12
34050 12
34060 9
34070 9
34080 10
34090 15
34100 7
34110 8
34120 18
34130 19
34140 24
34150 16
34160 7
34170 14
34180 13
34190 9
34200 10
34210 9
34220 14
34230 12
34240 17
34250 12
34260 12
34270 16
34280 12
34290 10
34300 18
34310 15
34320 17
34330 16
34340 12
34350 15
34360 11
34370 13
34380 24
34390 13
34400 10
34410 10
34420 7
34430 8
34440 9
34450 13
34460 18
34470 14
34480 17
34490 12
34500 17
34510 13
34520 14
34530 8
34540 9
34550 15
34560 10
34570 11
34580 10
34590 8
34600 10
34610 8
34620 17
34630 8
34640 11
34650 14
34660 15
34670 9
34680 7
34690 11
34700 14
34710 12
34720 13
34730 15
34740 12
34750 19
34760 8
34770 3
34780 6
34790 18
34800 16
34810 7
34820 4
34830 7
34840 12
34850 14
34860 11
34870 11
34880 10
34890 16
34900 18
34910 13
34920 10
34930 10
34940 10
34950 10
34960 8
34970 11
34980 10
34990 15
35000 12
35010 13
35020 14
35030 14
35040 12
35050 18
35060 10
35070 13
35080 13
35090 10
35100 16
35110 8
35120 15
35130 15
35140 9
35150 14
35160 15
35170 12
35180 12
35190 12
35200 13
35210 18
35220 13
35230 12
35240 6
35250 13
35260 11
35270 7
35280 11
35290 10
35300 13
35310 9
35320 9
35330 5
35340 5
35350 6
35360 15
35370 17
35380 12
35390 9
35400 11
35410 11
35420 12
35430 20
35440 15
35450 14
35460 8
35470 21
35480 21
35490 11
35500 21
35510 2
35520 6
35530 10
35540 11
35550 4
35560 14
35570 16
35580 7
35590 13
35600 10
35610 9
35620 16
35630 13
35640 12
35650 11
35660 13
35670 11
35680 15
35690 13
35700 11
35710 20
35720 16
35730 18
35740 18
35750 18
35760 16
35770 11
35780 11
35790 16
35800 10
35810 5
35820 11
35830 10
35840 12
35850 9
35860 12
35870 19
35880 12
35890 16
35900 8
35910 12
35920 16
35930 9
35940 13
35950 17
35960 16
35970 12
35980 12
35990 12
36000 12
36010 5
36020 11
36030 8
36040 15
36050 15
36060 11
36070 17
36080 8
36090 12
36100 13
36110 13
36120 15
36130 9
36140 12
36150 13
36160 16
36170 10
36180 14
36190 10
36200 9
36210 13
36220 7
36230 15
36240 14
36250 11
36260 11
36270 15
36280 10
36290 18
36300 14
36310 8
36320 13
36330 16
36340 12
36350 15
36360 10
36370 10
36380 12
36390 6
36400 12
36410 5
36420 13
36430 11
36440 8
36450 8
36460 0
36470 3
36480 7
36490 11
36500 13
36510 8
36520 8
36530 11
36540 8
36550 12
36560 12
36570 12
36580 8
36590 11
36600 8
36610 6
36620 5
36630 12
36640 8
36650 11
36660 12
36670 10
36680 9
36690 9
36700 9
36710 3
36720 4
36730 9
36740 10
36750 12
36760 3
36770 4
36780 5
36790 11
36800 11
36810 17
36820 5
36830 7
36840 15
36850 8
36860 9
36870 11
36880 11
36890 5
36900 11
36910 11
36920 11
36930 13
36940 10
36950 12
36960 6
36970 15
36980 15
36990 14
37000 13
37010 15
37020 13
37030 12
37040 10
37050 10
37060 7
37070 11
37080 9
37090 10
37100 8
37110 9
37120 15
37130 12
37140 13
37150 9
37160 11
37170 10
37180 10
37190 7
37200 14
37210 11
37220 12
37230 14
37240 15
37250 9
37260 11
37270 10
37280 11
37290 15
37300 7
37310 15
37320 6
37330 10
37340 10
37350 9
37360 13
37370 17
37380 6
37390 7
37400 9
37410 5
37420 14
37430 6
37440 7
37450 13
37460 6
37470 11
37480 13
37490 10
37500 13
37510 10
37520 13
37530 9
37540 11
37550 10
37560 8
37570 8
37580 8
37590 12
37600 15
37610 10
37620 10
37630 11
37640 9
37650 14
37660 12
37670 12
37680 14
37690 10
37700 13
37710 11
37720 13
37730 9
37740 16
37750 11
37760 12
37770 14
37780 4
37790 10
37800 11
37810 9
37820 8
37830 10
37840 6
37850 8
37860 9
37870 10
37880 7
37890 9
37900 9
37910 13
37920 11
37930 13
37940 18
37950 6
37960 13
37970 9
37980 9
37990 10
38000 13
38010 22
38020 7
38030 10
38040 15
38050 13
38060 9
38070 12
38080 9
38090 21
38100 9
38110 22
38120 9
38130 16
38140 7
38150 16
38160 13
38170 11
38180 11
38190 10
38200 13
38210 11
38220 20
38230 26
38240 20
38250 21
38260 20
38270 15
38280 18
38290 18
38300 9
38310 16
38320 7
38330 20
38340 8
38350 30
38360 13
38370 28
38380 11
38390 17
38400 10
38410 12
38420 17
38430 18
38440 21
38450 5
38460 17
38470 15
38480 19
38490 22
38500 22
38510 25
38520 23
38530 15
38540 21
38550 16
38560 21
38570 21
38580 22
38590 12
38600 15
38610 16
38620 15
38630 13
38640 16
38650 17
38660 8
38670 8
38680 15
38690 12
38700 14
38710 17
38720 11
38730 8
38740 8
38750 12
38760 7
38770 10
38780 10
38790 11
38800 11
38810 17
38820 8
38830 5
38840 11
38850 16
38860 7
38870 7
38880 12
38890 8
38900 12
38910 9
38920 11
38930 20
38940 23
38950 13
38960 21
38970 22
38980 21
38990 15
39000 21
39010 20
39020 22
39030 20
39040 18
39050 18
39060 18
39070 9
39080 17
39090 11
39100 13
39110 11
39120 9
39130 16
39140 21
39150 11
39160 15
39170 14
39180 7
39190 15
39200 12
39210 6
39220 19
39230 12
39240 17
39250 17
39260 9
39270 15
39280 12
39290 8
39300 21
39310 20
39320 17
39330 12
39340 19
39350 6
39360 16
39370 13
39380 15
39390 19
39400 16
39410 9
39420 17
39430 8
39440 10
39450 15
39460 15
39470 11
39480 13
39490 7
39500 18
39510 10
39520 15
39530 13
39540 22
39550 9
39560 11
39570 9
39580 18
39590 19
39600 11
39610 10
39620 11
39630 15
39640 16
39650 5
39660 6
39670 12
39680 22
39690 14
39700 13
39710 11
39720 7
39730 19
39740 8
39750 13
39760 11
39770 10
39780 9
39790 9
39800 14
39810 10
39820 7
39830 14
39840 3
39850 18
39860 18
39870 18
39880 15
39890 10
39900 17
39910 8
39920 17
39930 14
39940 19
39950 6
39960 6
39970 12
39980 20
39990 16
40000 11
40010 9
40020 13
40030 12
40040 13
40050 8
40060 8
40070 14
40080 16
40090 10
40100 6
40110 14
40120 14
40130 14
40140 11
40150 14
40160 18
40170 16
40180 17
40190 11
40200 22
40210 12
40220 21
40230 19
40240 23
40250 15
40260 23
40270 17
40280 16
40290 13
40300 14
40310 20
40320 14
40330 21
40340 14
40350 23
40360 12
40370 22
40380 16
40390 12
40400 21
40410 21
40420 20
40430 16
40440 12
40450 17
40460 21
40470 17
40480 16
40490 22
40500 13
40510 19
40520 24
40530 20
40540 23
40550 8
40560 9
40570 9
40580 15
40590 16
40600 14
40610 17
40620 17
40630 21
40640 23
40650 13
40660 10
40670 8
40680 22
40690 21
40700 15
40710 17
40720 5
40730 15
40740 7
40750 17
40760 19
40770 11
40780 20
40790 16
40800 16
40810 8
40820 22
40830 16
40840 16
40850 18
40860 18
40870 21
40880 17
40890 15
40900 18
40910 21
40920 14
40930 15
40940 18
40950 9
40960 16
40970 9
40980 21
40990 18
41000 20
41010 14
41020 15
41030 12
41040 10
41050 14
41060 22
41070 22
41080 14
41090 16
41100 14
41110 9
41120 16
41130 22
41140 19
41150 21
41160 23
41170 24
41180 16
41190 18
41200 17
41210 22
41220 18
41230 14
41240 15
41250 21
41260 11
41270 14
41280 25
41290 18
41300 14
41310 16
41320 20
41330 8
41340 12
41350 11
41360 8
41370 10
41380 13
41390 16
41400 17
41410 8
41420 22
41430 19
41440 16
41450 13
41460 18
41470 19
41480 18
41490 15
41500 12
41510 11
41520 13
41530 7
41540 9
41550 22
41560 20
41570 24
41580 21
41590 10
41600 21
41610 15
41620 18
41630 19
41640 14
41650 14
41660 9
41670 15
41680 20
41690 16
41700 14
41710 16
41720 16
41730 16
41740 21
41750 22
41760 16
41770 18
41780 24
41790 17
41800 15
41810 17
41820 17
41830 22
41840 13
41850 20
41860 19
41870 17
41880 21
41890 20
41900 14
41910 22
41920 20
41930 23
41940 16
41950 14
41960 17
41970 18
41980 14
41990 22
42000 26
42010 18
42020 14
42030 8
42040 14
42050 12
42060 13
42070 11
42080 20
42090 11
42100 20
42110 16
42120 20
42130 20
42140 18
42150 19
42160 12
42170 18
42180 11
42190 21
42200 19
42210 11
42220 11
42230 16
42240 17
42250 11
42260 22
42270 21
42280 19
42290 20
42300 16
42310 16
42320 17
42330 10
42340 12
42350 14
42360 15
42370 12
42380 13
42390 15
42400 10
42410 14
42420 14
42430 16
42440 7
42450 8
42460 14
42470 10
42480 16
42490 16
42500 8
42510 10
42520 8
42530 20
42540 7
42550 10
42560 7
42570 7
42580 12
42590 9
42600 18
42610 15
42620 10
42630 10
42640 15
42650 14
42660 18
42670 11
42680 13
42690 14
42700 11
42710 22
42720 16
42730 6
42740 12
42750 12
42760 12
42770 18
42780 12
42790 9
42800 5
42810 6
42820 11
42830 8
42840 12
42850 12
42860 6
42870 8
42880 11
42890 8
42900 9
42910 9
42920 6
42930 12
42940 6
42950 17
42960 16
42970 21
42980 16
42990 17
43000 12
43010 20
43020 10
43030 18
43040 11
43050 11
43060 15
43070 12
43080 16
43090 14
43100 19
43110 21
43120 16
43130 18
43140 19
43150 17
43160 16
43170 17
43180 15
43190 17
43200 17
43210 17
43220 16
43230 10
43240 14
43250 18
43260 13
43270 15
43280 15
43290 18
43300 16
43310 21
43320 13
43330 17
43340 20
43350 19
43360 20
43370 12
43380 18
43390 12
43400 11
43410 18
43420 13
43430 22
43440 17
43450 9
43460 11
43470 15
43480 18
43490 14
43500 21
43510 21
43520 9
43530 17
43540 21
43550 16
43560 18
43570 18
43580 19
43590 19
43600 12
43610 7
43620 20
43630 16
43640 19
43650 20
43660 19
43670 19
43680 19
43690 10
43700 23
43710 20
43720 16
43730 17
43740 17
43750 13
43760 21
43770 16
43780 13
43790 18
43800 11
43810 20
43820 16
43830 19
43840 12
43850 17
43860 17
43870 10
43880 14
43890 16
43900 17
43910 13
43920 17
43930 21
43940 20
43950 17
43960 24
43970 24
43980 17
43990 15
44000 21
44010 14
44020 22
44030 16
44040 12
44050 12
44060 17
44070 18
44080 16
44090 15
44100 21
44110 17
44120 18
44130 15
44140 13
44150 16
44160 15
44170 19
44180 22
44190 18
44200 17
44210 12
44220 12
44230 13
44240 13
44250 17
44260 17
44270 12
44280 12
44290 15
44300 13
44310 19
44320 11
44330 17
44340 9
44350 13
44360 14
44370 19
44380 19
44390 12
44400 13
44410 15
44420 16
44430 12
44440 9
44450 13
44460 15
44470 20
44480 14
44490 11
44500 10
44510 15
44520 20
44530 17
44540 17
44550 14
44560 12
44570 11
44580 15
44590 8
44600 14
44610 16
44620 12
44630 16
44640 11
44650 11
44660 18
44670 18
44680 23
44690 13
44700 20
44710 21
44720 19
44730 17
44740 18
44750 15
44760 16
44770 20
44780 9
44790 10
44800 19
44810 15
44820 17
44830 20
44840 17
44850 19
44860 18
44870 16
44880 15
44890 17
44900 18
44910 13
44920 15
44930 14
44940 18
44950 16
44960 17
44970 20
44980 26
44990 17
45000 24
45010 17
45020 16
45030 19
45040 18
45050 12
45060 14
45070 20
45080 18
45090 18
45100 15
45110 14
45120 16
45130 19
45140 13
45150 14
45160 18
45170 17
45180 22
45190 16
45200 13
45210 12
45220 14
45230 14
45240 14
45250 21
45260 19
45270 13
45280 16
45290 13
45300 16
45310 15
45320 18
45330 19
45340 12
45350 13
45360 18
45370 15
45380 13
45390 16
45400 22
45410 19
45420 17
45430 8
45440 21
45450 17
45460 19
45470 14
45480 16
45490 14
45500 18
45510 12
45520 8
45530 23
45540 15
45550 15
45560 14
45570 13
45580 16
45590 27
45600 8
45610 16
45620 16
45630 12
45640 19
45650 16
45660 15
45670 11
45680 15
45690 15
45700 14
45710 21
45720 17
45730 15
45740 16
45750 11
45760 12
45770 15
45780 15
45790 9
45800 10
45810 16
45820 16
45830 22
45840 13
45850 13
45860 16
45870 13
45880 15
45890 15
45900 15
45910 8
45920 21
45930 17
45940 10
45950 14
45960 12
45970 11
45980 13
45990 18
46000 13
46010 11
46020 19
46030 16
46040 12
46050 11
46060 15
46070 11
46080 5
46090 10
46100 12
46110 20
46120 10
46130 13
46140 10
46150 8
46160 19
46170 5
46180 14
46190 9
46200 10
46210 11
46220 9
46230 1
46240 4
46250 10
46260 11
46270 14
46280 8
46290 13
46300 8
46310 2
46320 9
46330 15
46340 9
46350 11
46360 11
46370 15
46380 13
46390 13
46400 14
46410 14
46420 12
46430 9
46440 18
46450 16
46460 13
46470 14
46480 17
46490 19
46500 9
46510 7
46520 12
46530 15
46540 15
46550 11
46560 8
46570 6
46580 11
46590 19
46600 11
46610 11
46620 20
46630 20
46640 18
46650 6
46660 12
46670 12
46680 9
46690 21
46700 11
46710 17
46720 3
46730 13
46740 13
46750 11
46760 14
46770 17
46780 19
46790 13
46800 17
46810 12
46820 15
46830 17
46840 18
46850 19
46860 31
46870 23
46880 22
46890 27
46900 20
46910 12
46920 12
46930 10
46940 3
46950 6
46960 2
46970 3
46980 2
46990 8
47000 7
47010 6
47020 3
47030 10
47040 13
47050 13
47060 7
47070 8
47080 9
47090 16
47100 22
47110 19
47120 31
47130 28
47140 16
47150 16
47160 17
47170 15
47180 13
47190 18
47200 18
47210 19
47220 24
47230 12
47240 17
47250 21
47260 17
47270 18
47280 20
47290 16
47300 24
47310 24
47320 14
47330 16
47340 18
47350 19
47360 18
47370 20
47380 15
47390 14
47400 15
47410 20
47420 19
47430 12
47440 16
47450 12
47460 6
47470 12
47480 12
47490 11
47500 10
47510 9
47520 12
47530 6
47540 7
47550 7
47560 8
47570 12
47580 14
47590 15
47600 19
47610 21
47620 15
47630 23
47640 23
47650 20
47660 28
47670 20
47680 10
47690 26
47700 23
47710 15
47720 22
47730 19
47740 18
47750 20
47760 19
47770 19
47780 17
47790 19
47800 20
47810 14
47820 15
47830 17
47840 20
47850 8
47860 20
47870 24
47880 11
47890 19
47900 19
47910 21
47920 18
47930 13
47940 14
47950 18
47960 21
47970 23
47980 18
47990 21
48000 14
48010 14
48020 23
48030 20
48040 16
48050 18
48060 19
48070 10
48080 15
48090 6
48100 15
48110 19
48120 13
48130 18
48140 17
48150 26
48160 18
48170 24
48180 18
48190 7
48200 8
48210 16
48220 11
48230 17
48240 11
48250 13
48260 15
48270 12
48280 13
48290 20
48300 11
48310 18
48320 20
48330 17
48340 20
48350 26
48360 18
48370 25
48380 19
48390 16
48400 23
48410 24
48420 22
48430 17
48440 15
48450 16
48460 11
48470 15
48480 17
48490 16
48500 16
48510 15
48520 14
48530 6
48540 19
48550 11
48560 9
48570 13
48580 15
48590 11
48600 15
48610 13
48620 13
48630 14
48640 11
48650 15
48660 11
48670 13
48680 15
48690 13
48700 8
48710 14
48720 20
48730 13
48740 15
48750 11
48760 21
48770 11
48780 12
48790 7
48800 16
48810 24
48820 19
48830 20
48840 12
48850 11
48860 14
48870 16
48880 16
48890 20
48900 12
48910 16
48920 27
48930 18
48940 19
48950 24
48960 15
48970 22
48980 23
48990 16
49000 20
49010 19
49020 23
49030 18
49040 19
49050 18
49060 22
49070 23
49080 24
49090 20
49100 25
49110 23
49120 15
49130 20
49140 22
49150 21
49160 13
49170 25
49180 16
49190 14
49200 18
49210 16
49220 18
49230 16
49240 9
49250 11
49260 18
49270 6
49280 13
49290 13
49300 12
49310 11
49320 16
49330 10
49340 10
49350 11
49360 12
49370 16
49380 15
49390 15
49400 12
49410 13
49420 15
49430 15
49440 16
49450 15
49460 10
49470 14
49480 16
49490 21
49500 15
49510 10
49520 16
49530 18
49540 18
49550 14
49560 14
49570 19
49580 14
49590 15
49600 13
49610 15
49620 11
49630 9
49640 11
49650 10
49660 12
49670 12
49680 13
49690 14
49700 16
49710 16
49720 13
49730 19
49740 19
49750 16
49760 13
49770 21
49780 18
49790 13
49800 13
49810 11
49820 21
49830 14
49840 17
49850 12
49860 13
49870 14
49880 13
49890 21
49900 19
49910 13
49920 14
49930 11
49940 22
49950 20
49960 16
49970 16
49980 18
49990 17
50000 12
50010 17
50020 16
50030 18
50040 16
50050 20
50060 14
50070 13
50080 17
50090 15
50100 16
50110 17
50120 16
50130 10
50140 12
50150 17
50160 12
50170 13
50180 15
50190 15
50200 11
50210 16
50220 13
50230 18
50240 16
50250 11
50260 17
50270 20
50280 19
50290 15
50300 14
50310 13
50320 14
50330 19
50340 18
50350 17
50360 15
50370 13
50380 10
50390 17
50400 19
50410 19
50420 21
50430 19
50440 15
50450 15
50460 11
50470 14
50480 13
50490 17
50500 14
50510 12
50520 12
50530 18
50540 20
50550 16
50560 10
50570 12
50580 14
50590 16
50600 19
50610 16
50620 18
50630 9
50640 17
50650 14
50660 14
50670 16
50680 17
50690 17
50700 17
50710 19
50720 16
50730 22
50740 11
50750 16
50760 16
50770 17
50780 12
50790 10
50800 15
50810 12
50820 14
50830 12
50840 11
50850 13
50860 15
50870 14
50880 14
50890 14
50900 15
50910 17
50920 15
50930 19
50940 16
50950 17
50960 12
50970 13
50980 17
50990 15
51000 14
51010 12
51020 17
51030 11
51040 14
51050 13
51060 12
51070 16
51080 14
51090 11
51100 17
51110 12
51120 16
51130 17
51140 15
51150 11
51160 11
51170 11
51180 13
51190 15
51200 7
51210 11
51220 12
51230 6
51240 12
51250 15
51260 9
51270 11
51280 12
51290 19
51300 9
51310 18
51320 13
51330 12
51340 14
51350 16
51360 12
51370 13
51380 16
51390 15
51400 12
51410 17
51420 15
51430 10
51440 16
51450 11
51460 8
51470 13
51480 15
51490 18
51500 14
51510 21
51520 19
51530 15
51540 14
51550 17
51560 18
51570 10
51580 9
51590 18
51600 11
51610 15
51620 14
51630 13
51640 15
51650 20
51660 20
51670 20
51680 16
51690 15
51700 10
51710 14
51720 19
51730 13
51740 16
51750 8
51760 19
51770 13
51780 12
51790 18
51800 14
51810 13
51820 19
51830 11
51840 13
51850 12
51860 14
51870 6
51880 12
51890 18
51900 17
51910 13
51920 10
51930 16
51940 13
51950 11
51960 8
51970 13
51980 13
51990 11
52000 13
52010 16
52020 15
52030 16
52040 4
52050 9
52060 18
52070 14
52080 10
52090 22
52100 17
52110 12
52120 10
52130 14
52140 14
52150 15
52160 16
52170 12
52180 15
52190 15
52200 16
52210 13
52220 16
52230 17
52240 15
52250 19
52260 10
52270 22
52280 16
52290 18
52300 17
52310 19
52320 9
52330 18
52340 11
52350 15
52360 13
52370 11
52380 12
52390 14
52400 15
52410 13
52420 11
52430 12
52440 9
52450 11
52460 13
52470 10
52480 11
52490 17
52500 15
52510 9
52520 15
52530 12
52540 19
52550 12
52560 11
52570 17
52580 16
52590 6
52600 11
52610 12
52620 12
52630 7
52640 5
52650 2
52660 7
52670 6
52680 10
52690 3
52700 8
52710 9
52720 9
52730 3
52740 4
52750 3
52760 3
52770 8
52780 15
52790 14
52800 18
52810 14
52820 14
52830 7
52840 17
52850 23
52860 18
52870 16
52880 25
52890 18
52900 16
52910 16
52920 16
52930 16
52940 18
52950 16
52960 21
52970 17
52980 18
52990 19
53000 18
53010 15
53020 18
53030 14
53040 20
53050 16
53060 19
53070 15
53080 21
53090 22
53100 18
53110 18
53120 19
53130 15
53140 14
53150 12
53160 13
53170 17
53180 14
53190 13
53200 12
53210 17
53220 22
53230 18
53240 21
53250 16
53260 19
53270 17
53280 16
53290 17
53300 20
53310 22
53320 18
53330 12
53340 17
53350 19
53360 19
53370 22
53380 20
53390 17
53400 22
53410 10
53420 18
53430 20
53440 17
53450 19
53460 16
53470 21
53480 20
53490 14
53500 21
53510 17
53520 19
53530 20
53540 16
53550 16
53560 18
53570 17
53580 16
53590 15
53600 18
53610 18
53620 21
53630 19
53640 19
53650 14
53660 19
53670 15
53680 23
53690 14
53700 14
53710 17
53720 21
53730 17
53740 22
53750 18
53760 9
53770 18
53780 21
53790 23
53800 21
53810 13
53820 17
53830 18
53840 15
53850 18
53860 19
53870 18
53880 19
53890 17
53900 19
53910 11
53920 11
53930 14
53940 14
53950 16
53960 17
53970 17
53980 9
53990 10
54000 10
54010 8
54020 13
54030 8
54040 12
54050 11
54060 15
54070 15
54080 15
54090 15
54100 8
54110 14
54120 15
54130 14
54140 20
54150 17
54160 15
54170 17
54180 18
54190 17
54200 24
54210 9
54220 11
54230 17
54240 14
54250 17
54260 20
54270 17
54280 18
54290 18
54300 16
54310 21
54320 13
54330 14
54340 16
54350 12
54360 11
54370 9
54380 12
54390 18
54400 14
54410 17
54420 20
54430 20
54440 22
54450 13
54460 14
54470 12
54480 13
54490 16
54500 10
54510 15
54520 17
54530 16
54540 17
54550 20
54560 18
54570 18
54580 23
54590 17
54600 19
54610 17
54620 20
54630 15
54640 17
54650 17
54660 18
54670 17
54680 15
54690 16
54700 6
54710 7
54720 10
54730 13
54740 19
54750 16
54760 13
54770 22
54780 20
54790 18
54800 19
54810 22
54820 19
54830 19
54840 12
54850 19
54860 20
54870 21
54880 12
54890 12
54900 12
54910 21
54920 19
54930 16
54940 23
54950 18
54960 20
54970 10
54980 17
54990 12
55000 12
55010 14
55020 13
55030 16
55040 17
55050 18
55060 13
55070 16
55080 21
55090 17
55100 18
55110 15
55120 18
55130 12
55140 12
55150 16
55160 23
55170 23
55180 16
55190 21
55200 16
55210 18
55220 19
55230 20
55240 19
55250 15
55260 14
55270 14
55280 19
55290 18
55300 22
55310 13
55320 18
55330 12
55340 19
55350 22
55360 22
55370 13
55380 17
55390 16
55400 17
55410 19
55420 16
55430 18
55440 22
55450 22
55460 24
55470 22
55480 18
55490 20
55500 17
55510 15
55520 16
55530 17
55540 13
55550 20
55560 25
55570 18
55580 19
55590 22
55600 15
55610 24
55620 24
55630 18
55640 20
55650 22
55660 18
55670 20
55680 23
55690 15
55700 18
55710 19
55720 23
55730 21
55740 16
55750 13
55760 13
55770 12
55780 14
55790 19
55800 19
55810 9
55820 13
55830 17
55840 17
55850 21
55860 21
55870 16
55880 15
55890 22
55900 20
55910 19
55920 19
55930 19
55940 16
55950 21
55960 20
55970 19
55980 21
55990 20
56000 13
56010 11
56020 19
56030 15
56040 15
56050 24
56060 19
56070 13
56080 21
56090 22
56100 10
56110 13
56120 13
56130 11
56140 17
56150 17
56160 16
56170 17
56180 19
56190 22
56200 12
56210 14
56220 17
56230 18
56240 16
56250 21
56260 23
56270 21
56280 16
56290 13
56300 16
56310 21
56320 19
56330 17
56340 20
56350 23
56360 25
56370 17
56380 24
56390 23
56400 18
56410 17
56420 22
56430 21
56440 13
56450 16
56460 15
56470 11
56480 14
56490 20
56500 13
56510 19
56520 23
56530 13
56540 18
56550 21
56560 16
56570 20
56580 17
56590 17
56600 21
56610 22
56620 23
56630 18
56640 19
56650 17
56660 15
56670 11
56680 14
56690 19
56700 12
56710 20
56720 17
56730 18
56740 19
56750 20
56760 16
56770 21
56780 12
56790 14
56800 16
56810 18
56820 20
56830 17
56840 15
56850 16
56860 20
56870 19
56880 21
56890 22
56900 21
56910 22
56920 18
56930 17
56940 12
56950 10
56960 10
56970 13
56980 13
56990 14
57000 13
57010 12
57020 11
57030 12
57040 9
57050 13
57060 10
57070 13
57080 12
57090 14
57100 10
57110 13
57120 12
57130 10
57140 11
57150 10
57160 17
57170 13
57180 15
57190 11
57200 15
57210 13
57220 17
57230 12
57240 11
57250 16
57260 16
57270 18
57280 22
57290 20
57300 15
57310 16
57320 18
57330 13
57340 15
57350 11
57360 10
57370 9
57380 10
57390 15
57400 20
57410 24
57420 18
57430 18
57440 18
57450 24
57460 20
57470 17
57480 13
57490 9
57500 11
57510 13
57520 12
57530 14
57540 11
57550 10
57560 9
57570 18
57580 10
57590 12
57600 15
57610 19
57620 18
57630 19
57640 14
57650 24
57660 19
57670 14
57680 12
57690 15
57700 15
57710 15
57720 17
57730 17
57740 17
57750 15
57760 7
57770 20
57780 8
57790 5
57800 14
57810 11
57820 11
57830 14
57840 12
57850 14
57860 9
57870 13
57880 13
57890 15
57900 6
57910 13
57920 17
57930 12
57940 16
57950 9
57960 10
57970 5
57980 15
57990 9
58000 7
58010 9
58020 13
58030 15
58040 13
58050 9
58060 6
58070 17
58080 8
58090 16
58100 11
58110 19
58120 20
58130 11
58140 17
58150 15
58160 14
58170 14
58180 11
58190 13
58200 13
58210 12
58220 8
58230 11
58240 17
58250 14
58260 12
58270 13
58280 17
58290 15
58300 17
58310 11
58320 10
58330 16
58340 15
58350 13
58360 10
58370 20
58380 11
58390 7
58400 21
58410 17
58420 14
58430 14
58440 7
58450 20
58460 16
58470 17
58480 19
58490 11
58500 15
58510 13
58520 6
58530 11
58540 12
58550 14
58560 8
58570 11
58580 5
58590 16
58600 13
58610 13
58620 6
58630 12
58640 12
58650 8
58660 11
58670 14
58680 12
58690 14
58700 9
58710 10
58720 10
58730 5
58740 9
58750 17
58760 21
58770 20
58780 15
58790 14
58800 16
58810 21
58820 11
58830 20
58840 21
58850 14
58860 19
58870 20
58880 14
58890 16
58900 17
58910 18
58920 15
58930 17
58940 15
58950 23
58960 18
58970 16
58980 20
58990 21
59000 16
59010 17
59020 19
59030 21
59040 22
59050 14
59060 17
59070 24
59080 18
59090 8
59100 11
59110 14
59120 11
59130 22
59140 19
59150 18
59160 24
59170 18
59180 19
59190 14
59200 15
59210 15
59220 17
59230 13
59240 22
59250 18
59260 16
59270 20
59280 17
59290 19
59300 12
59310 15
59320 12
59330 15
59340 15
59350 12
59360 15
59370 8
59380 7
59390 15
59400 14
59410 10
59420 16
59430 23
59440 20
59450 20
59460 17
59470 21
59480 16
59490 20
59500 16
59510 27
59520 19
59530 18
59540 23
59550 17
59560 14
59570 15
59580 14
59590 14
59600 12
59610 8
59620 10
59630 21
59640 11
59650 18
59660 14
59670 23
59680 17
59690 15
59700 15
59710 18
59720 13
59730 17
59740 15
59750 11
59760 9
59770 21
59780 13
59790 23
59800 15
59810 15
59820 9
59830 12
59840 10
59850 16
59860 16
59870 22
59880 8
59890 14
59900 18
59910 14
59920 13
59930 20
59940 14
59950 13
59960 17
59970 15
59980 11
59990 5
60000 16
60010 16
60020 18
60030 21
60040 12
60050 19
60060 18
60070 16
60080 16
60090 16
60100 10
60110 12
60120 12
60130 14
60140 9
60150 14
60160 17
60170 16
60180 14
60190 10
60200 20
60210 5
60220 16
60230 11
60240 14
60250 24
60260 15
60270 18
60280 15
60290 10
60300 8
60310 12
60320 14
60330 14
60340 7
60350 9
60360 13
60370 15
60380 12
60390 17
60400 12
60410 16
60420 16
60430 12
60440 12
60450 15
60460 13
60470 8
60480 20
60490 9
60500 13
60510 9
60520 17
60530 13
60540 13
60550 13
60560 10
60570 8
60580 10
60590 11
60600 16
60610 12
60620 23
60630 13
60640 14
60650 14
60660 17
60670 20
60680 18
60690 14
60700 15
60710 12
60720 13
60730 15
60740 14
60750 18
60760 12
60770 15
60780 11
60790 14
60800 8
60810 13
60820 11
60830 12
60840 14
60850 11
60860 16
60870 11
60880 16
60890 16
60900 12
60910 15
60920 9
60930 15
60940 13
60950 12
60960 18
60970 15
60980 11
60990 13
61000 13
61010 18
61020 8
61030 14
61040 15
61050 16
61060 11
61070 9
61080 6
61090 5
61100 15
61110 14
61120 11
61130 15
61140 13
61150 9
61160 20
61170 16
61180 8
61190 10
61200 19
61210 15
61220 18
61230 15
61240 18
61250 23
61260 12
61270 18
61280 19
61290 14
61300 15
61310 12
61320 14
61330 22
61340 11
61350 16
61360 19
61370 18
61380 18
61390 20
61400 13
61410 14
61420 15
61430 14
61440 17
61450 16
61460 19
61470 19
61480 17
61490 18
61500 11
61510 15
61520 12
61530 14
61540 15
61550 12
61560 11
61570 14
61580 12
61590 14
61600 17
61610 19
61620 13
61630 13
61640 12
61650 13
61660 12
61670 11
61680 13
61690 13
61700 14
61710 5
61720 14
61730 15
61740 15
61750 14
61760 12
61770 15
61780 17
61790 19
61800 16
61810 15
61820 20
61830 15
61840 19
61850 18
61860 16
61870 14
61880 17
61890 16
61900 16
61910 10
61920 17
61930 14
61940 16
61950 17
61960 16
61970 13
61980 11
61990 9
62000 9
62010 12
62020 13
62030 13
62040 15
62050 12
62060 11
62070 7
62080 11
62090 14
62100 12
62110 12
62120 12
62130 14
62140 12
62150 14
62160 9
62170 9
62180 14
62190 12
62200 15
62210 20
62220 16
62230 13
62240 14
62250 8
62260 15
62270 10
62280 7
62290 10
62300 8
62310 21
62320 19
62330 11
62340 15
62350 17
62360 23
62370 21
62380 16
62390 10
62400 9
62410 14
62420 22
62430 22
62440 12
62450 17
62460 18
62470 20
62480 19
62490 14
62500 16
62510 19
62520 18
62530 22
62540 20
62550 19
62560 16
62570 14
62580 16
62590 15
62600 12
62610 12
62620 12
62630 17
62640 11
62650 12
62660 14
62670 12
62680 12
62690 13
62700 19
62710 18
62720 19
62730 18
62740 22
62750 17
62760 20
62770 20
62780 17
62790 22
62800 20
62810 18
62820 17
62830 23
62840 18
62850 17
62860 18
62870 20
62880 21
62890 21
62900 19
62910 12
62920 15
62930 19
62940 14
62950 14
62960 11
62970 15
62980 13
62990 13
63000 16
63010 12
63020 12
63030 14
63040 5
63050 14
63060 12
63070 9
63080 14
63090 14
63100 12
63110 16
63120 7
63130 11
63140 15
63150 13
63160 15
63170 10
63180 9
63190 15
63200 7
63210 9
63220 12
63230 10
63240 11
63250 11
63260 6
63270 16
63280 15
63290 12
63300 16
63310 13
63320 11
63330 13
63340 16
63350 4
63360 3
63370 0
63380 17
63390 12
63400 14
63410 14
63420 9
63430 10
63440 9
63450 11
63460 12
63470 12
63480 8
63490 13
63500 16
63510 11
63520 11
63530 10
63540 13
63550 12
63560 6
63570 15
63580 9
63590 8
63600 8
63610 8
63620 6
63630 14
63640 12
63650 11
63660 18
63670 17
63680 15
63690 18
63700 20
63710 17
63720 15
63730 18
63740 19
63750 18
63760 10
63770 9
63780 8
63790 13
63800 19
63810 19
63820 13
63830 11
63840 13
63850 16
63860 14
63870 10
63880 12
63890 12
63900 12
63910 15
63920 11
63930 14
63940 15
63950 10
63960 12
63970 12
63980 2
63990 16
64000 14
64010 8
64020 8
64030 11
64040 13
64050 10
64060 11
64070 14
64080 14
64090 11
64100 13
64110 2
64120 12
64130 12
64140 15
64150 9
64160 14
64170 19
64180 16
64190 15
64200 13
64210 18
64220 15
64230 16
64240 15
64250 17
64260 11
64270 14
64280 17
64290 14
64300 12
64310 14
64320 13
64330 15
64340 16
64350 16
64360 14
64370 19
64380 11
64390 5
64400 15
64410 7
64420 9
64430 16
64440 18
64450 17
64460 15
64470 19
64480 19
64490 18
64500 15
64510 22
64520 20
64530 17
64540 16
64550 17
64560 17
64570 22
64580 15
64590 19
64600 19
64610 15
64620 16
64630 16
64640 18
64650 19
64660 10
64670 13
64680 17
64690 19
64700 15
64710 18
64720 16
64730 16
64740 18
64750 13
64760 11
64770 12
64780 13
64790 15
64800 15
64810 11
64820 21
64830 20
64840 18
64850 22
64860 19
64870 17
64880 12
64890 14
64900 21
64910 15
64920 20
64930 12
64940 18
64950 15
64960 15
64970 24
64980 24
64990 15
65000 19
65010 21
65020 14
65030 14
65040 16
65050 21
65060 18
65070 12
65080 18
65090 20
65100 17
65110 18
65120 21
65130 21
65140 17
65150 20
65160 18
65170 15
65180 14
65190 18
65200 16
65210 14
65220 25
65230 17
65240 14
65250 16
65260 20
65270 16
65280 13
65290 11
65300 13
65310 16
65320 26
65330 15
65340 15
65350 22
65360 17
65370 19
65380 20
65390 17
65400 22
65410 28
65420 17
65430 28
65440 16
65450 19
65460 22
65470 20
65480 15
65490 18
65500 19
65510 27
65520 19
65530 20
65540 19
65550 19
65560 11
65570 12
65580 12
65590 11
65600 14
65610 14
65620 18
65630 18
65640 22
65650 20
65660 17
65670 19
65680 20
65690 18
65700 17
65710 17
65720 16
65730 17
65740 17
65750 21
65760 10
65770 19
65780 16
65790 21
65800 21
65810 13
65820 14
65830 11
65840 24
65850 13
65860 18
65870 16
65880 26
65890 16
65900 20
65910 22
65920 22
65930 20
65940 28
65950 12
65960 13
65970 15
65980 20
65990 16
66000 20
66010 21
66020 16
66030 16
66040 17
66050 20
66060 13
66070 15
66080 11
66090 17
66100 15
66110 18
66120 17
66130 3
66140 17
66150 14
66160 15
66170 8
66180 16
66190 20
66200 20
66210 12
66220 15
66230 20
66240 20
66250 20
66260 16
66270 17
66280 17
66290 19
66300 13
66310 21
66320 22
66330 15
66340 17
66350 18
66360 18
66370 18
66380 17
66390 22
66400 23
66410 17
66420 5
66430 15
66440 17
66450 12
66460 19
66470 9
66480 10
66490 24
66500 22
66510 9
66520 21
66530 13
66540 6
66550 8
66560 14
66570 15
66580 20
66590 19
66600 23
66610 16
66620 17
66630 20
66640 20
66650 12
66660 15
66670 16
66680 12
66690 11
66700 16
66710 19
66720 11
66730 13
66740 19
66750 16
66760 18
66770 19
66780 15
66790 27
66800 31
66810 16
66820 12
66830 17
66840 13
66850 15
66860 17
66870 10
66880 13
66890 22
66900 14
66910 20
66920 19
66930 16
66940 13
66950 15
66960 18
66970 16
66980 16
66990 18
67000 17
67010 19
67020 19
67030 17
67040 17
67050 18
67060 17
67070 11
67080 15
67090 15
67100 14
67110 15
67120 19
67130 14
67140 15
67150 10
67160 19
67170 20
67180 16
67190 17
67200 14
67210 21
67220 18
67230 21
67240 16
67250 17
67260 18
67270 18
67280 18
67290 22
67300 17
67310 21
67320 20
67330 14
67340 14
67350 22
67360 10
67370 15
67380 15
67390 17
67400 24
67410 19
67420 16
67430 19
67440 16
67450 23
67460 18
67470 12
67480 16
67490 17
67500 14
67510 18
67520 12
67530 17
67540 19
67550 16
67560 21
67570 13
67580 12
67590 13
67600 14
67610 15
67620 13
67630 17
67640 15
67650 10
67660 10
67670 15
67680 10
67690 17
67700 9
67710 11
67720 18
67730 14
67740 7
67750 16
67760 17
67770 11
67780 12
67790 13
67800 10
67810 13
67820 12
67830 11
67840 5
67850 15
67860 18
67870 11
67880 16
67890 15
67900 18
67910 13
67920 20
67930 13
67940 6
67950 8
67960 9
67970 10
67980 7
67990 5
68000 3
68010 13
68020 9
68030 11
68040 12
68050 18
68060 6
68070 9
68080 11
68090 6
68100 13
68110 13
68120 0
68130 3
68140 2
68150 4
68160 2
68170 2
68180 1
68190 0
68200 1
68210 5
68220 8
68230 7
68240 12
68250 12
68260 13
68270 11
68280 14
68290 15
68300 14
68310 11
68320 14
68330 19
68340 8
68350 14
68360 18
68370 18
68380 13
68390 10
68400 16
68410 13
68420 9
68430 11
68440 6
68450 16
68460 12
68470 23
68480 14
68490 22
68500 19
68510 22
68520 16
68530 15
68540 16
68550 23
68560 18
68570 19
68580 21
68590 13
68600 21
68610 10
68620 18
68630 22
68640 20
68650 16
68660 18
68670 19
68680 15
68690 12
68700 11
68710 13
68720 13
68730 9
68740 15
68750 4
68760 8
68770 14
68780 15
68790 15
68800 15
68810 12
68820 20
68830 15
68840 18
68850 13
68860 17
68870 5
68880 14
68890 18
68900 20
68910 19
68920 25
68930 11
68940 9
68950 23
68960 15
68970 16
68980 12
68990 16
69000 16
69010 19
69020 22
69030 20
69040 12
69050 16
69060 21
69070 21
69080 15
69090 19
69100 20
69110 17
69120 11
69130 18
69140 13
69150 10
69160 11
69170 11
69180 13
69190 13
69200 16
69210 10
69220 9
69230 11
69240 12
69250 12
69260 16
69270 12
69280 9
69290 14
69300 14
69310 12
69320 19
69330 23
69340 16
69350 19
69360 24
69370 11
69380 18
69390 8
69400 23
69410 21
69420 14
69430 21
69440 13
69450 11
69460 21
69470 22
69480 18
69490 13
69500 6
69510 9
69520 4
69530 14
69540 11
69550 22
69560 13
69570 19
69580 16
69590 13
69600 8
69610 5
69620 13
69630 6
69640 4
69650 14
69660 21
69670 11
69680 12
69690 5
69700 10
69710 12
69720 8
69730 15
69740 15
69750 6
69760 5
69770 19
69780 7
69790 14
69800 17
69810 19
69820 12
69830 19
69840 14
69850 16
69860 15
69870 18
69880 16
69890 12
69900 14
69910 12
69920 17
69930 19
69940 21
69950 13
69960 16
69970 12
69980 17
69990 23
70000 18
70010 20
70020 19
70030 17
70040 19
70050 20
70060 21
70070 16
70080 19
70090 17
70100 16
70110 15
70120 13
70130 15
70140 21
70150 23
70160 17
70170 17
70180 17
70190 25
70200 18
70210 21
70220 18
70230 21
70240 19
70250 19
70260 12
70270 18
70280 12
70290 15
70300 17
70310 17
70320 17
70330 17
70340 14
70350 14
70360 12
70370 15
70380 14
70390 15
70400 12
70410 11
70420 16
70430 16
70440 23
70450 19
70460 17
70470 15
70480 19
70490 21
70500 16
70510 21
70520 21
70530 17
70540 21
70550 11
70560 17
70570 14
70580 13
70590 12
70600 19
70610 19
70620 16
70630 11
70640 19
70650 19
70660 18
70670 20
70680 18
70690 15
70700 15
70710 16
70720 24
70730 20
70740 20
70750 27
70760 13
70770 17
70780 22
70790 17
70800 20
70810 18
70820 23
70830 16
70840 15
70850 18
70860 16
70870 13
70880 13
70890 11
70900 21
70910 12
70920 12
70930 13
70940 14
70950 16
70960 17
70970 17
70980 7
70990 13
71000 10
71010 14
71020 14
71030 18
71040 18
71050 19
71060 23
71070 14
71080 12
71090 8
71100 15
71110 18
71120 16
71130 20
71140 15
71150 14
71160 21
71170 12
71180 13
71190 12
71200 16
71210 8
71220 15
71230 12
71240 10
71250 14
71260 12
71270 10
71280 16
71290 17
71300 7
71310 16
71320 13
71330 13
71340 16
71350 25
71360 17
71370 11
71380 9
71390 7
71400 14
71410 11
71420 11
71430 13
71440 13
71450 19
71460 12
71470 14
71480 10
71490 15
71500 15
71510 9
71520 13
71530 13
71540 15
71550 16
71560 11
71570 16
71580 12
71590 8
71600 16
71610 12
71620 15
71630 16
71640 19
71650 16
71660 14
71670 16
71680 15
71690 13
71700 14
71710 8
71720 13
71730 14
71740 13
71750 15
71760 13
71770 12
71780 12
71790 11
71800 16
71810 13
71820 15
71830 17
71840 13
71850 25
71860 20
71870 14
71880 16
71890 16
71900 19
71910 14
71920 19
71930 15
71940 16
71950 14
71960 18
71970 19
71980 16
71990 16
72000 23
72010 15
72020 12
72030 15
72040 15
72050 15
72060 18
72070 12
72080 11
72090 20
72100 25
72110 17
72120 16
72130 21
72140 16
72150 16
72160 12
72170 12
72180 17
72190 15
72200 12
72210 17
72220 27
72230 14
72240 17
72250 23
72260 16
72270 13
72280 16
72290 13
72300 8
72310 13
72320 18
72330 10
72340 13
72350 16
72360 16
72370 9
72380 13
72390 17
72400 14
72410 16
72420 14
72430 6
72440 10
72450 18
72460 19
72470 17
72480 24
72490 5
72500 8
72510 2
72520 7
72530 15
72540 17
72550 6
72560 13
72570 17
72580 16
72590 19
72600 20
72610 26
72620 23
72630 24
72640 19
72650 14
72660 22
72670 18
72680 12
72690 13
72700 19
72710 12
72720 21
72730 17
72740 19
72750 22
72760 8
72770 26
72780 15
72790 21
72800 25
72810 13
72820 9
72830 17
72840 27
72850 17
72860 23
72870 22
72880 13
72890 20
72900 8
72910 17
72920 14
72930 18
72940 17
72950 17
72960 9
72970 8
72980 21
72990 12
73000 16
73010 14
73020 16
73030 10
73040 17
73050 12
73060 16
73070 15
73080 14
73090 13
73100 15
73110 10
73120 12
73130 2
73140 12
73150 6
73160 8
73170 14
73180 8
73190 7
73200 9
73210 8
73220 8
73230 20
73240 7
73250 2
73260 2
73270 0
73280 17
73290 0
73300 0
73310 0
73320 0
73330 6
73340 10
73350 0
73360 0
73370 10
73380 5
73390 2
73400 3
73410 2
73420 9
73430 9
73440 0
73450 3
73460 15
73470 2
73480 7
73490 7
73500 16
73510 15
73520 19
73530 1
73540 0
73550 0
73560 0
73570 5
73580 8
73590 9
73600 10
73610 18
73620 3
73630 0
73640 12
73650 14
73660 15
73670 11
73680 11
73690 22
73700 16
73710 10
73720 11
73730 8
73740 15
73750 13
73760 10
73770 14
73780 14
73790 23
73800 21
73810 21
73820 18
73830 26
73840 17
73850 14
73860 19
73870 13
73880 12
73890 16
73900 19
73910 14
73920 21
73930 13
73940 18
73950 7
73960 19
73970 14
73980 11
73990 13
74000 13
74010 12
74020 12
74030 7
74040 16
74050 21
74060 15
74070 16
74080 19
74090 9
74100 14
74110 10
74120 16
74130 11
74140 11
74150 9
74160 14
74170 6
74180 14
74190 11
74200 13
74210 10
74220 7
74230 9
74240 10
74250 20
74260 16
74270 7
74280 12
74290 13
74300 15
74310 17
74320 12
74330 16
74340 21
74350 6
74360 14
74370 9
74380 13
74390 8
74400 13
74410 11
74420 23
74430 17
74440 15
74450 12
74460 13
74470 10
74480 12
74490 9
74500 14
74510 10
74520 7
74530 20
74540 18
74550 14
74560 17
74570 14
74580 9
74590 12
74600 16
74610 20
74620 18
74630 8
74640 14
74650 15
74660 16
74670 22
74680 16
74690 20
74700 10
74710 16
74720 12
74730 22
74740 25
74750 16
74760 16
74770 16
74780 22
74790 9
74800 17
74810 18
74820 22
74830 14
74840 15
74850 19
74860 21
74870 21
74880 16
74890 24
74900 11
74910 11
74920 11
74930 23
74940 14
74950 13
74960 6
74970 22
74980 24
74990 18
75000 14
75010 14
75020 19
75030 17
75040 18
75050 10
75060 18
75070 21
75080 10
75090 13
75100 5
75110 11
75120 16
75130 10
75140 13
75150 16
75160 18
75170 14
75180 12
75190 12
75200 24
75210 25
75220 13
75230 16
75240 19
75250 16
75260 19
75270 16
75280 10
75290 18
75300 2
75310 8
75320 9
75330 13
75340 1
75350 11
75360 11
75370 10
75380 12
75390 15
75400 10
75410 13
75420 18
75430 7
75440 17
75450 18
75460 16
75470 13
75480 22
75490 24
75500 22
75510 13
75520 5
75530 15
75540 13
75550 13
75560 16
75570 12
75580 15
75590 21
75600 16
75610 8
75620 0
75630 0
75640 0
75650 0
75660 1
75670 1
75680 0
75690 1
75700 2
75710 10
75720 10
75730 14
75740 8
75750 8
75760 10
75770 10
75780 14
75790 5
75800 10
75810 12
75820 9
75830 4
75840 11
75850 7
75860 10
75870 10
75880 14
75890 8
75900 12
75910 17
75920 4
75930 3
75940 8
75950 8
75960 16
75970 13
75980 16
75990 13
76000 15
76010 11
76020 6
76030 7
76040 16
76050 17
76060 15
76070 13
76080 12
76090 12
76100 14
76110 3
76120 18
76130 7
76140 11
76150 12
76160 12
76170 10
76180 8
76190 11
76200 9
76210 4
76220 13
76230 12
76240 9
76250 6
76260 9
76270 14
76280 16
76290 11
76300 14
76310 13
76320 10
76330 12
76340 15
76350 16
76360 3
76370 15
76380 2
76390 2
76400 3
76410 1
76420 2
76430 3
76440 0
76450 0
76460 2
76470 1
76480 8
76490 13
76500 11
76510 11
76520 8
76530 5
76540 6
76550 9
76560 4
76570 10
76580 8
76590 2
76600 3
76610 30
76620 20
76630 17
76640 22
76650 18
76660 22
76670 21
76680 17
76690 21
76700 15
76710 18
76720 21
76730 24
76740 15
76750 12
76760 22
76770 19
76780 19
76790 11
76800 18
76810 13
76820 18
76830 30
76840 21
76850 21
76860 20
76870 23
76880 10
76890 10
76900 12
76910 15
76920 18
76930 23
76940 20
76950 18
76960 17
76970 22
76980 19
76990 16
77000 26
77010 19
77020 23
77030 19
77040 21
77050 28
77060 25
77070 16
77080 18
77090 28
77100 19
77110 11
77120 22
77130 23
77140 11
77150 20
77160 7
77170 13
77180 8
77190 9
77200 13
77210 13
77220 9
77230 11
77240 16
77250 23
77260 17
77270 18
77280 20
77290 13
77300 18
77310 14
77320 8
77330 14
77340 22
77350 16
77360 11
77370 11
77380 9
77390 19
77400 16
77410 13
77420 11
77430 10
77440 11
77450 15
77460 11
77470 11
77480 7
77490 8
77500 13
77510 10
77520 12
77530 20
77540 24
77550 17
77560 12
77570 17
77580 14
77590 15
77600 18
77610 20
77620 14
77630 15
77640 17
77650 22
77660 19
77670 16
77680 14
77690 9
77700 17
77710 10
77720 17
77730 12
77740 10
77750 12
77760 20
77770 16
77780 14
77790 17
77800 13
77810 15
77820 14
77830 17
77840 18
77850 15
77860 18
77870 16
77880 11
77890 12
77900 6
77910 8
77920 15
77930 22
77940 28
77950 14
77960 10
77970 13
77980 27
77990 24
78000 16
78010 14
78020 12
78030 10
78040 12
78050 12
78060 13
78070 18
78080 16
78090 9
78100 11
78110 11
78120 16
78130 24
78140 13
78150 21
78160 24
78170 17
78180 22
78190 11
78200 17
78210 14
78220 13
78230 25
78240 23
78250 21
78260 21
78270 21
78280 20
78290 20
78300 11
78310 18
78320 18
78330 16
78340 24
78350 22
78360 15
78370 20
78380 17
78390 24
78400 19
78410 20
78420 14
78430 25
78440 21
78450 20
78460 21
78470 15
78480 18
78490 14
78500 13
78510 18
78520 18
78530 16
78540 17
78550 17
78560 16
78570 16
78580 16
78590 17
78600 20
78610 20
78620 15
78630 19
78640 21
78650 16
78660 24
78670 21
78680 14
78690 12
78700 19
78710 18
78720 19
78730 21
78740 19
78750 17
78760 13
78770 21
78780 16
78790 24
78800 18
78810 26
78820 29
78830 24
78840 21
78850 24
78860 23
78870 18
78880 16
78890 14
78900 19
78910 16
78920 18
78930 19
78940 23
78950 18
78960 15
78970 14
78980 29
78990 16
79000 18
79010 13
79020 11
79030 15
79040 13
79050 13
79060 13
79070 14
79080 15
79090 14
79100 10
79110 15
79120 13
79130 11
79140 16
79150 9
79160 19
79170 11
79180 16
79190 11
79200 10
79210 13
79220 15
79230 17
79240 22
79250 18
79260 19
79270 21
79280 23
79290 23
79300 23
79310 15
79320 20
79330 18
79340 16
79350 15
79360 20
79370 14
79380 11
79390 21
79400 16
79410 15
79420 13
79430 17
79440 15
79450 21
79460 21
79470 15
79480 20
79490 13
79500 15
79510 23
79520 22
79530 20
79540 17
79550 21
79560 24
79570 15
79580 18
79590 17
79600 14
79610 15
79620 19
79630 16
79640 18
79650 19
79660 13
79670 23
79680 16
79690 19
79700 16
79710 16
79720 21
79730 14
79740 16
79750 13
79760 18
79770 17
79780 15
79790 16
79800 14
79810 23
79820 19
79830 15
79840 16
79850 16
79860 15
79870 12
79880 18
79890 14
79900 12
79910 11
79920 13
79930 16
79940 13
79950 13
79960 18
79970 11
79980 15
79990 12
80000 15
80010 10
80020 14
80030 4
80040 17
80050 18
80060 15
80070 17
80080 17
80090 16
80100 19
80110 16
80120 16
80130 8
80140 16
80150 14
80160 18
80170 13
80180 18
80190 15
80200 18
80210 20
80220 17
80230 13
80240 16
80250 17
80260 14
80270 16
80280 16
80290 13
80300 13
80310 16
80320 18
80330 18
80340 19
80350 22
80360 16
80370 15
80380 23
80390 34
80400 27
80410 24
80420 29
80430 25
80440 19
80450 17
80460 28
80470 24
80480 27
80490 17
80500 22
80510 25
80520 32
80530 31
80540 23
80550 23
80560 22
80570 24
80580 20
80590 12
80600 19
80610 10
80620 18
80630 14
80640 4
80650 7
80660 16
80670 14
80680 12
80690 8
80700 19
80710 14
80720 13
80730 15
80740 10
80750 23
80760 26
80770 30
80780 8
80790 6
80800 29
80810 18
80820 19
80830 15
80840 26
80850 29
80860 18
80870 24
80880 20
80890 30
80900 14
80910 24
80920 23
80930 26
80940 22
80950 22
80960 18
80970 28
80980 22
80990 28
81000 18
81010 21
81020 23
81030 25
81040 20
81050 21
81060 11
81070 6
81080 18
81090 8
81100 15
81110 20
81120 16
81130 19
81140 23
81150 10
81160 18
81170 26
81180 20
81190 20
81200 20
81210 31
81220 28
81230 21
81240 25
81250 17
81260 26
81270 22
81280 16
81290 20
81300 21
81310 22
81320 19
81330 17
81340 17
81350 20
81360 27
81370 22
81380 17
81390 16
81400 15
81410 20
81420 19
81430 9
81440 30
81450 16
81460 15
81470 19
81480 26
81490 19
81500 12
81510 20
81520 14
81530 22
81540 24
81550 20
81560 28
81570 17
81580 30
81590 15
81600 22
81610 26
81620 13
81630 19
81640 15
81650 18
81660 21
81670 12
81680 10
81690 18
81700 7
81710 23
81720 15
81730 27
81740 24
81750 19
81760 33
81770 25
81780 22
81790 5
81800 18
81810 19
81820 19
81830 21
81840 18
81850 14
81860 20
81870 16
81880 7
81890 17
81900 18
81910 7
81920 26
81930 15
81940 17
81950 9
81960 13
81970 10
81980 14
81990 15
82000 20
82010 22
82020 24
82030 19
82040 15
82050 19
82060 10
82070 21
82080 19
82090 23
82100 26
82110 22
82120 25
82130 9
82140 26
82150 27
82160 19
82170 27
82180 17
82190 15
82200 8
82210 14
82220 13
82230 15
82240 19
82250 20
82260 20
82270 13
82280 8
82290 18
82300 19
82310 14
82320 17
82330 16
82340 17
82350 19
82360 4
82370 15
82380 13
82390 16
82400 10
82410 15
82420 21
82430 12
82440 23
82450 17
82460 31
82470 22
82480 14
82490 20
82500 15
82510 15
82520 14
82530 18
82540 15
82550 18
82560 16
82570 22
82580 18
82590 10
82600 19
82610 14
82620 8
82630 17
82640 13
82650 14
82660 18
82670 17
82680 23
82690 24
82700 24
82710 13
82720 20
82730 22
82740 9
82750 29
82760 20
82770 19
82780 21
82790 13
82800 8
82810 17
82820 20
82830 24
82840 22
82850 15
82860 21
82870 22
82880 13
82890 22
82900 13
82910 14
82920 12
82930 10
82940 13
82950 10
82960 7
82970 13
82980 15
82990 14
83000 20
83010 22
83020 23
83030 15
83040 7
83050 15
83060 14
83070 17
83080 14
83090 19
83100 16
83110 21
83120 25
83130 16
83140 17
83150 18
83160 14
83170 20
83180 21
83190 21
83200 22
83210 13
83220 16
83230 16
83240 15
83250 19
83260 22
83270 7
83280 21
83290 24
83300 22
83310 22
83320 19
83330 6
83340 14
83350 14
83360 21
83370 18
83380 18
83390 18
83400 15
83410 26
83420 17
83430 13
83440 7
83450 7
83460 14
83470 13
83480 18
83490 11
83500 11
83510 7
83520 18
83530 14
83540 3
83550 9
83560 8
83570 8
83580 18
83590 15
83600 11
83610 14
83620 14
83630 16
83640 12
83650 16
83660 13
83670 12
83680 19
83690 16
83700 8
83710 14
83720 14
83730 12
83740 10
83750 14
83760 12
83770 12
83780 10
83790 13
83800 13
83810 18
83820 9
83830 10
83840 13
83850 17
83860 10
83870 16
83880 14
83890 15
83900 13
83910 7
83920 7
83930 8
83940 13
83950 10
83960 8
83970 11
83980 10
83990 13
84000 11
84010 7
84020 11
84030 12
84040 9
84050 15
84060 15
84070 7
84080 12
84090 8
84100 11
84110 10
84120 12
84130 10
84140 13
84150 8
84160 10
84170 9
84180 9
84190 15
84200 14
84210 12
84220 14
84230 10
84240 11
84250 11
84260 11
84270 9
84280 13
84290 4
84300 13
84310 7
84320 18
84330 4
84340 13
84350 4
84360 12
84370 6
84380 7
84390 9
84400 4
84410 20
84420 6
84430 17
84440 11
84450 15
84460 6
84470 9
84480 7
84490 18
84500 6
84510 12
84520 11
84530 19
84540 19
84550 24
84560 22
84570 27
84580 21
84590 18
84600 21
84610 20
84620 20
84630 23
84640 23
84650 16
84660 20
84670 11
84680 17
84690 13
84700 21
84710 10
84720 18
84730 18
84740 20
84750 26
84760 24
84770 21
84780 18
84790 18
84800 23
84810 17
84820 12
84830 19
84840 18
84850 19
84860 20
84870 21
84880 23
84890 10
84900 22
84910 16
84920 13
84930 17
84940 19
84950 18
84960 16
84970 19
84980 13
84990 23
85000 20
85010 19
85020 20
85030 26
85040 16
85050 17
85060 11
85070 13
85080 15
85090 21
85100 9
85110 11
85120 16
85130 14
85140 18
85150 14
85160 21
85170 19
85180 26
85190 17
85200 14
85210 20
85220 16
85230 10
85240 13
85250 8
85260 12
85270 8
85280 23
85290 19
85300 23
85310 18
85320 14
85330 17
85340 17
85350 15
85360 24
85370 5
85380 13
85390 1
85400 11
85410 5
85420 14
85430 2
85440 4
85450 5
85460 1
85470 0
85480 1
85490 1
85500 0
85510 9
85520 6
85530 4
85540 10
85550 6
85560 8
85570 3
85580 9
85590 6
85600 6
85610 5
85620 9
85630 11
85640 7
85650 9
85660 11
85670 9
85680 2
85690 3
85700 0
85710 0
85720 0
85730 2
85740 0
85750 0
85760 0
85770 1
85780 13
85790 0
85800 0
85810 3
85820 0
85830 1
85840 0
85850 1
85860 1
85870 0
85880 1
85890 3
85900 0
85910 4
85920 0
85930 0
85940 0
85950 1
85960 0
85970 0
85980 1
85990 7
86000 1
86010 0
86020 0
86030 0
86040 0
86050 0
86060 0
86070 0
86080 0
86090 0
86100 0
86110 0
86120 0
86130 1
86140 0
86150 13
86160 13
86170 0
86180 0
86190 5
86200 0
86210 0
86220 0
86230 1
86240 0
86250 1
86260 4
86270 2
86280 2
86290 1
86300 2
86310 2
86320 5
86330 2
86340 2
86350 3
86360 4
86370 5
86380 11
86390 2
86400 7
86410 13
86420 1
86430 2
86440 2
86450 5
86460 4
86470 4
86480 15
86490 9
86500 6
86510 3
86520 2
86530 2
86540 7
86550 2
86560 4
86570 8
86580 6
86590 7
86600 3
86610 3
86620 2
86630 2
86640 1
86650 0
86660 3
86670 8
86680 6
86690 8
86700 6
86710 9
86720 4
86730 5
86740 4
86750 10
86760 12
86770 6
86780 9
86790 10
86800 4
86810 11
86820 7
86830 14
86840 10
86850 13
86860 8
86870 19
86880 14
86890 18
86900 13
86910 18
86920 14
86930 14
86940 14
86950 16
86960 8
86970 12
86980 14
86990 13
87000 14
87010 15
87020 13
87030 14
87040 7
87050 15
87060 13
87070 11
87080 9
87090 12
87100 8
87110 10
87120 10
87130 5
87140 10
87150 8
87160 10
87170 8
87180 4
87190 13
87200 8
87210 14
87220 13
87230 9
87240 18
87250 15
87260 10
87270 8
87280 10
87290 8
87300 15
87310 13
87320 16
87330 12
87340 13
87350 15
87360 15
87370 11
87380 13
87390 13
87400 11
87410 16
87420 11
87430 8
87440 9
87450 16
87460 12
87470 12
87480 14
87490 10
87500 6
87510 8
87520 12
87530 14
87540 5
87550 16
87560 12
87570 16
87580 15
87590 16
87600 13
87610 13
87620 16
87630 20
87640 13
87650 14
87660 14
87670 16
87680 15
87690 14
87700 16
87710 8
87720 13
87730 10
87740 11
87750 16
87760 11
87770 12
87780 10
87790 7
87800 15
87810 20
87820 13
87830 11
87840 13
87850 17
87860 12
87870 10
87880 11
87890 14
87900 14
87910 15
87920 10
87930 17
87940 13
87950 22
87960 29
87970 20
87980 17
87990 14
88000 18
88010 22
88020 14
88030 13
88040 13
88050 18
88060 17
88070 23
88080 25
88090 21
88100 13
88110 19
88120 18
88130 14
88140 14
88150 19
88160 19
88170 9
88180 9
88190 18
88200 21
88210 12
88220 8
88230 17
88240 16
88250 18
88260 21
88270 11
88280 14
88290 14
88300 22
88310 14
88320 12
88330 16
88340 21
88350 21
88360 13
88370 21
88380 24
88390 16
88400 11
88410 19
88420 13
88430 15
88440 19
88450 20
88460 19
88470 18
88480 20
88490 21
88500 20
88510 22
88520 22
88530 18
88540 16
88550 14
88560 16
88570 20
88580 21
88590 17
88600 8
88610 14
88620 12
88630 15
88640 16
88650 17
88660 15
88670 19
88680 14
88690 13
88700 12
88710 13
88720 10
88730 17
88740 11
88750 20
88760 14
88770 13
88780 10
88790 11
88800 16
88810 14
88820 8
88830 15
88840 16
88850 16
88860 17
88870 18
88880 18
88890 18
88900 17
88910 16
88920 17
88930 18
88940 9
88950 18
88960 9
88970 12
88980 13
88990 15
89000 9
89010 22
89020 18
89030 21
89040 22
89050 19
89060 17
89070 21
89080 10
89090 17
89100 18
89110 21
89120 14
89130 16
89140 19
89150 18
89160 21
89170 14
89180 16
89190 16
89200 20
89210 16
89220 19
89230 23
89240 18
89250 20
89260 15
89270 24
89280 21
89290 15
89300 15
89310 12
89320 22
89330 17
89340 21
89350 18
89360 15
89370 16
89380 20
89390 12
89400 5
89410 18
89420 25
89430 16
89440 17
89450 20
89460 19
89470 17
89480 21
89490 23
89500 17
89510 20
89520 21
89530 22
89540 20
89550 20
89560 19
89570 16
89580 20
89590 22
89600 6
89610 14
89620 14
89630 11
89640 8
89650 6
89660 12
89670 12
89680 9
89690 12
89700 10
89710 10
89720 12
89730 10
89740 12
89750 15
89760 8
89770 4
89780 11
89790 14
89800 14
89810 12
89820 11
89830 12
89840 11
89850 14
89860 15
89870 14
89880 12
89890 17
89900 15
89910 23
89920 26
89930 16
89940 14
89950 16
89960 21
89970 15
89980 24
89990 23
90000 17
90010 21
90020 20
90030 23
90040 16
90050 23
90060 11
90070 18
90080 14
90090 14
90100 14
90110 15
90120 16
90130 12
90140 14
90150 17
90160 16
90170 23
90180 20
90190 23
90200 16
90210 11
90220 18
90230 23
90240 14
90250 16
90260 17
90270 16
90280 18
90290 21
90300 22
90310 24
90320 20
90330 17
90340 13
90350 13
90360 14
90370 17
90380 20
90390 16
90400 14
90410 21
90420 18
90430 16
90440 16
90450 19
90460 16
90470 12
90480 10
90490 19
90500 26
90510 17
90520 22
90530 20
90540 21
90550 16
90560 15
90570 15
90580 15
90590 17
90600 16
90610 16
90620 12
90630 22
90640 14
90650 20
90660 15
90670 16
90680 18
90690 18
90700 20
90710 15
90720 16
90730 16
90740 20
90750 14
90760 16
90770 16
90780 21
90790 22
90800 22
90810 16
90820 17
90830 20
90840 23
90850 15
90860 21
90870 17
90880 17
90890 16
90900 27
90910 21
90920 14
90930 21
90940 16
90950 13
90960 16
90970 19
90980 16
90990 15
91000 17
91010 20
91020 16
91030 23
91040 18
91050 17
91060 22
91070 17
91080 23
91090 21
91100 22
91110 21
91120 17
91130 23
91140 20
91150 18
91160 16
91170 17
91180 21
91190 15
91200 21
91210 21
91220 19
91230 17
91240 17
91250 21
91260 18
91270 20
91280 16
91290 12
91300 13
91310 21
91320 13
91330 15
91340 22
91350 17
91360 13
91370 12
91380 8
91390 16
91400 15
91410 13
91420 11
91430 15
91440 13
91450 16
91460 9
91470 17
91480 17
91490 12
91500 19
91510 20
91520 16
91530 19
91540 20
91550 15
91560 17
91570 17
91580 15
91590 18
91600 11
91610 22
91620 13
91630 13
91640 16
91650 20
91660 17
91670 11
91680 17
91690 15
91700 18
91710 13
91720 18
91730 11
91740 18
91750 14
91760 21
91770 18
91780 13
91790 19
91800 21
91810 18
91820 21
91830 21
91840 20
91850 13
91860 15
91870 11
91880 19
91890 15
91900 17
91910 21
91920 18
91930 20
91940 15
91950 19
91960 17
91970 20
91980 19
91990 15
92000 16
92010 22
92020 19
92030 11
92040 15
92050 12
92060 17
92070 11
92080 21
92090 16
92100 11
92110 16
92120 13
92130 6
92140 19
92150 11
92160 15
92170 20
92180 17
92190 25
92200 15
92210 14
92220 16
92230 14
92240 14
92250 10
92260 16
92270 18
92280 15
92290 12
92300 18
92310 14
92320 14
92330 12
92340 16
92350 9
92360 12
92370 13
92380 11
92390 14
92400 13
92410 13
92420 9
92430 11
92440 7
92450 10
92460 5
92470 14
92480 6
92490 6
92500 11
92510 6
92520 14
92530 11
92540 11
92550 13
92560 6
92570 4
92580 12
92590 8
92600 9
92610 3
92620 9
92630 6
92640 5
92650 5
92660 6
92670 8
92680 7
92690 6
92700 8
92710 7
92720 5
92730 7
92740 9
92750 5
92760 7
92770 5
92780 6
92790 5
92800 17
92810 10
92820 10
92830 6
92840 13
92850 4
92860 8
92870 5
92880 12
92890 8
92900 12
92910 7
92920 5
92930 15
92940 11
92950 7
92960 6
92970 4
92980 11
92990 7
93000 14
93010 6
93020 10
93030 11
93040 12
93050 5
93060 9
93070 14
93080 14
93090 10
93100 15
93110 12
93120 0
93130 7
93140 9
93150 8
93160 7
93170 8
93180 10
93190 10
93200 7
93210 10
93220 9
93230 6
93240 4
93250 6
93260 0
93270 2
93280 3
93290 5
93300 11
93310 6
93320 5
93330 11
93340 4
93350 5
93360 1
93370 16
93380 8
93390 10
93400 8
93410 15
93420 17
93430 13
93440 12
93450 10
93460 10
93470 11
93480 14
93490 12
93500 15
93510 15
93520 24
93530 23
93540 18
93550 20
93560 20
93570 14
93580 20
93590 16
93600 11
93610 6
93620 17
93630 14
93640 19
93650 7
93660 16
93670 23
93680 28
93690 19
93700 15
93710 13
93720 16
93730 27
93740 13
93750 21
93760 9
93770 19
93780 15
93790 14
93800 16
93810 15
93820 24
93830 5
93840 14
93850 20
93860 5
93870 19
93880 16
93890 15
93900 11
93910 16
93920 10
93930 13
93940 13
93950 12
93960 15
93970 14
93980 11
93990 9
94000 9
94010 15
94020 14
94030 18
94040 18
94050 11
94060 17
94070 20
94080 20
94090 25
94100 25
94110 17
94120 19
94130 19
94140 13
94150 16
94160 7
94170 15
94180 23
94190 17
94200 14
94210 12
94220 15
94230 8
94240 14
94250 18
94260 18
94270 16
94280 20
94290 21
94300 15
94310 22
94320 17
94330 17
94340 14
94350 16
94360 12
94370 16
94380 10
94390 18
94400 18
94410 16
94420 16
94430 14
94440 15
94450 17
94460 17
94470 20
94480 18
94490 24
94500 24
94510 16
94520 17
94530 20
94540 20
94550 15
94560 14
94570 18
94580 21
94590 13
94600 19
94610 16
94620 15
94630 8
94640 12
94650 16
94660 17
94670 13
94680 20
94690 18
94700 20
94710 17
94720 20
94730 13
94740 18
94750 25
94760 18
94770 20
94780 18
94790 18
94800 18
94810 20
94820 19
94830 17
94840 16
94850 19
94860 18
94870 9
94880 16
94890 23
94900 10
94910 17
94920 15
94930 17
94940 17
94950 23
94960 19
94970 16
94980 19
94990 13
95000 17
95010 20
95020 17
95030 22
95040 16
95050 22
95060 21
95070 11
95080 20
95090 20
95100 15
95110 20
95120 18
95130 16
95140 18
95150 20
95160 19
95170 11
95180 17
95190 17
95200 20
95210 22
95220 18
95230 20
95240 11
95250 16
95260 18
95270 20
95280 16
95290 20
95300 20
95310 7
95320 14
95330 11
95340 19
95350 19
95360 18
95370 18
95380 14
95390 18
95400 16
95410 17
95420 20
95430 19
95440 21
95450 21
95460 21
95470 11
95480 15
95490 15
95500 6
95510 10
95520 12
95530 11
95540 15
95550 16
95560 21
95570 12
95580 14
95590 15
95600 18
95610 11
95620 11
95630 12
95640 11
95650 12
95660 8
95670 11
95680 27
95690 20
95700 18
95710 22
95720 20
95730 22
95740 21
95750 21
95760 21
95770 20
95780 21
95790 19
95800 20
95810 22
95820 21
95830 19
95840 10
95850 18
95860 11
95870 22
95880 15
95890 18
95900 18
95910 19
95920 22
95930 20
95940 17
95950 19
95960 17
95970 19
95980 16
95990 19
96000 13
96010 18
96020 19
96030 17
96040 18
96050 18
96060 20
96070 18
96080 23
96090 14
96100 16
96110 26
96120 19
96130 21
96140 18
96150 22
96160 20
96170 19
96180 22
96190 16
96200 13
96210 23
96220 18
96230 18
96240 23
96250 18
96260 14
96270 15
96280 14
96290 16
96300 17
96310 17
96320 15
96330 14
96340 21
96350 18
96360 20
96370 18
96380 17
96390 13
96400 21
96410 17
96420 18
96430 23
96440 12
96450 11
96460 15
96470 22
96480 9
96490 21
96500 22
96510 17
96520 16
96530 19
96540 16
96550 14
96560 19
96570 15
96580 16
96590 17
96600 16
96610 14
96620 15
96630 20
96640 18
96650 15
96660 18
96670 16
96680 15
96690 16
96700 16
96710 19
96720 23
96730 21
96740 17
96750 17
96760 15
96770 17
96780 14
96790 16
96800 16
96810 18
96820 16
96830 12
96840 17
96850 19
96860 17
96870 13
96880 20
96890 21
96900 16
96910 29
96920 20
96930 21
96940 15
96950 19
96960 9
96970 21
96980 17
96990 18
97000 17
97010 20
97020 17
97030 15
97040 16
97050 18
97060 20
97070 19
97080 7
97090 15
97100 19
97110 17
97120 21
97130 20
97140 14
97150 19
97160 18
97170 17
97180 18
97190 19
97200 16
97210 22
97220 19
97230 20
97240 16
97250 22
97260 19
97270 18
97280 16
97290 18
97300 19
97310 21
97320 20
97330 19
97340 19
97350 18
97360 17
97370 17
97380 15
97390 22
97400 19
97410 19
97420 20
97430 18
97440 16
97450 15
97460 22
97470 19
97480 25
97490 17
97500 14
97510 17
97520 18
97530 20
97540 12
97550 17
97560 13
97570 16
97580 13
97590 14
97600 13
97610 10
97620 12
97630 12
97640 16
97650 12
97660 13
97670 10
97680 13
97690 15
97700 16
97710 14
97720 13
97730 10
97740 17
97750 11
97760 8
97770 9
97780 12
97790 21
97800 9
97810 11
97820 6
97830 8
97840 5
97850 13
97860 8
97870 12
97880 15
97890 9
97900 8
97910 16
97920 9
97930 7
97940 2
97950 9
97960 13
97970 7
97980 10
97990 6
98000 5
98010 13
98020 1
98030 2
98040 8
98050 11
98060 3
98070 5
98080 2
98090 13
98100 12
98110 12
98120 12
98130 11
98140 8
98150 10
98160 11
98170 16
98180 14
98190 13
98200 19
98210 20
98220 7
98230 8
98240 11
98250 18
98260 17
98270 13
98280 14
98290 15
98300 15
98310 10
98320 11
98330 15
98340 15
98350 15
98360 16
98370 12
98380 13
98390 14
98400 5
98410 15
98420 16
98430 13
98440 20
98450 20
98460 11
98470 17
98480 14
98490 10
98500 9
98510 10
98520 6
98530 11
98540 9
98550 17
98560 10
98570 18
98580 16
98590 16
98600 20
98610 9
98620 8
98630 14
98640 7
98650 9
98660 12
98670 21
98680 16
98690 11
98700 14
98710 14
98720 18
98730 13
98740 20
98750 16
98760 18
98770 25
98780 14
98790 19
98800 21
98810 23
98820 18
98830 15
98840 12
98850 17
98860 16
98870 18
98880 15
98890 19
98900 19
98910 19
98920 18
98930 18
98940 22
98950 22
98960 16
98970 23
98980 17
98990 24
99000 14
99010 18
99020 14
99030 18
99040 15
99050 16
99060 20
99070 20
99080 18
99090 18
99100 14
99110 11
99120 14
99130 15
99140 20
99150 17
99160 20
99170 21
99180 16
99190 15
99200 17
99210 19
99220 17
99230 18
99240 22
99250 13
99260 15
99270 12
99280 11
99290 15
99300 12
99310 18
99320 17
99330 9
99340 19
99350 17
99360 12
99370 19
99380 21
99390 22
99400 18
99410 18
99420 17
99430 15
99440 16
99450 15
99460 15
99470 18
99480 10
99490 16
99500 19
99510 15
99520 22
99530 18
99540 19
99550 19
99560 18
99570 19
99580 22
99590 21
99600 16
99610 18
99620 20
99630 17
99640 15
99650 19
99660 12
99670 14
99680 14
99690 18
99700 18
99710 15
99720 13
99730 19
99740 18
99750 17
99760 12
99770 14
99780 26
99790 25
99800 16
99810 21
99820 11
99830 14
99840 20
99850 14
99860 16
99870 16
99880 12
99890 17
99900 12
99910 13
99920 15
99930 17
99940 11
99950 18
99960 10
99970 14
99980 11
99990 10
