# Frame Contacts
30000 7
30010 4
30020 5
30030 6
30040 7
30050 9
30060 0
30070 0
30080 8
30090 5
30100 15
30110 15
30120 15
30130 13
30140 9
30150 15
30160 10
30170 13
30180 13
30190 0
30200 1
30210 1
30220 0
30230 15
30240 4
30250 15
30260 11
30270 0
30280 0
30290 0
30300 10
30310 7
30320 0
30330 7
30340 9
30350 5
30360 10
30370 13
30380 4
30390 6
30400 0
30410 8
30420 8
30430 7
30440 5
30450 9
30460 10
30470 11
30480 6
30490 2
30500 1
30510 1
30520 0
30530 1
30540 0
30550 4
30560 0
30570 2
30580 2
30590 0
30600 1
30610 4
30620 0
30630 5
30640 4
30650 8
30660 4
30670 7
30680 6
30690 7
30700 9
30710 5
30720 9
30730 4
30740 1
30750 4
30760 4
30770 12
30780 13
30790 10
30800 6
30810 16
30820 5
30830 4
30840 5
30850 9
30860 12
30870 16
30880 13
30890 11
30900 11
30910 14
30920 8
30930 11
30940 9
30950 11
30960 6
30970 12
30980 8
30990 8
31000 0
31010 4
31020 2
31030 0
31040 0
31050 1
31060 0
31070 0
31080 0
31090 0
31100 0
31110 0
31120 9
31130 16
31140 13
31150 7
31160 2
31170 9
31180 9
31190 8
31200 4
31210 7
31220 14
31230 8
31240 4
31250 6
31260 3
31270 4
31280 7
31290 5
31300 8
31310 7
31320 0
31330 0
31340 0
31350 0
31360 0
31370 0
31380 4
31390 0
31400 1
31410 1
31420 1
31430 3
31440 0
31450 0
31460 0
31470 0
31480 0
31490 0
31500 0
31510 0
31520 4
31530 5
31540 1
31550 1
31560 0
31570 0
31580 0
31590 3
31600 0
31610 0
31620 0
31630 4
31640 0
31650 4
31660 2
31670 2
31680 0
31690 4
31700 4
31710 0
31720 8
31730 7
31740 0
31750 4
31760 1
31770 0
31780 3
31790 0
31800 0
31810 0
31820 0
31830 0
31840 0
31850 0
31860 0
31870 0
31880 0
31890 2
31900 11
31910 10
31920 7
31930 8
31940 0
31950 0
31960 0
31970 0
31980 0
31990 1
32000 0
32010 1
32020 2
32030 0
32040 6
32050 5
32060 9
32070 7
32080 16
32090 10
32100 4
32110 0
32120 3
32130 6
32140 9
32150 8
32160 0
32170 0
32180 8
32190 9
32200 14
32210 8
32220 9
32230 11
32240 9
32250 5
32260 9
32270 8
32280 9
32290 9
32300 7
32310 5
32320 3
32330 8
32340 6
32350 1
32360 5
32370 5
32380 6
32390 9
32400 2
32410 3
32420 4
32430 16
32440 8
32450 7
32460 8
32470 5
32480 7
32490 5
32500 4
32510 7
32520 5
32530 3
32540 3
32550 9
32560 2
32570 10
32580 1
32590 8
32600 5
32610 4
32620 3
32630 0
32640 0
32650 0
32660 1
32670 1
32680 0
32690 0
32700 0
32710 1
32720 0
32730 1
32740 9
32750 0
32760 0
32770 0
32780 0
32790 6
32800 0
32810 0
32820 0
32830 0
32840 1
32850 0
32860 0
32870 1
32880 0
32890 1
32900 0
32910 4
32920 0
32930 0
32940 0
32950 0
32960 0
32970 0
32980 0
32990 3
33000 1
33010 3
33020 0
33030 3
33040 3
33050 3
33060 3
33070 3
33080 2
33090 3
33100 5
33110 17
33120 10
33130 12
33140 8
33150 9
33160 7
33170 7
33180 1
33190 5
33200 7
33210 9
33220 8
33230 1
33240 9
33250 3
33260 0
33270 0
33280 0
33290 0
33300 0
33310 0
33320 14
33330 11
33340 2
33350 0
33360 0
33370 0
33380 0
33390 0
33400 0
33410 0
33420 0
33430 0
33440 1
33450 0
33460 0
33470 0
33480 0
33490 0
33500 0
33510 1
33520 0
33530 0
33540 0
33550 0
33560 0
33570 0
33580 0
33590 0
33600 0
33610 0
33620 0
33630 1
33640 3
33650 2
33660 3
33670 0
33680 0
33690 0
33700 0
33710 4
33720 0
33730 0
33740 0
33750 0
33760 0
33770 0
33780 0
33790 0
33800 1
33810 1
33820 0
33830 0
33840 1
33850 0
33860 0
33870 0
33880 0
33890 0
33900 3
33910 1
33920 0
33930 0
33940 0
33950 0
33960 0
33970 1
33980 0
33990 0
34000 0
34010 0
34020 0
34030 0
34040 3
34050 3
34060 3
34070 1
34080 3
34090 9
34100 0
34110 0
34120 0
34130 4
34140 0
34150 3
34160 1
34170 6
34180 4
34190 6
34200 5
34210 10
34220 5
34230 9
34240 7
34250 5
34260 7
34270 9
34280 6
34290 10
34300 8
34310 7
34320 9
34330 2
34340 2
34350 10
34360 6
34370 8
34380 13
34390 7
34400 5
34410 5
34420 2
34430 0
34440 1
34450 0
34460 1
34470 0
34480 0
34490 0
34500 2
34510 0
34520 0
34530 0
34540 0
34550 0
34560 1
34570 1
34580 0
34590 0
34600 0
34610 0
34620 0
34630 0
34640 0
34650 0
34660 1
34670 0
34680 2
34690 1
34700 6
34710 2
34720 9
34730 3
34740 0
34750 2
34760 0
34770 0
34780 0
34790 0
34800 0
34810 0
34820 0
34830 0
34840 0
34850 0
34860 0
34870 0
34880 0
34890 0
34900 0
34910 0
34920 0
34930 0
34940 0
34950 1
34960 0
34970 0
34980 0
34990 5
35000 5
35010 0
35020 1
35030 4
35040 0
35050 1
35060 0
35070 0
35080 0
35090 1
35100 1
35110 0
35120 0
35130 1
35140 1
35150 0
35160 0
35170 3
35180 5
35190 1
35200 0
35210 0
35220 0
35230 0
35240 0
35250 1
35260 3
35270 8
35280 4
35290 5
35300 2
35310 3
35320 1
35330 5
35340 9
35350 2
35360 9
35370 9
35380 11
35390 2
35400 9
35410 5
35420 0
35430 0
35440 0
35450 4
35460 6
35470 0
35480 0
35490 0
35500 1
35510 0
35520 0
35530 0
35540 0
35550 0
35560 0
35570 0
35580 0
35590 0
35600 0
35610 0
35620 0
35630 0
35640 0
35650 1
35660 0
35670 0
35680 0
35690 0
35700 0
35710 0
35720 0
35730 0
35740 0
35750 0
35760 0
35770 0
35780 0
35790 0
35800 0
35810 0
35820 0
35830 0
35840 0
35850 0
35860 0
35870 0
35880 0
35890 0
35900 0
35910 0
35920 0
35930 0
35940 0
35950 0
35960 0
35970 0
35980 5
35990 8
36000 6
36010 5
36020 5
36030 5
36040 5
36050 0
36060 7
36070 5
36080 5
36090 6
36100 5
36110 7
36120 4
36130 6
36140 5
36150 0
36160 4
36170 4
36180 5
36190 5
36200 5
36210 0
36220 5
36230 0
36240 5
36250 11
36260 7
36270 3
36280 5
36290 3
36300 6
36310 3
36320 10
36330 1
36340 5
36350 7
36360 9
36370 1
36380 1
36390 0
36400 0
36410 1
36420 4
36430 0
36440 0
36450 0
36460 0
36470 0
36480 0
36490 0
36500 0
36510 0
36520 0
36530 0
36540 0
36550 0
36560 0
36570 0
36580 0
36590 0
36600 0
36610 0
36620 5
36630 1
36640 1
36650 8
36660 0
36670 0
36680 0
36690 1
36700 0
36710 0
36720 0
36730 0
36740 0
36750 0
36760 0
36770 0
36780 0
36790 0
36800 0
36810 0
36820 0
36830 0
36840 0
36850 0
36860 0
36870 0
36880 0
36890 0
36900 0
36910 0
36920 0
36930 0
36940 0
36950 0
36960 0
36970 0
36980 0
36990 0
37000 0
37010 0
37020 0
37030 0
37040 0
37050 0
37060 1
37070 0
37080 0
37090 0
37100 0
37110 0
37120 0
37130 0
37140 0
37150 1
37160 5
37170 1
37180 3
37190 3
37200 0
37210 0
37220 1
37230 0
37240 5
37250 1
37260 8
37270 0
37280 0
37290 0
37300 0
37310 0
37320 0
37330 0
37340 0
37350 0
37360 0
37370 0
37380 3
37390 0
37400 0
37410 13
37420 2
37430 1
37440 5
37450 2
37460 1
37470 0
37480 0
37490 1
37500 0
37510 0
37520 0
37530 0
37540 0
37550 0
37560 0
37570 0
37580 0
37590 0
37600 0
37610 0
37620 0
37630 0
37640 0
37650 0
37660 0
37670 0
37680 0
37690 0
37700 0
37710 0
37720 0
37730 0
37740 0
37750 0
37760 0
37770 0
37780 0
37790 0
37800 0
37810 0
37820 0
37830 0
37840 0
37850 0
37860 0
37870 0
37880 0
37890 0
37900 0
37910 0
37920 0
37930 0
37940 0
37950 0
37960 0
37970 0
37980 0
37990 0
38000 0
38010 0
38020 0
38030 0
38040 0
38050 0
38060 0
38070 0
38080 0
38090 0
38100 0
38110 0
38120 0
38130 0
38140 10
38150 10
38160 8
38170 12
38180 15
38190 10
38200 7
38210 15
38220 0
38230 1
38240 0
38250 0
38260 0
38270 0
38280 6
38290 7
38300 4
38310 0
38320 1
38330 1
38340 0
38350 2
38360 1
38370 0
38380 0
38390 3
38400 0
38410 2
38420 0
38430 5
38440 2
38450 5
38460 7
38470 3
38480 0
38490 0
38500 0
38510 6
38520 4
38530 9
38540 1
38550 9
38560 0
38570 9
38580 0
38590 0
38600 0
38610 0
38620 0
38630 1
38640 1
38650 1
38660 0
38670 0
38680 1
38690 5
38700 5
38710 6
38720 4
38730 5
38740 9
38750 8
38760 0
38770 3
38780 0
38790 0
38800 0
38810 0
38820 0
38830 0
38840 0
38850 0
38860 0
38870 0
38880 0
38890 0
38900 0
38910 0
38920 0
38930 0
38940 0
38950 0
38960 0
38970 0
38980 0
38990 0
39000 0
39010 0
39020 0
39030 0
39040 0
39050 0
39060 0
39070 0
39080 0
39090 0
39100 0
39110 4
39120 1
39130 0
39140 0
39150 0
39160 0
39170 0
39180 0
39190 0
39200 2
39210 4
39220 11
39230 12
39240 12
39250 5
39260 0
39270 6
39280 3
39290 4
39300 2
39310 0
39320 3
39330 8
39340 2
39350 10
39360 9
39370 6
39380 11
39390 2
39400 1
39410 1
39420 0
39430 2
39440 0
39450 0
39460 0
39470 0
39480 0
39490 0
39500 0
39510 0
39520 0
39530 0
39540 0
39550 0
39560 0
39570 0
39580 0
39590 1
39600 0
39610 0
39620 0
39630 0
39640 0
39650 0
39660 0
39670 1
39680 0
39690 0
39700 0
39710 4
39720 0
39730 0
39740 2
39750 1
39760 1
39770 3
39780 0
39790 0
39800 0
39810 0
39820 3
39830 4
39840 6
39850 2
39860 4
39870 8
39880 10
39890 9
39900 3
39910 1
39920 5
39930 0
39940 0
39950 0
39960 0
39970 1
39980 0
39990 0
40000 2
40010 1
40020 0
40030 0
40040 0
40050 0
40060 0
40070 0
40080 0
40090 0
40100 0
40110 0
40120 0
40130 0
40140 0
40150 0
40160 0
40170 0
40180 0
40190 0
40200 0
40210 0
40220 0
40230 0
40240 0
40250 0
40260 0
40270 0
40280 0
40290 0
40300 0
40310 0
40320 0
40330 0
40340 0
40350 0
40360 0
40370 0
40380 0
40390 0
40400 0
40410 0
40420 0
40430 0
40440 0
40450 0
40460 0
40470 0
40480 0
40490 0
40500 0
40510 0
40520 0
40530 0
40540 0
40550 0
40560 0
40570 0
40580 0
40590 0
40600 0
40610 0
40620 0
40630 0
40640 0
40650 0
40660 0
40670 0
40680 0
40690 0
40700 0
40710 0
40720 0
40730 0
40740 0
40750 0
40760 0
40770 0
40780 0
40790 0
40800 0
40810 0
40820 0
40830 0
40840 2
40850 0
40860 0
40870 3
40880 0
40890 1
40900 0
40910 1
40920 0
40930 0
40940 0
40950 0
40960 0
40970 0
40980 0
40990 0
41000 0
41010 4
41020 0
41030 0
41040 0
41050 0
41060 0
41070 0
41080 0
41090 0
41100 0
41110 0
41120 0
41130 0
41140 0
41150 0
41160 0
41170 0
41180 0
41190 0
41200 0
41210 0
41220 0
41230 0
41240 0
41250 0
41260 0
41270 0
41280 0
41290 0
41300 0
41310 0
41320 0
41330 0
41340 0
41350 0
41360 0
41370 0
41380 0
41390 0
41400 0
41410 0
41420 0
41430 0
41440 0
41450 0
41460 0
41470 0
41480 0
41490 0
41500 0
41510 0
41520 0
41530 0
41540 0
41550 0
41560 0
41570 0
41580 0
41590 0
41600 0
41610 0
41620 0
41630 0
41640 0
41650 0
41660 0
41670 0
41680 0
41690 0
41700 0
41710 0
41720 0
41730 0
41740 0
41750 0
41760 0
41770 0
41780 0
41790 0
41800 0
41810 0
41820 0
41830 0
41840 0
41850 0
41860 0
41870 0
41880 0
41890 0
41900 0
41910 0
41920 0
41930 0
41940 0
41950 0
41960 0
41970 0
41980 0
41990 0
42000 0
42010 0
42020 0
42030 0
42040 0
42050 0
42060 0
42070 0
42080 0
42090 0
42100 0
42110 0
42120 0
42130 0
42140 0
42150 0
42160 0
42170 0
42180 0
42190 0
42200 0
42210 0
42220 0
42230 0
42240 0
42250 0
42260 0
42270 0
42280 0
42290 0
42300 0
42310 0
42320 0
42330 0
42340 0
42350 0
42360 0
42370 0
42380 0
42390 0
42400 0
42410 0
42420 0
42430 0
42440 0
42450 0
42460 0
42470 0
42480 0
42490 0
42500 0
42510 0
42520 0
42530 0
42540 0
42550 0
42560 0
42570 0
42580 0
42590 0
42600 0
42610 0
42620 0
42630 0
42640 0
42650 0
42660 0
42670 0
42680 0
42690 0
42700 0
42710 0
42720 0
42730 0
42740 0
42750 0
42760 0
42770 0
42780 1
42790 0
42800 0
42810 2
42820 0
42830 0
42840 0
42850 0
42860 0
42870 0
42880 0
42890 0
42900 0
42910 0
42920 0
42930 0
42940 0
42950 0
42960 0
42970 0
42980 0
42990 0
43000 0
43010 0
43020 0
43030 0
43040 0
43050 0
43060 0
43070 0
43080 0
43090 0
43100 0
43110 0
43120 0
43130 0
43140 0
43150 0
43160 0
43170 0
43180 0
43190 0
43200 0
43210 0
43220 0
43230 0
43240 0
43250 0
43260 0
43270 0
43280 0
43290 0
43300 0
43310 0
43320 0
43330 0
43340 0
43350 0
43360 0
43370 0
43380 0
43390 0
43400 0
43410 0
43420 0
43430 0
43440 0
43450 0
43460 0
43470 0
43480 0
43490 0
43500 0
43510 0
43520 0
43530 0
43540 0
43550 0
43560 0
43570 0
43580 0
43590 0
43600 0
43610 4
43620 2
43630 2
43640 5
43650 1
43660 2
43670 0
43680 0
43690 0
43700 0
43710 0
43720 0
43730 0
43740 0
43750 0
43760 0
43770 0
43780 0
43790 0
43800 0
43810 0
43820 0
43830 0
43840 0
43850 0
43860 0
43870 0
43880 2
43890 5
43900 6
43910 7
43920 4
43930 7
43940 4
43950 1
43960 8
43970 6
43980 4
43990 7
44000 3
44010 9
44020 0
44030 5
44040 6
44050 6
44060 1
44070 9
44080 7
44090 6
44100 4
44110 0
44120 8
44130 6
44140 5
44150 0
44160 5
44170 13
44180 20
44190 15
44200 16
44210 14
44220 11
44230 11
44240 1
44250 13
44260 13
44270 15
44280 15
44290 12
44300 25
44310 10
44320 7
44330 10
44340 10
44350 20
44360 4
44370 17
44380 8
44390 17
44400 15
44410 29
44420 19
44430 11
44440 7
44450 12
44460 24
44470 24
44480 22
44490 18
44500 23
44510 23
44520 0
44530 8
44540 9
44550 0
44560 0
44570 0
44580 0
44590 0
44600 0
44610 0
44620 0
44630 0
44640 0
44650 1
44660 0
44670 0
44680 0
44690 0
44700 0
44710 0
44720 0
44730 0
44740 0
44750 0
44760 0
44770 0
44780 0
44790 0
44800 0
44810 0
44820 0
44830 0
44840 0
44850 0
44860 0
44870 0
44880 0
44890 1
44900 4
44910 4
44920 1
44930 0
44940 0
44950 0
44960 0
44970 0
44980 0
44990 0
45000 0
45010 0
45020 0
45030 0
45040 0
45050 0
45060 0
45070 0
45080 0
45090 0
45100 0
45110 0
45120 0
45130 0
45140 0
45150 0
45160 0
45170 0
45180 0
45190 0
45200 0
45210 0
45220 0
45230 0
45240 0
45250 0
45260 0
45270 0
45280 0
45290 0
45300 0
45310 0
45320 0
45330 0
45340 0
45350 0
45360 0
45370 0
45380 0
45390 0
45400 0
45410 0
45420 0
45430 0
45440 0
45450 0
45460 0
45470 0
45480 0
45490 0
45500 0
45510 0
45520 0
45530 0
45540 0
45550 0
45560 0
45570 0
45580 0
45590 0
45600 0
45610 0
45620 0
45630 0
45640 0
45650 0
45660 0
45670 0
45680 0
45690 0
45700 0
45710 0
45720 0
45730 0
45740 0
45750 0
45760 0
45770 0
45780 0
45790 0
45800 0
45810 0
45820 0
45830 0
45840 0
45850 0
45860 0
45870 0
45880 0
45890 0
45900 0
45910 0
45920 0
45930 0
45940 0
45950 0
45960 0
45970 0
45980 0
45990 0
46000 0
46010 0
46020 0
46030 0
46040 0
46050 0
46060 0
46070 0
46080 0
46090 0
46100 0
46110 0
46120 0
46130 0
46140 1
46150 0
46160 2
46170 0
46180 0
46190 0
46200 0
46210 0
46220 0
46230 0
46240 0
46250 0
46260 0
46270 0
46280 0
46290 0
46300 0
46310 0
46320 0
46330 0
46340 0
46350 0
46360 0
46370 0
46380 0
46390 0
46400 0
46410 0
46420 0
46430 0
46440 0
46450 0
46460 0
46470 0
46480 0
46490 0
46500 0
46510 0
46520 0
46530 0
46540 0
46550 0
46560 0
46570 0
46580 0
46590 0
46600 0
46610 0
46620 0
46630 0
46640 0
46650 0
46660 0
46670 0
46680 0
46690 0
46700 0
46710 0
46720 0
46730 0
46740 0
46750 0
46760 0
46770 0
46780 0
46790 0
46800 0
46810 0
46820 0
46830 0
46840 0
46850 0
46860 0
46870 0
46880 0
46890 0
46900 0
46910 0
46920 0
46930 0
46940 0
46950 0
46960 0
46970 0
46980 0
46990 0
47000 0
47010 0
47020 0
47030 0
47040 0
47050 0
47060 0
47070 0
47080 0
47090 0
47100 0
47110 0
47120 0
47130 0
47140 0
47150 0
47160 0
47170 0
47180 0
47190 0
47200 0
47210 0
47220 0
47230 0
47240 0
47250 0
47260 0
47270 0
47280 0
47290 0
47300 0
47310 0
47320 0
47330 0
47340 0
47350 0
47360 0
47370 0
47380 0
47390 0
47400 0
47410 0
47420 0
47430 0
47440 0
47450 0
47460 0
47470 0
47480 0
47490 0
47500 0
47510 0
47520 0
47530 0
47540 0
47550 0
47560 0
47570 0
47580 0
47590 0
47600 0
47610 0
47620 0
47630 0
47640 0
47650 0
47660 0
47670 0
47680 0
47690 0
47700 0
47710 0
47720 0
47730 0
47740 0
47750 0
47760 0
47770 0
47780 0
47790 0
47800 0
47810 0
47820 0
47830 0
47840 0
47850 0
47860 0
47870 0
47880 0
47890 0
47900 0
47910 0
47920 0
47930 0
47940 0
47950 0
47960 0
47970 0
47980 0
47990 0
48000 0
48010 0
48020 0
48030 0
48040 0
48050 0
48060 0
48070 0
48080 0
48090 0
48100 0
48110 0
48120 0
48130 0
48140 0
48150 0
48160 0
48170 0
48180 0
48190 0
48200 0
48210 0
48220 0
48230 0
48240 0
48250 0
48260 0
48270 0
48280 0
48290 0
48300 0
48310 0
48320 0
48330 0
48340 0
48350 0
48360 0
48370 0
48380 0
48390 0
48400 0
48410 0
48420 0
48430 0
48440 0
48450 0
48460 0
48470 0
48480 0
48490 0
48500 0
48510 0
48520 0
48530 0
48540 0
48550 0
48560 0
48570 0
48580 0
48590 0
48600 0
48610 0
48620 0
48630 0
48640 0
48650 0
48660 0
48670 0
48680 0
48690 0
48700 0
48710 0
48720 0
48730 0
48740 0
48750 0
48760 0
48770 0
48780 0
48790 0
48800 0
48810 0
48820 0
48830 0
48840 0
48850 0
48860 0
48870 0
48880 0
48890 0
48900 0
48910 0
48920 0
48930 0
48940 0
48950 0
48960 0
48970 0
48980 0
48990 0
49000 0
49010 0
49020 0
49030 0
49040 0
49050 0
49060 0
49070 0
49080 0
49090 0
49100 0
49110 0
49120 0
49130 0
49140 0
49150 0
49160 0
49170 0
49180 0
49190 0
49200 0
49210 0
49220 0
49230 0
49240 0
49250 0
49260 0
49270 0
49280 0
49290 0
49300 0
49310 0
49320 0
49330 0
49340 0
49350 0
49360 0
49370 0
49380 0
49390 0
49400 0
49410 0
49420 0
49430 0
49440 0
49450 0
49460 0
49470 0
49480 0
49490 0
49500 0
49510 0
49520 0
49530 0
49540 0
49550 0
49560 0
49570 0
49580 0
49590 0
49600 0
49610 0
49620 1
49630 0
49640 2
49650 2
49660 0
49670 7
49680 5
49690 20
49700 25
49710 32
49720 26
49730 22
49740 21
49750 25
49760 24
49770 27
49780 26
49790 12
49800 25
49810 10
49820 20
49830 23
49840 28
49850 10
49860 9
49870 5
49880 4
49890 0
49900 0
49910 0
49920 3
49930 0
49940 7
49950 2
49960 0
49970 7
49980 3
49990 6
50000 4
50010 6
50020 6
50030 2
50040 6
50050 5
50060 8
50070 8
50080 6
50090 4
50100 6
50110 6
50120 3
50130 6
50140 0
50150 2
50160 11
50170 13
50180 8
50190 14
50200 6
50210 3
50220 2
50230 4
50240 4
50250 6
50260 3
50270 0
50280 4
50290 3
50300 5
50310 2
50320 5
50330 1
50340 3
50350 2
50360 5
50370 11
50380 4
50390 0
50400 0
50410 0
50420 0
50430 3
50440 6
50450 6
50460 3
50470 4
50480 4
50490 5
50500 4
50510 4
50520 8
50530 4
50540 16
50550 7
50560 7
50570 21
50580 24
50590 19
50600 25
50610 16
50620 1
50630 0
50640 14
50650 13
50660 24
50670 25
50680 12
50690 15
50700 8
50710 10
50720 11
50730 13
50740 17
50750 12
50760 8
50770 9
50780 9
50790 3
50800 10
50810 12
50820 15
50830 6
50840 6
50850 15
50860 10
50870 8
50880 12
50890 6
50900 17
50910 14
50920 13
50930 16
50940 18
50950 16
50960 18
50970 12
50980 15
50990 11
51000 15
51010 12
51020 15
51030 16
51040 10
51050 16
51060 18
51070 13
51080 14
51090 13
51100 14
51110 17
51120 13
51130 12
51140 14
51150 12
51160 17
51170 8
51180 14
51190 5
51200 16
51210 12
51220 12
51230 13
51240 14
51250 3
51260 19
51270 9
51280 13
51290 15
51300 14
51310 2
51320 3
51330 2
51340 2
51350 5
51360 4
51370 6
51380 5
51390 14
51400 7
51410 6
51420 7
51430 6
51440 4
51450 6
51460 9
51470 6
51480 4
51490 4
51500 5
51510 2
51520 6
51530 14
51540 9
51550 0
51560 0
51570 1
51580 3
51590 2
51600 5
51610 3
51620 1
51630 0
51640 2
51650 5
51660 0
51670 0
51680 0
51690 0
51700 0
51710 0
51720 0
51730 0
51740 0
51750 0
51760 0
51770 0
51780 0
51790 0
51800 0
51810 0
51820 0
51830 1
51840 3
51850 6
51860 3
51870 8
51880 7
51890 8
51900 7
51910 4
51920 7
51930 7
51940 6
51950 3
51960 5
51970 7
51980 6
51990 8
52000 8
52010 5
52020 15
52030 26
52040 25
52050 29
52060 24
52070 23
52080 24
52090 26
52100 26
52110 4
52120 12
52130 6
52140 7
52150 2
52160 12
52170 8
52180 11
52190 12
52200 9
52210 10
52220 6
52230 13
52240 11
52250 12
52260 9
52270 18
52280 15
52290 18
52300 22
52310 6
52320 11
52330 5
52340 6
52350 15
52360 22
52370 24
52380 24
52390 23
52400 26
52410 28
52420 24
52430 26
52440 31
52450 31
52460 28
52470 28
52480 30
52490 28
52500 26
52510 22
52520 22
52530 22
52540 23
52550 23
52560 23
52570 18
52580 37
52590 34
52600 22
52610 18
52620 19
52630 11
52640 8
52650 8
52660 11
52670 12
52680 8
52690 3
52700 6
52710 11
52720 11
52730 7
52740 5
52750 1
52760 0
52770 0
52780 0
52790 0
52800 0
52810 0
52820 0
52830 0
52840 0
52850 0
52860 0
52870 0
52880 0
52890 0
52900 0
52910 0
52920 0
52930 0
52940 1
52950 0
52960 0
52970 0
52980 0
52990 11
53000 11
53010 12
53020 7
53030 16
53040 14
53050 6
53060 15
53070 9
53080 13
53090 10
53100 12
53110 10
53120 10
53130 10
53140 11
53150 10
53160 11
53170 2
53180 10
53190 14
53200 4
53210 2
53220 3
53230 17
53240 1
53250 0
53260 0
53270 8
53280 12
53290 7
53300 7
53310 10
53320 5
53330 7
53340 7
53350 5
53360 3
53370 3
53380 7
53390 5
53400 16
53410 14
53420 9
53430 15
53440 21
53450 3
53460 10
53470 7
53480 10
53490 20
53500 16
53510 14
53520 22
53530 20
53540 18
53550 11
53560 20
53570 25
53580 8
53590 12
53600 13
53610 11
53620 9
53630 7
53640 3
53650 8
53660 10
53670 2
53680 3
53690 1
53700 4
53710 2
53720 0
53730 0
53740 0
53750 0
53760 0
53770 0
53780 0
53790 1
53800 6
53810 0
53820 0
53830 0
53840 0
53850 0
53860 0
53870 0
53880 0
53890 0
53900 0
53910 0
53920 0
53930 0
53940 0
53950 0
53960 6
53970 0
53980 0
53990 0
54000 0
54010 0
54020 0
54030 0
54040 0
54050 0
54060 0
54070 0
54080 0
54090 0
54100 0
54110 0
54120 0
54130 0
54140 0
54150 0
54160 0
54170 0
54180 0
54190 0
54200 0
54210 0
54220 0
54230 0
54240 0
54250 0
54260 0
54270 0
54280 0
54290 0
54300 0
54310 0
54320 0
54330 6
54340 0
54350 0
54360 0
54370 2
54380 6
54390 4
54400 7
54410 9
54420 0
54430 0
54440 0
54450 6
54460 0
54470 18
54480 12
54490 15
54500 15
54510 7
54520 11
54530 11
54540 4
54550 18
54560 12
54570 3
54580 5
54590 7
54600 5
54610 0
54620 0
54630 0
54640 0
54650 0
54660 0
54670 0
54680 0
54690 0
54700 0
54710 16
54720 14
54730 10
54740 5
54750 0
54760 0
54770 0
54780 0
54790 0
54800 0
54810 0
54820 1
54830 0
54840 0
54850 0
54860 0
54870 0
54880 0
54890 1
54900 0
54910 0
54920 0
54930 0
54940 0
54950 0
54960 0
54970 0
54980 0
54990 0
55000 0
55010 0
55020 0
55030 0
55040 0
55050 0
55060 0
55070 0
55080 0
55090 0
55100 0
55110 0
55120 0
55130 0
55140 0
55150 0
55160 0
55170 0
55180 0
55190 0
55200 0
55210 0
55220 0
55230 3
55240 1
55250 11
55260 11
55270 10
55280 9
55290 0
55300 0
55310 0
55320 0
55330 0
55340 0
55350 0
55360 0
55370 0
55380 0
55390 0
55400 0
55410 0
55420 0
55430 0
55440 0
55450 0
55460 0
55470 0
55480 0
55490 0
55500 0
55510 0
55520 0
55530 0
55540 0
55550 0
55560 0
55570 0
55580 0
55590 17
55600 8
55610 9
55620 10
55630 15
55640 16
55650 17
55660 18
55670 14
55680 18
55690 9
55700 6
55710 0
55720 0
55730 0
55740 0
55750 0
55760 0
55770 0
55780 0
55790 0
55800 0
55810 0
55820 0
55830 0
55840 0
55850 0
55860 0
55870 0
55880 0
55890 0
55900 0
55910 0
55920 0
55930 0
55940 0
55950 0
55960 0
55970 0
55980 0
55990 0
56000 0
56010 0
56020 0
56030 0
56040 0
56050 0
56060 0
56070 0
56080 0
56090 0
56100 0
56110 0
56120 0
56130 0
56140 0
56150 0
56160 0
56170 0
56180 0
56190 0
56200 0
56210 0
56220 0
56230 0
56240 0
56250 0
56260 0
56270 0
56280 0
56290 0
56300 0
56310 0
56320 0
56330 0
56340 0
56350 3
56360 11
56370 10
56380 14
56390 9
56400 7
56410 11
56420 10
56430 7
56440 10
56450 11
56460 12
56470 12
56480 12
56490 14
56500 10
56510 10
56520 11
56530 12
56540 11
56550 10
56560 5
56570 4
56580 0
56590 0
56600 0
56610 4
56620 11
56630 11
56640 10
56650 11
56660 12
56670 13
56680 12
56690 11
56700 12
56710 16
56720 11
56730 11
56740 15
56750 10
56760 11
56770 11
56780 10
56790 12
56800 7
56810 0
56820 17
56830 5
56840 12
56850 15
56860 12
56870 11
56880 22
56890 12
56900 20
56910 15
56920 10
56930 17
56940 8
56950 14
56960 14
56970 10
56980 12
56990 11
57000 10
57010 9
57020 12
57030 1
57040 9
57050 0
57060 9
57070 9
57080 3
57090 9
57100 9
57110 7
57120 9
57130 10
57140 9
57150 9
57160 7
57170 10
57180 9
57190 11
57200 9
57210 9
57220 10
57230 10
57240 9
57250 6
57260 10
57270 10
57280 9
57290 9
57300 2
57310 9
57320 4
57330 4
57340 32
57350 35
57360 31
57370 14
57380 7
57390 8
57400 6
57410 3
57420 0
57430 8
57440 15
57450 5
57460 3
57470 5
57480 4
57490 7
57500 1
57510 2
57520 4
57530 5
57540 10
57550 11
57560 4
57570 9
57580 11
57590 10
57600 6
57610 5
57620 5
57630 0
57640 9
57650 3
57660 10
57670 12
57680 16
57690 11
57700 11
57710 16
57720 11
57730 10
57740 5
57750 5
57760 10
57770 10
57780 11
57790 8
57800 10
57810 10
57820 10
57830 11
57840 11
57850 11
57860 11
57870 11
57880 10
57890 11
57900 11
57910 10
57920 12
57930 11
57940 11
57950 7
57960 12
57970 12
57980 13
57990 11
58000 10
58010 13
58020 11
58030 15
58040 13
58050 11
58060 14
58070 12
58080 5
58090 5
58100 10
58110 11
58120 15
58130 15
58140 13
58150 18
58160 5
58170 10
58180 9
58190 11
58200 6
58210 11
58220 8
58230 9
58240 4
58250 10
58260 4
58270 0
58280 5
58290 0
58300 1
58310 0
58320 2
58330 0
58340 0
58350 0
58360 0
58370 0
58380 13
58390 9
58400 15
58410 12
58420 16
58430 15
58440 9
58450 0
58460 0
58470 0
58480 0
58490 0
58500 3
58510 0
58520 0
58530 0
58540 3
58550 0
58560 5
58570 8
58580 4
58590 11
58600 10
58610 5
58620 10
58630 8
58640 8
58650 0
58660 9
58670 5
58680 1
58690 0
58700 4
58710 0
58720 0
58730 0
58740 0
58750 0
58760 0
58770 0
58780 0
58790 0
58800 0
58810 0
58820 0
58830 0
58840 0
58850 0
58860 0
58870 0
58880 0
58890 0
58900 0
58910 0
58920 0
58930 0
58940 0
58950 0
58960 0
58970 0
58980 0
58990 0
59000 0
59010 0
59020 0
59030 0
59040 0
59050 0
59060 0
59070 0
59080 0
59090 0
59100 0
59110 0
59120 0
59130 0
59140 0
59150 0
59160 0
59170 0
59180 0
59190 0
59200 0
59210 0
59220 0
59230 0
59240 0
59250 0
59260 0
59270 4
59280 0
59290 0
59300 4
59310 1
59320 5
59330 3
59340 0
59350 0
59360 0
59370 0
59380 0
59390 0
59400 0
59410 0
59420 0
59430 0
59440 0
59450 0
59460 0
59470 0
59480 3
59490 1
59500 2
59510 4
59520 5
59530 9
59540 3
59550 0
59560 5
59570 9
59580 11
59590 7
59600 4
59610 6
59620 0
59630 0
59640 0
59650 19
59660 10
59670 6
59680 0
59690 4
59700 7
59710 1
59720 8
59730 7
59740 7
59750 15
59760 8
59770 10
59780 1
59790 0
59800 0
59810 1
59820 0
59830 0
59840 0
59850 0
59860 0
59870 0
59880 0
59890 0
59900 0
59910 0
59920 0
59930 0
59940 0
59950 0
59960 0
59970 0
59980 0
59990 0
60000 0
60010 0
60020 0
60030 0
60040 0
60050 0
60060 0
60070 0
60080 2
60090 0
60100 0
60110 0
60120 0
60130 0
60140 0
60150 0
60160 0
60170 0
60180 0
60190 0
60200 0
60210 0
60220 0
60230 0
60240 0
60250 0
60260 0
60270 0
60280 0
60290 0
60300 0
60310 0
60320 0
60330 0
60340 0
60350 0
60360 0
60370 0
60380 0
60390 0
60400 0
60410 0
60420 0
60430 0
60440 0
60450 0
60460 0
60470 0
60480 0
60490 0
60500 0
60510 0
60520 0
60530 0
60540 0
60550 0
60560 0
60570 0
60580 0
60590 0
60600 0
60610 0
60620 0
60630 0
60640 0
60650 0
60660 0
60670 0
60680 0
60690 0
60700 0
60710 0
60720 0
60730 0
60740 0
60750 0
60760 0
60770 0
60780 0
60790 0
60800 2
60810 0
60820 0
60830 0
60840 0
60850 1
60860 3
60870 2
60880 0
60890 0
60900 0
60910 0
60920 0
60930 0
60940 0
60950 0
60960 0
60970 0
60980 0
60990 0
61000 0
61010 0
61020 0
61030 0
61040 0
61050 0
61060 0
61070 0
61080 0
61090 0
61100 0
61110 0
61120 0
61130 0
61140 0
61150 0
61160 0
61170 0
61180 0
61190 0
61200 0
61210 0
61220 0
61230 0
61240 0
61250 0
61260 1
61270 0
61280 0
61290 0
61300 1
61310 0
61320 0
61330 0
61340 0
61350 0
61360 0
61370 0
61380 0
61390 0
61400 0
61410 0
61420 0
61430 0
61440 0
61450 0
61460 0
61470 0
61480 0
61490 0
61500 0
61510 0
61520 0
61530 0
61540 0
61550 0
61560 0
61570 0
61580 0
61590 0
61600 0
61610 0
61620 0
61630 0
61640 0
61650 0
61660 0
61670 0
61680 0
61690 0
61700 0
61710 0
61720 0
61730 0
61740 0
61750 0
61760 0
61770 0
61780 0
61790 0
61800 0
61810 0
61820 0
61830 0
61840 0
61850 0
61860 0
61870 0
61880 0
61890 0
61900 0
61910 0
61920 0
61930 0
61940 0
61950 0
61960 0
61970 0
61980 0
61990 0
62000 0
62010 0
62020 0
62030 0
62040 0
62050 0
62060 0
62070 0
62080 0
62090 0
62100 0
62110 0
62120 0
62130 0
62140 0
62150 5
62160 1
62170 12
62180 11
62190 14
62200 8
62210 12
62220 17
62230 12
62240 12
62250 18
62260 18
62270 16
62280 20
62290 18
62300 23
62310 16
62320 4
62330 1
62340 1
62350 6
62360 10
62370 19
62380 21
62390 5
62400 17
62410 23
62420 19
62430 22
62440 27
62450 20
62460 14
62470 17
62480 6
62490 11
62500 9
62510 11
62520 8
62530 10
62540 13
62550 15
62560 26
62570 21
62580 21
62590 19
62600 14
62610 7
62620 6
62630 4
62640 16
62650 17
62660 8
62670 11
62680 6
62690 19
62700 16
62710 16
62720 9
62730 0
62740 12
62750 23
62760 24
62770 24
62780 25
62790 29
62800 23
62810 33
62820 22
62830 29
62840 25
62850 21
62860 25
62870 29
62880 26
62890 27
62900 36
62910 25
62920 35
62930 23
62940 28
62950 31
62960 17
62970 11
62980 8
62990 15
63000 10
63010 0
63020 0
63030 0
63040 0
63050 0
63060 0
63070 0
63080 0
63090 0
63100 0
63110 0
63120 0
63130 0
63140 1
63150 0
63160 0
63170 0
63180 0
63190 0
63200 0
63210 0
63220 0
63230 0
63240 0
63250 0
63260 11
63270 16
63280 9
63290 14
63300 14
63310 11
63320 14
63330 13
63340 10
63350 8
63360 8
63370 12
63380 10
63390 11
63400 14
63410 15
63420 0
63430 12
63440 12
63450 11
63460 17
63470 9
63480 18
63490 12
63500 8
63510 19
63520 11
63530 11
63540 9
63550 9
63560 11
63570 10
63580 15
63590 0
63600 11
63610 13
63620 7
63630 15
63640 17
63650 12
63660 16
63670 13
63680 15
63690 3
63700 15
63710 10
63720 14
63730 12
63740 11
63750 12
63760 10
63770 12
63780 13
63790 11
63800 12
63810 9
63820 15
63830 14
63840 11
63850 12
63860 12
63870 11
63880 13
63890 5
63900 5
63910 14
63920 13
63930 11
63940 10
63950 15
63960 0
63970 2
63980 0
63990 5
64000 11
64010 16
64020 10
64030 11
64040 0
64050 0
64060 0
64070 0
64080 0
64090 0
64100 0
64110 0
64120 0
64130 0
64140 1
64150 0
64160 14
64170 0
64180 0
64190 0
64200 0
64210 4
64220 0
64230 0
64240 0
64250 0
64260 0
64270 0
64280 0
64290 0
64300 0
64310 0
64320 0
64330 0
64340 0
64350 0
64360 0
64370 0
64380 0
64390 0
64400 0
64410 0
64420 0
64430 0
64440 0
64450 0
64460 0
64470 0
64480 0
64490 0
64500 0
64510 0
64520 0
64530 0
64540 0
64550 0
64560 0
64570 0
64580 0
64590 0
64600 0
64610 2
64620 0
64630 0
64640 0
64650 0
64660 0
64670 0
64680 0
64690 2
64700 1
64710 3
64720 2
64730 1
64740 5
64750 1
64760 0
64770 1
64780 1
64790 5
64800 0
64810 2
64820 3
64830 0
64840 0
64850 0
64860 0
64870 0
64880 0
64890 0
64900 0
64910 0
64920 0
64930 0
64940 0
64950 0
64960 0
64970 0
64980 0
64990 0
65000 0
65010 0
65020 0
65030 0
65040 0
65050 0
65060 0
65070 0
65080 0
65090 0
65100 0
65110 0
65120 0
65130 0
65140 0
65150 0
65160 0
65170 0
65180 0
65190 0
65200 0
65210 0
65220 0
65230 0
65240 0
65250 0
65260 0
65270 0
65280 0
65290 0
65300 0
65310 0
65320 0
65330 0
65340 1
65350 9
65360 9
65370 0
65380 0
65390 7
65400 13
65410 10
65420 14
65430 23
65440 23
65450 21
65460 7
65470 1
65480 3
65490 0
65500 0
65510 0
65520 1
65530 0
65540 0
65550 0
65560 0
65570 0
65580 0
65590 0
65600 0
65610 0
65620 0
65630 0
65640 0
65650 0
65660 0
65670 0
65680 0
65690 0
65700 0
65710 0
65720 2
65730 12
65740 3
65750 12
65760 0
65770 0
65780 0
65790 0
65800 0
65810 0
65820 0
65830 0
65840 0
65850 0
65860 0
65870 0
65880 0
65890 0
65900 0
65910 0
65920 1
65930 1
65940 0
65950 4
65960 0
65970 0
65980 0
65990 0
66000 0
66010 0
66020 0
66030 0
66040 0
66050 0
66060 0
66070 0
66080 0
66090 0
66100 0
66110 0
66120 0
66130 0
66140 0
66150 0
66160 0
66170 0
66180 0
66190 0
66200 0
66210 0
66220 0
66230 0
66240 0
66250 0
66260 0
66270 0
66280 0
66290 0
66300 0
66310 0
66320 0
66330 0
66340 0
66350 0
66360 0
66370 0
66380 0
66390 0
66400 0
66410 0
66420 0
66430 0
66440 0
66450 0
66460 0
66470 0
66480 0
66490 0
66500 0
66510 0
66520 0
66530 0
66540 1
66550 0
66560 0
66570 0
66580 0
66590 0
66600 0
66610 0
66620 0
66630 8
66640 1
66650 0
66660 0
66670 2
66680 14
66690 12
66700 1
66710 6
66720 6
66730 1
66740 0
66750 0
66760 0
66770 1
66780 1
66790 5
66800 4
66810 0
66820 13
66830 1
66840 8
66850 0
66860 6
66870 9
66880 8
66890 7
66900 5
66910 4
66920 0
66930 12
66940 5
66950 11
66960 10
66970 9
66980 11
66990 10
67000 5
67010 0
67020 0
67030 9
67040 9
67050 10
67060 9
67070 13
67080 9
67090 9
67100 8
67110 0
67120 0
67130 5
67140 8
67150 9
67160 5
67170 5
67180 7
67190 14
67200 18
67210 14
67220 16
67230 8
67240 18
67250 14
67260 13
67270 15
67280 17
67290 23
67300 20
67310 18
67320 12
67330 16
67340 23
67350 7
67360 9
67370 18
67380 8
67390 12
67400 15
67410 14
67420 8
67430 17
67440 15
67450 19
67460 16
67470 15
67480 2
67490 14
67500 31
67510 21
67520 5
67530 5
67540 15
67550 12
67560 11
67570 14
67580 20
67590 12
67600 15
67610 12
67620 5
67630 8
67640 16
67650 7
67660 7
67670 4
67680 0
67690 0
67700 1
67710 8
67720 2
67730 1
67740 1
67750 1
67760 0
67770 0
67780 0
67790 0
67800 1
67810 0
67820 0
67830 11
67840 14
67850 5
67860 0
67870 0
67880 0
67890 0
67900 0
67910 2
67920 0
67930 0
67940 0
67950 0
67960 0
67970 0
67980 1
67990 0
68000 0
68010 0
68020 0
68030 0
68040 0
68050 4
68060 0
68070 0
68080 6
68090 5
68100 2
68110 1
68120 0
68130 0
68140 0
68150 0
68160 0
68170 0
68180 0
68190 0
68200 0
68210 0
68220 0
68230 0
68240 0
68250 0
68260 0
68270 0
68280 0
68290 0
68300 0
68310 0
68320 0
68330 0
68340 0
68350 0
68360 0
68370 0
68380 0
68390 0
68400 0
68410 9
68420 7
68430 9
68440 10
68450 9
68460 12
68470 7
68480 10
68490 10
68500 7
68510 3
68520 11
68530 9
68540 3
68550 6
68560 8
68570 8
68580 11
68590 4
68600 2
68610 6
68620 1
68630 11
68640 13
68650 9
68660 11
68670 12
68680 11
68690 11
68700 6
68710 11
68720 14
68730 11
68740 15
68750 15
68760 13
68770 10
68780 12
68790 13
68800 10
68810 6
68820 8
68830 1
68840 1
68850 0
68860 9
68870 9
68880 9
68890 5
68900 0
68910 9
68920 9
68930 9
68940 9
68950 5
68960 9
68970 0
68980 4
68990 9
69000 7
69010 4
69020 0
69030 0
69040 0
69050 0
69060 7
69070 6
69080 13
69090 9
69100 11
69110 15
69120 7
69130 8
69140 3
69150 1
69160 5
69170 4
69180 3
69190 12
69200 6
69210 9
69220 1
69230 2
69240 0
69250 0
69260 0
69270 0
69280 0
69290 0
69300 0
69310 0
69320 0
69330 0
69340 0
69350 0
69360 0
69370 0
69380 0
69390 0
69400 0
69410 0
69420 0
69430 0
69440 0
69450 0
69460 0
69470 0
69480 0
69490 0
69500 0
69510 0
69520 0
69530 0
69540 0
69550 0
69560 0
69570 0
69580 0
69590 0
69600 0
69610 0
69620 0
69630 0
69640 0
69650 0
69660 0
69670 0
69680 0
69690 0
69700 0
69710 0
69720 0
69730 0
69740 0
69750 0
69760 0
69770 0
69780 0
69790 0
69800 0
69810 0
69820 0
69830 0
69840 0
69850 0
69860 0
69870 0
69880 0
69890 0
69900 0
69910 0
69920 0
69930 1
69940 0
69950 0
69960 0
69970 0
69980 0
69990 0
70000 2
70010 0
70020 0
70030 0
70040 0
70050 0
70060 0
70070 0
70080 0
70090 0
70100 0
70110 0
70120 0
70130 0
70140 2
70150 0
70160 0
70170 0
70180 0
70190 0
70200 0
70210 0
70220 0
70230 0
70240 0
70250 0
70260 0
70270 0
70280 0
70290 0
70300 0
70310 0
70320 0
70330 0
70340 0
70350 0
70360 0
70370 0
70380 0
70390 1
70400 3
70410 0
70420 4
70430 6
70440 5
70450 0
70460 8
70470 0
70480 0
70490 0
70500 3
70510 10
70520 4
70530 0
70540 5
70550 0
70560 0
70570 0
70580 0
70590 0
70600 0
70610 7
70620 7
70630 0
70640 0
70650 1
70660 4
70670 0
70680 0
70690 0
70700 0
70710 0
70720 0
70730 0
70740 9
70750 1
70760 0
70770 0
70780 0
70790 1
70800 0
70810 1
70820 0
70830 0
70840 0
70850 0
70860 0
70870 0
70880 0
70890 2
70900 5
70910 7
70920 4
70930 2
70940 0
70950 9
70960 7
70970 3
70980 5
70990 8
71000 3
71010 0
71020 0
71030 0
71040 0
71050 0
71060 0
71070 9
71080 8
71090 14
71100 2
71110 12
71120 9
71130 0
71140 5
71150 5
71160 2
71170 2
71180 0
71190 5
71200 6
71210 5
71220 1
71230 6
71240 1
71250 0
71260 6
71270 1
71280 0
71290 0
71300 0
71310 6
71320 2
71330 0
71340 0
71350 0
71360 0
71370 0
71380 0
71390 0
71400 0
71410 0
71420 0
71430 1
71440 1
71450 1
71460 0
71470 1
71480 0
71490 0
71500 6
71510 5
71520 7
71530 4
71540 0
71550 0
71560 0
71570 0
71580 1
71590 0
71600 1
71610 1
71620 2
71630 1
71640 1
71650 0
71660 5
71670 9
71680 7
71690 0
71700 1
71710 3
71720 0
71730 8
71740 0
71750 0
71760 0
71770 0
71780 3
71790 4
71800 3
71810 0
71820 0
71830 0
71840 0
71850 4
71860 6
71870 0
71880 1
71890 1
71900 0
71910 5
71920 0
71930 0
71940 9
71950 1
71960 0
71970 1
71980 1
71990 2
72000 2
72010 0
72020 1
72030 9
72040 7
72050 1
72060 8
72070 5
72080 6
72090 7
72100 3
72110 0
72120 1
72130 2
72140 3
72150 4
72160 2
72170 6
72180 5
72190 3
72200 8
72210 1
72220 1
72230 0
72240 0
72250 4
72260 0
72270 4
72280 2
72290 5
72300 10
72310 7
72320 12
72330 14
72340 12
72350 4
72360 0
72370 3
72380 1
72390 4
72400 9
72410 8
72420 8
72430 5
72440 11
72450 18
72460 6
72470 6
72480 4
72490 4
72500 1
72510 0
72520 0
72530 0
72540 3
72550 0
72560 0
72570 0
72580 0
72590 0
72600 1
72610 0
72620 0
72630 5
72640 5
72650 3
72660 10
72670 2
72680 4
72690 6
72700 3
72710 4
72720 5
72730 5
72740 5
72750 1
72760 1
72770 2
72780 8
72790 9
72800 5
72810 5
72820 6
72830 5
72840 8
72850 5
72860 8
72870 0
72880 1
72890 11
72900 0
72910 0
72920 0
72930 3
72940 0
72950 0
72960 0
72970 0
72980 0
72990 0
73000 5
73010 2
73020 8
73030 0
73040 9
73050 0
73060 0
73070 0
73080 0
73090 0
73100 0
73110 0
73120 0
73130 0
73140 0
73150 2
73160 1
73170 0
73180 0
73190 0
73200 0
73210 0
73220 0
73230 3
73240 2
73250 9
73260 8
73270 5
73280 12
73290 14
73300 4
73310 2
73320 5
73330 0
73340 4
73350 0
73360 0
73370 1
73380 0
73390 0
73400 0
73410 3
73420 1
73430 0
73440 4
73450 2
73460 4
73470 1
73480 1
73490 6
73500 1
73510 1
73520 6
73530 6
73540 11
73550 10
73560 3
73570 16
73580 21
73590 11
73600 14
73610 5
73620 12
73630 9
73640 9
73650 4
73660 4
73670 4
73680 8
73690 5
73700 3
73710 0
73720 0
73730 0
73740 0
73750 0
73760 0
73770 0
73780 0
73790 0
73800 0
73810 0
73820 0
73830 0
73840 0
73850 0
73860 0
73870 0
73880 0
73890 0
73900 0
73910 0
73920 0
73930 0
73940 0
73950 0
73960 0
73970 0
73980 0
73990 0
74000 0
74010 0
74020 0
74030 0
74040 0
74050 0
74060 0
74070 0
74080 0
74090 0
74100 0
74110 0
74120 0
74130 0
74140 0
74150 0
74160 0
74170 0
74180 0
74190 0
74200 0
74210 0
74220 0
74230 0
74240 0
74250 0
74260 0
74270 0
74280 0
74290 0
74300 0
74310 0
74320 0
74330 0
74340 0
74350 0
74360 0
74370 0
74380 0
74390 0
74400 0
74410 0
74420 0
74430 0
74440 0
74450 0
74460 0
74470 0
74480 0
74490 0
74500 0
74510 0
74520 0
74530 0
74540 0
74550 0
74560 0
74570 0
74580 0
74590 0
74600 0
74610 0
74620 0
74630 0
74640 0
74650 0
74660 0
74670 0
74680 0
74690 0
74700 0
74710 0
74720 0
74730 0
74740 0
74750 0
74760 0
74770 0
74780 0
74790 0
74800 0
74810 0
74820 0
74830 0
74840 0
74850 0
74860 0
74870 0
74880 0
74890 0
74900 0
74910 0
74920 0
74930 0
74940 0
74950 0
74960 0
74970 0
74980 0
74990 0
75000 0
75010 0
75020 0
75030 0
75040 0
75050 0
75060 0
75070 0
75080 0
75090 0
75100 0
75110 0
75120 0
75130 0
75140 0
75150 0
75160 0
75170 0
75180 0
75190 0
75200 0
75210 0
75220 0
75230 0
75240 0
75250 0
75260 0
75270 0
75280 0
75290 0
75300 0
75310 0
75320 0
75330 0
75340 0
75350 0
75360 3
75370 2
75380 0
75390 0
75400 0
75410 0
75420 0
75430 0
75440 0
75450 0
75460 0
75470 0
75480 0
75490 0
75500 0
75510 0
75520 0
75530 0
75540 0
75550 0
75560 0
75570 0
75580 0
75590 0
75600 0
75610 0
75620 0
75630 0
75640 0
75650 0
75660 0
75670 4
75680 10
75690 9
75700 9
75710 5
75720 9
75730 10
75740 8
75750 9
75760 5
75770 10
75780 9
75790 9
75800 10
75810 8
75820 6
75830 6
75840 14
75850 11
75860 10
75870 10
75880 11
75890 9
75900 9
75910 10
75920 10
75930 12
75940 11
75950 11
75960 10
75970 9
75980 11
75990 10
76000 12
76010 8
76020 8
76030 4
76040 0
76050 1
76060 4
76070 0
76080 4
76090 6
76100 4
76110 2
76120 5
76130 10
76140 0
76150 1
76160 20
76170 4
76180 8
76190 5
76200 10
76210 6
76220 0
76230 8
76240 14
76250 13
76260 9
76270 11
76280 13
76290 6
76300 16
76310 0
76320 15
76330 11
76340 12
76350 12
76360 12
76370 13
76380 12
76390 11
76400 1
76410 1
76420 0
76430 10
76440 11
76450 10
76460 13
76470 11
76480 13
76490 8
76500 0
76510 9
76520 14
76530 17
76540 14
76550 11
76560 12
76570 11
76580 11
76590 9
76600 7
76610 14
76620 11
76630 12
76640 13
76650 12
76660 14
76670 11
76680 0
76690 11
76700 10
76710 15
76720 11
76730 10
76740 10
76750 11
76760 14
76770 11
76780 11
76790 10
76800 15
76810 14
76820 15
76830 9
76840 15
76850 20
76860 8
76870 18
76880 12
76890 11
76900 12
76910 0
76920 0
76930 0
76940 0
76950 0
76960 5
76970 0
76980 0
76990 0
77000 0
77010 0
77020 0
77030 0
77040 0
77050 0
77060 0
77070 0
77080 0
77090 0
77100 7
77110 12
77120 8
77130 16
77140 14
77150 15
77160 7
77170 18
77180 16
77190 6
77200 7
77210 10
77220 15
77230 5
77240 6
77250 9
77260 4
77270 0
77280 1
77290 0
77300 0
77310 0
77320 0
77330 0
77340 0
77350 0
77360 0
77370 1
77380 1
77390 0
77400 0
77410 0
77420 0
77430 0
77440 0
77450 0
77460 0
77470 0
77480 0
77490 0
77500 0
77510 0
77520 0
77530 0
77540 0
77550 0
77560 0
77570 0
77580 0
77590 0
77600 0
77610 0
77620 0
77630 0
77640 0
77650 0
77660 0
77670 0
77680 0
77690 0
77700 0
77710 0
77720 0
77730 0
77740 0
77750 0
77760 0
77770 0
77780 0
77790 0
77800 0
77810 0
77820 0
77830 0
77840 0
77850 0
77860 0
77870 0
77880 0
77890 0
77900 0
77910 0
77920 0
77930 0
77940 0
77950 0
77960 0
77970 0
77980 0
77990 0
78000 0
78010 0
78020 0
78030 0
78040 0
78050 0
78060 0
78070 0
78080 0
78090 0
78100 0
78110 0
78120 0
78130 0
78140 0
78150 0
78160 0
78170 0
78180 0
78190 0
78200 0
78210 0
78220 0
78230 0
78240 0
78250 0
78260 0
78270 0
78280 0
78290 0
78300 0
78310 0
78320 0
78330 0
78340 0
78350 0
78360 0
78370 0
78380 0
78390 0
78400 0
78410 0
78420 0
78430 0
78440 0
78450 0
78460 0
78470 0
78480 0
78490 0
78500 0
78510 0
78520 0
78530 0
78540 0
78550 0
78560 0
78570 0
78580 0
78590 2
78600 0
78610 0
78620 0
78630 0
78640 0
78650 0
78660 0
78670 3
78680 0
78690 1
78700 4
78710 0
78720 0
78730 0
78740 0
78750 0
78760 0
78770 0
78780 0
78790 0
78800 0
78810 0
78820 0
78830 1
78840 2
78850 1
78860 3
78870 0
78880 0
78890 0
78900 0
78910 0
78920 0
78930 0
78940 0
78950 0
78960 0
78970 0
78980 0
78990 0
79000 1
79010 1
79020 0
79030 0
79040 0
79050 0
79060 2
79070 0
79080 2
79090 2
79100 9
79110 0
79120 3
79130 0
79140 0
79150 0
79160 0
79170 0
79180 0
79190 0
79200 0
79210 0
79220 0
79230 0
79240 0
79250 0
79260 0
79270 0
79280 0
79290 0
79300 0
79310 0
79320 0
79330 0
79340 0
79350 0
79360 0
79370 0
79380 2
79390 0
79400 0
79410 0
79420 0
79430 0
79440 0
79450 0
79460 0
79470 0
79480 0
79490 0
79500 0
79510 0
79520 0
79530 0
79540 0
79550 0
79560 0
79570 0
79580 5
79590 3
79600 0
79610 0
79620 0
79630 0
79640 0
79650 0
79660 0
79670 0
79680 0
79690 0
79700 0
79710 0
79720 0
79730 0
79740 3
79750 9
79760 4
79770 3
79780 0
79790 0
79800 0
79810 0
79820 0
79830 0
79840 0
79850 0
79860 0
79870 0
79880 0
79890 0
79900 0
79910 0
79920 0
79930 0
79940 0
79950 0
79960 0
79970 0
79980 0
79990 1
80000 1
80010 0
80020 1
80030 5
80040 4
80050 0
80060 0
80070 1
80080 11
80090 3
80100 8
80110 1
80120 0
80130 2
80140 2
80150 0
80160 0
80170 0
80180 0
80190 5
80200 8
80210 12
80220 8
80230 12
80240 9
80250 3
80260 4
80270 4
80280 10
80290 10
80300 0
80310 0
80320 3
80330 3
80340 1
80350 0
80360 0
80370 0
80380 0
80390 0
80400 0
80410 0
80420 0
80430 0
80440 0
80450 2
80460 0
80470 0
80480 0
80490 0
80500 2
80510 1
80520 0
80530 0
80540 0
80550 0
80560 0
80570 1
80580 0
80590 0
80600 0
80610 0
80620 2
80630 0
80640 0
80650 0
80660 0
80670 0
80680 0
80690 0
80700 0
80710 0
80720 0
80730 0
80740 0
80750 0
80760 0
80770 0
80780 0
80790 0
80800 0
80810 0
80820 0
80830 0
80840 0
80850 0
80860 0
80870 0
80880 0
80890 0
80900 0
80910 0
80920 1
80930 1
80940 0
80950 0
80960 0
80970 0
80980 0
80990 0
81000 1
81010 0
81020 0
81030 0
81040 0
81050 1
81060 1
81070 2
81080 2
81090 0
81100 7
81110 0
81120 0
81130 0
81140 0
81150 0
81160 0
81170 2
81180 0
81190 0
81200 0
81210 1
81220 0
81230 0
81240 11
81250 14
81260 12
81270 12
81280 13
81290 18
81300 16
81310 11
81320 9
81330 8
81340 16
81350 2
81360 7
81370 0
81380 0
81390 0
81400 0
81410 0
81420 0
81430 0
81440 0
81450 1
81460 0
81470 1
81480 0
81490 1
81500 0
81510 1
81520 1
81530 0
81540 0
81550 0
81560 0
81570 0
81580 0
81590 0
81600 0
81610 0
81620 0
81630 0
81640 0
81650 0
81660 0
81670 0
81680 0
81690 0
81700 0
81710 0
81720 0
81730 0
81740 0
81750 0
81760 0
81770 0
81780 0
81790 0
81800 0
81810 0
81820 0
81830 0
81840 0
81850 0
81860 0
81870 0
81880 0
81890 0
81900 0
81910 0
81920 0
81930 0
81940 0
81950 0
81960 0
81970 0
81980 0
81990 0
82000 0
82010 0
82020 0
82030 0
82040 0
82050 0
82060 0
82070 0
82080 0
82090 0
82100 0
82110 0
82120 0
82130 0
82140 0
82150 0
82160 0
82170 0
82180 0
82190 0
82200 0
82210 0
82220 0
82230 0
82240 0
82250 0
82260 0
82270 0
82280 0
82290 0
82300 0
82310 0
82320 0
82330 0
82340 0
82350 0
82360 0
82370 0
82380 0
82390 0
82400 0
82410 0
82420 0
82430 0
82440 0
82450 0
82460 0
82470 0
82480 0
82490 0
82500 0
82510 0
82520 0
82530 0
82540 0
82550 0
82560 0
82570 0
82580 0
82590 0
82600 0
82610 0
82620 0
82630 0
82640 0
82650 0
82660 0
82670 0
82680 0
82690 0
82700 0
82710 0
82720 1
82730 2
82740 14
82750 0
82760 2
82770 8
82780 16
82790 5
82800 15
82810 13
82820 19
82830 6
82840 21
82850 15
82860 13
82870 0
82880 3
82890 0
82900 0
82910 0
82920 0
82930 0
82940 0
82950 0
82960 0
82970 0
82980 0
82990 0
83000 0
83010 0
83020 5
83030 0
83040 0
83050 4
83060 2
83070 0
83080 0
83090 0
83100 0
83110 0
83120 1
83130 0
83140 0
83150 0
83160 0
83170 0
83180 0
83190 0
83200 4
83210 0
83220 0
83230 0
83240 0
83250 0
83260 0
83270 0
83280 0
83290 0
83300 0
83310 0
83320 0
83330 0
83340 0
83350 0
83360 0
83370 0
83380 0
83390 0
83400 0
83410 6
83420 7
83430 25
83440 19
83450 12
83460 6
83470 0
83480 0
83490 0
83500 6
83510 0
83520 1
83530 0
83540 1
83550 6
83560 1
83570 0
83580 0
83590 0
83600 0
83610 0
83620 0
83630 0
83640 0
83650 0
83660 0
83670 0
83680 0
83690 0
83700 0
83710 0
83720 0
83730 0
83740 0
83750 0
83760 0
83770 0
83780 0
83790 0
83800 0
83810 0
83820 0
83830 0
83840 0
83850 0
83860 0
83870 0
83880 0
83890 0
83900 0
83910 0
83920 0
83930 0
83940 0
83950 0
83960 0
83970 0
83980 0
83990 0
84000 0
84010 0
84020 0
84030 0
84040 0
84050 0
84060 0
84070 0
84080 0
84090 0
84100 0
84110 0
84120 0
84130 0
84140 0
84150 0
84160 0
84170 0
84180 0
84190 0
84200 0
84210 0
84220 0
84230 0
84240 0
84250 0
84260 0
84270 0
84280 0
84290 0
84300 0
84310 0
84320 0
84330 0
84340 0
84350 0
84360 0
84370 0
84380 0
84390 0
84400 0
84410 0
84420 0
84430 0
84440 0
84450 0
84460 5
84470 0
84480 0
84490 0
84500 0
84510 0
84520 0
84530 0
84540 0
84550 0
84560 0
84570 0
84580 0
84590 0
84600 0
84610 0
84620 0
84630 0
84640 0
84650 0
84660 0
84670 6
84680 16
84690 5
84700 11
84710 16
84720 7
84730 11
84740 3
84750 5
84760 13
84770 9
84780 4
84790 17
84800 0
84810 9
84820 2
84830 0
84840 1
84850 0
84860 0
84870 0
84880 0
84890 0
84900 0
84910 0
84920 0
84930 0
84940 0
84950 0
84960 0
84970 0
84980 0
84990 0
85000 0
85010 0
85020 0
85030 0
85040 0
85050 0
85060 0
85070 1
85080 0
85090 0
85100 0
85110 0
85120 0
85130 0
85140 0
85150 5
85160 0
85170 4
85180 10
85190 1
85200 0
85210 0
85220 0
85230 0
85240 0
85250 0
85260 0
85270 18
85280 9
85290 5
85300 6
85310 6
85320 23
85330 8
85340 0
85350 1
85360 13
85370 13
85380 13
85390 3
85400 1
85410 0
85420 0
85430 1
85440 5
85450 5
85460 8
85470 2
85480 0
85490 0
85500 0
85510 0
85520 1
85530 1
85540 1
85550 0
85560 0
85570 0
85580 0
85590 0
85600 0
85610 0
85620 0
85630 0
85640 0
85650 0
85660 0
85670 0
85680 0
85690 0
85700 0
85710 0
85720 0
85730 0
85740 0
85750 0
85760 0
85770 0
85780 0
85790 0
85800 0
85810 0
85820 0
85830 0
85840 0
85850 0
85860 0
85870 0
85880 0
85890 0
85900 0
85910 0
85920 0
85930 0
85940 0
85950 0
85960 0
85970 0
85980 0
85990 0
86000 0
86010 0
86020 0
86030 0
86040 0
86050 0
86060 0
86070 0
86080 0
86090 0
86100 0
86110 0
86120 0
86130 0
86140 0
86150 0
86160 0
86170 0
86180 0
86190 0
86200 0
86210 0
86220 0
86230 0
86240 0
86250 0
86260 0
86270 0
86280 0
86290 0
86300 0
86310 0
86320 0
86330 0
86340 0
86350 0
86360 0
86370 0
86380 0
86390 0
86400 0
86410 0
86420 0
86430 0
86440 0
86450 0
86460 0
86470 0
86480 0
86490 0
86500 0
86510 0
86520 0
86530 0
86540 2
86550 2
86560 4
86570 5
86580 8
86590 3
86600 6
86610 2
86620 4
86630 0
86640 1
86650 0
86660 0
86670 0
86680 0
86690 0
86700 1
86710 4
86720 11
86730 7
86740 5
86750 4
86760 6
86770 6
86780 0
86790 0
86800 0
86810 2
86820 0
86830 0
86840 9
86850 0
86860 0
86870 0
86880 0
86890 0
86900 0
86910 0
86920 0
86930 0
86940 0
86950 0
86960 0
86970 0
86980 0
86990 0
87000 0
87010 0
87020 0
87030 0
87040 0
87050 0
87060 0
87070 6
87080 9
87090 7
87100 0
87110 0
87120 0
87130 0
87140 4
87150 0
87160 0
87170 1
87180 0
87190 0
87200 0
87210 0
87220 1
87230 4
87240 0
87250 0
87260 1
87270 1
87280 6
87290 4
87300 4
87310 0
87320 0
87330 0
87340 0
87350 0
87360 0
87370 0
87380 0
87390 0
87400 0
87410 0
87420 0
87430 0
87440 0
87450 0
87460 0
87470 0
87480 0
87490 0
87500 0
87510 0
87520 0
87530 0
87540 0
87550 0
87560 0
87570 0
87580 0
87590 0
87600 0
87610 0
87620 0
87630 0
87640 0
87650 0
87660 0
87670 0
87680 0
87690 0
87700 0
87710 0
87720 0
87730 0
87740 0
87750 0
87760 0
87770 0
87780 0
87790 0
87800 0
87810 0
87820 0
87830 0
87840 0
87850 0
87860 0
87870 0
87880 0
87890 1
87900 0
87910 0
87920 0
87930 0
87940 1
87950 0
87960 0
87970 0
87980 0
87990 0
88000 0
88010 0
88020 0
88030 1
88040 0
88050 0
88060 0
88070 0
88080 0
88090 0
88100 0
88110 5
88120 3
88130 6
88140 0
88150 0
88160 0
88170 0
88180 0
88190 0
88200 0
88210 0
88220 0
88230 0
88240 3
88250 0
88260 1
88270 0
88280 0
88290 0
88300 0
88310 0
88320 0
88330 0
88340 0
88350 0
88360 0
88370 0
88380 0
88390 0
88400 0
88410 0
88420 0
88430 0
88440 0
88450 0
88460 0
88470 0
88480 0
88490 0
88500 0
88510 0
88520 0
88530 0
88540 6
88550 7
88560 6
88570 16
88580 10
88590 13
88600 10
88610 12
88620 10
88630 14
88640 10
88650 16
88660 14
88670 11
88680 12
88690 6
88700 4
88710 5
88720 7
88730 14
88740 14
88750 14
88760 9
88770 14
88780 6
88790 14
88800 6
88810 11
88820 8
88830 0
88840 7
88850 12
88860 12
88870 14
88880 13
88890 11
88900 13
88910 8
88920 14
88930 13
88940 9
88950 9
88960 10
88970 13
88980 6
88990 12
89000 8
89010 9
89020 9
89030 6
89040 12
89050 12
89060 9
89070 15
89080 13
89090 13
89100 10
89110 5
89120 10
89130 9
89140 8
89150 14
89160 13
89170 12
89180 9
89190 1
89200 11
89210 15
89220 16
89230 12
89240 14
89250 13
89260 13
89270 13
89280 5
89290 15
89300 12
89310 10
89320 16
89330 10
89340 11
89350 4
89360 5
89370 6
89380 8
89390 15
89400 8
89410 9
89420 9
89430 13
89440 11
89450 5
89460 14
89470 11
89480 9
89490 11
89500 7
89510 13
89520 12
89530 9
89540 6
89550 8
89560 14
89570 10
89580 13
89590 22
89600 20
89610 21
89620 19
89630 16
89640 22
89650 28
89660 26
89670 19
89680 25
89690 18
89700 9
89710 26
89720 20
89730 18
89740 18
89750 17
89760 18
89770 26
89780 22
89790 27
89800 20
89810 23
89820 23
89830 17
89840 22
89850 13
89860 17
89870 18
89880 17
89890 21
89900 19
89910 18
89920 20
89930 21
89940 30
89950 26
89960 23
89970 18
89980 20
89990 21
90000 35
90010 29
90020 11
90030 24
90040 16
90050 19
90060 13
90070 18
90080 12
90090 16
90100 18
90110 11
90120 18
90130 11
90140 16
90150 15
90160 16
90170 17
90180 18
90190 17
90200 15
90210 12
90220 23
90230 17
90240 18
90250 13
90260 15
90270 11
90280 15
90290 18
90300 16
90310 18
90320 15
90330 11
90340 19
90350 8
90360 15
90370 18
90380 14
90390 20
90400 17
90410 19
90420 18
90430 11
90440 16
90450 20
90460 16
90470 15
90480 11
90490 12
90500 15
90510 18
90520 19
90530 16
90540 7
90550 7
90560 7
90570 9
90580 6
90590 6
90600 6
90610 7
90620 21
90630 9
90640 12
90650 9
90660 19
90670 16
90680 12
90690 7
90700 7
90710 17
90720 10
90730 14
90740 5
90750 13
90760 13
90770 14
90780 11
90790 12
90800 12
90810 11
90820 9
90830 3
90840 2
90850 2
90860 2
90870 2
90880 4
90890 4
90900 3
90910 8
90920 4
90930 13
90940 24
90950 19
90960 7
90970 18
90980 13
90990 18
91000 15
91010 17
91020 13
91030 9
91040 19
91050 16
91060 6
91070 10
91080 14
91090 19
91100 16
91110 15
91120 15
91130 19
91140 6
91150 13
91160 10
91170 17
91180 13
91190 18
91200 7
91210 21
91220 13
91230 13
91240 11
91250 14
91260 6
91270 5
91280 9
91290 17
91300 19
91310 18
91320 12
91330 16
91340 16
91350 13
91360 17
91370 14
91380 15
91390 13
91400 10
91410 13
91420 12
91430 10
91440 20
91450 15
91460 14
91470 18
91480 10
91490 7
91500 13
91510 14
91520 14
91530 7
91540 16
91550 21
91560 18
91570 14
91580 16
91590 15
91600 6
91610 16
91620 7
91630 12
91640 16
91650 7
91660 10
91670 12
91680 12
91690 19
91700 17
91710 15
91720 14
91730 11
91740 12
91750 16
91760 6
91770 16
91780 11
91790 14
91800 12
91810 6
91820 14
91830 5
91840 12
91850 14
91860 14
91870 17
91880 14
91890 8
91900 10
91910 9
91920 6
91930 11
91940 11
91950 14
91960 11
91970 11
91980 10
91990 11
92000 11
92010 10
92020 13
92030 10
92040 10
92050 13
92060 9
92070 9
92080 11
92090 10
92100 15
92110 14
92120 13
92130 11
92140 11
92150 10
92160 9
92170 9
92180 11
92190 12
92200 11
92210 15
92220 13
92230 9
92240 14
92250 9
92260 11
92270 11
92280 10
92290 9
92300 12
92310 10
92320 14
92330 14
92340 13
92350 12
92360 11
92370 13
92380 11
92390 12
92400 4
92410 6
92420 11
92430 15
92440 6
92450 12
92460 10
92470 14
92480 10
92490 12
92500 16
92510 6
92520 10
92530 12
92540 5
92550 12
92560 12
92570 13
92580 15
92590 14
92600 5
92610 6
92620 3
92630 2
92640 1
92650 0
92660 0
92670 0
92680 0
92690 0
92700 0
92710 0
92720 0
92730 0
92740 0
92750 0
92760 0
92770 0
92780 0
92790 0
92800 0
92810 0
92820 0
92830 0
92840 0
92850 0
92860 0
92870 0
92880 0
92890 0
92900 0
92910 0
92920 0
92930 0
92940 0
92950 0
92960 0
92970 0
92980 0
92990 0
93000 0
93010 0
93020 0
93030 0
93040 0
93050 0
93060 0
93070 0
93080 0
93090 0
93100 0
93110 0
93120 0
93130 0
93140 0
93150 0
93160 0
93170 0
93180 0
93190 0
93200 0
93210 0
93220 0
93230 0
93240 0
93250 0
93260 0
93270 0
93280 0
93290 0
93300 0
93310 0
93320 0
93330 0
93340 0
93350 0
93360 0
93370 0
93380 0
93390 0
93400 0
93410 3
93420 1
93430 2
93440 1
93450 0
93460 5
93470 2
93480 1
93490 3
93500 0
93510 0
93520 0
93530 0
93540 0
93550 0
93560 0
93570 0
93580 0
93590 0
93600 0
93610 0
93620 0
93630 0
93640 0
93650 0
93660 0
93670 0
93680 0
93690 0
93700 0
93710 0
93720 0
93730 0
93740 0
93750 0
93760 0
93770 0
93780 1
93790 0
93800 4
93810 5
93820 7
93830 6
93840 4
93850 7
93860 7
93870 2
93880 0
93890 1
93900 7
93910 1
93920 0
93930 0
93940 1
93950 1
93960 1
93970 0
93980 0
93990 0
94000 0
94010 0
94020 0
94030 0
94040 0
94050 0
94060 0
94070 0
94080 0
94090 0
94100 0
94110 0
94120 0
94130 0
94140 0
94150 0
94160 0
94170 0
94180 0
94190 0
94200 0
94210 0
94220 0
94230 0
94240 0
94250 0
94260 0
94270 0
94280 0
94290 0
94300 0
94310 0
94320 0
94330 0
94340 0
94350 0
94360 0
94370 0
94380 0
94390 0
94400 0
94410 0
94420 0
94430 0
94440 0
94450 0
94460 0
94470 0
94480 0
94490 0
94500 0
94510 0
94520 0
94530 0
94540 0
94550 0
94560 0
94570 0
94580 0
94590 0
94600 0
94610 0
94620 0
94630 0
94640 0
94650 0
94660 0
94670 0
94680 0
94690 0
94700 0
94710 0
94720 0
94730 0
94740 0
94750 0
94760 0
94770 0
94780 0
94790 0
94800 0
94810 0
94820 0
94830 0
94840 0
94850 0
94860 0
94870 0
94880 0
94890 0
94900 0
94910 0
94920 0
94930 0
94940 0
94950 0
94960 0
94970 0
94980 0
94990 0
95000 0
95010 0
95020 0
95030 0
95040 0
95050 0
95060 0
95070 0
95080 0
95090 0
95100 0
95110 0
95120 0
95130 0
95140 0
95150 0
95160 0
95170 0
95180 0
95190 0
95200 0
95210 0
95220 0
95230 0
95240 0
95250 0
95260 0
95270 0
95280 0
95290 0
95300 0
95310 0
95320 0
95330 0
95340 0
95350 0
95360 0
95370 0
95380 0
95390 0
95400 0
95410 0
95420 0
95430 0
95440 0
95450 0
95460 0
95470 0
95480 0
95490 0
95500 0
95510 0
95520 0
95530 0
95540 0
95550 0
95560 0
95570 0
95580 0
95590 0
95600 0
95610 0
95620 0
95630 0
95640 0
95650 0
95660 0
95670 0
95680 0
95690 0
95700 0
95710 0
95720 0
95730 0
95740 0
95750 0
95760 0
95770 0
95780 0
95790 0
95800 0
95810 0
95820 0
95830 0
95840 0
95850 0
95860 0
95870 0
95880 0
95890 0
95900 0
95910 0
95920 0
95930 0
95940 0
95950 0
95960 0
95970 1
95980 0
95990 0
96000 5
96010 8
96020 11
96030 3
96040 7
96050 16
96060 0
96070 0
96080 0
96090 0
96100 0
96110 2
96120 0
96130 0
96140 0
96150 2
96160 0
96170 0
96180 0
96190 0
96200 0
96210 0
96220 0
96230 0
96240 0
96250 0
96260 0
96270 0
96280 0
96290 6
96300 12
96310 4
96320 10
96330 6
96340 2
96350 0
96360 9
96370 7
96380 5
96390 3
96400 4
96410 3
96420 1
96430 3
96440 1
96450 0
96460 0
96470 0
96480 0
96490 0
96500 0
96510 0
96520 0
96530 0
96540 0
96550 0
96560 0
96570 0
96580 0
96590 0
96600 0
96610 0
96620 0
96630 0
96640 0
96650 0
96660 0
96670 0
96680 0
96690 0
96700 0
96710 0
96720 0
96730 0
96740 0
96750 0
96760 0
96770 0
96780 0
96790 0
96800 0
96810 0
96820 2
96830 0
96840 0
96850 0
96860 0
96870 0
96880 0
96890 0
96900 0
96910 0
96920 0
96930 0
96940 0
96950 0
96960 0
96970 0
96980 0
96990 0
97000 0
97010 0
97020 0
97030 0
97040 0
97050 0
97060 0
97070 0
97080 0
97090 0
97100 0
97110 0
97120 0
97130 0
97140 0
97150 0
97160 0
97170 0
97180 0
97190 1
97200 0
97210 1
97220 3
97230 0
97240 0
97250 0
97260 1
97270 0
97280 1
97290 1
97300 1
97310 1
97320 0
97330 0
97340 0
97350 0
97360 0
97370 1
97380 0
97390 0
97400 0
97410 0
97420 0
97430 0
97440 0
97450 0
97460 0
97470 0
97480 0
97490 0
97500 0
97510 1
97520 0
97530 0
97540 0
97550 0
97560 0
97570 0
97580 0
97590 0
97600 0
97610 0
97620 0
97630 0
97640 0
97650 0
97660 0
97670 0
97680 0
97690 0
97700 0
97710 0
97720 0
97730 0
97740 0
97750 0
97760 0
97770 0
97780 0
97790 0
97800 0
97810 0
97820 0
97830 0
97840 0
97850 1
97860 0
97870 0
97880 0
97890 0
97900 0
97910 0
97920 0
97930 0
97940 0
97950 0
97960 0
97970 0
97980 0
97990 0
98000 0
98010 0
98020 0
98030 0
98040 0
98050 0
98060 0
98070 0
98080 0
98090 0
98100 0
98110 0
98120 0
98130 0
98140 0
98150 0
98160 0
98170 0
98180 0
98190 0
98200 0
98210 0
98220 0
98230 0
98240 0
98250 0
98260 0
98270 0
98280 0
98290 0
98300 0
98310 0
98320 0
98330 0
98340 0
98350 0
98360 0
98370 0
98380 0
98390 0
98400 0
98410 0
98420 0
98430 0
98440 0
98450 0
98460 0
98470 0
98480 0
98490 0
98500 0
98510 0
98520 0
98530 0
98540 0
98550 0
98560 0
98570 0
98580 0
98590 0
98600 0
98610 0
98620 0
98630 0
98640 1
98650 4
98660 21
98670 14
98680 14
98690 6
98700 12
98710 24
98720 13
98730 9
98740 16
98750 10
98760 16
98770 3
98780 4
98790 20
98800 5
98810 3
98820 15
98830 20
98840 7
98850 2
98860 0
98870 0
98880 0
98890 2
98900 6
98910 2
98920 3
98930 5
98940 6
98950 11
98960 10
98970 11
98980 7
98990 4
99000 3
99010 10
99020 1
99030 0
99040 0
99050 0
99060 0
99070 0
99080 0
99090 0
99100 0
99110 0
99120 0
99130 4
99140 15
99150 11
99160 5
99170 17
99180 2
99190 7
99200 4
99210 9
99220 19
99230 19
99240 12
99250 12
99260 25
99270 22
99280 10
99290 14
99300 16
99310 12
99320 15
99330 15
99340 8
99350 5
99360 8
99370 8
99380 11
99390 12
99400 21
99410 10
99420 17
99430 13
99440 14
99450 17
99460 24
99470 10
99480 7
99490 1
99500 0
99510 0
99520 0
99530 1
99540 0
99550 0
99560 0
99570 2
99580 10
99590 14
99600 1
99610 0
99620 1
99630 0
99640 1
99650 12
99660 9
99670 4
99680 11
99690 8
99700 6
99710 17
99720 15
99730 16
99740 29
99750 3
99760 3
99770 9
99780 4
99790 6
99800 7
99810 7
99820 12
99830 21
99840 28
99850 26
99860 24
99870 10
99880 23
99890 9
99900 11
99910 0
99920 15
99930 1
99940 0
99950 0
99960 0
99970 10
99980 0
99990 3
