# Frame Contacts
30000 0
30010 0
30020 0
30030 0
30040 0
30050 0
30060 0
30070 0
30080 0
30090 0
30100 0
30110 0
30120 0
30130 0
30140 0
30150 0
30160 0
30170 0
30180 0
30190 0
30200 0
30210 0
30220 0
30230 0
30240 0
30250 0
30260 0
30270 0
30280 0
30290 0
30300 0
30310 0
30320 0
30330 0
30340 0
30350 0
30360 0
30370 0
30380 0
30390 0
30400 0
30410 0
30420 0
30430 0
30440 0
30450 0
30460 0
30470 0
30480 0
30490 0
30500 0
30510 0
30520 0
30530 0
30540 0
30550 0
30560 0
30570 4
30580 13
30590 11
30600 9
30610 12
30620 7
30630 5
30640 12
30650 4
30660 10
30670 10
30680 4
30690 5
30700 0
30710 0
30720 0
30730 0
30740 0
30750 0
30760 0
30770 0
30780 0
30790 0
30800 0
30810 0
30820 0
30830 0
30840 0
30850 0
30860 0
30870 0
30880 0
30890 0
30900 0
30910 0
30920 0
30930 0
30940 0
30950 0
30960 0
30970 0
30980 0
30990 0
31000 0
31010 0
31020 0
31030 0
31040 0
31050 0
31060 0
31070 0
31080 0
31090 0
31100 0
31110 0
31120 0
31130 8
31140 2
31150 0
31160 0
31170 0
31180 6
31190 0
31200 5
31210 5
31220 6
31230 4
31240 6
31250 6
31260 8
31270 5
31280 7
31290 4
31300 1
31310 2
31320 8
31330 4
31340 5
31350 13
31360 12
31370 13
31380 8
31390 8
31400 31
31410 24
31420 34
31430 32
31440 29
31450 26
31460 32
31470 26
31480 26
31490 30
31500 28
31510 31
31520 16
31530 13
31540 5
31550 7
31560 18
31570 11
31580 9
31590 11
31600 15
31610 28
31620 36
31630 21
31640 26
31650 19
31660 28
31670 18
31680 17
31690 11
31700 13
31710 30
31720 30
31730 32
31740 30
31750 23
31760 27
31770 25
31780 26
31790 28
31800 30
31810 29
31820 24
31830 28
31840 25
31850 30
31860 28
31870 24
31880 31
31890 33
31900 25
31910 33
31920 31
31930 34
31940 42
31950 28
31960 29
31970 26
31980 24
31990 34
32000 35
32010 23
32020 23
32030 35
32040 25
32050 26
32060 31
32070 24
32080 28
32090 27
32100 32
32110 24
32120 32
32130 21
32140 28
32150 28
32160 30
32170 22
32180 29
32190 30
32200 32
32210 15
32220 18
32230 21
32240 29
32250 41
32260 33
32270 27
32280 32
32290 37
32300 26
32310 20
32320 32
32330 27
32340 27
32350 32
32360 32
32370 27
32380 30
32390 33
32400 24
32410 29
32420 27
32430 33
32440 28
32450 28
32460 32
32470 25
32480 29
32490 26
32500 30
32510 22
32520 26
32530 30
32540 27
32550 23
32560 4
32570 29
32580 27
32590 28
32600 24
32610 21
32620 23
32630 24
32640 29
32650 24
32660 30
32670 36
32680 39
32690 23
32700 30
32710 29
32720 26
32730 29
32740 25
32750 27
32760 32
32770 35
32780 29
32790 29
32800 30
32810 30
32820 32
32830 26
32840 33
32850 36
32860 31
32870 21
32880 27
32890 31
32900 28
32910 29
32920 35
32930 30
32940 36
32950 35
32960 6
32970 29
32980 32
32990 35
33000 25
33010 36
33020 24
33030 29
33040 29
33050 26
33060 27
33070 8
33080 6
33090 1
33100 3
33110 3
33120 0
33130 2
33140 7
33150 4
33160 4
33170 6
33180 3
33190 4
33200 8
33210 4
33220 11
33230 7
33240 8
33250 1
33260 0
33270 0
33280 0
33290 1
33300 0
33310 0
33320 1
33330 0
33340 0
33350 0
33360 0
33370 0
33380 0
33390 0
33400 2
33410 7
33420 8
33430 3
33440 8
33450 4
33460 0
33470 9
33480 0
33490 0
33500 0
33510 2
33520 4
33530 3
33540 3
33550 4
33560 4
33570 3
33580 2
33590 8
33600 1
33610 3
33620 4
33630 3
33640 5
33650 5
33660 3
33670 0
33680 5
33690 2
33700 6
33710 3
33720 10
33730 5
33740 7
33750 7
33760 3
33770 7
33780 10
33790 6
33800 6
33810 9
33820 7
33830 9
33840 10
33850 3
33860 2
33870 3
33880 2
33890 6
33900 3
33910 5
33920 3
33930 2
33940 2
33950 0
33960 2
33970 1
33980 3
33990 10
34000 8
34010 11
34020 9
34030 8
34040 7
34050 13
34060 6
34070 9
34080 6
34090 17
34100 5
34110 3
34120 6
34130 15
34140 15
34150 13
34160 23
34170 14
34180 15
34190 14
34200 15
34210 18
34220 19
34230 17
34240 17
34250 14
34260 10
34270 17
34280 23
34290 17
34300 21
34310 19
34320 19
34330 18
34340 21
34350 13
34360 17
34370 11
34380 10
34390 18
34400 14
34410 15
34420 14
34430 17
34440 18
34450 16
34460 19
34470 17
34480 17
34490 18
34500 14
34510 14
34520 12
34530 19
34540 6
34550 4
34560 1
34570 1
34580 8
34590 6
34600 4
34610 3
34620 4
34630 17
34640 9
34650 5
34660 18
34670 3
34680 0
34690 0
34700 0
34710 0
34720 0
34730 0
34740 0
34750 0
34760 0
34770 4
34780 19
34790 17
34800 25
34810 13
34820 15
34830 6
34840 21
34850 12
34860 17
34870 19
34880 10
34890 16
34900 15
34910 7
34920 24
34930 22
34940 24
34950 9
34960 5
34970 14
34980 13
34990 5
35000 8
35010 7
35020 4
35030 10
35040 4
35050 6
35060 9
35070 6
35080 2
35090 3
35100 0
35110 9
35120 9
35130 7
35140 9
35150 15
35160 8
35170 8
35180 11
35190 9
35200 6
35210 7
35220 11
35230 6
35240 7
35250 0
35260 1
35270 0
35280 0
35290 1
35300 0
35310 0
35320 0
35330 0
35340 0
35350 4
35360 6
35370 15
35380 13
35390 24
35400 24
35410 11
35420 1
35430 7
35440 5
35450 5
35460 8
35470 12
35480 10
35490 5
35500 10
35510 10
35520 10
35530 12
35540 8
35550 8
35560 6
35570 10
35580 6
35590 0
35600 0
35610 0
35620 2
35630 4
35640 10
35650 13
35660 4
35670 1
35680 2
35690 5
35700 0
35710 0
35720 1
35730 0
35740 2
35750 0
35760 0
35770 0
35780 0
35790 6
35800 0
35810 0
35820 0
35830 0
35840 0
35850 0
35860 0
35870 6
35880 13
35890 3
35900 8
35910 6
35920 1
35930 9
35940 7
35950 3
35960 5
35970 24
35980 12
35990 8
36000 14
36010 3
36020 6
36030 6
36040 3
36050 13
36060 2
36070 2
36080 1
36090 0
36100 0
36110 1
36120 1
36130 1
36140 0
36150 0
36160 0
36170 2
36180 5
36190 3
36200 1
36210 3
36220 9
36230 3
36240 14
36250 10
36260 9
36270 6
36280 10
36290 3
36300 2
36310 9
36320 9
36330 10
36340 2
36350 5
36360 16
36370 12
36380 8
36390 4
36400 8
36410 9
36420 10
36430 9
36440 3
36450 10
36460 5
36470 11
36480 9
36490 21
36500 20
36510 20
36520 7
36530 13
36540 12
36550 10
36560 7
36570 4
36580 5
36590 0
36600 4
36610 2
36620 0
36630 4
36640 0
36650 1
36660 2
36670 1
36680 3
36690 14
36700 11
36710 7
36720 0
36730 0
36740 1
36750 0
36760 0
36770 0
36780 0
36790 0
36800 0
36810 0
36820 0
36830 0
36840 0
36850 0
36860 0
36870 0
36880 0
36890 0
36900 0
36910 0
36920 0
36930 0
36940 0
36950 0
36960 0
36970 0
36980 0
36990 0
37000 0
37010 0
37020 0
37030 0
37040 0
37050 0
37060 0
37070 0
37080 0
37090 0
37100 0
37110 0
37120 0
37130 0
37140 0
37150 0
37160 0
37170 0
37180 0
37190 0
37200 0
37210 0
37220 0
37230 0
37240 0
37250 0
37260 8
37270 0
37280 0
37290 0
37300 0
37310 0
37320 0
37330 0
37340 6
37350 5
37360 5
37370 9
37380 10
37390 3
37400 7
37410 0
37420 0
37430 4
37440 3
37450 0
37460 0
37470 2
37480 2
37490 2
37500 5
37510 6
37520 9
37530 9
37540 10
37550 7
37560 8
37570 7
37580 5
37590 4
37600 3
37610 2
37620 0
37630 2
37640 3
37650 0
37660 0
37670 0
37680 0
37690 0
37700 0
37710 0
37720 0
37730 0
37740 0
37750 0
37760 0
37770 0
37780 0
37790 0
37800 0
37810 0
37820 0
37830 0
37840 0
37850 0
37860 0
37870 0
37880 0
37890 0
37900 0
37910 0
37920 0
37930 0
37940 0
37950 0
37960 0
37970 0
37980 0
37990 0
38000 0
38010 0
38020 0
38030 0
38040 0
38050 0
38060 0
38070 0
38080 0
38090 0
38100 0
38110 0
38120 0
38130 0
38140 0
38150 0
38160 0
38170 0
38180 0
38190 0
38200 0
38210 0
38220 0
38230 0
38240 0
38250 0
38260 0
38270 0
38280 0
38290 0
38300 0
38310 0
38320 0
38330 0
38340 0
38350 0
38360 0
38370 0
38380 0
38390 0
38400 0
38410 0
38420 0
38430 0
38440 0
38450 0
38460 0
38470 0
38480 0
38490 0
38500 0
38510 0
38520 0
38530 0
38540 0
38550 0
38560 0
38570 0
38580 0
38590 0
38600 0
38610 0
38620 0
38630 0
38640 0
38650 0
38660 0
38670 0
38680 0
38690 0
38700 0
38710 0
38720 0
38730 0
38740 0
38750 0
38760 0
38770 0
38780 0
38790 0
38800 0
38810 0
38820 0
38830 0
38840 0
38850 0
38860 0
38870 0
38880 0
38890 0
38900 0
38910 0
38920 0
38930 0
38940 0
38950 0
38960 0
38970 0
38980 0
38990 0
39000 0
39010 0
39020 0
39030 0
39040 0
39050 0
39060 0
39070 0
39080 0
39090 0
39100 0
39110 0
39120 0
39130 0
39140 0
39150 0
39160 0
39170 0
39180 0
39190 0
39200 0
39210 0
39220 0
39230 0
39240 0
39250 0
39260 0
39270 0
39280 0
39290 0
39300 0
39310 0
39320 0
39330 0
39340 0
39350 0
39360 0
39370 0
39380 0
39390 0
39400 0
39410 0
39420 0
39430 0
39440 0
39450 0
39460 0
39470 0
39480 0
39490 0
39500 0
39510 0
39520 0
39530 0
39540 0
39550 0
39560 0
39570 0
39580 0
39590 0
39600 0
39610 0
39620 0
39630 0
39640 0
39650 0
39660 0
39670 0
39680 0
39690 0
39700 0
39710 0
39720 0
39730 0
39740 0
39750 0
39760 0
39770 0
39780 0
39790 0
39800 0
39810 0
39820 0
39830 0
39840 0
39850 0
39860 0
39870 0
39880 0
39890 0
39900 0
39910 0
39920 0
39930 0
39940 0
39950 0
39960 0
39970 0
39980 0
39990 0
40000 0
40010 0
40020 0
40030 0
40040 0
40050 0
40060 0
40070 0
40080 0
40090 0
40100 0
40110 0
40120 0
40130 0
40140 0
40150 0
40160 0
40170 0
40180 0
40190 0
40200 0
40210 0
40220 0
40230 0
40240 0
40250 0
40260 0
40270 0
40280 0
40290 0
40300 0
40310 0
40320 0
40330 0
40340 0
40350 0
40360 0
40370 0
40380 0
40390 0
40400 0
40410 0
40420 0
40430 0
40440 0
40450 0
40460 0
40470 0
40480 0
40490 0
40500 0
40510 0
40520 0
40530 0
40540 0
40550 0
40560 0
40570 0
40580 0
40590 0
40600 0
40610 0
40620 0
40630 0
40640 0
40650 0
40660 0
40670 0
40680 0
40690 0
40700 0
40710 0
40720 0
40730 0
40740 0
40750 0
40760 0
40770 0
40780 0
40790 0
40800 0
40810 0
40820 0
40830 0
40840 0
40850 0
40860 0
40870 0
40880 0
40890 0
40900 0
40910 0
40920 0
40930 0
40940 0
40950 0
40960 0
40970 0
40980 0
40990 0
41000 0
41010 0
41020 0
41030 0
41040 0
41050 0
41060 0
41070 0
41080 0
41090 0
41100 0
41110 0
41120 0
41130 0
41140 0
41150 0
41160 0
41170 0
41180 0
41190 0
41200 0
41210 0
41220 0
41230 0
41240 0
41250 0
41260 0
41270 0
41280 0
41290 0
41300 0
41310 0
41320 0
41330 0
41340 0
41350 0
41360 0
41370 0
41380 0
41390 0
41400 0
41410 0
41420 0
41430 0
41440 0
41450 0
41460 0
41470 0
41480 0
41490 0
41500 0
41510 0
41520 0
41530 0
41540 0
41550 0
41560 0
41570 0
41580 0
41590 0
41600 0
41610 0
41620 0
41630 0
41640 0
41650 0
41660 0
41670 0
41680 0
41690 0
41700 0
41710 0
41720 0
41730 0
41740 0
41750 0
41760 0
41770 0
41780 0
41790 0
41800 0
41810 0
41820 0
41830 0
41840 0
41850 0
41860 0
41870 0
41880 0
41890 0
41900 0
41910 0
41920 0
41930 0
41940 0
41950 0
41960 0
41970 0
41980 0
41990 0
42000 0
42010 0
42020 0
42030 0
42040 0
42050 0
42060 0
42070 0
42080 0
42090 0
42100 0
42110 0
42120 0
42130 0
42140 0
42150 0
42160 0
42170 0
42180 0
42190 0
42200 0
42210 0
42220 0
42230 0
42240 0
42250 0
42260 0
42270 0
42280 0
42290 0
42300 0
42310 0
42320 0
42330 0
42340 0
42350 0
42360 0
42370 0
42380 0
42390 0
42400 0
42410 0
42420 0
42430 0
42440 0
42450 0
42460 0
42470 0
42480 0
42490 0
42500 0
42510 0
42520 0
42530 0
42540 0
42550 0
42560 0
42570 0
42580 0
42590 0
42600 0
42610 0
42620 0
42630 0
42640 0
42650 0
42660 0
42670 0
42680 0
42690 0
42700 0
42710 0
42720 0
42730 0
42740 0
42750 0
42760 0
42770 0
42780 0
42790 0
42800 0
42810 0
42820 0
42830 0
42840 0
42850 0
42860 0
42870 0
42880 0
42890 0
42900 0
42910 0
42920 0
42930 0
42940 0
42950 0
42960 0
42970 0
42980 0
42990 0
43000 0
43010 0
43020 0
43030 0
43040 0
43050 0
43060 0
43070 0
43080 0
43090 0
43100 0
43110 0
43120 0
43130 0
43140 0
43150 0
43160 0
43170 0
43180 0
43190 0
43200 5
43210 0
43220 0
43230 0
43240 0
43250 0
43260 0
43270 0
43280 0
43290 0
43300 0
43310 0
43320 0
43330 0
43340 0
43350 0
43360 0
43370 0
43380 0
43390 0
43400 0
43410 0
43420 0
43430 0
43440 0
43450 0
43460 0
43470 0
43480 0
43490 0
43500 0
43510 0
43520 0
43530 0
43540 0
43550 0
43560 0
43570 0
43580 0
43590 0
43600 0
43610 0
43620 0
43630 0
43640 0
43650 0
43660 0
43670 0
43680 0
43690 0
43700 0
43710 0
43720 0
43730 0
43740 0
43750 0
43760 0
43770 0
43780 0
43790 0
43800 0
43810 0
43820 0
43830 0
43840 0
43850 0
43860 0
43870 0
43880 0
43890 0
43900 0
43910 0
43920 0
43930 0
43940 0
43950 0
43960 0
43970 0
43980 0
43990 0
44000 0
44010 0
44020 0
44030 0
44040 0
44050 0
44060 0
44070 0
44080 0
44090 0
44100 0
44110 0
44120 0
44130 0
44140 0
44150 0
44160 0
44170 0
44180 0
44190 0
44200 0
44210 0
44220 0
44230 0
44240 0
44250 0
44260 0
44270 0
44280 0
44290 0
44300 0
44310 0
44320 0
44330 0
44340 0
44350 0
44360 0
44370 0
44380 0
44390 0
44400 0
44410 0
44420 0
44430 0
44440 0
44450 0
44460 0
44470 0
44480 0
44490 0
44500 0
44510 0
44520 0
44530 0
44540 0
44550 0
44560 0
44570 0
44580 0
44590 0
44600 0
44610 0
44620 0
44630 0
44640 0
44650 0
44660 0
44670 0
44680 0
44690 0
44700 0
44710 0
44720 0
44730 0
44740 0
44750 0
44760 0
44770 0
44780 0
44790 0
44800 0
44810 0
44820 0
44830 0
44840 0
44850 0
44860 0
44870 0
44880 0
44890 0
44900 0
44910 0
44920 0
44930 0
44940 0
44950 0
44960 0
44970 0
44980 0
44990 0
45000 0
45010 0
45020 0
45030 0
45040 0
45050 0
45060 0
45070 0
45080 0
45090 0
45100 0
45110 0
45120 0
45130 0
45140 0
45150 0
45160 0
45170 0
45180 0
45190 0
45200 0
45210 0
45220 0
45230 0
45240 0
45250 0
45260 0
45270 0
45280 0
45290 0
45300 0
45310 0
45320 0
45330 0
45340 0
45350 0
45360 0
45370 0
45380 0
45390 0
45400 0
45410 0
45420 0
45430 0
45440 0
45450 0
45460 0
45470 0
45480 0
45490 0
45500 0
45510 0
45520 0
45530 0
45540 0
45550 0
45560 0
45570 0
45580 0
45590 0
45600 0
45610 0
45620 0
45630 0
45640 0
45650 0
45660 0
45670 0
45680 0
45690 0
45700 0
45710 0
45720 0
45730 0
45740 0
45750 0
45760 0
45770 0
45780 0
45790 0
45800 0
45810 0
45820 0
45830 0
45840 0
45850 0
45860 0
45870 0
45880 0
45890 0
45900 0
45910 0
45920 0
45930 0
45940 0
45950 0
45960 0
45970 0
45980 0
45990 0
46000 0
46010 0
46020 0
46030 0
46040 0
46050 3
46060 2
46070 10
46080 0
46090 3
46100 8
46110 0
46120 12
46130 12
46140 15
46150 12
46160 12
46170 13
46180 12
46190 20
46200 15
46210 15
46220 12
46230 14
46240 13
46250 8
46260 12
46270 18
46280 14
46290 13
46300 14
46310 4
46320 3
46330 3
46340 6
46350 0
46360 0
46370 0
46380 0
46390 0
46400 0
46410 0
46420 0
46430 0
46440 0
46450 0
46460 0
46470 0
46480 0
46490 0
46500 0
46510 0
46520 0
46530 0
46540 0
46550 0
46560 0
46570 0
46580 0
46590 0
46600 0
46610 0
46620 0
46630 0
46640 0
46650 0
46660 0
46670 0
46680 0
46690 0
46700 0
46710 0
46720 0
46730 0
46740 0
46750 0
46760 0
46770 0
46780 0
46790 0
46800 0
46810 0
46820 0
46830 0
46840 0
46850 0
46860 0
46870 0
46880 0
46890 0
46900 0
46910 0
46920 0
46930 0
46940 0
46950 0
46960 0
46970 0
46980 0
46990 0
47000 0
47010 0
47020 0
47030 0
47040 0
47050 0
47060 0
47070 0
47080 0
47090 0
47100 0
47110 0
47120 0
47130 0
47140 0
47150 0
47160 0
47170 0
47180 0
47190 0
47200 0
47210 0
47220 0
47230 0
47240 0
47250 0
47260 0
47270 0
47280 0
47290 0
47300 0
47310 0
47320 0
47330 0
47340 0
47350 0
47360 0
47370 0
47380 0
47390 0
47400 0
47410 0
47420 0
47430 0
47440 0
47450 0
47460 0
47470 0
47480 0
47490 0
47500 0
47510 0
47520 0
47530 0
47540 0
47550 0
47560 0
47570 0
47580 0
47590 0
47600 0
47610 0
47620 0
47630 0
47640 0
47650 0
47660 0
47670 0
47680 0
47690 0
47700 0
47710 0
47720 0
47730 0
47740 0
47750 0
47760 0
47770 0
47780 0
47790 0
47800 0
47810 0
47820 0
47830 0
47840 0
47850 0
47860 0
47870 0
47880 0
47890 0
47900 0
47910 0
47920 0
47930 0
47940 0
47950 0
47960 0
47970 0
47980 0
47990 0
48000 0
48010 0
48020 0
48030 0
48040 0
48050 0
48060 0
48070 0
48080 0
48090 0
48100 0
48110 0
48120 0
48130 0
48140 0
48150 0
48160 0
48170 0
48180 0
48190 0
48200 0
48210 0
48220 0
48230 0
48240 0
48250 0
48260 0
48270 0
48280 0
48290 0
48300 0
48310 0
48320 0
48330 0
48340 0
48350 0
48360 0
48370 0
48380 0
48390 0
48400 0
48410 0
48420 0
48430 0
48440 0
48450 0
48460 0
48470 0
48480 0
48490 0
48500 0
48510 0
48520 0
48530 0
48540 0
48550 0
48560 0
48570 0
48580 0
48590 0
48600 0
48610 0
48620 0
48630 0
48640 0
48650 0
48660 0
48670 0
48680 0
48690 0
48700 0
48710 0
48720 0
48730 0
48740 0
48750 0
48760 0
48770 0
48780 0
48790 0
48800 0
48810 0
48820 0
48830 0
48840 0
48850 0
48860 0
48870 0
48880 0
48890 0
48900 0
48910 0
48920 0
48930 0
48940 0
48950 0
48960 0
48970 0
48980 0
48990 0
49000 0
49010 0
49020 0
49030 0
49040 0
49050 0
49060 0
49070 0
49080 0
49090 0
49100 0
49110 0
49120 0
49130 0
49140 0
49150 0
49160 0
49170 0
49180 0
49190 0
49200 0
49210 0
49220 0
49230 0
49240 0
49250 0
49260 0
49270 0
49280 0
49290 0
49300 0
49310 0
49320 0
49330 0
49340 0
49350 0
49360 0
49370 1
49380 9
49390 4
49400 1
49410 0
49420 0
49430 5
49440 1
49450 4
49460 0
49470 1
49480 9
49490 4
49500 3
49510 1
49520 1
49530 9
49540 1
49550 8
49560 9
49570 5
49580 3
49590 6
49600 0
49610 0
49620 1
49630 3
49640 0
49650 0
49660 0
49670 4
49680 1
49690 0
49700 0
49710 0
49720 1
49730 0
49740 0
49750 0
49760 0
49770 0
49780 0
49790 0
49800 0
49810 0
49820 0
49830 0
49840 0
49850 0
49860 7
49870 6
49880 8
49890 10
49900 7
49910 1
49920 0
49930 0
49940 0
49950 0
49960 0
49970 0
49980 0
49990 0
50000 5
50010 0
50020 0
50030 0
50040 0
50050 0
50060 0
50070 0
50080 0
50090 9
50100 3
50110 0
50120 0
50130 5
50140 3
50150 0
50160 0
50170 0
50180 0
50190 0
50200 0
50210 0
50220 0
50230 2
50240 1
50250 0
50260 0
50270 0
50280 0
50290 0
50300 0
50310 0
50320 0
50330 6
50340 0
50350 0
50360 0
50370 0
50380 0
50390 0
50400 4
50410 5
50420 5
50430 16
50440 13
50450 21
50460 12
50470 11
50480 9
50490 22
50500 23
50510 5
50520 17
50530 6
50540 0
50550 4
50560 4
50570 4
50580 0
50590 0
50600 0
50610 0
50620 0
50630 4
50640 2
50650 4
50660 3
50670 4
50680 0
50690 6
50700 3
50710 5
50720 4
50730 14
50740 3
50750 3
50760 3
50770 14
50780 8
50790 11
50800 5
50810 16
50820 4
50830 12
50840 12
50850 25
50860 15
50870 4
50880 6
50890 1
50900 3
50910 1
50920 6
50930 4
50940 8
50950 4
50960 7
50970 11
50980 12
50990 11
51000 5
51010 18
51020 25
51030 28
51040 2
51050 16
51060 10
51070 11
51080 23
51090 6
51100 16
51110 23
51120 20
51130 19
51140 22
51150 8
51160 20
51170 11
51180 8
51190 9
51200 16
51210 14
51220 19
51230 4
51240 15
51250 14
51260 10
51270 11
51280 17
51290 19
51300 9
51310 15
51320 11
51330 12
51340 0
51350 0
51360 0
51370 3
51380 3
51390 7
51400 1
51410 13
51420 9
51430 0
51440 2
51450 2
51460 0
51470 0
51480 12
51490 9
51500 6
51510 2
51520 25
51530 14
51540 4
51550 10
51560 11
51570 9
51580 12
51590 9
51600 22
51610 4
51620 5
51630 2
51640 12
51650 11
51660 10
51670 8
51680 0
51690 0
51700 0
51710 0
51720 3
51730 2
51740 0
51750 0
51760 0
51770 0
51780 0
51790 0
51800 0
51810 0
51820 0
51830 0
51840 0
51850 0
51860 0
51870 0
51880 0
51890 0
51900 0
51910 0
51920 0
51930 0
51940 0
51950 1
51960 1
51970 0
51980 0
51990 0
52000 2
52010 0
52020 0
52030 0
52040 1
52050 0
52060 0
52070 0
52080 0
52090 0
52100 0
52110 0
52120 0
52130 0
52140 0
52150 0
52160 0
52170 0
52180 0
52190 0
52200 8
52210 0
52220 0
52230 0
52240 0
52250 10
52260 14
52270 3
52280 16
52290 16
52300 14
52310 19
52320 19
52330 10
52340 18
52350 19
52360 13
52370 16
52380 13
52390 10
52400 0
52410 0
52420 1
52430 9
52440 5
52450 4
52460 6
52470 9
52480 9
52490 10
52500 10
52510 10
52520 11
52530 13
52540 13
52550 11
52560 12
52570 11
52580 11
52590 10
52600 13
52610 10
52620 10
52630 10
52640 7
52650 2
52660 7
52670 6
52680 13
52690 8
52700 9
52710 12
52720 9
52730 11
52740 13
52750 14
52760 16
52770 9
52780 14
52790 14
52800 12
52810 8
52820 10
52830 5
52840 11
52850 10
52860 9
52870 5
52880 13
52890 13
52900 9
52910 7
52920 8
52930 7
52940 6
52950 9
52960 9
52970 11
52980 9
52990 9
53000 1
53010 5
53020 5
53030 0
53040 5
53050 1
53060 9
53070 0
53080 5
53090 9
53100 1
53110 8
53120 9
53130 9
53140 9
53150 8
53160 9
53170 9
53180 3
53190 5
53200 7
53210 10
53220 11
53230 12
53240 9
53250 9
53260 3
53270 3
53280 2
53290 10
53300 11
53310 9
53320 8
53330 9
53340 9
53350 4
53360 9
53370 11
53380 10
53390 12
53400 1
53410 11
53420 13
53430 11
53440 11
53450 11
53460 14
53470 12
53480 9
53490 1
53500 0
53510 0
53520 0
53530 0
53540 0
53550 0
53560 0
53570 0
53580 1
53590 0
53600 0
53610 0
53620 0
53630 0
53640 0
53650 0
53660 0
53670 0
53680 2
53690 0
53700 0
53710 0
53720 0
53730 0
53740 1
53750 0
53760 0
53770 11
53780 11
53790 5
53800 12
53810 5
53820 5
53830 11
53840 5
53850 11
53860 9
53870 8
53880 8
53890 13
53900 11
53910 16
53920 13
53930 13
53940 18
53950 16
53960 13
53970 12
53980 16
53990 19
54000 8
54010 14
54020 2
54030 5
54040 9
54050 6
54060 11
54070 9
54080 9
54090 4
54100 1
54110 1
54120 1
54130 5
54140 0
54150 0
54160 1
54170 4
54180 8
54190 10
54200 7
54210 11
54220 11
54230 13
54240 5
54250 8
54260 7
54270 6
54280 6
54290 6
54300 5
54310 5
54320 12
54330 6
54340 11
54350 7
54360 7
54370 6
54380 11
54390 12
54400 13
54410 7
54420 16
54430 6
54440 17
54450 16
54460 5
54470 4
54480 18
54490 13
54500 8
54510 14
54520 6
54530 14
54540 15
54550 6
54560 16
54570 7
54580 6
54590 10
54600 6
54610 1
54620 0
54630 0
54640 0
54650 1
54660 0
54670 1
54680 1
54690 0
54700 0
54710 0
54720 0
54730 0
54740 0
54750 0
54760 0
54770 3
54780 5
54790 0
54800 6
54810 5
54820 6
54830 9
54840 9
54850 5
54860 4
54870 9
54880 12
54890 2
54900 10
54910 9
54920 8
54930 4
54940 4
54950 0
54960 0
54970 0
54980 0
54990 0
55000 6
55010 9
55020 10
55030 8
55040 4
55050 10
55060 1
55070 0
55080 0
55090 0
55100 3
55110 1
55120 9
55130 11
55140 9
55150 12
55160 1
55170 10
55180 12
55190 11
55200 7
55210 9
55220 6
55230 13
55240 10
55250 4
55260 7
55270 7
55280 12
55290 11
55300 11
55310 0
55320 5
55330 5
55340 0
55350 0
55360 9
55370 1
55380 9
55390 6
55400 10
55410 0
55420 0
55430 4
55440 7
55450 5
55460 10
55470 10
55480 5
55490 6
55500 7
55510 9
55520 5
55530 6
55540 4
55550 6
55560 8
55570 13
55580 5
55590 6
55600 6
55610 1
55620 7
55630 2
55640 0
55650 0
55660 0
55670 0
55680 0
55690 5
55700 0
55710 6
55720 1
55730 0
55740 7
55750 4
55760 10
55770 12
55780 5
55790 9
55800 9
55810 5
55820 7
55830 8
55840 10
55850 6
55860 11
55870 7
55880 3
55890 3
55900 1
55910 1
55920 0
55930 5
55940 3
55950 1
55960 14
55970 1
55980 11
55990 14
56000 7
56010 10
56020 9
56030 9
56040 7
56050 1
56060 4
56070 1
56080 1
56090 5
56100 9
56110 9
56120 10
56130 7
56140 11
56150 7
56160 3
56170 3
56180 9
56190 5
56200 3
56210 4
56220 2
56230 10
56240 9
56250 6
56260 9
56270 10
56280 9
56290 3
56300 5
56310 8
56320 4
56330 9
56340 9
56350 5
56360 8
56370 5
56380 10
56390 6
56400 9
56410 8
56420 8
56430 9
56440 0
56450 9
56460 9
56470 9
56480 4
56490 11
56500 9
56510 9
56520 9
56530 9
56540 9
56550 9
56560 9
56570 5
56580 6
56590 9
56600 9
56610 9
56620 9
56630 9
56640 10
56650 9
56660 6
56670 10
56680 10
56690 9
56700 9
56710 9
56720 9
56730 9
56740 9
56750 9
56760 9
56770 9
56780 9
56790 6
56800 9
56810 5
56820 13
56830 13
56840 11
56850 11
56860 10
56870 11
56880 10
56890 10
56900 9
56910 10
56920 10
56930 12
56940 14
56950 9
56960 9
56970 10
56980 10
56990 11
57000 11
57010 12
57020 11
57030 11
57040 10
57050 10
57060 11
57070 11
57080 11
57090 11
57100 6
57110 10
57120 9
57130 9
57140 11
57150 10
57160 12
57170 10
57180 11
57190 10
57200 10
57210 5
57220 10
57230 13
57240 15
57250 10
57260 9
57270 10
57280 11
57290 11
57300 11
57310 11
57320 10
57330 11
57340 13
57350 11
57360 7
57370 7
57380 12
57390 11
57400 13
57410 15
57420 10
57430 11
57440 10
57450 10
57460 15
57470 15
57480 16
57490 6
57500 7
57510 9
57520 4
57530 7
57540 6
57550 0
57560 0
57570 0
57580 10
57590 14
57600 12
57610 12
57620 7
57630 19
57640 3
57650 0
57660 11
57670 11
57680 11
57690 11
57700 4
57710 11
57720 15
57730 13
57740 0
57750 13
57760 7
57770 7
57780 13
57790 1
57800 0
57810 5
57820 0
57830 10
57840 5
57850 5
57860 0
57870 17
57880 13
57890 5
57900 6
57910 12
57920 13
57930 16
57940 8
57950 9
57960 18
57970 11
57980 17
57990 11
58000 13
58010 14
58020 15
58030 6
58040 16
58050 13
58060 16
58070 11
58080 2
58090 3
58100 4
58110 15
58120 15
58130 12
58140 6
58150 9
58160 10
58170 11
58180 10
58190 14
58200 6
58210 9
58220 9
58230 4
58240 6
58250 9
58260 6
58270 17
58280 20
58290 7
58300 15
58310 14
58320 21
58330 25
58340 29
58350 18
58360 26
58370 28
58380 23
58390 15
58400 12
58410 7
58420 15
58430 8
58440 4
58450 2
58460 2
58470 0
58480 12
58490 6
58500 8
58510 9
58520 8
58530 5
58540 6
58550 3
58560 1
58570 1
58580 1
58590 12
58600 12
58610 13
58620 12
58630 11
58640 11
58650 13
58660 6
58670 12
58680 11
58690 11
58700 12
58710 12
58720 13
58730 12
58740 15
58750 11
58760 11
58770 8
58780 11
58790 11
58800 3
58810 1
58820 5
58830 0
58840 0
58850 0
58860 0
58870 3
58880 2
58890 3
58900 1
58910 5
58920 1
58930 0
58940 4
58950 3
58960 1
58970 7
58980 3
58990 14
59000 8
59010 5
59020 11
59030 2
59040 7
59050 6
59060 7
59070 3
59080 5
59090 8
59100 4
59110 3
59120 0
59130 1
59140 0
59150 4
59160 6
59170 9
59180 9
59190 6
59200 7
59210 9
59220 8
59230 5
59240 10
59250 5
59260 4
59270 6
59280 8
59290 4
59300 5
59310 12
59320 4
59330 1
59340 0
59350 1
59360 2
59370 1
59380 0
59390 3
59400 3
59410 3
59420 3
59430 3
59440 9
59450 3
59460 1
59470 4
59480 2
59490 0
59500 0
59510 0
59520 0
59530 0
59540 0
59550 0
59560 0
59570 0
59580 0
59590 0
59600 0
59610 0
59620 0
59630 0
59640 0
59650 0
59660 0
59670 0
59680 0
59690 0
59700 0
59710 0
59720 0
59730 0
59740 0
59750 0
59760 0
59770 0
59780 0
59790 0
59800 1
59810 1
59820 0
59830 6
59840 19
59850 4
59860 5
59870 0
59880 0
59890 0
59900 0
59910 0
59920 4
59930 2
59940 0
59950 0
59960 0
59970 0
59980 0
59990 1
60000 3
60010 2
60020 2
60030 1
60040 4
60050 6
60060 5
60070 1
60080 1
60090 5
60100 1
60110 0
60120 0
60130 4
60140 0
60150 0
60160 3
60170 4
60180 4
60190 1
60200 9
60210 0
60220 5
60230 1
60240 0
60250 0
60260 2
60270 3
60280 5
60290 2
60300 3
60310 0
60320 0
60330 0
60340 0
60350 0
60360 0
60370 0
60380 0
60390 0
60400 0
60410 1
60420 0
60430 0
60440 0
60450 0
60460 4
60470 0
60480 0
60490 0
60500 0
60510 0
60520 0
60530 0
60540 0
60550 0
60560 0
60570 0
60580 0
60590 0
60600 0
60610 0
60620 0
60630 0
60640 0
60650 0
60660 0
60670 0
60680 0
60690 0
60700 0
60710 0
60720 3
60730 3
60740 3
60750 10
60760 8
60770 4
60780 6
60790 8
60800 3
60810 13
60820 12
60830 6
60840 11
60850 10
60860 6
60870 7
60880 7
60890 1
60900 0
60910 0
60920 0
60930 0
60940 0
60950 0
60960 1
60970 0
60980 0
60990 5
61000 9
61010 4
61020 5
61030 0
61040 0
61050 0
61060 0
61070 0
61080 0
61090 0
61100 2
61110 0
61120 0
61130 0
61140 0
61150 4
61160 5
61170 1
61180 5
61190 5
61200 5
61210 0
61220 0
61230 0
61240 0
61250 1
61260 0
61270 0
61280 0
61290 0
61300 0
61310 0
61320 4
61330 4
61340 6
61350 5
61360 0
61370 0
61380 0
61390 0
61400 0
61410 0
61420 0
61430 0
61440 0
61450 0
61460 0
61470 0
61480 0
61490 0
61500 0
61510 0
61520 0
61530 0
61540 0
61550 0
61560 0
61570 0
61580 0
61590 0
61600 0
61610 0
61620 0
61630 0
61640 0
61650 0
61660 0
61670 0
61680 0
61690 0
61700 0
61710 0
61720 1
61730 1
61740 0
61750 1
61760 10
61770 1
61780 5
61790 0
61800 0
61810 4
61820 0
61830 0
61840 0
61850 2
61860 3
61870 3
61880 6
61890 7
61900 0
61910 1
61920 0
61930 0
61940 1
61950 1
61960 2
61970 1
61980 9
61990 1
62000 12
62010 0
62020 5
62030 9
62040 6
62050 0
62060 2
62070 3
62080 5
62090 6
62100 3
62110 0
62120 1
62130 9
62140 5
62150 3
62160 1
62170 0
62180 0
62190 1
62200 0
62210 0
62220 0
62230 1
62240 3
62250 3
62260 3
62270 1
62280 8
62290 7
62300 6
62310 5
62320 4
62330 6
62340 8
62350 8
62360 4
62370 0
62380 0
62390 0
62400 0
62410 0
62420 0
62430 0
62440 0
62450 1
62460 0
62470 0
62480 0
62490 0
62500 1
62510 2
62520 0
62530 1
62540 0
62550 0
62560 0
62570 0
62580 0
62590 0
62600 0
62610 0
62620 0
62630 0
62640 0
62650 0
62660 0
62670 0
62680 0
62690 1
62700 5
62710 7
62720 5
62730 1
62740 0
62750 0
62760 2
62770 0
62780 0
62790 0
62800 1
62810 9
62820 13
62830 10
62840 8
62850 0
62860 0
62870 0
62880 0
62890 0
62900 1
62910 0
62920 0
62930 1
62940 5
62950 11
62960 0
62970 0
62980 1
62990 7
63000 11
63010 3
63020 0
63030 2
63040 7
63050 14
63060 4
63070 0
63080 0
63090 0
63100 0
63110 0
63120 0
63130 2
63140 4
63150 0
63160 10
63170 0
63180 0
63190 0
63200 0
63210 3
63220 7
63230 0
63240 0
63250 0
63260 0
63270 0
63280 0
63290 0
63300 0
63310 0
63320 0
63330 0
63340 0
63350 0
63360 0
63370 0
63380 0
63390 0
63400 0
63410 0
63420 0
63430 0
63440 0
63450 0
63460 0
63470 0
63480 0
63490 0
63500 0
63510 0
63520 0
63530 2
63540 1
63550 0
63560 0
63570 0
63580 0
63590 0
63600 0
63610 0
63620 0
63630 0
63640 0
63650 0
63660 0
63670 0
63680 0
63690 0
63700 0
63710 0
63720 0
63730 0
63740 0
63750 0
63760 0
63770 1
63780 0
63790 0
63800 0
63810 0
63820 2
63830 0
63840 0
63850 0
63860 0
63870 0
63880 0
63890 0
63900 0
63910 0
63920 0
63930 0
63940 0
63950 0
63960 0
63970 0
63980 0
63990 0
64000 0
64010 0
64020 0
64030 0
64040 0
64050 0
64060 0
64070 0
64080 0
64090 0
64100 0
64110 0
64120 0
64130 0
64140 0
64150 6
64160 5
64170 4
64180 5
64190 9
64200 9
64210 6
64220 0
64230 1
64240 0
64250 0
64260 0
64270 0
64280 0
64290 0
64300 0
64310 0
64320 0
64330 0
64340 0
64350 0
64360 0
64370 0
64380 0
64390 0
64400 0
64410 0
64420 0
64430 0
64440 0
64450 0
64460 0
64470 0
64480 0
64490 0
64500 0
64510 0
64520 0
64530 0
64540 0
64550 0
64560 0
64570 0
64580 0
64590 0
64600 0
64610 0
64620 0
64630 0
64640 0
64650 0
64660 0
64670 1
64680 0
64690 0
64700 0
64710 0
64720 2
64730 1
64740 0
64750 0
64760 0
64770 9
64780 1
64790 1
64800 1
64810 5
64820 0
64830 0
64840 0
64850 0
64860 0
64870 0
64880 10
64890 7
64900 1
64910 1
64920 0
64930 0
64940 0
64950 1
64960 5
64970 10
64980 13
64990 10
65000 0
65010 1
65020 5
65030 8
65040 4
65050 2
65060 0
65070 0
65080 0
65090 0
65100 0
65110 0
65120 0
65130 0
65140 1
65150 0
65160 0
65170 0
65180 1
65190 3
65200 1
65210 0
65220 0
65230 0
65240 1
65250 1
65260 2
65270 2
65280 1
65290 1
65300 1
65310 2
65320 0
65330 3
65340 0
65350 10
65360 7
65370 11
65380 12
65390 11
65400 18
65410 8
65420 5
65430 0
65440 4
65450 1
65460 12
65470 6
65480 5
65490 0
65500 1
65510 2
65520 2
65530 0
65540 1
65550 0
65560 1
65570 1
65580 1
65590 5
65600 5
65610 3
65620 1
65630 0
65640 2
65650 0
65660 3
65670 0
65680 0
65690 0
65700 0
65710 0
65720 5
65730 9
65740 12
65750 5
65760 10
65770 8
65780 10
65790 18
65800 8
65810 12
65820 10
65830 7
65840 12
65850 13
65860 14
65870 16
65880 16
65890 3
65900 9
65910 10
65920 5
65930 15
65940 6
65950 9
65960 2
65970 13
65980 9
65990 14
66000 8
66010 2
66020 4
66030 1
66040 0
66050 2
66060 0
66070 0
66080 0
66090 0
66100 0
66110 0
66120 0
66130 0
66140 0
66150 0
66160 0
66170 0
66180 0
66190 0
66200 0
66210 0
66220 0
66230 0
66240 0
66250 0
66260 0
66270 0
66280 1
66290 0
66300 1
66310 5
66320 5
66330 0
66340 0
66350 1
66360 0
66370 0
66380 1
66390 0
66400 0
66410 0
66420 0
66430 0
66440 10
66450 5
66460 0
66470 2
66480 1
66490 0
66500 0
66510 0
66520 1
66530 2
66540 0
66550 1
66560 0
66570 1
66580 9
66590 0
66600 1
66610 0
66620 0
66630 0
66640 0
66650 0
66660 0
66670 0
66680 0
66690 3
66700 0
66710 1
66720 2
66730 6
66740 1
66750 0
66760 0
66770 0
66780 0
66790 0
66800 0
66810 0
66820 0
66830 0
66840 0
66850 0
66860 1
66870 0
66880 0
66890 0
66900 0
66910 0
66920 5
66930 1
66940 0
66950 0
66960 0
66970 0
66980 0
66990 0
67000 0
67010 0
67020 0
67030 0
67040 0
67050 0
67060 0
67070 0
67080 0
67090 0
67100 5
67110 0
67120 0
67130 0
67140 0
67150 0
67160 1
67170 0
67180 0
67190 0
67200 0
67210 0
67220 0
67230 0
67240 0
67250 0
67260 0
67270 0
67280 0
67290 0
67300 0
67310 0
67320 0
67330 0
67340 0
67350 0
67360 0
67370 0
67380 0
67390 0
67400 0
67410 0
67420 0
67430 0
67440 0
67450 0
67460 0
67470 0
67480 0
67490 0
67500 0
67510 0
67520 0
67530 0
67540 0
67550 0
67560 0
67570 0
67580 0
67590 0
67600 0
67610 0
67620 0
67630 1
67640 1
67650 0
67660 1
67670 1
67680 0
67690 1
67700 1
67710 7
67720 15
67730 12
67740 5
67750 20
67760 6
67770 19
67780 13
67790 10
67800 5
67810 4
67820 3
67830 14
67840 7
67850 5
67860 9
67870 9
67880 10
67890 5
67900 8
67910 7
67920 5
67930 6
67940 4
67950 7
67960 8
67970 9
67980 6
67990 6
68000 2
68010 11
68020 2
68030 0
68040 4
68050 2
68060 12
68070 0
68080 5
68090 3
68100 0
68110 0
68120 0
68130 0
68140 0
68150 0
68160 0
68170 5
68180 6
68190 0
68200 5
68210 4
68220 1
68230 0
68240 0
68250 0
68260 1
68270 0
68280 2
68290 0
68300 0
68310 0
68320 0
68330 0
68340 0
68350 0
68360 0
68370 0
68380 0
68390 0
68400 0
68410 1
68420 5
68430 0
68440 4
68450 9
68460 13
68470 9
68480 13
68490 6
68500 1
68510 4
68520 12
68530 12
68540 7
68550 3
68560 6
68570 0
68580 6
68590 9
68600 2
68610 5
68620 15
68630 10
68640 1
68650 0
68660 1
68670 1
68680 1
68690 0
68700 0
68710 1
68720 1
68730 0
68740 0
68750 0
68760 1
68770 1
68780 4
68790 0
68800 0
68810 0
68820 4
68830 4
68840 1
68850 0
68860 4
68870 3
68880 3
68890 1
68900 1
68910 0
68920 0
68930 4
68940 0
68950 4
68960 1
68970 3
68980 0
68990 1
69000 4
69010 0
69020 0
69030 0
69040 4
69050 3
69060 1
69070 0
69080 0
69090 0
69100 0
69110 0
69120 0
69130 0
69140 0
69150 0
69160 0
69170 0
69180 0
69190 0
69200 0
69210 0
69220 0
69230 0
69240 0
69250 0
69260 0
69270 0
69280 0
69290 0
69300 0
69310 0
69320 0
69330 0
69340 0
69350 0
69360 0
69370 0
69380 0
69390 0
69400 0
69410 0
69420 0
69430 0
69440 0
69450 0
69460 0
69470 0
69480 0
69490 0
69500 0
69510 0
69520 0
69530 0
69540 0
69550 0
69560 0
69570 0
69580 0
69590 0
69600 0
69610 0
69620 0
69630 0
69640 0
69650 0
69660 0
69670 0
69680 0
69690 0
69700 0
69710 0
69720 0
69730 0
69740 0
69750 0
69760 0
69770 0
69780 0
69790 0
69800 0
69810 0
69820 0
69830 0
69840 0
69850 0
69860 0
69870 0
69880 0
69890 0
69900 0
69910 0
69920 0
69930 0
69940 0
69950 0
69960 0
69970 0
69980 0
69990 0
70000 0
70010 0
70020 0
70030 0
70040 0
70050 0
70060 0
70070 0
70080 0
70090 0
70100 0
70110 0
70120 0
70130 0
70140 0
70150 0
70160 0
70170 0
70180 0
70190 0
70200 0
70210 0
70220 0
70230 0
70240 0
70250 0
70260 0
70270 0
70280 0
70290 0
70300 0
70310 0
70320 0
70330 0
70340 0
70350 0
70360 0
70370 0
70380 0
70390 0
70400 0
70410 0
70420 0
70430 0
70440 0
70450 0
70460 0
70470 0
70480 0
70490 0
70500 0
70510 0
70520 0
70530 0
70540 0
70550 1
70560 0
70570 0
70580 0
70590 0
70600 1
70610 0
70620 0
70630 0
70640 0
70650 0
70660 0
70670 0
70680 0
70690 0
70700 0
70710 1
70720 4
70730 6
70740 6
70750 10
70760 6
70770 2
70780 7
70790 3
70800 5
70810 11
70820 1
70830 8
70840 1
70850 1
70860 5
70870 0
70880 7
70890 1
70900 10
70910 0
70920 3
70930 5
70940 0
70950 0
70960 0
70970 0
70980 6
70990 3
71000 3
71010 4
71020 4
71030 5
71040 7
71050 1
71060 5
71070 2
71080 0
71090 1
71100 3
71110 2
71120 5
71130 1
71140 4
71150 0
71160 7
71170 0
71180 2
71190 1
71200 2
71210 3
71220 0
71230 4
71240 0
71250 5
71260 4
71270 1
71280 9
71290 5
71300 6
71310 8
71320 7
71330 4
71340 5
71350 4
71360 5
71370 4
71380 8
71390 8
71400 13
71410 8
71420 11
71430 13
71440 15
71450 16
71460 8
71470 11
71480 17
71490 13
71500 15
71510 20
71520 9
71530 6
71540 8
71550 20
71560 13
71570 15
71580 16
71590 15
71600 9
71610 8
71620 7
71630 9
71640 12
71650 9
71660 2
71670 5
71680 5
71690 6
71700 17
71710 11
71720 19
71730 15
71740 18
71750 2
71760 14
71770 14
71780 26
71790 19
71800 4
71810 2
71820 6
71830 3
71840 3
71850 8
71860 3
71870 3
71880 4
71890 8
71900 2
71910 4
71920 26
71930 15
71940 15
71950 3
71960 8
71970 7
71980 4
71990 10
72000 8
72010 4
72020 9
72030 2
72040 11
72050 1
72060 0
72070 0
72080 1
72090 8
72100 9
72110 0
72120 9
72130 2
72140 0
72150 0
72160 0
72170 0
72180 0
72190 0
72200 0
72210 0
72220 0
72230 0
72240 0
72250 0
72260 5
72270 5
72280 0
72290 0
72300 0
72310 0
72320 0
72330 0
72340 0
72350 0
72360 0
72370 0
72380 1
72390 0
72400 0
72410 0
72420 0
72430 0
72440 0
72450 0
72460 1
72470 7
72480 1
72490 6
72500 8
72510 8
72520 2
72530 8
72540 4
72550 7
72560 9
72570 11
72580 5
72590 1
72600 1
72610 1
72620 3
72630 0
72640 0
72650 1
72660 1
72670 0
72680 1
72690 0
72700 0
72710 1
72720 0
72730 4
72740 0
72750 6
72760 5
72770 5
72780 4
72790 1
72800 10
72810 10
72820 9
72830 2
72840 0
72850 4
72860 0
72870 6
72880 2
72890 9
72900 2
72910 14
72920 9
72930 4
72940 0
72950 0
72960 0
72970 0
72980 0
72990 0
73000 0
73010 0
73020 0
73030 0
73040 0
73050 0
73060 0
73070 0
73080 0
73090 0
73100 0
73110 1
73120 0
73130 0
73140 6
73150 3
73160 1
73170 5
73180 9
73190 17
73200 6
73210 0
73220 1
73230 0
73240 0
73250 0
73260 0
73270 0
73280 0
73290 0
73300 0
73310 0
73320 0
73330 0
73340 0
73350 0
73360 0
73370 0
73380 0
73390 0
73400 7
73410 0
73420 3
73430 0
73440 0
73450 0
73460 0
73470 1
73480 3
73490 2
73500 14
73510 0
73520 1
73530 0
73540 0
73550 0
73560 0
73570 0
73580 0
73590 0
73600 0
73610 0
73620 0
73630 2
73640 0
73650 0
73660 0
73670 0
73680 0
73690 0
73700 0
73710 0
73720 0
73730 0
73740 0
73750 0
73760 0
73770 0
73780 0
73790 0
73800 0
73810 0
73820 0
73830 0
73840 0
73850 0
73860 0
73870 0
73880 0
73890 0
73900 0
73910 0
73920 0
73930 0
73940 1
73950 0
73960 0
73970 0
73980 0
73990 0
74000 0
74010 0
74020 0
74030 0
74040 0
74050 0
74060 0
74070 0
74080 0
74090 0
74100 0
74110 0
74120 0
74130 0
74140 0
74150 0
74160 0
74170 0
74180 0
74190 0
74200 0
74210 0
74220 0
74230 0
74240 0
74250 0
74260 0
74270 0
74280 0
74290 0
74300 0
74310 0
74320 0
74330 0
74340 0
74350 0
74360 0
74370 0
74380 0
74390 0
74400 0
74410 0
74420 0
74430 0
74440 0
74450 0
74460 0
74470 0
74480 0
74490 0
74500 0
74510 0
74520 0
74530 0
74540 0
74550 0
74560 0
74570 0
74580 0
74590 0
74600 0
74610 1
74620 0
74630 0
74640 1
74650 0
74660 9
74670 9
74680 6
74690 9
74700 0
74710 5
74720 0
74730 0
74740 6
74750 0
74760 0
74770 0
74780 0
74790 0
74800 0
74810 1
74820 0
74830 0
74840 0
74850 0
74860 0
74870 0
74880 0
74890 0
74900 0
74910 0
74920 0
74930 0
74940 0
74950 0
74960 0
74970 0
74980 0
74990 0
75000 0
75010 0
75020 0
75030 0
75040 0
75050 0
75060 0
75070 0
75080 0
75090 0
75100 0
75110 0
75120 0
75130 0
75140 0
75150 0
75160 0
75170 0
75180 0
75190 0
75200 0
75210 0
75220 0
75230 0
75240 0
75250 0
75260 1
75270 4
75280 0
75290 0
75300 0
75310 0
75320 0
75330 0
75340 0
75350 0
75360 0
75370 1
75380 0
75390 0
75400 1
75410 1
75420 8
75430 7
75440 6
75450 13
75460 0
75470 0
75480 0
75490 0
75500 0
75510 2
75520 0
75530 0
75540 5
75550 0
75560 0
75570 0
75580 0
75590 0
75600 0
75610 0
75620 0
75630 0
75640 0
75650 0
75660 0
75670 0
75680 0
75690 0
75700 0
75710 0
75720 0
75730 0
75740 0
75750 0
75760 0
75770 0
75780 3
75790 5
75800 8
75810 5
75820 0
75830 0
75840 6
75850 1
75860 0
75870 2
75880 0
75890 1
75900 7
75910 7
75920 12
75930 17
75940 6
75950 15
75960 14
75970 15
75980 11
75990 7
76000 17
76010 5
76020 8
76030 7
76040 0
76050 0
76060 3
76070 10
76080 3
76090 3
76100 8
76110 6
76120 1
76130 7
76140 2
76150 3
76160 0
76170 0
76180 4
76190 4
76200 0
76210 4
76220 3
76230 10
76240 7
76250 0
76260 0
76270 0
76280 0
76290 0
76300 0
76310 0
76320 0
76330 0
76340 0
76350 1
76360 4
76370 7
76380 0
76390 0
76400 0
76410 0
76420 0
76430 0
76440 0
76450 0
76460 0
76470 0
76480 0
76490 0
76500 0
76510 0
76520 0
76530 0
76540 0
76550 0
76560 0
76570 1
76580 0
76590 3
76600 0
76610 1
76620 0
76630 0
76640 0
76650 0
76660 0
76670 0
76680 0
76690 1
76700 1
76710 0
76720 0
76730 0
76740 0
76750 0
76760 0
76770 0
76780 0
76790 9
76800 12
76810 4
76820 0
76830 0
76840 0
76850 0
76860 12
76870 0
76880 0
76890 0
76900 5
76910 0
76920 0
76930 0
76940 0
76950 8
76960 7
76970 2
76980 0
76990 0
77000 0
77010 0
77020 1
77030 0
77040 0
77050 2
77060 0
77070 0
77080 0
77090 0
77100 0
77110 0
77120 0
77130 0
77140 0
77150 0
77160 0
77170 1
77180 0
77190 0
77200 0
77210 0
77220 0
77230 0
77240 1
77250 0
77260 0
77270 0
77280 1
77290 1
77300 0
77310 2
77320 0
77330 2
77340 3
77350 0
77360 4
77370 0
77380 0
77390 0
77400 2
77410 0
77420 0
77430 0
77440 0
77450 0
77460 0
77470 0
77480 0
77490 0
77500 6
77510 3
77520 1
77530 7
77540 7
77550 10
77560 6
77570 1
77580 0
77590 0
77600 0
77610 0
77620 0
77630 5
77640 9
77650 6
77660 5
77670 0
77680 7
77690 2
77700 12
77710 6
77720 0
77730 7
77740 2
77750 8
77760 7
77770 0
77780 0
77790 3
77800 3
77810 1
77820 11
77830 11
77840 13
77850 11
77860 15
77870 14
77880 10
77890 16
77900 5
77910 8
77920 14
77930 21
77940 8
77950 16
77960 12
77970 15
77980 10
77990 9
78000 3
78010 7
78020 1
78030 1
78040 15
78050 19
78060 13
78070 17
78080 17
78090 17
78100 17
78110 16
78120 13
78130 26
78140 18
78150 15
78160 11
78170 10
78180 10
78190 11
78200 10
78210 10
78220 11
78230 11
78240 10
78250 8
78260 10
78270 12
78280 12
78290 28
78300 21
78310 23
78320 29
78330 22
78340 24
78350 22
78360 27
78370 22
78380 20
78390 18
78400 19
78410 9
78420 16
78430 10
78440 13
78450 13
78460 10
78470 6
78480 12
78490 7
78500 13
78510 11
78520 15
78530 14
78540 16
78550 20
78560 26
78570 20
78580 11
78590 18
78600 16
78610 5
78620 13
78630 9
78640 16
78650 18
78660 16
78670 25
78680 23
78690 16
78700 25
78710 23
78720 28
78730 23
78740 23
78750 11
78760 18
78770 7
78780 14
78790 12
78800 16
78810 5
78820 5
78830 10
78840 13
78850 10
78860 9
78870 0
78880 0
78890 2
78900 0
78910 0
78920 0
78930 1
78940 1
78950 0
78960 0
78970 0
78980 0
78990 0
79000 0
79010 0
79020 0
79030 0
79040 0
79050 0
79060 0
79070 0
79080 0
79090 0
79100 0
79110 0
79120 0
79130 0
79140 0
79150 0
79160 0
79170 0
79180 0
79190 0
79200 3
79210 0
79220 0
79230 0
79240 0
79250 0
79260 0
79270 0
79280 0
79290 0
79300 0
79310 0
79320 0
79330 0
79340 0
79350 1
79360 0
79370 0
79380 0
79390 0
79400 0
79410 0
79420 0
79430 0
79440 0
79450 0
79460 0
79470 0
79480 0
79490 0
79500 0
79510 0
79520 0
79530 0
79540 0
79550 0
79560 0
79570 0
79580 0
79590 0
79600 0
79610 0
79620 0
79630 0
79640 0
79650 0
79660 0
79670 0
79680 0
79690 0
79700 0
79710 0
79720 0
79730 0
79740 0
79750 0
79760 0
79770 0
79780 0
79790 0
79800 0
79810 0
79820 0
79830 0
79840 0
79850 0
79860 0
79870 0
79880 0
79890 0
79900 0
79910 0
79920 0
79930 0
79940 0
79950 0
79960 0
79970 0
79980 0
79990 0
80000 0
80010 0
80020 0
80030 0
80040 0
80050 0
80060 0
80070 0
80080 0
80090 0
80100 0
80110 1
80120 0
80130 0
80140 0
80150 0
80160 0
80170 0
80180 0
80190 0
80200 0
80210 0
80220 0
80230 0
80240 0
80250 0
80260 0
80270 13
80280 8
80290 12
80300 7
80310 4
80320 5
80330 1
80340 5
80350 2
80360 0
80370 0
80380 1
80390 6
80400 0
80410 5
80420 1
80430 0
80440 0
80450 0
80460 0
80470 0
80480 0
80490 0
80500 0
80510 0
80520 0
80530 1
80540 0
80550 0
80560 0
80570 0
80580 0
80590 0
80600 0
80610 0
80620 0
80630 0
80640 0
80650 0
80660 0
80670 0
80680 0
80690 0
80700 0
80710 0
80720 0
80730 0
80740 0
80750 1
80760 3
80770 0
80780 8
80790 8
80800 12
80810 0
80820 0
80830 0
80840 0
80850 0
80860 0
80870 0
80880 0
80890 0
80900 0
80910 0
80920 4
80930 6
80940 0
80950 10
80960 3
80970 8
80980 3
80990 5
81000 4
81010 5
81020 1
81030 8
81040 9
81050 9
81060 7
81070 4
81080 5
81090 3
81100 3
81110 3
81120 2
81130 0
81140 0
81150 8
81160 0
81170 1
81180 11
81190 8
81200 10
81210 6
81220 5
81230 5
81240 0
81250 0
81260 2
81270 1
81280 6
81290 2
81300 0
81310 1
81320 0
81330 0
81340 1
81350 4
81360 4
81370 4
81380 6
81390 0
81400 0
81410 6
81420 4
81430 5
81440 1
81450 0
81460 0
81470 1
81480 0
81490 0
81500 0
81510 1
81520 0
81530 1
81540 4
81550 5
81560 0
81570 0
81580 0
81590 0
81600 0
81610 0
81620 1
81630 1
81640 5
81650 4
81660 5
81670 3
81680 5
81690 3
81700 8
81710 3
81720 4
81730 3
81740 1
81750 1
81760 2
81770 3
81780 3
81790 1
81800 5
81810 4
81820 4
81830 2
81840 7
81850 5
81860 5
81870 6
81880 6
81890 9
81900 7
81910 0
81920 0
81930 0
81940 2
81950 6
81960 3
81970 5
81980 0
81990 4
82000 4
82010 0
82020 0
82030 4
82040 15
82050 21
82060 12
82070 18
82080 25
82090 24
82100 24
82110 11
82120 10
82130 12
82140 16
82150 16
82160 17
82170 7
82180 15
82190 14
82200 5
82210 2
82220 15
82230 9
82240 11
82250 0
82260 4
82270 12
82280 3
82290 6
82300 3
82310 14
82320 6
82330 14
82340 9
82350 14
82360 9
82370 8
82380 16
82390 4
82400 12
82410 13
82420 8
82430 13
82440 17
82450 0
82460 6
82470 7
82480 13
82490 11
82500 10
82510 8
82520 14
82530 4
82540 7
82550 6
82560 4
82570 12
82580 15
82590 13
82600 8
82610 1
82620 0
82630 4
82640 9
82650 7
82660 6
82670 16
82680 5
82690 9
82700 6
82710 7
82720 5
82730 1
82740 0
82750 0
82760 0
82770 0
82780 0
82790 0
82800 0
82810 1
82820 0
82830 0
82840 0
82850 0
82860 0
82870 2
82880 0
82890 3
82900 9
82910 0
82920 0
82930 2
82940 2
82950 2
82960 1
82970 4
82980 6
82990 0
83000 4
83010 14
83020 21
83030 20
83040 6
83050 10
83060 5
83070 7
83080 5
83090 6
83100 7
83110 9
83120 5
83130 8
83140 4
83150 7
83160 11
83170 5
83180 5
83190 6
83200 6
83210 10
83220 9
83230 10
83240 10
83250 9
83260 5
83270 7
83280 8
83290 10
83300 6
83310 5
83320 10
83330 7
83340 11
83350 10
83360 9
83370 11
83380 8
83390 0
83400 5
83410 18
83420 22
83430 24
83440 10
83450 15
83460 11
83470 13
83480 3
83490 17
83500 5
83510 6
83520 7
83530 6
83540 9
83550 10
83560 3
83570 0
83580 0
83590 0
83600 0
83610 0
83620 0
83630 0
83640 0
83650 0
83660 2
83670 0
83680 0
83690 0
83700 0
83710 5
83720 0
83730 0
83740 0
83750 0
83760 0
83770 0
83780 0
83790 0
83800 0
83810 0
83820 0
83830 0
83840 0
83850 0
83860 0
83870 0
83880 0
83890 0
83900 0
83910 0
83920 0
83930 0
83940 0
83950 0
83960 0
83970 0
83980 0
83990 0
84000 0
84010 0
84020 0
84030 0
84040 0
84050 5
84060 11
84070 1
84080 1
84090 0
84100 4
84110 0
84120 0
84130 3
84140 6
84150 5
84160 5
84170 2
84180 1
84190 1
84200 0
84210 0
84220 0
84230 0
84240 0
84250 2
84260 1
84270 1
84280 0
84290 0
84300 0
84310 0
84320 0
84330 7
84340 0
84350 0
84360 0
84370 0
84380 0
84390 0
84400 0
84410 0
84420 0
84430 1
84440 0
84450 1
84460 0
84470 0
84480 1
84490 1
84500 3
84510 4
84520 1
84530 4
84540 2
84550 0
84560 0
84570 0
84580 0
84590 0
84600 0
84610 0
84620 0
84630 0
84640 0
84650 0
84660 0
84670 0
84680 0
84690 0
84700 0
84710 0
84720 0
84730 0
84740 0
84750 0
84760 5
84770 2
84780 1
84790 4
84800 2
84810 1
84820 1
84830 3
84840 1
84850 3
84860 3
84870 0
84880 2
84890 0
84900 0
84910 4
84920 5
84930 4
84940 5
84950 5
84960 9
84970 5
84980 1
84990 1
85000 0
85010 0
85020 6
85030 3
85040 1
85050 1
85060 6
85070 3
85080 0
85090 1
85100 3
85110 1
85120 5
85130 0
85140 2
85150 3
85160 1
85170 1
85180 2
85190 3
85200 1
85210 0
85220 0
85230 0
85240 1
85250 2
85260 2
85270 0
85280 0
85290 0
85300 0
85310 0
85320 0
85330 0
85340 0
85350 1
85360 3
85370 1
85380 1
85390 4
85400 4
85410 3
85420 2
85430 4
85440 0
85450 2
85460 5
85470 9
85480 9
85490 9
85500 10
85510 9
85520 11
85530 5
85540 6
85550 8
85560 9
85570 5
85580 6
85590 9
85600 1
85610 7
85620 4
85630 5
85640 5
85650 5
85660 9
85670 6
85680 5
85690 5
85700 6
85710 1
85720 0
85730 2
85740 0
85750 2
85760 1
85770 4
85780 3
85790 1
85800 0
85810 0
85820 0
85830 0
85840 0
85850 0
85860 0
85870 0
85880 0
85890 0
85900 0
85910 0
85920 0
85930 0
85940 0
85950 0
85960 0
85970 0
85980 0
85990 0
86000 0
86010 0
86020 0
86030 2
86040 0
86050 0
86060 4
86070 1
86080 3
86090 1
86100 0
86110 4
86120 3
86130 8
86140 7
86150 4
86160 0
86170 0
86180 9
86190 0
86200 13
86210 8
86220 9
86230 11
86240 3
86250 3
86260 10
86270 0
86280 6
86290 0
86300 14
86310 16
86320 5
86330 8
86340 0
86350 0
86360 0
86370 0
86380 0
86390 0
86400 0
86410 0
86420 0
86430 0
86440 4
86450 5
86460 0
86470 0
86480 1
86490 1
86500 2
86510 0
86520 0
86530 0
86540 1
86550 1
86560 14
86570 8
86580 1
86590 2
86600 7
86610 8
86620 11
86630 7
86640 1
86650 3
86660 8
86670 4
86680 4
86690 0
86700 0
86710 0
86720 10
86730 16
86740 2
86750 0
86760 3
86770 0
86780 0
86790 0
86800 1
86810 0
86820 0
86830 0
86840 0
86850 1
86860 0
86870 0
86880 0
86890 0
86900 0
86910 0
86920 0
86930 1
86940 0
86950 5
86960 2
86970 1
86980 2
86990 1
87000 1
87010 0
87020 0
87030 0
87040 0
87050 0
87060 0
87070 0
87080 0
87090 0
87100 0
87110 0
87120 0
87130 0
87140 0
87150 0
87160 0
87170 0
87180 0
87190 0
87200 0
87210 0
87220 0
87230 1
87240 0
87250 0
87260 9
87270 5
87280 8
87290 2
87300 3
87310 1
87320 0
87330 0
87340 0
87350 3
87360 0
87370 5
87380 1
87390 4
87400 0
87410 1
87420 0
87430 1
87440 3
87450 6
87460 0
87470 0
87480 0
87490 0
87500 1
87510 1
87520 0
87530 3
87540 7
87550 1
87560 1
87570 1
87580 0
87590 0
87600 0
87610 0
87620 0
87630 0
87640 0
87650 0
87660 0
87670 0
87680 0
87690 0
87700 0
87710 0
87720 0
87730 0
87740 0
87750 0
87760 0
87770 0
87780 0
87790 0
87800 0
87810 0
87820 0
87830 0
87840 0
87850 0
87860 0
87870 0
87880 0
87890 0
87900 1
87910 5
87920 3
87930 1
87940 0
87950 0
87960 0
87970 0
87980 0
87990 0
88000 0
88010 0
88020 0
88030 0
88040 0
88050 3
88060 0
88070 0
88080 0
88090 0
88100 0
88110 0
88120 0
88130 0
88140 0
88150 0
88160 0
88170 0
88180 0
88190 0
88200 0
88210 0
88220 0
88230 0
88240 0
88250 0
88260 0
88270 0
88280 0
88290 0
88300 0
88310 0
88320 0
88330 0
88340 0
88350 0
88360 0
88370 0
88380 0
88390 0
88400 0
88410 0
88420 0
88430 0
88440 0
88450 0
88460 0
88470 0
88480 0
88490 0
88500 0
88510 0
88520 0
88530 0
88540 0
88550 0
88560 0
88570 0
88580 0
88590 0
88600 0
88610 0
88620 0
88630 0
88640 0
88650 0
88660 0
88670 0
88680 0
88690 0
88700 0
88710 0
88720 0
88730 0
88740 0
88750 0
88760 0
88770 0
88780 0
88790 0
88800 0
88810 0
88820 0
88830 0
88840 0
88850 0
88860 0
88870 0
88880 0
88890 0
88900 0
88910 0
88920 0
88930 0
88940 0
88950 0
88960 2
88970 0
88980 0
88990 0
89000 0
89010 4
89020 0
89030 0
89040 1
89050 0
89060 0
89070 0
89080 0
89090 0
89100 0
89110 0
89120 0
89130 0
89140 0
89150 6
89160 1
89170 0
89180 0
89190 6
89200 2
89210 0
89220 7
89230 5
89240 5
89250 4
89260 9
89270 8
89280 0
89290 4
89300 1
89310 8
89320 9
89330 7
89340 7
89350 0
89360 1
89370 0
89380 0
89390 4
89400 14
89410 3
89420 0
89430 10
89440 5
89450 7
89460 12
89470 3
89480 9
89490 3
89500 6
89510 5
89520 15
89530 4
89540 5
89550 9
89560 7
89570 9
89580 1
89590 6
89600 7
89610 5
89620 9
89630 6
89640 7
89650 7
89660 8
89670 1
89680 0
89690 0
89700 0
89710 2
89720 0
89730 0
89740 0
89750 0
89760 0
89770 0
89780 2
89790 0
89800 0
89810 0
89820 0
89830 0
89840 1
89850 0
89860 0
89870 0
89880 0
89890 0
89900 0
89910 0
89920 0
89930 0
89940 0
89950 0
89960 0
89970 0
89980 1
89990 0
90000 0
90010 3
90020 0
90030 0
90040 2
90050 0
90060 2
90070 0
90080 0
90090 0
90100 0
90110 0
90120 2
90130 0
90140 0
90150 2
90160 7
90170 0
90180 2
90190 0
90200 0
90210 0
90220 0
90230 0
90240 0
90250 0
90260 0
90270 0
90280 0
90290 0
90300 0
90310 0
90320 0
90330 0
90340 0
90350 0
90360 0
90370 0
90380 0
90390 0
90400 0
90410 0
90420 0
90430 0
90440 1
90450 3
90460 0
90470 3
90480 1
90490 4
90500 9
90510 4
90520 3
90530 4
90540 0
90550 0
90560 0
90570 0
90580 0
90590 0
90600 0
90610 0
90620 0
90630 0
90640 0
90650 0
90660 0
90670 0
90680 10
90690 5
90700 14
90710 8
90720 15
90730 13
90740 9
90750 22
90760 15
90770 11
90780 10
90790 4
90800 5
90810 0
90820 7
90830 11
90840 14
90850 0
90860 0
90870 0
90880 0
90890 9
90900 8
90910 0
90920 6
90930 16
90940 1
90950 0
90960 4
90970 4
90980 1
90990 1
91000 3
91010 1
91020 0
91030 5
91040 2
91050 4
91060 10
91070 4
91080 1
91090 0
91100 4
91110 1
91120 1
91130 1
91140 0
91150 0
91160 2
91170 7
91180 4
91190 4
91200 8
91210 4
91220 9
91230 6
91240 5
91250 0
91260 1
91270 0
91280 0
91290 0
91300 0
91310 0
91320 5
91330 9
91340 7
91350 3
91360 8
91370 1
91380 1
91390 5
91400 3
91410 3
91420 2
91430 9
91440 1
91450 5
91460 6
91470 3
91480 1
91490 0
91500 0
91510 0
91520 0
91530 0
91540 0
91550 0
91560 0
91570 0
91580 0
91590 0
91600 0
91610 0
91620 0
91630 0
91640 0
91650 0
91660 0
91670 1
91680 0
91690 4
91700 1
91710 3
91720 3
91730 0
91740 5
91750 0
91760 1
91770 2
91780 4
91790 0
91800 0
91810 4
91820 6
91830 0
91840 0
91850 9
91860 4
91870 1
91880 8
91890 6
91900 5
91910 1
91920 0
91930 0
91940 0
91950 9
91960 0
91970 3
91980 2
91990 5
92000 7
92010 4
92020 1
92030 4
92040 1
92050 3
92060 5
92070 1
92080 4
92090 0
92100 1
92110 3
92120 0
92130 0
92140 1
92150 1
92160 4
92170 7
92180 1
92190 5
92200 7
92210 17
92220 0
92230 0
92240 12
92250 6
92260 14
92270 12
92280 16
92290 11
92300 13
92310 17
92320 12
92330 3
92340 3
92350 0
92360 3
92370 4
92380 4
92390 8
92400 8
92410 4
92420 1
92430 12
92440 1
92450 1
92460 1
92470 0
92480 2
92490 3
92500 1
92510 8
92520 3
92530 1
92540 3
92550 1
92560 0
92570 2
92580 1
92590 2
92600 2
92610 1
92620 0
92630 3
92640 1
92650 1
92660 6
92670 14
92680 4
92690 5
92700 1
92710 1
92720 3
92730 5
92740 7
92750 4
92760 8
92770 9
92780 9
92790 9
92800 7
92810 9
92820 7
92830 9
92840 7
92850 4
92860 2
92870 7
92880 8
92890 7
92900 10
92910 8
92920 7
92930 9
92940 8
92950 7
92960 1
92970 3
92980 0
92990 0
93000 3
93010 1
93020 5
93030 0
93040 0
93050 0
93060 0
93070 0
93080 2
93090 0
93100 0
93110 0
93120 0
93130 0
93140 0
93150 0
93160 9
93170 0
93180 0
93190 1
93200 13
93210 3
93220 3
93230 0
93240 0
93250 1
93260 9
93270 9
93280 2
93290 1
93300 1
93310 0
93320 1
93330 0
93340 0
93350 0
93360 0
93370 0
93380 0
93390 0
93400 0
93410 0
93420 0
93430 0
93440 0
93450 0
93460 0
93470 0
93480 0
93490 3
93500 1
93510 3
93520 0
93530 0
93540 4
93550 0
93560 0
93570 0
93580 1
93590 0
93600 0
93610 0
93620 0
93630 0
93640 0
93650 0
93660 0
93670 0
93680 0
93690 0
93700 0
93710 0
93720 0
93730 0
93740 0
93750 0
93760 0
93770 0
93780 4
93790 0
93800 0
93810 0
93820 0
93830 0
93840 0
93850 9
93860 8
93870 1
93880 4
93890 0
93900 0
93910 1
93920 0
93930 0
93940 3
93950 0
93960 1
93970 1
93980 1
93990 3
94000 3
94010 8
94020 2
94030 4
94040 0
94050 8
94060 1
94070 2
94080 0
94090 7
94100 0
94110 0
94120 0
94130 0
94140 5
94150 0
94160 1
94170 0
94180 0
94190 0
94200 0
94210 0
94220 0
94230 0
94240 0
94250 0
94260 1
94270 0
94280 0
94290 0
94300 1
94310 2
94320 0
94330 0
94340 0
94350 0
94360 0
94370 0
94380 0
94390 0
94400 0
94410 0
94420 0
94430 0
94440 0
94450 0
94460 0
94470 0
94480 0
94490 0
94500 0
94510 0
94520 0
94530 0
94540 0
94550 0
94560 0
94570 0
94580 0
94590 0
94600 0
94610 0
94620 0
94630 0
94640 0
94650 0
94660 0
94670 0
94680 0
94690 0
94700 0
94710 0
94720 0
94730 0
94740 0
94750 0
94760 0
94770 0
94780 0
94790 0
94800 0
94810 0
94820 0
94830 0
94840 0
94850 0
94860 1
94870 0
94880 0
94890 0
94900 0
94910 0
94920 0
94930 0
94940 0
94950 0
94960 0
94970 0
94980 0
94990 3
95000 1
95010 0
95020 0
95030 1
95040 0
95050 0
95060 0
95070 0
95080 0
95090 0
95100 0
95110 0
95120 0
95130 0
95140 0
95150 0
95160 0
95170 0
95180 0
95190 0
95200 0
95210 0
95220 0
95230 0
95240 0
95250 0
95260 0
95270 0
95280 0
95290 0
95300 0
95310 0
95320 0
95330 0
95340 0
95350 0
95360 0
95370 0
95380 0
95390 0
95400 0
95410 0
95420 0
95430 0
95440 0
95450 0
95460 0
95470 0
95480 0
95490 0
95500 0
95510 0
95520 0
95530 0
95540 0
95550 0
95560 0
95570 0
95580 0
95590 0
95600 0
95610 0
95620 0
95630 0
95640 0
95650 0
95660 0
95670 0
95680 0
95690 0
95700 0
95710 0
95720 0
95730 0
95740 0
95750 0
95760 0
95770 0
95780 0
95790 0
95800 0
95810 0
95820 0
95830 0
95840 0
95850 0
95860 0
95870 0
95880 0
95890 0
95900 0
95910 0
95920 0
95930 0
95940 0
95950 0
95960 0
95970 0
95980 0
95990 0
96000 0
96010 0
96020 0
96030 0
96040 0
96050 0
96060 0
96070 0
96080 0
96090 0
96100 0
96110 0
96120 0
96130 0
96140 0
96150 0
96160 0
96170 0
96180 0
96190 0
96200 0
96210 0
96220 0
96230 0
96240 0
96250 0
96260 0
96270 0
96280 0
96290 0
96300 0
96310 0
96320 0
96330 0
96340 0
96350 0
96360 0
96370 0
96380 0
96390 0
96400 0
96410 0
96420 0
96430 0
96440 0
96450 0
96460 0
96470 0
96480 0
96490 0
96500 0
96510 0
96520 0
96530 0
96540 0
96550 0
96560 0
96570 0
96580 0
96590 0
96600 0
96610 0
96620 0
96630 0
96640 0
96650 0
96660 0
96670 0
96680 0
96690 0
96700 0
96710 0
96720 0
96730 0
96740 0
96750 0
96760 0
96770 0
96780 0
96790 0
96800 0
96810 0
96820 0
96830 0
96840 0
96850 0
96860 0
96870 0
96880 0
96890 0
96900 0
96910 0
96920 0
96930 0
96940 0
96950 0
96960 0
96970 0
96980 0
96990 0
97000 0
97010 0
97020 0
97030 0
97040 0
97050 0
97060 0
97070 0
97080 0
97090 0
97100 0
97110 0
97120 0
97130 0
97140 0
97150 0
97160 0
97170 0
97180 0
97190 0
97200 0
97210 0
97220 0
97230 0
97240 0
97250 0
97260 0
97270 0
97280 0
97290 0
97300 0
97310 0
97320 0
97330 0
97340 0
97350 0
97360 0
97370 0
97380 0
97390 0
97400 0
97410 0
97420 0
97430 0
97440 0
97450 0
97460 0
97470 0
97480 0
97490 0
97500 0
97510 0
97520 0
97530 0
97540 0
97550 6
97560 10
97570 5
97580 1
97590 1
97600 11
97610 12
97620 0
97630 1
97640 0
97650 0
97660 0
97670 0
97680 0
97690 0
97700 0
97710 0
97720 4
97730 0
97740 0
97750 0
97760 0
97770 0
97780 0
97790 0
97800 0
97810 0
97820 0
97830 0
97840 0
97850 0
97860 0
97870 0
97880 0
97890 0
97900 0
97910 0
97920 0
97930 0
97940 0
97950 0
97960 0
97970 0
97980 0
97990 0
98000 0
98010 0
98020 0
98030 0
98040 0
98050 0
98060 0
98070 0
98080 0
98090 0
98100 0
98110 0
98120 0
98130 0
98140 0
98150 0
98160 0
98170 0
98180 0
98190 0
98200 0
98210 0
98220 0
98230 0
98240 0
98250 0
98260 0
98270 0
98280 0
98290 3
98300 5
98310 2
98320 0
98330 5
98340 1
98350 1
98360 0
98370 1
98380 0
98390 0
98400 0
98410 0
98420 0
98430 0
98440 0
98450 0
98460 0
98470 0
98480 0
98490 0
98500 0
98510 0
98520 0
98530 0
98540 0
98550 0
98560 0
98570 0
98580 0
98590 0
98600 0
98610 0
98620 0
98630 0
98640 0
98650 0
98660 0
98670 0
98680 0
98690 0
98700 0
98710 0
98720 0
98730 0
98740 0
98750 0
98760 0
98770 0
98780 0
98790 0
98800 0
98810 0
98820 0
98830 0
98840 0
98850 0
98860 0
98870 0
98880 0
98890 0
98900 0
98910 0
98920 0
98930 0
98940 0
98950 0
98960 0
98970 0
98980 0
98990 0
99000 0
99010 0
99020 0
99030 0
99040 0
99050 0
99060 0
99070 0
99080 0
99090 0
99100 0
99110 0
99120 0
99130 0
99140 0
99150 0
99160 0
99170 0
99180 0
99190 0
99200 0
99210 0
99220 0
99230 0
99240 0
99250 0
99260 0
99270 0
99280 0
99290 0
99300 0
99310 0
99320 0
99330 0
99340 0
99350 0
99360 0
99370 0
99380 0
99390 0
99400 0
99410 0
99420 0
99430 0
99440 0
99450 0
99460 0
99470 0
99480 0
99490 0
99500 0
99510 0
99520 0
99530 0
99540 0
99550 0
99560 0
99570 0
99580 0
99590 0
99600 3
99610 0
99620 0
99630 0
99640 0
99650 0
99660 0
99670 0
99680 0
99690 0
99700 0
99710 0
99720 0
99730 0
99740 0
99750 0
99760 1
99770 0
99780 0
99790 0
99800 0
99810 0
99820 0
99830 0
99840 0
99850 0
99860 0
99870 0
99880 0
99890 0
99900 0
99910 0
99920 0
99930 1
99940 3
99950 5
99960 0
99970 0
99980 0
99990 0
