# Frame Contacts
30000 0
30010 0
30020 0
30030 0
30040 0
30050 0
30060 0
30070 1
30080 4
30090 5
30100 8
30110 3
30120 5
30130 6
30140 8
30150 9
30160 5
30170 6
30180 13
30190 12
30200 8
30210 6
30220 13
30230 13
30240 10
30250 8
30260 4
30270 8
30280 0
30290 2
30300 4
30310 3
30320 2
30330 0
30340 0
30350 0
30360 0
30370 0
30380 0
30390 2
30400 1
30410 1
30420 0
30430 0
30440 0
30450 1
30460 5
30470 2
30480 9
30490 5
30500 1
30510 5
30520 3
30530 5
30540 3
30550 5
30560 5
30570 3
30580 7
30590 3
30600 9
30610 1
30620 0
30630 3
30640 4
30650 6
30660 8
30670 5
30680 2
30690 3
30700 5
30710 1
30720 18
30730 0
30740 1
30750 0
30760 0
30770 0
30780 0
30790 0
30800 0
30810 0
30820 0
30830 0
30840 0
30850 0
30860 0
30870 0
30880 0
30890 0
30900 0
30910 0
30920 0
30930 0
30940 0
30950 0
30960 4
30970 0
30980 1
30990 11
31000 0
31010 0
31020 0
31030 0
31040 0
31050 0
31060 3
31070 2
31080 0
31090 10
31100 4
31110 9
31120 3
31130 4
31140 2
31150 2
31160 0
31170 0
31180 0
31190 0
31200 0
31210 0
31220 0
31230 0
31240 0
31250 0
31260 0
31270 0
31280 1
31290 0
31300 0
31310 1
31320 0
31330 0
31340 0
31350 0
31360 0
31370 0
31380 0
31390 0
31400 0
31410 0
31420 0
31430 0
31440 0
31450 0
31460 0
31470 0
31480 0
31490 0
31500 2
31510 8
31520 0
31530 5
31540 3
31550 4
31560 6
31570 0
31580 3
31590 3
31600 0
31610 0
31620 0
31630 1
31640 0
31650 13
31660 5
31670 0
31680 5
31690 1
31700 0
31710 1
31720 0
31730 0
31740 0
31750 0
31760 0
31770 2
31780 2
31790 4
31800 2
31810 0
31820 3
31830 3
31840 6
31850 14
31860 17
31870 16
31880 16
31890 18
31900 13
31910 15
31920 13
31930 23
31940 18
31950 13
31960 16
31970 24
31980 17
31990 17
32000 22
32010 7
32020 16
32030 17
32040 17
32050 13
32060 17
32070 18
32080 21
32090 14
32100 21
32110 23
32120 8
32130 19
32140 13
32150 4
32160 1
32170 8
32180 4
32190 14
32200 11
32210 0
32220 0
32230 0
32240 0
32250 0
32260 19
32270 13
32280 14
32290 16
32300 18
32310 13
32320 13
32330 12
32340 12
32350 14
32360 16
32370 18
32380 14
32390 13
32400 14
32410 14
32420 16
32430 3
32440 1
32450 14
32460 5
32470 3
32480 0
32490 1
32500 4
32510 8
32520 18
32530 14
32540 18
32550 15
32560 18
32570 23
32580 20
32590 18
32600 21
32610 14
32620 18
32630 14
32640 15
32650 16
32660 20
32670 14
32680 17
32690 14
32700 22
32710 20
32720 13
32730 19
32740 12
32750 22
32760 17
32770 9
32780 5
32790 12
32800 8
32810 6
32820 5
32830 9
32840 1
32850 0
32860 0
32870 0
32880 0
32890 5
32900 0
32910 0
32920 0
32930 0
32940 0
32950 0
32960 0
32970 0
32980 0
32990 0
33000 0
33010 0
33020 0
33030 0
33040 0
33050 0
33060 0
33070 0
33080 0
33090 0
33100 0
33110 5
33120 8
33130 6
33140 0
33150 4
33160 8
33170 5
33180 0
33190 0
33200 0
33210 0
33220 0
33230 0
33240 0
33250 1
33260 5
33270 6
33280 3
33290 1
33300 0
33310 0
33320 0
33330 3
33340 2
33350 4
33360 3
33370 4
33380 2
33390 1
33400 6
33410 9
33420 8
33430 7
33440 9
33450 0
33460 0
33470 0
33480 0
33490 0
33500 0
33510 0
33520 0
33530 0
33540 0
33550 0
33560 0
33570 0
33580 0
33590 0
33600 0
33610 0
33620 0
33630 0
33640 0
33650 1
33660 1
33670 0
33680 0
33690 0
33700 0
33710 0
33720 0
33730 0
33740 0
33750 0
33760 1
33770 0
33780 4
33790 5
33800 0
33810 5
33820 5
33830 2
33840 1
33850 1
33860 0
33870 0
33880 0
33890 0
33900 0
33910 0
33920 0
33930 0
33940 1
33950 0
33960 0
33970 0
33980 0
33990 0
34000 0
34010 0
34020 0
34030 0
34040 0
34050 0
34060 0
34070 0
34080 0
34090 0
34100 0
34110 0
34120 0
34130 0
34140 0
34150 0
34160 0
34170 0
34180 0
34190 0
34200 0
34210 0
34220 0
34230 0
34240 0
34250 0
34260 0
34270 0
34280 4
34290 0
34300 0
34310 0
34320 0
34330 0
34340 0
34350 0
34360 0
34370 0
34380 0
34390 0
34400 0
34410 1
34420 0
34430 0
34440 0
34450 0
34460 0
34470 0
34480 0
34490 0
34500 0
34510 0
34520 0
34530 0
34540 0
34550 0
34560 0
34570 0
34580 0
34590 0
34600 5
34610 0
34620 0
34630 0
34640 0
34650 0
34660 0
34670 0
34680 0
34690 0
34700 0
34710 0
34720 3
34730 5
34740 3
34750 3
34760 5
34770 0
34780 3
34790 0
34800 0
34810 0
34820 0
34830 1
34840 0
34850 0
34860 0
34870 0
34880 5
34890 3
34900 5
34910 3
34920 3
34930 0
34940 1
34950 7
34960 8
34970 11
34980 4
34990 6
35000 4
35010 6
35020 9
35030 10
35040 9
35050 6
35060 2
35070 7
35080 4
35090 2
35100 5
35110 5
35120 4
35130 2
35140 2
35150 0
35160 1
35170 0
35180 0
35190 0
35200 0
35210 0
35220 0
35230 0
35240 0
35250 1
35260 3
35270 4
35280 0
35290 3
35300 0
35310 0
35320 5
35330 5
35340 5
35350 0
35360 0
35370 1
35380 0
35390 0
35400 0
35410 0
35420 0
35430 6
35440 5
35450 12
35460 9
35470 0
35480 0
35490 0
35500 4
35510 0
35520 1
35530 1
35540 10
35550 0
35560 3
35570 0
35580 0
35590 0
35600 8
35610 4
35620 17
35630 0
35640 11
35650 9
35660 11
35670 8
35680 15
35690 13
35700 17
35710 14
35720 19
35730 12
35740 13
35750 22
35760 0
35770 0
35780 1
35790 1
35800 2
35810 4
35820 5
35830 0
35840 0
35850 8
35860 6
35870 23
35880 9
35890 16
35900 23
35910 7
35920 3
35930 3
35940 9
35950 20
35960 18
35970 11
35980 13
35990 20
36000 0
36010 6
36020 7
36030 9
36040 10
36050 1
36060 6
36070 2
36080 2
36090 1
36100 1
36110 2
36120 1
36130 1
36140 9
36150 8
36160 9
36170 15
36180 4
36190 13
36200 6
36210 20
36220 20
36230 13
36240 13
36250 17
36260 19
36270 6
36280 15
36290 15
36300 11
36310 17
36320 10
36330 2
36340 9
36350 21
36360 11
36370 24
36380 14
36390 23
36400 0
36410 11
36420 3
36430 4
36440 10
36450 4
36460 4
36470 0
36480 0
36490 0
36500 2
36510 4
36520 0
36530 2
36540 5
36550 6
36560 0
36570 0
36580 2
36590 5
36600 4
36610 10
36620 13
36630 13
36640 28
36650 15
36660 0
36670 15
36680 12
36690 16
36700 16
36710 13
36720 9
36730 4
36740 8
36750 4
36760 5
36770 0
36780 0
36790 0
36800 1
36810 2
36820 18
36830 20
36840 8
36850 12
36860 7
36870 8
36880 0
36890 7
36900 10
36910 13
36920 6
36930 6
36940 4
36950 9
36960 6
36970 2
36980 1
36990 5
37000 2
37010 2
37020 7
37030 9
37040 1
37050 4
37060 2
37070 0
37080 12
37090 0
37100 1
37110 0
37120 16
37130 0
37140 14
37150 6
37160 1
37170 9
37180 8
37190 22
37200 22
37210 24
37220 14
37230 15
37240 29
37250 19
37260 24
37270 7
37280 10
37290 14
37300 8
37310 22
37320 8
37330 8
37340 1
37350 5
37360 0
37370 4
37380 4
37390 3
37400 1
37410 2
37420 5
37430 1
37440 2
37450 5
37460 3
37470 2
37480 3
37490 1
37500 6
37510 6
37520 0
37530 0
37540 0
37550 0
37560 0
37570 0
37580 1
37590 0
37600 4
37610 8
37620 0
37630 0
37640 2
37650 8
37660 20
37670 18
37680 22
37690 7
37700 10
37710 0
37720 15
37730 2
37740 6
37750 17
37760 3
37770 7
37780 24
37790 29
37800 0
37810 0
37820 0
37830 4
37840 9
37850 16
37860 4
37870 2
37880 8
37890 5
37900 9
37910 1
37920 5
37930 0
37940 3
37950 3
37960 7
37970 12
37980 0
37990 3
38000 2
38010 0
38020 3
38030 7
38040 7
38050 11
38060 6
38070 10
38080 1
38090 1
38100 5
38110 1
38120 0
38130 1
38140 8
38150 7
38160 9
38170 2
38180 1
38190 0
38200 0
38210 0
38220 0
38230 0
38240 0
38250 1
38260 1
38270 2
38280 0
38290 0
38300 0
38310 7
38320 3
38330 1
38340 1
38350 0
38360 0
38370 0
38380 0
38390 0
38400 0
38410 11
38420 2
38430 1
38440 11
38450 0
38460 1
38470 1
38480 1
38490 3
38500 3
38510 2
38520 4
38530 2
38540 0
38550 22
38560 0
38570 7
38580 1
38590 6
38600 1
38610 5
38620 12
38630 7
38640 1
38650 4
38660 0
38670 0
38680 10
38690 7
38700 0
38710 0
38720 1
38730 10
38740 1
38750 17
38760 1
38770 0
38780 3
38790 0
38800 1
38810 0
38820 1
38830 0
38840 1
38850 4
38860 3
38870 0
38880 3
38890 3
38900 3
38910 1
38920 0
38930 3
38940 0
38950 7
38960 0
38970 0
38980 0
38990 0
39000 0
39010 0
39020 0
39030 12
39040 10
39050 11
39060 8
39070 23
39080 12
39090 9
39100 8
39110 7
39120 3
39130 2
39140 4
39150 15
39160 13
39170 7
39180 5
39190 6
39200 2
39210 2
39220 3
39230 0
39240 0
39250 0
39260 0
39270 0
39280 1
39290 5
39300 7
39310 4
39320 1
39330 6
39340 0
39350 0
39360 0
39370 0
39380 0
39390 0
39400 0
39410 0
39420 0
39430 0
39440 0
39450 0
39460 0
39470 0
39480 0
39490 0
39500 0
39510 0
39520 4
39530 1
39540 4
39550 2
39560 2
39570 5
39580 1
39590 11
39600 15
39610 5
39620 11
39630 0
39640 0
39650 0
39660 0
39670 4
39680 8
39690 1
39700 5
39710 2
39720 1
39730 9
39740 10
39750 8
39760 12
39770 7
39780 10
39790 6
39800 0
39810 6
39820 13
39830 14
39840 2
39850 12
39860 1
39870 0
39880 0
39890 1
39900 1
39910 0
39920 0
39930 12
39940 3
39950 9
39960 6
39970 1
39980 0
39990 0
40000 0
40010 0
40020 0
40030 0
40040 0
40050 4
40060 0
40070 0
40080 3
40090 12
40100 4
40110 2
40120 0
40130 7
40140 1
40150 1
40160 2
40170 3
40180 0
40190 5
40200 10
40210 9
40220 10
40230 11
40240 9
40250 3
40260 0
40270 5
40280 10
40290 0
40300 3
40310 5
40320 11
40330 0
40340 1
40350 0
40360 1
40370 0
40380 0
40390 1
40400 1
40410 0
40420 0
40430 3
40440 0
40450 0
40460 1
40470 1
40480 1
40490 0
40500 0
40510 0
40520 3
40530 5
40540 0
40550 0
40560 0
40570 0
40580 0
40590 0
40600 0
40610 8
40620 10
40630 7
40640 5
40650 14
40660 2
40670 8
40680 0
40690 0
40700 5
40710 0
40720 3
40730 2
40740 0
40750 3
40760 3
40770 0
40780 4
40790 1
40800 23
40810 11
40820 12
40830 2
40840 7
40850 0
40860 8
40870 0
40880 4
40890 9
40900 11
40910 9
40920 12
40930 1
40940 4
40950 3
40960 0
40970 0
40980 8
40990 3
41000 5
41010 5
41020 3
41030 5
41040 0
41050 0
41060 8
41070 3
41080 4
41090 14
41100 6
41110 0
41120 0
41130 0
41140 0
41150 0
41160 0
41170 0
41180 0
41190 0
41200 0
41210 0
41220 1
41230 0
41240 0
41250 0
41260 0
41270 1
41280 6
41290 4
41300 7
41310 3
41320 0
41330 0
41340 0
41350 0
41360 0
41370 0
41380 0
41390 0
41400 0
41410 0
41420 0
41430 0
41440 0
41450 3
41460 2
41470 0
41480 0
41490 0
41500 0
41510 0
41520 0
41530 0
41540 0
41550 0
41560 0
41570 0
41580 0
41590 12
41600 10
41610 0
41620 0
41630 0
41640 0
41650 0
41660 0
41670 0
41680 7
41690 9
41700 8
41710 14
41720 12
41730 11
41740 12
41750 7
41760 15
41770 8
41780 3
41790 9
41800 1
41810 0
41820 0
41830 0
41840 0
41850 0
41860 0
41870 1
41880 0
41890 0
41900 0
41910 0
41920 0
41930 0
41940 0
41950 0
41960 0
41970 0
41980 0
41990 0
42000 0
42010 1
42020 0
42030 0
42040 1
42050 0
42060 0
42070 0
42080 0
42090 1
42100 2
42110 10
42120 0
42130 0
42140 0
42150 0
42160 0
42170 10
42180 0
42190 12
42200 8
42210 6
42220 11
42230 11
42240 13
42250 9
42260 5
42270 0
42280 4
42290 0
42300 2
42310 14
42320 6
42330 4
42340 10
42350 11
42360 10
42370 10
42380 10
42390 8
42400 7
42410 11
42420 6
42430 16
42440 5
42450 2
42460 12
42470 0
42480 0
42490 0
42500 0
42510 2
42520 15
42530 3
42540 8
42550 5
42560 11
42570 6
42580 7
42590 10
42600 9
42610 4
42620 3
42630 5
42640 3
42650 13
42660 6
42670 0
42680 0
42690 0
42700 3
42710 3
42720 0
42730 5
42740 10
42750 11
42760 16
42770 26
42780 15
42790 22
42800 7
42810 13
42820 17
42830 18
42840 0
42850 2
42860 0
42870 11
42880 7
42890 3
42900 6
42910 11
42920 10
42930 0
42940 0
42950 0
42960 0
42970 1
42980 0
42990 0
43000 0
43010 0
43020 0
43030 0
43040 0
43050 0
43060 0
43070 0
43080 0
43090 0
43100 0
43110 0
43120 0
43130 0
43140 0
43150 0
43160 0
43170 0
43180 0
43190 0
43200 0
43210 0
43220 0
43230 0
43240 0
43250 0
43260 0
43270 0
43280 0
43290 0
43300 0
43310 0
43320 2
43330 0
43340 0
43350 0
43360 0
43370 0
43380 0
43390 0
43400 0
43410 0
43420 0
43430 0
43440 0
43450 0
43460 0
43470 0
43480 0
43490 0
43500 0
43510 0
43520 0
43530 0
43540 0
43550 0
43560 0
43570 0
43580 0
43590 0
43600 2
43610 0
43620 0
43630 0
43640 0
43650 0
43660 0
43670 0
43680 0
43690 0
43700 0
43710 0
43720 0
43730 0
43740 0
43750 12
43760 0
43770 10
43780 0
43790 1
43800 2
43810 1
43820 7
43830 3
43840 9
43850 9
43860 14
43870 0
43880 0
43890 0
43900 0
43910 0
43920 0
43930 0
43940 0
43950 3
43960 6
43970 11
43980 10
43990 7
44000 9
44010 15
44020 5
44030 8
44040 3
44050 7
44060 0
44070 0
44080 0
44090 1
44100 0
44110 0
44120 0
44130 0
44140 0
44150 0
44160 0
44170 0
44180 0
44190 0
44200 0
44210 0
44220 0
44230 0
44240 0
44250 0
44260 0
44270 3
44280 8
44290 1
44300 0
44310 0
44320 0
44330 19
44340 19
44350 14
44360 17
44370 18
44380 21
44390 12
44400 17
44410 15
44420 5
44430 11
44440 20
44450 14
44460 12
44470 18
44480 19
44490 1
44500 8
44510 8
44520 7
44530 6
44540 6
44550 13
44560 9
44570 18
44580 0
44590 0
44600 0
44610 0
44620 0
44630 0
44640 0
44650 0
44660 0
44670 0
44680 0
44690 0
44700 0
44710 0
44720 0
44730 0
44740 0
44750 0
44760 0
44770 0
44780 0
44790 0
44800 0
44810 0
44820 0
44830 0
44840 0
44850 0
44860 0
44870 0
44880 0
44890 0
44900 0
44910 0
44920 0
44930 0
44940 0
44950 0
44960 0
44970 0
44980 1
44990 0
45000 0
45010 0
45020 0
45030 0
45040 0
45050 0
45060 0
45070 0
45080 0
45090 0
45100 0
45110 0
45120 0
45130 0
45140 0
45150 2
45160 0
45170 1
45180 3
45190 3
45200 2
45210 8
45220 0
45230 0
45240 0
45250 0
45260 0
45270 0
45280 0
45290 0
45300 0
45310 0
45320 0
45330 0
45340 0
45350 0
45360 0
45370 0
45380 0
45390 8
45400 1
45410 7
45420 5
45430 1
45440 0
45450 6
45460 27
45470 14
45480 12
45490 7
45500 19
45510 7
45520 11
45530 2
45540 4
45550 2
45560 2
45570 1
45580 9
45590 6
45600 2
45610 2
45620 0
45630 5
45640 3
45650 2
45660 1
45670 1
45680 3
45690 4
45700 4
45710 0
45720 4
45730 2
45740 2
45750 2
45760 9
45770 0
45780 5
45790 0
45800 1
45810 0
45820 4
45830 1
45840 13
45850 14
45860 6
45870 8
45880 0
45890 4
45900 9
45910 0
45920 0
45930 0
45940 0
45950 0
45960 0
45970 0
45980 0
45990 0
46000 0
46010 0
46020 0
46030 0
46040 0
46050 0
46060 0
46070 0
46080 0
46090 0
46100 0
46110 0
46120 0
46130 0
46140 0
46150 0
46160 0
46170 0
46180 1
46190 1
46200 0
46210 0
46220 1
46230 0
46240 0
46250 0
46260 0
46270 1
46280 0
46290 0
46300 0
46310 1
46320 0
46330 1
46340 0
46350 0
46360 0
46370 0
46380 0
46390 0
46400 0
46410 0
46420 0
46430 0
46440 0
46450 0
46460 1
46470 2
46480 1
46490 0
46500 1
46510 0
46520 0
46530 0
46540 0
46550 0
46560 0
46570 0
46580 0
46590 0
46600 0
46610 0
46620 0
46630 0
46640 4
46650 2
46660 2
46670 7
46680 6
46690 1
46700 2
46710 0
46720 0
46730 0
46740 0
46750 0
46760 0
46770 0
46780 0
46790 0
46800 0
46810 0
46820 0
46830 0
46840 0
46850 0
46860 0
46870 0
46880 0
46890 0
46900 0
46910 0
46920 0
46930 0
46940 0
46950 0
46960 0
46970 0
46980 0
46990 0
47000 0
47010 0
47020 0
47030 0
47040 0
47050 0
47060 0
47070 0
47080 0
47090 0
47100 0
47110 0
47120 0
47130 0
47140 0
47150 0
47160 0
47170 0
47180 0
47190 0
47200 0
47210 0
47220 0
47230 0
47240 0
47250 0
47260 1
47270 0
47280 1
47290 0
47300 1
47310 0
47320 0
47330 0
47340 1
47350 0
47360 0
47370 0
47380 0
47390 0
47400 0
47410 0
47420 0
47430 0
47440 0
47450 0
47460 0
47470 0
47480 0
47490 0
47500 0
47510 0
47520 0
47530 0
47540 1
47550 0
47560 0
47570 0
47580 0
47590 0
47600 0
47610 0
47620 0
47630 0
47640 0
47650 0
47660 0
47670 0
47680 0
47690 0
47700 0
47710 0
47720 0
47730 0
47740 0
47750 0
47760 0
47770 0
47780 0
47790 0
47800 0
47810 0
47820 0
47830 0
47840 0
47850 0
47860 0
47870 0
47880 0
47890 0
47900 0
47910 0
47920 0
47930 0
47940 0
47950 0
47960 2
47970 1
47980 0
47990 0
48000 3
48010 1
48020 9
48030 0
48040 1
48050 0
48060 1
48070 4
48080 4
48090 3
48100 12
48110 13
48120 14
48130 15
48140 13
48150 11
48160 12
48170 11
48180 12
48190 12
48200 19
48210 24
48220 17
48230 19
48240 16
48250 18
48260 14
48270 12
48280 14
48290 13
48300 0
48310 0
48320 0
48330 2
48340 7
48350 5
48360 7
48370 5
48380 11
48390 10
48400 20
48410 11
48420 12
48430 13
48440 5
48450 5
48460 12
48470 14
48480 16
48490 18
48500 20
48510 11
48520 10
48530 7
48540 1
48550 4
48560 0
48570 2
48580 11
48590 2
48600 1
48610 4
48620 5
48630 1
48640 2
48650 0
48660 0
48670 0
48680 3
48690 0
48700 0
48710 0
48720 1
48730 1
48740 0
48750 0
48760 0
48770 0
48780 0
48790 0
48800 0
48810 0
48820 0
48830 1
48840 0
48850 0
48860 0
48870 0
48880 0
48890 0
48900 0
48910 0
48920 0
48930 0
48940 0
48950 0
48960 2
48970 4
48980 3
48990 3
49000 2
49010 0
49020 0
49030 0
49040 5
49050 0
49060 0
49070 0
49080 0
49090 0
49100 0
49110 0
49120 0
49130 0
49140 0
49150 0
49160 5
49170 0
49180 1
49190 16
49200 3
49210 5
49220 15
49230 4
49240 11
49250 0
49260 12
49270 10
49280 3
49290 0
49300 2
49310 13
49320 14
49330 13
49340 13
49350 11
49360 12
49370 14
49380 6
49390 13
49400 21
49410 13
49420 21
49430 22
49440 21
49450 18
49460 15
49470 13
49480 18
49490 19
49500 19
49510 11
49520 21
49530 27
49540 28
49550 25
49560 24
49570 25
49580 23
49590 24
49600 23
49610 12
49620 22
49630 19
49640 23
49650 26
49660 26
49670 24
49680 11
49690 16
49700 10
49710 3
49720 22
49730 22
49740 9
49750 14
49760 0
49770 8
49780 8
49790 4
49800 5
49810 19
49820 10
49830 5
49840 4
49850 4
49860 18
49870 17
49880 9
49890 15
49900 9
49910 5
49920 7
49930 0
49940 0
49950 1
49960 0
49970 0
49980 0
49990 0
50000 2
50010 4
50020 15
50030 5
50040 14
50050 11
50060 14
50070 2
50080 6
50090 3
50100 8
50110 5
50120 3
50130 9
50140 4
50150 11
50160 10
50170 0
50180 1
50190 1
50200 4
50210 1
50220 7
50230 5
50240 7
50250 17
50260 16
50270 19
50280 1
50290 3
50300 4
50310 2
50320 8
50330 8
50340 4
50350 23
50360 8
50370 20
50380 15
50390 17
50400 17
50410 25
50420 17
50430 21
50440 17
50450 23
50460 15
50470 23
50480 10
50490 14
50500 13
50510 0
50520 0
50530 0
50540 4
50550 4
50560 6
50570 11
50580 8
50590 19
50600 7
50610 0
50620 0
50630 0
50640 0
50650 0
50660 1
50670 0
50680 0
50690 4
50700 15
50710 0
50720 4
50730 13
50740 13
50750 13
50760 17
50770 16
50780 17
50790 14
50800 12
50810 14
50820 18
50830 9
50840 10
50850 13
50860 13
50870 17
50880 5
50890 9
50900 13
50910 12
50920 13
50930 17
50940 14
50950 16
50960 14
50970 17
50980 16
50990 17
51000 10
51010 16
51020 14
51030 12
51040 13
51050 12
51060 13
51070 16
51080 14
51090 14
51100 14
51110 14
51120 12
51130 13
51140 15
51150 17
51160 18
51170 14
51180 14
51190 14
51200 12
51210 16
51220 12
51230 11
51240 12
51250 14
51260 3
51270 3
51280 4
51290 4
51300 4
51310 2
51320 3
51330 0
51340 1
51350 0
51360 0
51370 0
51380 0
51390 0
51400 0
51410 0
51420 0
51430 0
51440 0
51450 4
51460 1
51470 5
51480 0
51490 0
51500 0
51510 0
51520 7
51530 7
51540 17
51550 7
51560 14
51570 7
51580 13
51590 10
51600 3
51610 8
51620 2
51630 10
51640 10
51650 6
51660 18
51670 12
51680 16
51690 10
51700 12
51710 5
51720 18
51730 10
51740 18
51750 13
51760 14
51770 18
51780 12
51790 12
51800 11
51810 11
51820 0
51830 10
51840 16
51850 15
51860 12
51870 12
51880 10
51890 15
51900 5
51910 13
51920 10
51930 17
51940 14
51950 15
51960 12
51970 18
51980 6
51990 5
52000 13
52010 18
52020 3
52030 3
52040 10
52050 18
52060 15
52070 15
52080 21
52090 15
52100 2
52110 11
52120 5
52130 16
52140 15
52150 0
52160 0
52170 2
52180 0
52190 0
52200 4
52210 3
52220 4
52230 0
52240 5
52250 0
52260 3
52270 0
52280 2
52290 2
52300 0
52310 0
52320 0
52330 0
52340 0
52350 0
52360 0
52370 0
52380 0
52390 0
52400 0
52410 4
52420 13
52430 10
52440 12
52450 12
52460 7
52470 5
52480 17
52490 17
52500 12
52510 17
52520 19
52530 13
52540 10
52550 3
52560 8
52570 1
52580 2
52590 1
52600 4
52610 4
52620 2
52630 6
52640 0
52650 9
52660 2
52670 0
52680 0
52690 0
52700 0
52710 0
52720 0
52730 0
52740 0
52750 0
52760 0
52770 0
52780 0
52790 0
52800 0
52810 0
52820 0
52830 0
52840 0
52850 0
52860 0
52870 0
52880 0
52890 3
52900 0
52910 0
52920 0
52930 0
52940 0
52950 0
52960 0
52970 0
52980 0
52990 0
53000 0
53010 0
53020 0
53030 0
53040 0
53050 0
53060 0
53070 0
53080 0
53090 0
53100 0
53110 0
53120 4
53130 0
53140 0
53150 0
53160 0
53170 0
53180 0
53190 0
53200 0
53210 0
53220 0
53230 0
53240 0
53250 0
53260 0
53270 0
53280 0
53290 0
53300 0
53310 0
53320 0
53330 0
53340 0
53350 0
53360 0
53370 0
53380 0
53390 0
53400 0
53410 0
53420 0
53430 0
53440 0
53450 0
53460 0
53470 0
53480 0
53490 0
53500 0
53510 0
53520 0
53530 0
53540 0
53550 0
53560 0
53570 0
53580 0
53590 0
53600 0
53610 0
53620 0
53630 0
53640 0
53650 0
53660 0
53670 0
53680 0
53690 0
53700 0
53710 0
53720 0
53730 0
53740 0
53750 0
53760 0
53770 0
53780 0
53790 0
53800 0
53810 0
53820 0
53830 0
53840 0
53850 0
53860 0
53870 0
53880 1
53890 0
53900 0
53910 0
53920 0
53930 0
53940 0
53950 0
53960 0
53970 0
53980 0
53990 0
54000 0
54010 0
54020 0
54030 0
54040 0
54050 0
54060 0
54070 0
54080 0
54090 0
54100 0
54110 0
54120 0
54130 0
54140 0
54150 0
54160 0
54170 0
54180 0
54190 0
54200 0
54210 0
54220 0
54230 0
54240 0
54250 0
54260 0
54270 0
54280 0
54290 0
54300 0
54310 0
54320 0
54330 0
54340 0
54350 0
54360 0
54370 0
54380 0
54390 0
54400 0
54410 0
54420 0
54430 0
54440 0
54450 0
54460 0
54470 0
54480 0
54490 0
54500 0
54510 0
54520 0
54530 0
54540 0
54550 0
54560 0
54570 0
54580 0
54590 0
54600 0
54610 0
54620 0
54630 0
54640 0
54650 0
54660 0
54670 0
54680 0
54690 0
54700 0
54710 0
54720 0
54730 0
54740 0
54750 0
54760 0
54770 0
54780 0
54790 0
54800 0
54810 0
54820 0
54830 0
54840 0
54850 0
54860 0
54870 0
54880 0
54890 0
54900 0
54910 0
54920 0
54930 0
54940 0
54950 0
54960 0
54970 0
54980 0
54990 0
55000 0
55010 0
55020 0
55030 0
55040 0
55050 0
55060 0
55070 2
55080 0
55090 0
55100 1
55110 1
55120 11
55130 4
55140 4
55150 10
55160 4
55170 6
55180 4
55190 11
55200 9
55210 4
55220 9
55230 7
55240 3
55250 9
55260 6
55270 6
55280 7
55290 4
55300 3
55310 4
55320 6
55330 5
55340 8
55350 4
55360 6
55370 4
55380 3
55390 4
55400 5
55410 4
55420 8
55430 6
55440 4
55450 0
55460 7
55470 2
55480 6
55490 19
55500 13
55510 16
55520 21
55530 20
55540 10
55550 1
55560 6
55570 6
55580 7
55590 3
55600 10
55610 4
55620 4
55630 8
55640 6
55650 7
55660 4
55670 0
55680 1
55690 0
55700 0
55710 4
55720 0
55730 4
55740 5
55750 1
55760 6
55770 3
55780 3
55790 0
55800 1
55810 1
55820 0
55830 1
55840 0
55850 0
55860 0
55870 0
55880 0
55890 0
55900 0
55910 0
55920 0
55930 0
55940 0
55950 0
55960 0
55970 0
55980 0
55990 0
56000 0
56010 0
56020 0
56030 0
56040 0
56050 0
56060 0
56070 0
56080 0
56090 0
56100 0
56110 0
56120 0
56130 0
56140 0
56150 0
56160 0
56170 3
56180 3
56190 2
56200 6
56210 7
56220 6
56230 3
56240 5
56250 0
56260 5
56270 0
56280 3
56290 0
56300 3
56310 4
56320 4
56330 12
56340 5
56350 5
56360 1
56370 4
56380 9
56390 4
56400 4
56410 0
56420 0
56430 0
56440 0
56450 0
56460 1
56470 0
56480 0
56490 0
56500 1
56510 0
56520 0
56530 0
56540 0
56550 0
56560 0
56570 0
56580 0
56590 0
56600 0
56610 0
56620 0
56630 0
56640 0
56650 0
56660 0
56670 0
56680 0
56690 0
56700 0
56710 0
56720 0
56730 0
56740 0
56750 0
56760 0
56770 0
56780 0
56790 0
56800 0
56810 0
56820 0
56830 0
56840 0
56850 0
56860 0
56870 0
56880 0
56890 0
56900 0
56910 0
56920 0
56930 0
56940 0
56950 0
56960 0
56970 0
56980 0
56990 0
57000 0
57010 0
57020 0
57030 0
57040 0
57050 0
57060 0
57070 0
57080 0
57090 0
57100 0
57110 0
57120 0
57130 0
57140 0
57150 0
57160 0
57170 0
57180 0
57190 0
57200 0
57210 0
57220 0
57230 0
57240 0
57250 0
57260 0
57270 0
57280 0
57290 0
57300 0
57310 0
57320 0
57330 0
57340 0
57350 0
57360 0
57370 0
57380 0
57390 0
57400 0
57410 0
57420 0
57430 0
57440 0
57450 0
57460 0
57470 0
57480 0
57490 0
57500 0
57510 0
57520 0
57530 0
57540 0
57550 7
57560 4
57570 4
57580 6
57590 11
57600 6
57610 11
57620 6
57630 13
57640 15
57650 12
57660 9
57670 12
57680 6
57690 8
57700 8
57710 9
57720 9
57730 8
57740 9
57750 8
57760 2
57770 3
57780 8
57790 3
57800 10
57810 12
57820 9
57830 6
57840 8
57850 0
57860 7
57870 4
57880 10
57890 4
57900 5
57910 9
57920 11
57930 1
57940 10
57950 5
57960 6
57970 8
57980 7
57990 8
58000 10
58010 5
58020 5
58030 3
58040 2
58050 0
58060 6
58070 5
58080 8
58090 4
58100 0
58110 0
58120 0
58130 0
58140 0
58150 0
58160 0
58170 0
58180 0
58190 0
58200 0
58210 0
58220 0
58230 0
58240 0
58250 0
58260 0
58270 0
58280 0
58290 1
58300 1
58310 0
58320 0
58330 0
58340 0
58350 0
58360 0
58370 0
58380 0
58390 0
58400 0
58410 0
58420 0
58430 0
58440 0
58450 0
58460 0
58470 0
58480 0
58490 0
58500 0
58510 0
58520 0
58530 0
58540 0
58550 0
58560 0
58570 0
58580 0
58590 0
58600 0
58610 0
58620 0
58630 0
58640 0
58650 0
58660 0
58670 0
58680 0
58690 0
58700 0
58710 0
58720 0
58730 0
58740 1
58750 0
58760 0
58770 0
58780 0
58790 0
58800 0
58810 0
58820 0
58830 0
58840 0
58850 0
58860 4
58870 1
58880 4
58890 5
58900 4
58910 5
58920 4
58930 4
58940 4
58950 0
58960 10
58970 7
58980 3
58990 12
59000 3
59010 0
59020 0
59030 0
59040 0
59050 0
59060 3
59070 1
59080 1
59090 1
59100 4
59110 1
59120 4
59130 6
59140 4
59150 5
59160 4
59170 5
59180 3
59190 8
59200 10
59210 3
59220 8
59230 4
59240 9
59250 4
59260 5
59270 4
59280 7
59290 9
59300 6
59310 4
59320 10
59330 5
59340 4
59350 4
59360 0
59370 0
59380 2
59390 4
59400 0
59410 5
59420 9
59430 8
59440 0
59450 0
59460 0
59470 0
59480 0
59490 0
59500 0
59510 0
59520 1
59530 3
59540 2
59550 4
59560 2
59570 10
59580 11
59590 5
59600 4
59610 0
59620 7
59630 9
59640 7
59650 5
59660 9
59670 5
59680 1
59690 4
59700 3
59710 4
59720 2
59730 2
59740 0
59750 0
59760 0
59770 0
59780 0
59790 0
59800 0
59810 0
59820 0
59830 0
59840 0
59850 0
59860 0
59870 0
59880 0
59890 0
59900 0
59910 0
59920 0
59930 0
59940 0
59950 0
59960 0
59970 0
59980 0
59990 0
60000 0
60010 0
60020 0
60030 0
60040 0
60050 0
60060 0
60070 0
60080 0
60090 0
60100 0
60110 0
60120 0
60130 0
60140 0
60150 0
60160 2
60170 11
60180 5
60190 7
60200 7
60210 8
60220 16
60230 10
60240 3
60250 5
60260 5
60270 2
60280 3
60290 5
60300 9
60310 0
60320 3
60330 1
60340 3
60350 10
60360 3
60370 1
60380 7
60390 0
60400 2
60410 2
60420 4
60430 2
60440 3
60450 0
60460 0
60470 0
60480 2
60490 10
60500 8
60510 3
60520 5
60530 9
60540 2
60550 2
60560 6
60570 9
60580 1
60590 10
60600 11
60610 3
60620 3
60630 14
60640 9
60650 3
60660 5
60670 0
60680 2
60690 9
60700 4
60710 6
60720 0
60730 0
60740 1
60750 0
60760 0
60770 0
60780 0
60790 0
60800 0
60810 0
60820 0
60830 0
60840 0
60850 0
60860 0
60870 0
60880 0
60890 0
60900 0
60910 0
60920 0
60930 0
60940 3
60950 1
60960 5
60970 0
60980 0
60990 2
61000 1
61010 3
61020 1
61030 0
61040 0
61050 3
61060 0
61070 1
61080 1
61090 0
61100 0
61110 0
61120 0
61130 0
61140 0
61150 0
61160 0
61170 0
61180 1
61190 0
61200 0
61210 1
61220 0
61230 0
61240 0
61250 0
61260 0
61270 0
61280 1
61290 4
61300 0
61310 1
61320 1
61330 3
61340 2
61350 2
61360 1
61370 1
61380 4
61390 0
61400 0
61410 0
61420 0
61430 0
61440 0
61450 0
61460 0
61470 0
61480 0
61490 0
61500 0
61510 0
61520 0
61530 0
61540 0
61550 0
61560 0
61570 0
61580 0
61590 0
61600 0
61610 2
61620 0
61630 0
61640 0
61650 0
61660 0
61670 0
61680 0
61690 0
61700 0
61710 6
61720 0
61730 6
61740 0
61750 0
61760 0
61770 0
61780 0
61790 0
61800 0
61810 3
61820 2
61830 0
61840 0
61850 3
61860 7
61870 3
61880 0
61890 9
61900 11
61910 1
61920 10
61930 5
61940 1
61950 5
61960 0
61970 0
61980 0
61990 4
62000 2
62010 7
62020 8
62030 12
62040 19
62050 21
62060 3
62070 13
62080 11
62090 14
62100 7
62110 6
62120 6
62130 5
62140 9
62150 4
62160 17
62170 21
62180 4
62190 2
62200 0
62210 4
62220 0
62230 1
62240 1
62250 3
62260 1
62270 1
62280 10
62290 11
62300 5
62310 11
62320 6
62330 3
62340 2
62350 1
62360 0
62370 7
62380 5
62390 12
62400 7
62410 9
62420 15
62430 12
62440 14
62450 13
62460 19
62470 18
62480 14
62490 11
62500 8
62510 8
62520 5
62530 2
62540 12
62550 11
62560 14
62570 14
62580 14
62590 4
62600 1
62610 5
62620 2
62630 1
62640 9
62650 4
62660 13
62670 17
62680 6
62690 7
62700 9
62710 0
62720 0
62730 8
62740 2
62750 4
62760 1
62770 4
62780 6
62790 0
62800 8
62810 0
62820 1
62830 0
62840 10
62850 10
62860 10
62870 14
62880 11
62890 19
62900 21
62910 1
62920 5
62930 0
62940 0
62950 0
62960 1
62970 1
62980 0
62990 0
63000 1
63010 5
63020 0
63030 0
63040 1
63050 7
63060 1
63070 0
63080 0
63090 0
63100 1
63110 8
63120 8
63130 0
63140 1
63150 0
63160 0
63170 9
63180 9
63190 11
63200 6
63210 9
63220 9
63230 9
63240 9
63250 6
63260 14
63270 7
63280 11
63290 0
63300 0
63310 8
63320 6
63330 7
63340 0
63350 0
63360 0
63370 1
63380 1
63390 11
63400 16
63410 10
63420 17
63430 10
63440 10
63450 9
63460 15
63470 14
63480 23
63490 10
63500 10
63510 24
63520 4
63530 7
63540 0
63550 1
63560 10
63570 10
63580 16
63590 9
63600 16
63610 10
63620 12
63630 10
63640 14
63650 13
63660 13
63670 13
63680 22
63690 24
63700 5
63710 13
63720 14
63730 14
63740 9
63750 10
63760 9
63770 9
63780 9
63790 13
63800 14
63810 8
63820 12
63830 11
63840 11
63850 3
63860 11
63870 15
63880 10
63890 10
63900 10
63910 10
63920 3
63930 2
63940 4
63950 4
63960 2
63970 2
63980 1
63990 12
64000 16
64010 8
64020 3
64030 11
64040 16
64050 16
64060 17
64070 13
64080 19
64090 9
64100 1
64110 3
64120 8
64130 12
64140 7
64150 11
64160 15
64170 15
64180 0
64190 0
64200 0
64210 1
64220 0
64230 0
64240 2
64250 0
64260 0
64270 0
64280 0
64290 0
64300 0
64310 1
64320 0
64330 12
64340 1
64350 1
64360 5
64370 1
64380 0
64390 0
64400 0
64410 0
64420 0
64430 0
64440 0
64450 0
64460 0
64470 0
64480 0
64490 0
64500 0
64510 0
64520 0
64530 0
64540 0
64550 7
64560 0
64570 10
64580 14
64590 4
64600 9
64610 0
64620 1
64630 0
64640 0
64650 0
64660 0
64670 0
64680 0
64690 0
64700 0
64710 0
64720 0
64730 0
64740 0
64750 0
64760 0
64770 0
64780 0
64790 0
64800 0
64810 0
64820 0
64830 0
64840 0
64850 0
64860 0
64870 0
64880 0
64890 0
64900 0
64910 0
64920 1
64930 0
64940 0
64950 0
64960 0
64970 3
64980 0
64990 26
65000 22
65010 13
65020 13
65030 0
65040 4
65050 17
65060 18
65070 14
65080 12
65090 12
65100 13
65110 20
65120 21
65130 19
65140 14
65150 18
65160 16
65170 15
65180 0
65190 0
65200 15
65210 17
65220 20
65230 13
65240 7
65250 19
65260 14
65270 18
65280 13
65290 21
65300 12
65310 8
65320 11
65330 15
65340 19
65350 15
65360 13
65370 21
65380 7
65390 18
65400 16
65410 17
65420 21
65430 14
65440 17
65450 14
65460 5
65470 13
65480 12
65490 7
65500 19
65510 2
65520 19
65530 13
65540 13
65550 21
65560 16
65570 12
65580 14
65590 22
65600 13
65610 20
65620 8
65630 11
65640 19
65650 13
65660 10
65670 8
65680 7
65690 20
65700 11
65710 1
65720 0
65730 7
65740 6
65750 6
65760 0
65770 2
65780 9
65790 14
65800 18
65810 18
65820 22
65830 19
65840 16
65850 9
65860 11
65870 8
65880 23
65890 21
65900 15
65910 16
65920 9
65930 17
65940 18
65950 15
65960 21
65970 0
65980 15
65990 16
66000 10
66010 14
66020 5
66030 11
66040 6
66050 11
66060 4
66070 3
66080 4
66090 2
66100 3
66110 0
66120 1
66130 3
66140 1
66150 0
66160 0
66170 0
66180 0
66190 0
66200 0
66210 0
66220 0
66230 0
66240 0
66250 0
66260 0
66270 0
66280 0
66290 0
66300 0
66310 0
66320 0
66330 0
66340 0
66350 0
66360 0
66370 0
66380 0
66390 0
66400 0
66410 0
66420 0
66430 0
66440 0
66450 0
66460 0
66470 0
66480 0
66490 0
66500 5
66510 8
66520 5
66530 7
66540 16
66550 12
66560 9
66570 9
66580 9
66590 9
66600 2
66610 0
66620 0
66630 0
66640 0
66650 0
66660 0
66670 0
66680 0
66690 0
66700 0
66710 0
66720 1
66730 0
66740 0
66750 0
66760 0
66770 0
66780 0
66790 0
66800 0
66810 0
66820 0
66830 0
66840 0
66850 0
66860 0
66870 0
66880 0
66890 0
66900 0
66910 0
66920 0
66930 0
66940 0
66950 0
66960 0
66970 3
66980 2
66990 0
67000 2
67010 3
67020 9
67030 1
67040 2
67050 6
67060 1
67070 0
67080 2
67090 0
67100 1
67110 0
67120 0
67130 1
67140 4
67150 0
67160 0
67170 1
67180 1
67190 2
67200 3
67210 0
67220 0
67230 0
67240 0
67250 0
67260 0
67270 0
67280 0
67290 0
67300 0
67310 0
67320 0
67330 0
67340 0
67350 0
67360 0
67370 0
67380 0
67390 0
67400 0
67410 0
67420 0
67430 0
67440 0
67450 0
67460 0
67470 0
67480 0
67490 0
67500 0
67510 0
67520 0
67530 0
67540 0
67550 0
67560 0
67570 0
67580 0
67590 0
67600 0
67610 1
67620 0
67630 0
67640 0
67650 0
67660 0
67670 0
67680 0
67690 0
67700 3
67710 6
67720 3
67730 4
67740 6
67750 5
67760 5
67770 5
67780 5
67790 5
67800 4
67810 0
67820 0
67830 0
67840 0
67850 0
67860 0
67870 0
67880 0
67890 0
67900 0
67910 0
67920 1
67930 7
67940 5
67950 0
67960 5
67970 0
67980 0
67990 0
68000 0
68010 0
68020 0
68030 0
68040 0
68050 0
68060 0
68070 0
68080 0
68090 3
68100 0
68110 0
68120 0
68130 7
68140 0
68150 0
68160 14
68170 3
68180 4
68190 1
68200 0
68210 0
68220 0
68230 0
68240 0
68250 5
68260 12
68270 17
68280 17
68290 4
68300 0
68310 0
68320 0
68330 3
68340 0
68350 0
68360 0
68370 0
68380 0
68390 3
68400 0
68410 3
68420 4
68430 5
68440 11
68450 7
68460 9
68470 8
68480 2
68490 0
68500 0
68510 8
68520 7
68530 8
68540 10
68550 14
68560 19
68570 15
68580 0
68590 7
68600 16
68610 9
68620 18
68630 19
68640 19
68650 9
68660 20
68670 6
68680 3
68690 9
68700 12
68710 16
68720 10
68730 16
68740 14
68750 0
68760 9
68770 11
68780 12
68790 11
68800 5
68810 4
68820 11
68830 4
68840 7
68850 4
68860 5
68870 5
68880 6
68890 4
68900 8
68910 4
68920 16
68930 10
68940 16
68950 9
68960 5
68970 6
68980 17
68990 17
69000 14
69010 8
69020 12
69030 4
69040 4
69050 7
69060 4
69070 11
69080 5
69090 14
69100 7
69110 7
69120 9
69130 9
69140 3
69150 4
69160 11
69170 3
69180 0
69190 4
69200 7
69210 1
69220 10
69230 0
69240 0
69250 0
69260 0
69270 2
69280 10
69290 5
69300 3
69310 9
69320 0
69330 10
69340 2
69350 7
69360 10
69370 3
69380 7
69390 7
69400 7
69410 10
69420 7
69430 2
69440 8
69450 6
69460 4
69470 15
69480 11
69490 16
69500 16
69510 18
69520 14
69530 13
69540 14
69550 13
69560 4
69570 10
69580 8
69590 5
69600 9
69610 8
69620 14
69630 5
69640 1
69650 10
69660 8
69670 11
69680 5
69690 1
69700 11
69710 1
69720 2
69730 1
69740 0
69750 1
69760 2
69770 0
69780 0
69790 1
69800 0
69810 1
69820 2
69830 2
69840 1
69850 0
69860 0
69870 0
69880 0
69890 0
69900 0
69910 0
69920 0
69930 0
69940 0
69950 0
69960 0
69970 0
69980 0
69990 0
70000 0
70010 0
70020 0
70030 0
70040 1
70050 0
70060 0
70070 0
70080 0
70090 0
70100 0
70110 0
70120 0
70130 0
70140 1
70150 0
70160 0
70170 0
70180 0
70190 0
70200 0
70210 0
70220 0
70230 0
70240 5
70250 2
70260 0
70270 1
70280 6
70290 1
70300 2
70310 0
70320 5
70330 7
70340 4
70350 1
70360 0
70370 0
70380 0
70390 0
70400 0
70410 0
70420 0
70430 0
70440 0
70450 0
70460 0
70470 0
70480 0
70490 0
70500 0
70510 0
70520 0
70530 0
70540 1
70550 0
70560 0
70570 0
70580 3
70590 4
70600 2
70610 3
70620 5
70630 3
70640 2
70650 1
70660 1
70670 1
70680 1
70690 3
70700 1
70710 7
70720 4
70730 3
70740 2
70750 6
70760 0
70770 4
70780 1
70790 3
70800 3
70810 1
70820 2
70830 0
70840 0
70850 1
70860 0
70870 1
70880 1
70890 1
70900 1
70910 1
70920 1
70930 1
70940 1
70950 4
70960 1
70970 3
70980 1
70990 0
71000 3
71010 4
71020 4
71030 5
71040 4
71050 0
71060 0
71070 2
71080 3
71090 11
71100 2
71110 3
71120 1
71130 0
71140 0
71150 0
71160 0
71170 0
71180 0
71190 2
71200 0
71210 0
71220 0
71230 0
71240 0
71250 1
71260 0
71270 0
71280 0
71290 0
71300 0
71310 0
71320 0
71330 0
71340 0
71350 0
71360 0
71370 0
71380 2
71390 1
71400 1
71410 1
71420 3
71430 4
71440 4
71450 1
71460 0
71470 3
71480 7
71490 2
71500 10
71510 3
71520 3
71530 6
71540 4
71550 7
71560 4
71570 3
71580 3
71590 7
71600 3
71610 0
71620 1
71630 0
71640 0
71650 1
71660 0
71670 1
71680 0
71690 5
71700 5
71710 2
71720 1
71730 0
71740 13
71750 5
71760 0
71770 0
71780 1
71790 1
71800 0
71810 9
71820 9
71830 3
71840 6
71850 13
71860 0
71870 4
71880 3
71890 5
71900 7
71910 3
71920 2
71930 4
71940 0
71950 8
71960 11
71970 4
71980 10
71990 13
72000 12
72010 9
72020 14
72030 8
72040 11
72050 14
72060 9
72070 9
72080 5
72090 3
72100 1
72110 5
72120 11
72130 0
72140 3
72150 0
72160 4
72170 0
72180 0
72190 0
72200 0
72210 3
72220 0
72230 4
72240 0
72250 7
72260 1
72270 0
72280 0
72290 0
72300 0
72310 0
72320 0
72330 0
72340 4
72350 1
72360 1
72370 0
72380 0
72390 0
72400 0
72410 0
72420 0
72430 0
72440 0
72450 0
72460 0
72470 0
72480 0
72490 0
72500 0
72510 0
72520 1
72530 5
72540 8
72550 3
72560 1
72570 3
72580 4
72590 1
72600 0
72610 0
72620 8
72630 10
72640 9
72650 10
72660 3
72670 3
72680 4
72690 12
72700 5
72710 8
72720 0
72730 4
72740 0
72750 1
72760 4
72770 1
72780 1
72790 2
72800 4
72810 5
72820 2
72830 5
72840 0
72850 4
72860 1
72870 2
72880 9
72890 4
72900 5
72910 3
72920 0
72930 8
72940 5
72950 4
72960 6
72970 2
72980 1
72990 5
73000 12
73010 4
73020 12
73030 0
73040 0
73050 0
73060 0
73070 0
73080 7
73090 6
73100 11
73110 14
73120 15
73130 9
73140 17
73150 16
73160 15
73170 13
73180 14
73190 9
73200 10
73210 3
73220 6
73230 19
73240 10
73250 6
73260 9
73270 10
73280 7
73290 18
73300 14
73310 15
73320 13
73330 10
73340 9
73350 8
73360 9
73370 12
73380 9
73390 1
73400 3
73410 0
73420 0
73430 0
73440 1
73450 0
73460 7
73470 4
73480 5
73490 1
73500 4
73510 0
73520 3
73530 0
73540 0
73550 0
73560 1
73570 11
73580 11
73590 6
73600 10
73610 7
73620 2
73630 21
73640 10
73650 8
73660 10
73670 10
73680 0
73690 0
73700 1
73710 2
73720 3
73730 8
73740 10
73750 8
73760 5
73770 13
73780 9
73790 13
73800 9
73810 8
73820 13
73830 14
73840 10
73850 6
73860 8
73870 9
73880 8
73890 11
73900 13
73910 10
73920 11
73930 9
73940 24
73950 3
73960 6
73970 5
73980 12
73990 11
74000 3
74010 0
74020 0
74030 1
74040 7
74050 9
74060 6
74070 9
74080 4
74090 9
74100 9
74110 6
74120 14
74130 9
74140 12
74150 7
74160 3
74170 15
74180 8
74190 9
74200 4
74210 0
74220 0
74230 0
74240 0
74250 0
74260 0
74270 0
74280 0
74290 0
74300 0
74310 0
74320 0
74330 0
74340 0
74350 0
74360 0
74370 0
74380 0
74390 0
74400 0
74410 0
74420 0
74430 0
74440 0
74450 0
74460 0
74470 0
74480 5
74490 5
74500 2
74510 9
74520 6
74530 9
74540 6
74550 10
74560 13
74570 5
74580 14
74590 5
74600 4
74610 15
74620 14
74630 18
74640 13
74650 21
74660 17
74670 5
74680 11
74690 9
74700 10
74710 11
74720 8
74730 11
74740 12
74750 0
74760 0
74770 0
74780 0
74790 0
74800 0
74810 0
74820 0
74830 0
74840 0
74850 0
74860 0
74870 0
74880 0
74890 0
74900 0
74910 0
74920 0
74930 0
74940 0
74950 0
74960 0
74970 0
74980 0
74990 0
75000 0
75010 0
75020 0
75030 0
75040 0
75050 0
75060 0
75070 0
75080 0
75090 0
75100 0
75110 0
75120 0
75130 0
75140 0
75150 0
75160 0
75170 0
75180 0
75190 0
75200 0
75210 0
75220 0
75230 0
75240 0
75250 0
75260 0
75270 0
75280 1
75290 0
75300 0
75310 0
75320 0
75330 0
75340 0
75350 0
75360 0
75370 0
75380 0
75390 5
75400 9
75410 11
75420 7
75430 3
75440 2
75450 0
75460 0
75470 0
75480 0
75490 0
75500 0
75510 0
75520 0
75530 0
75540 0
75550 0
75560 0
75570 0
75580 0
75590 0
75600 0
75610 0
75620 0
75630 0
75640 0
75650 0
75660 0
75670 0
75680 0
75690 0
75700 0
75710 0
75720 0
75730 0
75740 0
75750 9
75760 8
75770 5
75780 7
75790 5
75800 1
75810 0
75820 4
75830 2
75840 0
75850 9
75860 0
75870 1
75880 0
75890 0
75900 0
75910 0
75920 0
75930 0
75940 9
75950 15
75960 0
75970 0
75980 3
75990 3
76000 0
76010 0
76020 0
76030 0
76040 0
76050 0
76060 4
76070 5
76080 1
76090 0
76100 0
76110 5
76120 1
76130 3
76140 2
76150 8
76160 1
76170 3
76180 1
76190 0
76200 0
76210 0
76220 0
76230 0
76240 0
76250 0
76260 3
76270 0
76280 0
76290 0
76300 0
76310 0
76320 0
76330 0
76340 0
76350 1
76360 0
76370 0
76380 0
76390 0
76400 0
76410 0
76420 0
76430 1
76440 5
76450 6
76460 14
76470 8
76480 0
76490 2
76500 8
76510 12
76520 1
76530 2
76540 5
76550 0
76560 0
76570 0
76580 0
76590 2
76600 7
76610 13
76620 1
76630 3
76640 3
76650 4
76660 3
76670 3
76680 6
76690 5
76700 3
76710 2
76720 3
76730 0
76740 0
76750 0
76760 3
76770 0
76780 1
76790 0
76800 3
76810 4
76820 1
76830 0
76840 1
76850 0
76860 0
76870 0
76880 0
76890 0
76900 3
76910 0
76920 3
76930 1
76940 2
76950 0
76960 0
76970 0
76980 3
76990 0
77000 0
77010 1
77020 4
77030 5
77040 0
77050 0
77060 0
77070 9
77080 3
77090 5
77100 2
77110 3
77120 0
77130 0
77140 0
77150 2
77160 2
77170 4
77180 1
77190 3
77200 5
77210 0
77220 8
77230 4
77240 9
77250 7
77260 8
77270 4
77280 4
77290 6
77300 4
77310 6
77320 3
77330 6
77340 5
77350 0
77360 0
77370 9
77380 5
77390 5
77400 5
77410 3
77420 0
77430 9
77440 9
77450 5
77460 9
77470 5
77480 8
77490 11
77500 5
77510 6
77520 8
77530 8
77540 10
77550 2
77560 0
77570 1
77580 4
77590 4
77600 8
77610 3
77620 3
77630 9
77640 11
77650 0
77660 0
77670 0
77680 0
77690 0
77700 0
77710 0
77720 0
77730 0
77740 0
77750 0
77760 0
77770 0
77780 0
77790 1
77800 4
77810 4
77820 0
77830 0
77840 3
77850 1
77860 0
77870 0
77880 1
77890 0
77900 2
77910 1
77920 1
77930 1
77940 0
77950 0
77960 1
77970 1
77980 3
77990 1
78000 0
78010 0
78020 0
78030 0
78040 0
78050 0
78060 0
78070 1
78080 0
78090 0
78100 1
78110 2
78120 0
78130 0
78140 0
78150 0
78160 0
78170 0
78180 0
78190 0
78200 0
78210 0
78220 0
78230 0
78240 0
78250 0
78260 0
78270 0
78280 1
78290 0
78300 0
78310 0
78320 0
78330 0
78340 0
78350 0
78360 0
78370 0
78380 0
78390 0
78400 0
78410 0
78420 0
78430 0
78440 0
78450 0
78460 0
78470 0
78480 0
78490 0
78500 0
78510 0
78520 0
78530 0
78540 0
78550 0
78560 0
78570 0
78580 0
78590 0
78600 0
78610 0
78620 0
78630 0
78640 0
78650 0
78660 0
78670 0
78680 0
78690 0
78700 0
78710 0
78720 0
78730 0
78740 0
78750 0
78760 0
78770 1
78780 0
78790 0
78800 0
78810 0
78820 0
78830 0
78840 0
78850 0
78860 0
78870 0
78880 0
78890 1
78900 0
78910 0
78920 1
78930 0
78940 3
78950 12
78960 2
78970 0
78980 0
78990 5
79000 4
79010 3
79020 5
79030 3
79040 4
79050 6
79060 9
79070 0
79080 0
79090 0
79100 3
79110 0
79120 1
79130 0
79140 0
79150 0
79160 5
79170 4
79180 0
79190 3
79200 5
79210 0
79220 0
79230 0
79240 0
79250 0
79260 0
79270 0
79280 0
79290 0
79300 0
79310 0
79320 0
79330 0
79340 3
79350 0
79360 0
79370 0
79380 0
79390 0
79400 0
79410 0
79420 1
79430 0
79440 0
79450 0
79460 0
79470 0
79480 3
79490 2
79500 3
79510 8
79520 13
79530 6
79540 5
79550 0
79560 0
79570 0
79580 3
79590 1
79600 0
79610 0
79620 0
79630 0
79640 0
79650 0
79660 3
79670 3
79680 5
79690 5
79700 0
79710 1
79720 0
79730 0
79740 0
79750 0
79760 0
79770 0
79780 1
79790 5
79800 7
79810 9
79820 10
79830 0
79840 0
79850 0
79860 0
79870 1
79880 0
79890 2
79900 0
79910 0
79920 0
79930 1
79940 1
79950 0
79960 0
79970 0
79980 0
79990 0
80000 0
80010 0
80020 0
80030 1
80040 1
80050 1
80060 4
80070 0
80080 1
80090 0
80100 0
80110 0
80120 1
80130 0
80140 9
80150 0
80160 0
80170 0
80180 0
80190 0
80200 0
80210 0
80220 0
80230 1
80240 0
80250 0
80260 0
80270 0
80280 2
80290 0
80300 0
80310 2
80320 1
80330 0
80340 4
80350 4
80360 0
80370 1
80380 2
80390 8
80400 3
80410 0
80420 0
80430 0
80440 0
80450 0
80460 0
80470 0
80480 0
80490 0
80500 0
80510 0
80520 0
80530 0
80540 0
80550 0
80560 0
80570 0
80580 0
80590 0
80600 0
80610 5
80620 0
80630 0
80640 0
80650 0
80660 0
80670 1
80680 0
80690 0
80700 0
80710 0
80720 0
80730 0
80740 0
80750 0
80760 0
80770 1
80780 0
80790 1
80800 0
80810 0
80820 0
80830 0
80840 0
80850 0
80860 0
80870 0
80880 0
80890 1
80900 0
80910 0
80920 0
80930 0
80940 0
80950 0
80960 0
80970 0
80980 0
80990 0
81000 0
81010 0
81020 0
81030 0
81040 0
81050 1
81060 0
81070 0
81080 0
81090 0
81100 0
81110 0
81120 0
81130 0
81140 0
81150 0
81160 0
81170 0
81180 0
81190 6
81200 9
81210 1
81220 1
81230 1
81240 2
81250 3
81260 0
81270 0
81280 0
81290 0
81300 0
81310 0
81320 0
81330 0
81340 1
81350 4
81360 1
81370 4
81380 0
81390 12
81400 9
81410 10
81420 7
81430 10
81440 6
81450 6
81460 6
81470 4
81480 5
81490 8
81500 6
81510 7
81520 1
81530 1
81540 1
81550 0
81560 1
81570 2
81580 0
81590 0
81600 0
81610 0
81620 3
81630 4
81640 8
81650 3
81660 1
81670 0
81680 0
81690 0
81700 0
81710 0
81720 0
81730 0
81740 0
81750 0
81760 0
81770 0
81780 1
81790 0
81800 0
81810 0
81820 0
81830 0
81840 0
81850 0
81860 0
81870 1
81880 0
81890 0
81900 0
81910 0
81920 0
81930 0
81940 0
81950 2
81960 0
81970 0
81980 10
81990 12
82000 17
82010 17
82020 12
82030 8
82040 5
82050 14
82060 10
82070 10
82080 14
82090 9
82100 5
82110 0
82120 1
82130 0
82140 0
82150 6
82160 0
82170 0
82180 10
82190 8
82200 14
82210 20
82220 19
82230 25
82240 7
82250 7
82260 17
82270 7
82280 10
82290 0
82300 3
82310 5
82320 12
82330 10
82340 10
82350 8
82360 9
82370 13
82380 10
82390 9
82400 14
82410 9
82420 10
82430 12
82440 8
82450 8
82460 10
82470 10
82480 10
82490 7
82500 11
82510 10
82520 8
82530 1
82540 3
82550 3
82560 5
82570 4
82580 8
82590 5
82600 4
82610 6
82620 4
82630 6
82640 13
82650 9
82660 9
82670 8
82680 12
82690 6
82700 9
82710 14
82720 4
82730 3
82740 5
82750 0
82760 0
82770 0
82780 0
82790 0
82800 0
82810 0
82820 3
82830 1
82840 1
82850 10
82860 2
82870 7
82880 1
82890 0
82900 4
82910 4
82920 0
82930 1
82940 4
82950 1
82960 0
82970 1
82980 0
82990 0
83000 0
83010 0
83020 0
83030 0
83040 0
83050 0
83060 0
83070 0
83080 0
83090 0
83100 0
83110 0
83120 0
83130 0
83140 0
83150 0
83160 0
83170 0
83180 0
83190 0
83200 0
83210 0
83220 0
83230 0
83240 0
83250 2
83260 0
83270 0
83280 4
83290 0
83300 0
83310 0
83320 0
83330 4
83340 2
83350 3
83360 1
83370 5
83380 4
83390 3
83400 3
83410 5
83420 5
83430 6
83440 1
83450 9
83460 7
83470 11
83480 8
83490 12
83500 3
83510 1
83520 11
83530 7
83540 7
83550 12
83560 13
83570 9
83580 13
83590 13
83600 17
83610 14
83620 12
83630 25
83640 10
83650 15
83660 27
83670 19
83680 19
83690 6
83700 14
83710 7
83720 8
83730 6
83740 6
83750 14
83760 24
83770 13
83780 11
83790 9
83800 11
83810 17
83820 8
83830 0
83840 16
83850 3
83860 13
83870 9
83880 12
83890 3
83900 2
83910 12
83920 19
83930 8
83940 0
83950 0
83960 3
83970 0
83980 0
83990 0
84000 0
84010 0
84020 0
84030 0
84040 0
84050 0
84060 0
84070 6
84080 5
84090 0
84100 7
84110 1
84120 2
84130 0
84140 3
84150 9
84160 8
84170 4
84180 7
84190 8
84200 11
84210 9
84220 5
84230 5
84240 7
84250 4
84260 5
84270 2
84280 0
84290 4
84300 0
84310 1
84320 0
84330 0
84340 0
84350 0
84360 0
84370 0
84380 0
84390 0
84400 0
84410 1
84420 0
84430 1
84440 1
84450 0
84460 12
84470 0
84480 0
84490 2
84500 2
84510 0
84520 0
84530 0
84540 1
84550 0
84560 0
84570 5
84580 1
84590 0
84600 9
84610 0
84620 5
84630 1
84640 0
84650 1
84660 0
84670 0
84680 0
84690 0
84700 0
84710 3
84720 1
84730 4
84740 5
84750 3
84760 1
84770 0
84780 1
84790 0
84800 3
84810 0
84820 3
84830 1
84840 1
84850 0
84860 0
84870 0
84880 2
84890 0
84900 0
84910 0
84920 0
84930 0
84940 0
84950 0
84960 0
84970 0
84980 0
84990 8
85000 9
85010 5
85020 1
85030 0
85040 5
85050 0
85060 1
85070 5
85080 4
85090 9
85100 4
85110 0
85120 1
85130 2
85140 1
85150 9
85160 7
85170 2
85180 6
85190 3
85200 1
85210 2
85220 3
85230 3
85240 5
85250 6
85260 0
85270 1
85280 0
85290 0
85300 0
85310 0
85320 0
85330 0
85340 0
85350 0
85360 0
85370 1
85380 0
85390 0
85400 1
85410 0
85420 0
85430 9
85440 5
85450 4
85460 0
85470 0
85480 0
85490 0
85500 1
85510 0
85520 0
85530 0
85540 0
85550 0
85560 0
85570 0
85580 0
85590 0
85600 0
85610 0
85620 0
85630 0
85640 0
85650 1
85660 1
85670 2
85680 1
85690 0
85700 0
85710 0
85720 1
85730 0
85740 0
85750 2
85760 4
85770 1
85780 5
85790 1
85800 1
85810 1
85820 3
85830 6
85840 0
85850 11
85860 9
85870 9
85880 7
85890 8
85900 9
85910 5
85920 10
85930 11
85940 10
85950 11
85960 11
85970 3
85980 4
85990 9
86000 10
86010 5
86020 7
86030 4
86040 3
86050 4
86060 7
86070 12
86080 19
86090 15
86100 7
86110 7
86120 14
86130 15
86140 11
86150 12
86160 13
86170 13
86180 13
86190 15
86200 13
86210 15
86220 11
86230 13
86240 8
86250 12
86260 11
86270 14
86280 10
86290 11
86300 13
86310 16
86320 13
86330 13
86340 13
86350 10
86360 11
86370 14
86380 12
86390 8
86400 13
86410 12
86420 10
86430 11
86440 12
86450 10
86460 11
86470 13
86480 10
86490 9
86500 14
86510 14
86520 10
86530 14
86540 11
86550 13
86560 15
86570 12
86580 14
86590 12
86600 14
86610 10
86620 15
86630 11
86640 13
86650 12
86660 15
86670 12
86680 13
86690 5
86700 3
86710 9
86720 5
86730 4
86740 0
86750 1
86760 0
86770 0
86780 0
86790 1
86800 0
86810 0
86820 0
86830 0
86840 0
86850 1
86860 0
86870 0
86880 0
86890 0
86900 0
86910 2
86920 2
86930 0
86940 0
86950 0
86960 0
86970 0
86980 0
86990 1
87000 0
87010 5
87020 4
87030 5
87040 5
87050 1
87060 0
87070 1
87080 2
87090 1
87100 7
87110 5
87120 4
87130 1
87140 4
87150 5
87160 8
87170 5
87180 8
87190 1
87200 5
87210 10
87220 5
87230 7
87240 6
87250 9
87260 9
87270 6
87280 5
87290 0
87300 1
87310 0
87320 1
87330 0
87340 0
87350 0
87360 0
87370 0
87380 0
87390 0
87400 0
87410 0
87420 0
87430 0
87440 0
87450 0
87460 1
87470 0
87480 0
87490 5
87500 5
87510 2
87520 1
87530 8
87540 4
87550 3
87560 0
87570 0
87580 0
87590 0
87600 8
87610 1
87620 5
87630 0
87640 0
87650 3
87660 5
87670 4
87680 5
87690 5
87700 4
87710 5
87720 3
87730 0
87740 3
87750 5
87760 3
87770 3
87780 0
87790 0
87800 0
87810 0
87820 1
87830 1
87840 1
87850 1
87860 1
87870 0
87880 1
87890 1
87900 1
87910 2
87920 0
87930 0
87940 0
87950 0
87960 0
87970 0
87980 0
87990 1
88000 1
88010 5
88020 6
88030 0
88040 0
88050 0
88060 0
88070 0
88080 0
88090 0
88100 0
88110 0
88120 1
88130 0
88140 1
88150 1
88160 1
88170 1
88180 1
88190 1
88200 2
88210 2
88220 1
88230 0
88240 5
88250 5
88260 4
88270 3
88280 0
88290 0
88300 0
88310 5
88320 1
88330 0
88340 0
88350 0
88360 0
88370 0
88380 0
88390 0
88400 0
88410 0
88420 10
88430 11
88440 1
88450 4
88460 0
88470 0
88480 3
88490 0
88500 10
88510 1
88520 5
88530 5
88540 4
88550 0
88560 15
88570 16
88580 21
88590 17
88600 18
88610 13
88620 9
88630 0
88640 0
88650 0
88660 0
88670 0
88680 0
88690 0
88700 0
88710 1
88720 3
88730 0
88740 0
88750 1
88760 0
88770 0
88780 0
88790 0
88800 0
88810 0
88820 0
88830 0
88840 3
88850 3
88860 0
88870 0
88880 0
88890 0
88900 0
88910 0
88920 1
88930 0
88940 0
88950 0
88960 2
88970 2
88980 2
88990 0
89000 3
89010 14
89020 10
89030 0
89040 0
89050 0
89060 1
89070 5
89080 2
89090 0
89100 0
89110 0
89120 0
89130 0
89140 0
89150 0
89160 5
89170 9
89180 5
89190 0
89200 0
89210 0
89220 0
89230 0
89240 1
89250 1
89260 2
89270 2
89280 0
89290 0
89300 0
89310 0
89320 0
89330 0
89340 0
89350 0
89360 0
89370 0
89380 0
89390 3
89400 4
89410 2
89420 11
89430 0
89440 0
89450 1
89460 8
89470 0
89480 6
89490 3
89500 0
89510 6
89520 5
89530 3
89540 7
89550 6
89560 0
89570 0
89580 0
89590 2
89600 5
89610 8
89620 0
89630 0
89640 0
89650 3
89660 1
89670 12
89680 8
89690 10
89700 11
89710 11
89720 11
89730 6
89740 11
89750 5
89760 5
89770 6
89780 4
89790 1
89800 0
89810 0
89820 0
89830 2
89840 2
89850 9
89860 5
89870 6
89880 1
89890 4
89900 2
89910 0
89920 2
89930 0
89940 5
89950 0
89960 0
89970 0
89980 0
89990 0
90000 0
90010 1
90020 5
90030 0
90040 0
90050 1
90060 0
90070 1
90080 0
90090 0
90100 1
90110 0
90120 0
90130 4
90140 1
90150 0
90160 0
90170 4
90180 0
90190 0
90200 0
90210 0
90220 0
90230 0
90240 0
90250 4
90260 7
90270 13
90280 9
90290 17
90300 6
90310 9
90320 10
90330 13
90340 1
90350 0
90360 7
90370 5
90380 4
90390 11
90400 1
90410 0
90420 0
90430 0
90440 0
90450 0
90460 0
90470 0
90480 5
90490 6
90500 7
90510 0
90520 0
90530 0
90540 0
90550 5
90560 2
90570 0
90580 1
90590 0
90600 4
90610 3
90620 24
90630 21
90640 12
90650 9
90660 18
90670 9
90680 6
90690 4
90700 1
90710 0
90720 0
90730 9
90740 0
90750 2
90760 3
90770 4
90780 4
90790 9
90800 19
90810 1
90820 0
90830 0
90840 0
90850 0
90860 0
90870 3
90880 5
90890 0
90900 0
90910 0
90920 0
90930 0
90940 0
90950 2
90960 11
90970 0
90980 0
90990 0
91000 0
91010 0
91020 0
91030 0
91040 0
91050 0
91060 0
91070 3
91080 0
91090 0
91100 3
91110 12
91120 7
91130 12
91140 12
91150 5
91160 3
91170 10
91180 12
91190 13
91200 9
91210 5
91220 15
91230 17
91240 18
91250 9
91260 12
91270 12
91280 6
91290 2
91300 8
91310 12
91320 0
91330 0
91340 3
91350 6
91360 0
91370 0
91380 0
91390 0
91400 0
91410 2
91420 0
91430 3
91440 1
91450 2
91460 0
91470 0
91480 7
91490 13
91500 15
91510 16
91520 10
91530 6
91540 7
91550 6
91560 7
91570 1
91580 0
91590 0
91600 0
91610 1
91620 0
91630 0
91640 0
91650 0
91660 0
91670 1
91680 16
91690 0
91700 0
91710 0
91720 0
91730 0
91740 0
91750 1
91760 5
91770 0
91780 0
91790 0
91800 0
91810 0
91820 0
91830 0
91840 1
91850 0
91860 0
91870 0
91880 0
91890 3
91900 2
91910 4
91920 1
91930 0
91940 6
91950 2
91960 6
91970 1
91980 0
91990 0
92000 0
92010 7
92020 0
92030 0
92040 2
92050 12
92060 7
92070 4
92080 6
92090 7
92100 0
92110 3
92120 0
92130 10
92140 5
92150 7
92160 9
92170 7
92180 5
92190 4
92200 15
92210 5
92220 6
92230 0
92240 7
92250 8
92260 6
92270 11
92280 6
92290 8
92300 6
92310 4
92320 1
92330 0
92340 0
92350 0
92360 0
92370 0
92380 0
92390 0
92400 0
92410 0
92420 0
92430 0
92440 7
92450 0
92460 0
92470 0
92480 0
92490 0
92500 0
92510 0
92520 0
92530 0
92540 0
92550 0
92560 0
92570 0
92580 0
92590 0
92600 0
92610 0
92620 0
92630 0
92640 0
92650 0
92660 0
92670 0
92680 0
92690 0
92700 0
92710 0
92720 0
92730 0
92740 0
92750 0
92760 0
92770 0
92780 0
92790 0
92800 0
92810 0
92820 0
92830 0
92840 0
92850 0
92860 0
92870 0
92880 0
92890 0
92900 0
92910 0
92920 0
92930 0
92940 0
92950 0
92960 0
92970 0
92980 0
92990 0
93000 0
93010 0
93020 0
93030 0
93040 0
93050 0
93060 0
93070 0
93080 0
93090 0
93100 0
93110 0
93120 0
93130 0
93140 0
93150 0
93160 0
93170 0
93180 0
93190 0
93200 1
93210 4
93220 0
93230 0
93240 0
93250 0
93260 0
93270 0
93280 0
93290 0
93300 0
93310 0
93320 4
93330 4
93340 0
93350 0
93360 0
93370 0
93380 0
93390 0
93400 0
93410 0
93420 0
93430 0
93440 0
93450 0
93460 0
93470 0
93480 0
93490 1
93500 0
93510 0
93520 0
93530 0
93540 0
93550 0
93560 0
93570 0
93580 0
93590 0
93600 0
93610 0
93620 0
93630 0
93640 0
93650 2
93660 5
93670 0
93680 2
93690 0
93700 0
93710 0
93720 9
93730 9
93740 9
93750 8
93760 5
93770 2
93780 14
93790 6
93800 0
93810 6
93820 20
93830 13
93840 6
93850 16
93860 2
93870 12
93880 3
93890 7
93900 4
93910 5
93920 2
93930 3
93940 3
93950 0
93960 0
93970 0
93980 1
93990 0
94000 0
94010 0
94020 0
94030 0
94040 0
94050 0
94060 5
94070 3
94080 6
94090 17
94100 16
94110 0
94120 10
94130 14
94140 11
94150 4
94160 10
94170 3
94180 6
94190 7
94200 15
94210 5
94220 2
94230 11
94240 2
94250 0
94260 3
94270 22
94280 16
94290 6
94300 8
94310 21
94320 2
94330 1
94340 9
94350 0
94360 1
94370 0
94380 4
94390 0
94400 0
94410 0
94420 0
94430 0
94440 0
94450 0
94460 0
94470 0
94480 0
94490 0
94500 0
94510 0
94520 0
94530 0
94540 0
94550 0
94560 0
94570 0
94580 0
94590 0
94600 0
94610 0
94620 0
94630 0
94640 0
94650 0
94660 0
94670 0
94680 0
94690 0
94700 0
94710 0
94720 0
94730 0
94740 0
94750 0
94760 0
94770 0
94780 1
94790 0
94800 1
94810 0
94820 0
94830 0
94840 6
94850 6
94860 2
94870 12
94880 1
94890 4
94900 0
94910 0
94920 0
94930 0
94940 0
94950 0
94960 0
94970 0
94980 0
94990 0
95000 0
95010 0
95020 7
95030 0
95040 0
95050 0
95060 0
95070 1
95080 9
95090 5
95100 7
95110 9
95120 0
95130 0
95140 0
95150 1
95160 4
95170 3
95180 4
95190 0
95200 1
95210 0
95220 0
95230 1
95240 2
95250 0
95260 3
95270 0
95280 0
95290 2
95300 2
95310 0
95320 0
95330 1
95340 3
95350 3
95360 4
95370 5
95380 2
95390 1
95400 0
95410 3
95420 11
95430 17
95440 15
95450 12
95460 5
95470 12
95480 12
95490 14
95500 0
95510 2
95520 0
95530 0
95540 0
95550 0
95560 0
95570 0
95580 0
95590 0
95600 2
95610 5
95620 2
95630 0
95640 0
95650 0
95660 0
95670 1
95680 0
95690 0
95700 0
95710 0
95720 1
95730 4
95740 0
95750 0
95760 0
95770 0
95780 0
95790 0
95800 0
95810 0
95820 0
95830 0
95840 0
95850 1
95860 0
95870 0
95880 0
95890 0
95900 0
95910 3
95920 0
95930 0
95940 0
95950 1
95960 0
95970 0
95980 0
95990 0
96000 0
96010 0
96020 0
96030 5
96040 4
96050 1
96060 1
96070 0
96080 0
96090 0
96100 0
96110 1
96120 1
96130 2
96140 1
96150 1
96160 11
96170 16
96180 5
96190 0
96200 0
96210 4
96220 7
96230 0
96240 2
96250 5
96260 0
96270 0
96280 8
96290 9
96300 5
96310 9
96320 10
96330 6
96340 6
96350 5
96360 9
96370 5
96380 7
96390 5
96400 6
96410 4
96420 3
96430 0
96440 3
96450 3
96460 5
96470 1
96480 6
96490 0
96500 0
96510 2
96520 8
96530 9
96540 2
96550 1
96560 8
96570 8
96580 4
96590 4
96600 5
96610 4
96620 9
96630 5
96640 9
96650 2
96660 5
96670 1
96680 4
96690 0
96700 10
96710 1
96720 9
96730 2
96740 6
96750 1
96760 0
96770 7
96780 5
96790 4
96800 1
96810 0
96820 1
96830 2
96840 0
96850 0
96860 1
96870 0
96880 0
96890 5
96900 1
96910 0
96920 1
96930 0
96940 0
96950 0
96960 0
96970 0
96980 0
96990 7
97000 3
97010 1
97020 1
97030 0
97040 2
97050 2
97060 1
97070 3
97080 0
97090 0
97100 0
97110 0
97120 0
97130 0
97140 0
97150 0
97160 0
97170 0
97180 0
97190 0
97200 0
97210 0
97220 0
97230 0
97240 0
97250 0
97260 0
97270 0
97280 0
97290 0
97300 0
97310 0
97320 0
97330 0
97340 0
97350 0
97360 1
97370 8
97380 15
97390 8
97400 0
97410 5
97420 14
97430 5
97440 1
97450 1
97460 9
97470 13
97480 7
97490 1
97500 12
97510 3
97520 5
97530 0
97540 0
97550 0
97560 2
97570 0
97580 0
97590 0
97600 4
97610 12
97620 7
97630 9
97640 1
97650 10
97660 0
97670 12
97680 16
97690 18
97700 15
97710 14
97720 9
97730 11
97740 1
97750 7
97760 9
97770 15
97780 6
97790 7
97800 5
97810 4
97820 20
97830 18
97840 9
97850 3
97860 5
97870 0
97880 1
97890 3
97900 4
97910 5
97920 23
97930 23
97940 25
97950 18
97960 28
97970 20
97980 16
97990 4
98000 3
98010 5
98020 0
98030 0
98040 0
98050 0
98060 3
98070 0
98080 0
98090 2
98100 1
98110 4
98120 4
98130 0
98140 0
98150 5
98160 4
98170 2
98180 0
98190 6
98200 8
98210 0
98220 1
98230 5
98240 1
98250 0
98260 11
98270 4
98280 5
98290 4
98300 5
98310 1
98320 0
98330 0
98340 0
98350 0
98360 10
98370 0
98380 0
98390 1
98400 0
98410 0
98420 0
98430 0
98440 0
98450 0
98460 0
98470 0
98480 5
98490 11
98500 11
98510 7
98520 5
98530 4
98540 7
98550 9
98560 5
98570 4
98580 0
98590 4
98600 0
98610 0
98620 0
98630 0
98640 0
98650 0
98660 0
98670 6
98680 1
98690 0
98700 1
98710 1
98720 0
98730 0
98740 0
98750 0
98760 1
98770 0
98780 7
98790 12
98800 0
98810 0
98820 1
98830 0
98840 10
98850 9
98860 10
98870 8
98880 9
98890 4
98900 4
98910 8
98920 9
98930 8
98940 6
98950 10
98960 1
98970 6
98980 0
98990 12
99000 7
99010 3
99020 0
99030 8
99040 5
99050 8
99060 8
99070 3
99080 13
99090 6
99100 13
99110 10
99120 5
99130 7
99140 1
99150 10
99160 2
99170 0
99180 0
99190 0
99200 0
99210 0
99220 0
99230 0
99240 0
99250 0
99260 0
99270 0
99280 0
99290 0
99300 1
99310 3
99320 0
99330 0
99340 0
99350 0
99360 12
99370 11
99380 8
99390 3
99400 4
99410 2
99420 4
99430 8
99440 9
99450 8
99460 8
99470 1
99480 0
99490 1
99500 0
99510 0
99520 0
99530 0
99540 0
99550 0
99560 0
99570 10
99580 5
99590 6
99600 4
99610 1
99620 9
99630 4
99640 5
99650 0
99660 0
99670 0
99680 2
99690 0
99700 1
99710 11
99720 5
99730 5
99740 0
99750 0
99760 0
99770 1
99780 2
99790 0
99800 0
99810 0
99820 5
99830 4
99840 0
99850 0
99860 0
99870 1
99880 0
99890 1
99900 11
99910 5
99920 0
99930 0
99940 1
99950 4
99960 1
99970 0
99980 0
99990 0
