# Frame Contacts
30000 0
30010 0
30020 0
30030 0
30040 0
30050 0
30060 0
30070 0
30080 0
30090 0
30100 0
30110 0
30120 0
30130 0
30140 0
30150 0
30160 0
30170 0
30180 0
30190 0
30200 0
30210 0
30220 0
30230 0
30240 0
30250 0
30260 0
30270 0
30280 0
30290 0
30300 0
30310 0
30320 0
30330 0
30340 0
30350 0
30360 0
30370 0
30380 0
30390 0
30400 0
30410 0
30420 0
30430 0
30440 0
30450 0
30460 0
30470 0
30480 0
30490 0
30500 0
30510 0
30520 0
30530 0
30540 0
30550 0
30560 0
30570 0
30580 0
30590 0
30600 0
30610 0
30620 0
30630 0
30640 0
30650 0
30660 0
30670 0
30680 0
30690 0
30700 0
30710 0
30720 0
30730 0
30740 0
30750 0
30760 0
30770 0
30780 0
30790 0
30800 0
30810 0
30820 0
30830 0
30840 0
30850 0
30860 0
30870 0
30880 0
30890 0
30900 0
30910 0
30920 0
30930 0
30940 0
30950 0
30960 0
30970 0
30980 0
30990 0
31000 0
31010 0
31020 0
31030 0
31040 0
31050 0
31060 0
31070 0
31080 0
31090 0
31100 0
31110 0
31120 0
31130 0
31140 0
31150 0
31160 0
31170 0
31180 0
31190 0
31200 0
31210 0
31220 0
31230 0
31240 0
31250 0
31260 0
31270 0
31280 0
31290 0
31300 0
31310 0
31320 0
31330 0
31340 0
31350 0
31360 0
31370 0
31380 0
31390 0
31400 0
31410 0
31420 0
31430 0
31440 0
31450 0
31460 0
31470 0
31480 0
31490 0
31500 0
31510 0
31520 0
31530 0
31540 0
31550 0
31560 0
31570 0
31580 0
31590 0
31600 0
31610 0
31620 0
31630 0
31640 0
31650 0
31660 0
31670 0
31680 0
31690 0
31700 0
31710 0
31720 0
31730 0
31740 0
31750 0
31760 0
31770 0
31780 0
31790 0
31800 0
31810 0
31820 0
31830 0
31840 0
31850 0
31860 0
31870 0
31880 0
31890 0
31900 0
31910 0
31920 0
31930 0
31940 0
31950 0
31960 0
31970 0
31980 0
31990 0
32000 0
32010 0
32020 0
32030 0
32040 0
32050 0
32060 0
32070 0
32080 0
32090 0
32100 0
32110 0
32120 0
32130 0
32140 0
32150 0
32160 0
32170 0
32180 0
32190 0
32200 0
32210 0
32220 0
32230 0
32240 0
32250 0
32260 0
32270 0
32280 0
32290 0
32300 0
32310 0
32320 0
32330 0
32340 0
32350 0
32360 0
32370 0
32380 0
32390 0
32400 0
32410 0
32420 0
32430 0
32440 0
32450 0
32460 0
32470 0
32480 0
32490 0
32500 0
32510 0
32520 0
32530 0
32540 0
32550 0
32560 0
32570 0
32580 0
32590 0
32600 0
32610 0
32620 0
32630 0
32640 0
32650 0
32660 0
32670 0
32680 0
32690 0
32700 0
32710 0
32720 0
32730 0
32740 0
32750 0
32760 0
32770 0
32780 0
32790 0
32800 0
32810 0
32820 0
32830 0
32840 0
32850 0
32860 0
32870 0
32880 0
32890 0
32900 0
32910 0
32920 0
32930 0
32940 0
32950 0
32960 0
32970 0
32980 0
32990 0
33000 0
33010 0
33020 0
33030 0
33040 0
33050 0
33060 0
33070 0
33080 0
33090 0
33100 0
33110 0
33120 0
33130 0
33140 0
33150 0
33160 0
33170 0
33180 0
33190 0
33200 0
33210 0
33220 0
33230 0
33240 0
33250 0
33260 0
33270 0
33280 0
33290 0
33300 0
33310 0
33320 0
33330 0
33340 0
33350 0
33360 0
33370 0
33380 0
33390 0
33400 0
33410 0
33420 0
33430 0
33440 0
33450 0
33460 0
33470 0
33480 0
33490 0
33500 0
33510 0
33520 0
33530 0
33540 0
33550 0
33560 0
33570 0
33580 0
33590 0
33600 0
33610 0
33620 0
33630 0
33640 0
33650 0
33660 0
33670 0
33680 0
33690 0
33700 0
33710 0
33720 0
33730 0
33740 0
33750 0
33760 0
33770 0
33780 0
33790 0
33800 0
33810 0
33820 0
33830 0
33840 0
33850 0
33860 0
33870 0
33880 0
33890 0
33900 0
33910 0
33920 0
33930 0
33940 0
33950 0
33960 0
33970 0
33980 0
33990 0
34000 0
34010 0
34020 0
34030 0
34040 0
34050 0
34060 0
34070 0
34080 0
34090 0
34100 0
34110 0
34120 0
34130 0
34140 0
34150 0
34160 0
34170 0
34180 0
34190 0
34200 0
34210 0
34220 0
34230 0
34240 0
34250 0
34260 0
34270 0
34280 0
34290 0
34300 0
34310 0
34320 0
34330 0
34340 0
34350 0
34360 0
34370 0
34380 0
34390 0
34400 0
34410 0
34420 0
34430 0
34440 0
34450 0
34460 0
34470 0
34480 0
34490 0
34500 0
34510 0
34520 0
34530 0
34540 0
34550 0
34560 0
34570 0
34580 0
34590 0
34600 0
34610 0
34620 0
34630 0
34640 0
34650 0
34660 0
34670 0
34680 0
34690 0
34700 0
34710 0
34720 0
34730 0
34740 0
34750 0
34760 0
34770 0
34780 0
34790 0
34800 0
34810 0
34820 0
34830 0
34840 0
34850 0
34860 0
34870 0
34880 0
34890 0
34900 0
34910 0
34920 0
34930 0
34940 0
34950 0
34960 0
34970 0
34980 0
34990 0
35000 0
35010 0
35020 0
35030 0
35040 0
35050 0
35060 0
35070 0
35080 0
35090 1
35100 6
35110 5
35120 5
35130 9
35140 11
35150 4
35160 3
35170 4
35180 6
35190 0
35200 0
35210 0
35220 0
35230 0
35240 0
35250 0
35260 0
35270 0
35280 0
35290 0
35300 0
35310 0
35320 0
35330 0
35340 0
35350 0
35360 0
35370 0
35380 0
35390 0
35400 0
35410 0
35420 0
35430 0
35440 0
35450 0
35460 0
35470 0
35480 0
35490 0
35500 0
35510 0
35520 0
35530 0
35540 0
35550 0
35560 0
35570 0
35580 0
35590 0
35600 0
35610 0
35620 0
35630 0
35640 0
35650 0
35660 0
35670 0
35680 0
35690 0
35700 0
35710 0
35720 0
35730 0
35740 0
35750 0
35760 0
35770 0
35780 0
35790 0
35800 0
35810 0
35820 0
35830 0
35840 0
35850 0
35860 0
35870 0
35880 0
35890 0
35900 0
35910 0
35920 0
35930 0
35940 0
35950 0
35960 0
35970 0
35980 0
35990 0
36000 0
36010 0
36020 0
36030 0
36040 0
36050 0
36060 0
36070 0
36080 0
36090 0
36100 0
36110 0
36120 0
36130 0
36140 0
36150 0
36160 0
36170 0
36180 0
36190 0
36200 0
36210 0
36220 0
36230 0
36240 0
36250 0
36260 0
36270 0
36280 0
36290 0
36300 0
36310 0
36320 0
36330 0
36340 0
36350 0
36360 0
36370 0
36380 0
36390 0
36400 0
36410 0
36420 0
36430 0
36440 0
36450 0
36460 0
36470 0
36480 0
36490 0
36500 0
36510 0
36520 0
36530 0
36540 0
36550 0
36560 0
36570 0
36580 0
36590 0
36600 0
36610 2
36620 1
36630 4
36640 5
36650 5
36660 4
36670 10
36680 5
36690 6
36700 7
36710 7
36720 8
36730 9
36740 4
36750 5
36760 6
36770 6
36780 5
36790 4
36800 5
36810 4
36820 5
36830 7
36840 5
36850 5
36860 5
36870 11
36880 6
36890 6
36900 6
36910 7
36920 6
36930 6
36940 2
36950 5
36960 5
36970 4
36980 7
36990 4
37000 5
37010 5
37020 9
37030 6
37040 6
37050 9
37060 6
37070 4
37080 6
37090 5
37100 1
37110 5
37120 5
37130 11
37140 5
37150 5
37160 3
37170 5
37180 4
37190 3
37200 5
37210 10
37220 2
37230 0
37240 2
37250 4
37260 5
37270 8
37280 3
37290 1
37300 4
37310 0
37320 0
37330 0
37340 0
37350 0
37360 0
37370 0
37380 0
37390 0
37400 0
37410 0
37420 0
37430 0
37440 0
37450 0
37460 0
37470 0
37480 0
37490 0
37500 0
37510 0
37520 0
37530 0
37540 0
37550 0
37560 0
37570 0
37580 0
37590 0
37600 0
37610 0
37620 0
37630 0
37640 0
37650 0
37660 1
37670 0
37680 1
37690 3
37700 6
37710 5
37720 2
37730 0
37740 0
37750 0
37760 0
37770 0
37780 0
37790 0
37800 0
37810 0
37820 0
37830 0
37840 0
37850 0
37860 0
37870 0
37880 0
37890 0
37900 0
37910 0
37920 0
37930 0
37940 0
37950 1
37960 2
37970 0
37980 1
37990 0
38000 0
38010 0
38020 0
38030 0
38040 0
38050 0
38060 6
38070 0
38080 1
38090 0
38100 0
38110 0
38120 0
38130 0
38140 0
38150 0
38160 0
38170 0
38180 0
38190 0
38200 0
38210 0
38220 0
38230 0
38240 0
38250 0
38260 0
38270 0
38280 0
38290 1
38300 10
38310 11
38320 3
38330 3
38340 0
38350 0
38360 0
38370 0
38380 0
38390 0
38400 0
38410 0
38420 0
38430 0
38440 0
38450 0
38460 0
38470 0
38480 0
38490 0
38500 0
38510 0
38520 0
38530 0
38540 0
38550 0
38560 0
38570 0
38580 0
38590 0
38600 0
38610 0
38620 0
38630 0
38640 0
38650 0
38660 0
38670 0
38680 0
38690 0
38700 0
38710 0
38720 0
38730 0
38740 0
38750 0
38760 0
38770 0
38780 0
38790 0
38800 0
38810 0
38820 0
38830 0
38840 0
38850 0
38860 0
38870 0
38880 0
38890 0
38900 0
38910 0
38920 0
38930 0
38940 0
38950 0
38960 0
38970 0
38980 0
38990 0
39000 0
39010 0
39020 0
39030 0
39040 0
39050 0
39060 0
39070 0
39080 0
39090 0
39100 0
39110 0
39120 0
39130 0
39140 0
39150 0
39160 0
39170 0
39180 0
39190 0
39200 0
39210 0
39220 0
39230 0
39240 0
39250 0
39260 0
39270 0
39280 0
39290 0
39300 0
39310 0
39320 0
39330 0
39340 0
39350 0
39360 0
39370 0
39380 0
39390 0
39400 0
39410 0
39420 0
39430 0
39440 0
39450 0
39460 0
39470 0
39480 0
39490 0
39500 0
39510 0
39520 0
39530 0
39540 0
39550 0
39560 0
39570 0
39580 0
39590 0
39600 0
39610 0
39620 0
39630 0
39640 0
39650 0
39660 0
39670 0
39680 0
39690 0
39700 0
39710 0
39720 0
39730 0
39740 0
39750 0
39760 0
39770 0
39780 0
39790 0
39800 0
39810 0
39820 0
39830 0
39840 0
39850 0
39860 0
39870 0
39880 0
39890 0
39900 0
39910 0
39920 0
39930 0
39940 0
39950 0
39960 0
39970 0
39980 0
39990 0
40000 0
40010 0
40020 0
40030 0
40040 0
40050 0
40060 0
40070 0
40080 0
40090 0
40100 0
40110 0
40120 0
40130 0
40140 0
40150 0
40160 0
40170 0
40180 0
40190 0
40200 0
40210 0
40220 0
40230 0
40240 0
40250 0
40260 0
40270 0
40280 0
40290 0
40300 0
40310 0
40320 0
40330 0
40340 0
40350 0
40360 0
40370 0
40380 0
40390 0
40400 0
40410 0
40420 0
40430 0
40440 0
40450 0
40460 0
40470 0
40480 0
40490 0
40500 0
40510 0
40520 0
40530 0
40540 0
40550 0
40560 0
40570 0
40580 0
40590 0
40600 0
40610 0
40620 0
40630 0
40640 0
40650 0
40660 0
40670 0
40680 0
40690 0
40700 0
40710 0
40720 0
40730 0
40740 0
40750 0
40760 0
40770 0
40780 0
40790 0
40800 0
40810 0
40820 0
40830 0
40840 6
40850 0
40860 0
40870 0
40880 0
40890 5
40900 0
40910 0
40920 0
40930 1
40940 1
40950 2
40960 3
40970 7
40980 0
40990 1
41000 2
41010 4
41020 0
41030 0
41040 4
41050 4
41060 0
41070 0
41080 5
41090 8
41100 3
41110 2
41120 0
41130 2
41140 1
41150 5
41160 6
41170 6
41180 5
41190 5
41200 3
41210 7
41220 0
41230 12
41240 7
41250 2
41260 2
41270 0
41280 0
41290 4
41300 0
41310 0
41320 0
41330 0
41340 0
41350 0
41360 0
41370 0
41380 0
41390 0
41400 0
41410 0
41420 0
41430 0
41440 0
41450 0
41460 0
41470 0
41480 0
41490 0
41500 0
41510 0
41520 0
41530 0
41540 0
41550 0
41560 0
41570 0
41580 0
41590 0
41600 0
41610 0
41620 0
41630 0
41640 0
41650 0
41660 0
41670 0
41680 0
41690 0
41700 0
41710 0
41720 0
41730 0
41740 0
41750 0
41760 0
41770 1
41780 0
41790 0
41800 0
41810 0
41820 5
41830 0
41840 0
41850 0
41860 0
41870 0
41880 0
41890 0
41900 0
41910 0
41920 0
41930 0
41940 0
41950 0
41960 0
41970 0
41980 0
41990 0
42000 0
42010 0
42020 0
42030 0
42040 0
42050 0
42060 0
42070 0
42080 0
42090 0
42100 0
42110 0
42120 0
42130 0
42140 0
42150 0
42160 0
42170 0
42180 0
42190 0
42200 0
42210 0
42220 0
42230 0
42240 0
42250 0
42260 0
42270 0
42280 0
42290 0
42300 0
42310 0
42320 0
42330 0
42340 0
42350 0
42360 0
42370 0
42380 0
42390 0
42400 0
42410 0
42420 0
42430 0
42440 0
42450 0
42460 0
42470 0
42480 0
42490 0
42500 0
42510 0
42520 0
42530 0
42540 0
42550 0
42560 0
42570 0
42580 0
42590 0
42600 0
42610 0
42620 0
42630 0
42640 0
42650 0
42660 0
42670 0
42680 0
42690 0
42700 0
42710 0
42720 0
42730 0
42740 0
42750 0
42760 0
42770 0
42780 0
42790 0
42800 0
42810 0
42820 0
42830 0
42840 0
42850 0
42860 0
42870 0
42880 0
42890 0
42900 0
42910 0
42920 0
42930 0
42940 0
42950 0
42960 0
42970 0
42980 0
42990 0
43000 0
43010 0
43020 0
43030 0
43040 0
43050 0
43060 0
43070 0
43080 0
43090 0
43100 0
43110 0
43120 0
43130 0
43140 0
43150 0
43160 0
43170 0
43180 0
43190 0
43200 0
43210 0
43220 0
43230 0
43240 3
43250 0
43260 0
43270 1
43280 0
43290 3
43300 0
43310 1
43320 1
43330 0
43340 0
43350 0
43360 0
43370 0
43380 0
43390 0
43400 0
43410 0
43420 0
43430 0
43440 0
43450 0
43460 1
43470 1
43480 0
43490 0
43500 0
43510 0
43520 1
43530 0
43540 0
43550 0
43560 0
43570 0
43580 0
43590 0
43600 0
43610 0
43620 0
43630 0
43640 0
43650 0
43660 0
43670 0
43680 0
43690 0
43700 0
43710 0
43720 0
43730 0
43740 0
43750 0
43760 0
43770 0
43780 0
43790 0
43800 0
43810 0
43820 0
43830 0
43840 0
43850 0
43860 0
43870 0
43880 0
43890 0
43900 0
43910 0
43920 0
43930 0
43940 0
43950 0
43960 0
43970 0
43980 0
43990 0
44000 0
44010 0
44020 0
44030 0
44040 0
44050 0
44060 0
44070 0
44080 0
44090 0
44100 0
44110 0
44120 0
44130 0
44140 0
44150 0
44160 0
44170 0
44180 0
44190 0
44200 0
44210 0
44220 0
44230 0
44240 0
44250 0
44260 0
44270 0
44280 0
44290 0
44300 0
44310 0
44320 0
44330 0
44340 0
44350 0
44360 0
44370 0
44380 0
44390 0
44400 0
44410 0
44420 0
44430 0
44440 0
44450 0
44460 0
44470 0
44480 0
44490 0
44500 0
44510 0
44520 0
44530 0
44540 0
44550 0
44560 0
44570 0
44580 0
44590 0
44600 0
44610 1
44620 1
44630 2
44640 2
44650 0
44660 0
44670 0
44680 2
44690 11
44700 4
44710 5
44720 5
44730 4
44740 13
44750 5
44760 4
44770 4
44780 4
44790 7
44800 5
44810 5
44820 5
44830 10
44840 4
44850 5
44860 12
44870 11
44880 1
44890 2
44900 11
44910 8
44920 12
44930 11
44940 6
44950 10
44960 5
44970 0
44980 0
44990 0
45000 0
45010 0
45020 0
45030 2
45040 0
45050 1
45060 0
45070 0
45080 0
45090 0
45100 2
45110 3
45120 0
45130 5
45140 0
45150 0
45160 0
45170 0
45180 0
45190 0
45200 0
45210 0
45220 0
45230 0
45240 0
45250 0
45260 0
45270 0
45280 0
45290 1
45300 0
45310 1
45320 4
45330 0
45340 4
45350 7
45360 2
45370 1
45380 0
45390 0
45400 0
45410 0
45420 0
45430 0
45440 1
45450 3
45460 4
45470 3
45480 5
45490 5
45500 11
45510 7
45520 9
45530 2
45540 3
45550 12
45560 5
45570 6
45580 5
45590 4
45600 9
45610 6
45620 9
45630 8
45640 7
45650 3
45660 9
45670 0
45680 5
45690 2
45700 7
45710 14
45720 13
45730 7
45740 6
45750 5
45760 1
45770 7
45780 3
45790 3
45800 7
45810 5
45820 3
45830 10
45840 4
45850 3
45860 2
45870 3
45880 4
45890 2
45900 0
45910 0
45920 1
45930 0
45940 3
45950 0
45960 6
45970 4
45980 4
45990 2
46000 0
46010 3
46020 2
46030 4
46040 0
46050 2
46060 4
46070 4
46080 1
46090 7
46100 2
46110 1
46120 4
46130 1
46140 1
46150 0
46160 1
46170 0
46180 0
46190 0
46200 0
46210 0
46220 0
46230 0
46240 0
46250 0
46260 0
46270 0
46280 0
46290 0
46300 0
46310 0
46320 0
46330 0
46340 0
46350 1
46360 0
46370 0
46380 0
46390 0
46400 0
46410 0
46420 0
46430 0
46440 0
46450 0
46460 0
46470 0
46480 0
46490 0
46500 0
46510 0
46520 0
46530 0
46540 0
46550 0
46560 0
46570 0
46580 0
46590 0
46600 0
46610 0
46620 0
46630 0
46640 0
46650 0
46660 0
46670 0
46680 0
46690 0
46700 0
46710 0
46720 0
46730 0
46740 0
46750 0
46760 0
46770 0
46780 0
46790 0
46800 0
46810 2
46820 1
46830 0
46840 0
46850 0
46860 0
46870 0
46880 0
46890 0
46900 0
46910 0
46920 0
46930 0
46940 0
46950 0
46960 1
46970 10
46980 11
46990 14
47000 11
47010 0
47020 1
47030 0
47040 0
47050 0
47060 0
47070 0
47080 0
47090 0
47100 0
47110 0
47120 0
47130 0
47140 0
47150 0
47160 0
47170 0
47180 1
47190 0
47200 0
47210 1
47220 3
47230 1
47240 0
47250 0
47260 3
47270 1
47280 0
47290 1
47300 3
47310 3
47320 0
47330 0
47340 5
47350 0
47360 6
47370 0
47380 0
47390 0
47400 0
47410 0
47420 0
47430 0
47440 0
47450 6
47460 0
47470 0
47480 0
47490 0
47500 0
47510 0
47520 0
47530 0
47540 0
47550 0
47560 0
47570 0
47580 0
47590 0
47600 0
47610 0
47620 0
47630 0
47640 0
47650 0
47660 0
47670 0
47680 0
47690 0
47700 0
47710 0
47720 0
47730 0
47740 0
47750 0
47760 0
47770 0
47780 0
47790 0
47800 0
47810 0
47820 0
47830 0
47840 0
47850 0
47860 0
47870 0
47880 0
47890 0
47900 0
47910 0
47920 0
47930 0
47940 0
47950 0
47960 0
47970 0
47980 0
47990 0
48000 0
48010 0
48020 0
48030 0
48040 0
48050 0
48060 0
48070 0
48080 0
48090 0
48100 0
48110 0
48120 0
48130 0
48140 0
48150 0
48160 0
48170 0
48180 0
48190 0
48200 0
48210 0
48220 0
48230 0
48240 0
48250 0
48260 0
48270 0
48280 0
48290 0
48300 0
48310 0
48320 0
48330 0
48340 0
48350 0
48360 0
48370 0
48380 0
48390 0
48400 0
48410 0
48420 0
48430 0
48440 0
48450 0
48460 0
48470 0
48480 0
48490 0
48500 0
48510 0
48520 0
48530 0
48540 0
48550 0
48560 0
48570 0
48580 0
48590 0
48600 0
48610 0
48620 0
48630 0
48640 0
48650 0
48660 0
48670 0
48680 0
48690 0
48700 0
48710 0
48720 0
48730 0
48740 0
48750 0
48760 0
48770 0
48780 0
48790 0
48800 0
48810 0
48820 0
48830 0
48840 0
48850 0
48860 0
48870 0
48880 0
48890 0
48900 0
48910 0
48920 0
48930 0
48940 0
48950 0
48960 0
48970 0
48980 0
48990 0
49000 0
49010 0
49020 0
49030 0
49040 0
49050 0
49060 0
49070 0
49080 0
49090 0
49100 0
49110 0
49120 0
49130 0
49140 0
49150 0
49160 0
49170 0
49180 0
49190 0
49200 0
49210 0
49220 0
49230 0
49240 0
49250 0
49260 0
49270 0
49280 0
49290 0
49300 0
49310 0
49320 0
49330 0
49340 0
49350 0
49360 0
49370 0
49380 0
49390 0
49400 0
49410 0
49420 0
49430 0
49440 0
49450 0
49460 0
49470 0
49480 0
49490 0
49500 0
49510 0
49520 0
49530 0
49540 0
49550 0
49560 0
49570 0
49580 0
49590 0
49600 0
49610 0
49620 0
49630 0
49640 0
49650 0
49660 0
49670 0
49680 0
49690 0
49700 0
49710 0
49720 0
49730 0
49740 0
49750 0
49760 0
49770 0
49780 0
49790 0
49800 0
49810 0
49820 0
49830 0
49840 0
49850 0
49860 0
49870 0
49880 0
49890 0
49900 0
49910 0
49920 0
49930 0
49940 0
49950 0
49960 0
49970 0
49980 0
49990 0
50000 0
50010 0
50020 0
50030 0
50040 3
50050 4
50060 2
50070 3
50080 1
50090 2
50100 0
50110 1
50120 0
50130 0
50140 0
50150 0
50160 0
50170 0
50180 0
50190 0
50200 0
50210 0
50220 0
50230 0
50240 0
50250 0
50260 0
50270 0
50280 0
50290 0
50300 0
50310 0
50320 0
50330 0
50340 0
50350 0
50360 0
50370 0
50380 0
50390 0
50400 0
50410 0
50420 0
50430 0
50440 0
50450 0
50460 0
50470 0
50480 0
50490 0
50500 0
50510 0
50520 0
50530 0
50540 0
50550 0
50560 0
50570 0
50580 0
50590 0
50600 0
50610 0
50620 0
50630 0
50640 0
50650 0
50660 0
50670 0
50680 0
50690 0
50700 0
50710 0
50720 0
50730 0
50740 0
50750 0
50760 0
50770 0
50780 0
50790 0
50800 0
50810 0
50820 0
50830 0
50840 0
50850 0
50860 0
50870 0
50880 0
50890 0
50900 0
50910 0
50920 0
50930 0
50940 0
50950 0
50960 0
50970 0
50980 0
50990 0
51000 0
51010 0
51020 0
51030 0
51040 0
51050 0
51060 0
51070 0
51080 0
51090 0
51100 0
51110 0
51120 0
51130 0
51140 0
51150 0
51160 0
51170 0
51180 0
51190 0
51200 0
51210 0
51220 0
51230 0
51240 0
51250 0
51260 0
51270 0
51280 0
51290 0
51300 0
51310 0
51320 0
51330 0
51340 0
51350 0
51360 0
51370 0
51380 0
51390 0
51400 0
51410 0
51420 0
51430 0
51440 0
51450 0
51460 0
51470 0
51480 0
51490 0
51500 0
51510 0
51520 0
51530 0
51540 0
51550 0
51560 0
51570 0
51580 0
51590 0
51600 0
51610 0
51620 0
51630 0
51640 0
51650 0
51660 0
51670 0
51680 0
51690 0
51700 0
51710 0
51720 0
51730 0
51740 0
51750 0
51760 0
51770 0
51780 0
51790 0
51800 0
51810 0
51820 0
51830 0
51840 0
51850 0
51860 0
51870 0
51880 0
51890 0
51900 0
51910 0
51920 0
51930 0
51940 0
51950 0
51960 0
51970 0
51980 1
51990 0
52000 0
52010 0
52020 3
52030 2
52040 1
52050 0
52060 0
52070 2
52080 0
52090 3
52100 0
52110 0
52120 0
52130 3
52140 5
52150 4
52160 6
52170 5
52180 1
52190 2
52200 4
52210 8
52220 4
52230 0
52240 0
52250 0
52260 0
52270 0
52280 0
52290 0
52300 2
52310 3
52320 4
52330 1
52340 0
52350 2
52360 0
52370 0
52380 3
52390 3
52400 5
52410 3
52420 0
52430 4
52440 3
52450 3
52460 4
52470 3
52480 4
52490 4
52500 3
52510 5
52520 3
52530 7
52540 6
52550 2
52560 4
52570 7
52580 5
52590 6
52600 0
52610 9
52620 6
52630 2
52640 0
52650 3
52660 6
52670 1
52680 0
52690 0
52700 3
52710 0
52720 0
52730 0
52740 0
52750 0
52760 0
52770 0
52780 0
52790 0
52800 0
52810 0
52820 0
52830 0
52840 0
52850 0
52860 0
52870 0
52880 0
52890 0
52900 0
52910 0
52920 0
52930 0
52940 0
52950 0
52960 0
52970 0
52980 0
52990 0
53000 0
53010 0
53020 0
53030 0
53040 0
53050 0
53060 0
53070 0
53080 0
53090 0
53100 0
53110 0
53120 0
53130 0
53140 0
53150 0
53160 0
53170 0
53180 0
53190 0
53200 0
53210 0
53220 0
53230 0
53240 0
53250 0
53260 0
53270 0
53280 0
53290 0
53300 0
53310 0
53320 0
53330 0
53340 0
53350 0
53360 0
53370 0
53380 0
53390 0
53400 0
53410 0
53420 0
53430 0
53440 0
53450 0
53460 0
53470 0
53480 0
53490 0
53500 0
53510 0
53520 0
53530 0
53540 0
53550 0
53560 0
53570 0
53580 0
53590 0
53600 0
53610 0
53620 0
53630 0
53640 0
53650 0
53660 0
53670 0
53680 0
53690 0
53700 0
53710 0
53720 0
53730 0
53740 0
53750 0
53760 0
53770 0
53780 0
53790 0
53800 0
53810 0
53820 0
53830 0
53840 0
53850 0
53860 0
53870 0
53880 0
53890 0
53900 0
53910 0
53920 0
53930 0
53940 0
53950 0
53960 0
53970 0
53980 1
53990 0
54000 0
54010 0
54020 0
54030 0
54040 0
54050 0
54060 0
54070 0
54080 0
54090 0
54100 0
54110 0
54120 0
54130 0
54140 0
54150 0
54160 0
54170 0
54180 0
54190 0
54200 0
54210 0
54220 0
54230 0
54240 0
54250 0
54260 0
54270 0
54280 0
54290 0
54300 0
54310 0
54320 1
54330 2
54340 2
54350 0
54360 0
54370 0
54380 0
54390 0
54400 0
54410 0
54420 0
54430 0
54440 0
54450 0
54460 0
54470 0
54480 0
54490 0
54500 0
54510 0
54520 0
54530 0
54540 0
54550 0
54560 0
54570 0
54580 0
54590 0
54600 0
54610 0
54620 0
54630 0
54640 0
54650 0
54660 0
54670 0
54680 0
54690 0
54700 0
54710 0
54720 0
54730 0
54740 0
54750 0
54760 0
54770 0
54780 0
54790 0
54800 0
54810 0
54820 0
54830 0
54840 0
54850 0
54860 0
54870 0
54880 0
54890 0
54900 0
54910 0
54920 0
54930 0
54940 0
54950 0
54960 0
54970 0
54980 0
54990 0
55000 0
55010 0
55020 0
55030 0
55040 0
55050 0
55060 0
55070 0
55080 0
55090 0
55100 0
55110 0
55120 0
55130 0
55140 0
55150 0
55160 0
55170 0
55180 0
55190 0
55200 0
55210 0
55220 0
55230 1
55240 3
55250 0
55260 0
55270 0
55280 0
55290 0
55300 0
55310 0
55320 0
55330 0
55340 0
55350 0
55360 0
55370 0
55380 0
55390 0
55400 0
55410 0
55420 0
55430 0
55440 0
55450 0
55460 0
55470 0
55480 0
55490 0
55500 0
55510 1
55520 0
55530 0
55540 0
55550 0
55560 0
55570 0
55580 0
55590 0
55600 0
55610 0
55620 0
55630 0
55640 0
55650 0
55660 0
55670 0
55680 0
55690 0
55700 0
55710 0
55720 0
55730 0
55740 0
55750 0
55760 0
55770 0
55780 0
55790 0
55800 0
55810 0
55820 0
55830 0
55840 0
55850 0
55860 0
55870 0
55880 0
55890 0
55900 0
55910 0
55920 0
55930 0
55940 0
55950 0
55960 0
55970 0
55980 0
55990 0
56000 0
56010 0
56020 0
56030 0
56040 0
56050 0
56060 0
56070 0
56080 0
56090 0
56100 0
56110 0
56120 0
56130 0
56140 0
56150 0
56160 0
56170 0
56180 0
56190 0
56200 0
56210 0
56220 0
56230 0
56240 0
56250 0
56260 0
56270 0
56280 0
56290 0
56300 0
56310 0
56320 0
56330 0
56340 0
56350 0
56360 0
56370 0
56380 0
56390 0
56400 0
56410 0
56420 0
56430 0
56440 0
56450 0
56460 0
56470 0
56480 0
56490 0
56500 0
56510 0
56520 0
56530 0
56540 0
56550 0
56560 0
56570 0
56580 0
56590 0
56600 0
56610 0
56620 0
56630 0
56640 0
56650 0
56660 0
56670 0
56680 0
56690 0
56700 0
56710 0
56720 0
56730 0
56740 0
56750 0
56760 0
56770 0
56780 0
56790 0
56800 0
56810 0
56820 0
56830 0
56840 0
56850 0
56860 0
56870 0
56880 0
56890 0
56900 0
56910 0
56920 0
56930 0
56940 0
56950 0
56960 0
56970 0
56980 0
56990 0
57000 0
57010 0
57020 0
57030 0
57040 0
57050 0
57060 0
57070 0
57080 0
57090 0
57100 0
57110 0
57120 0
57130 0
57140 0
57150 0
57160 0
57170 0
57180 0
57190 0
57200 0
57210 0
57220 0
57230 0
57240 0
57250 0
57260 0
57270 0
57280 0
57290 0
57300 0
57310 0
57320 0
57330 0
57340 0
57350 0
57360 0
57370 0
57380 0
57390 0
57400 0
57410 0
57420 0
57430 0
57440 0
57450 0
57460 0
57470 0
57480 0
57490 0
57500 0
57510 0
57520 0
57530 0
57540 0
57550 0
57560 0
57570 0
57580 0
57590 0
57600 0
57610 0
57620 0
57630 0
57640 0
57650 0
57660 0
57670 0
57680 0
57690 0
57700 0
57710 0
57720 0
57730 0
57740 0
57750 0
57760 0
57770 0
57780 0
57790 0
57800 0
57810 0
57820 0
57830 0
57840 0
57850 0
57860 0
57870 0
57880 0
57890 0
57900 0
57910 0
57920 0
57930 0
57940 0
57950 0
57960 0
57970 0
57980 0
57990 0
58000 0
58010 0
58020 0
58030 0
58040 0
58050 0
58060 0
58070 0
58080 0
58090 0
58100 0
58110 0
58120 0
58130 0
58140 0
58150 0
58160 0
58170 0
58180 0
58190 0
58200 0
58210 0
58220 0
58230 0
58240 0
58250 0
58260 0
58270 0
58280 0
58290 0
58300 0
58310 0
58320 0
58330 0
58340 0
58350 0
58360 0
58370 0
58380 0
58390 0
58400 0
58410 0
58420 0
58430 0
58440 0
58450 0
58460 0
58470 0
58480 0
58490 0
58500 0
58510 0
58520 0
58530 0
58540 0
58550 0
58560 0
58570 0
58580 0
58590 0
58600 0
58610 0
58620 0
58630 0
58640 0
58650 0
58660 0
58670 0
58680 0
58690 0
58700 0
58710 0
58720 0
58730 0
58740 0
58750 0
58760 0
58770 0
58780 0
58790 0
58800 0
58810 0
58820 0
58830 0
58840 0
58850 0
58860 0
58870 0
58880 0
58890 0
58900 0
58910 0
58920 0
58930 0
58940 0
58950 0
58960 0
58970 0
58980 0
58990 0
59000 0
59010 0
59020 0
59030 0
59040 0
59050 0
59060 0
59070 0
59080 0
59090 0
59100 0
59110 0
59120 0
59130 0
59140 0
59150 0
59160 0
59170 0
59180 0
59190 0
59200 0
59210 0
59220 0
59230 0
59240 0
59250 5
59260 0
59270 0
59280 0
59290 0
59300 0
59310 0
59320 0
59330 0
59340 0
59350 0
59360 0
59370 0
59380 0
59390 0
59400 0
59410 0
59420 0
59430 0
59440 0
59450 0
59460 0
59470 0
59480 0
59490 0
59500 0
59510 0
59520 0
59530 0
59540 0
59550 0
59560 0
59570 0
59580 0
59590 0
59600 0
59610 0
59620 0
59630 0
59640 0
59650 0
59660 0
59670 0
59680 0
59690 0
59700 0
59710 0
59720 0
59730 0
59740 0
59750 0
59760 0
59770 0
59780 0
59790 0
59800 0
59810 0
59820 0
59830 0
59840 0
59850 0
59860 0
59870 0
59880 0
59890 0
59900 0
59910 0
59920 0
59930 0
59940 0
59950 0
59960 0
59970 0
59980 0
59990 0
60000 0
60010 0
60020 0
60030 0
60040 0
60050 0
60060 0
60070 0
60080 0
60090 0
60100 0
60110 0
60120 0
60130 0
60140 0
60150 0
60160 0
60170 0
60180 0
60190 0
60200 0
60210 0
60220 0
60230 0
60240 0
60250 0
60260 0
60270 0
60280 0
60290 0
60300 0
60310 0
60320 0
60330 0
60340 0
60350 0
60360 0
60370 0
60380 0
60390 0
60400 0
60410 0
60420 0
60430 0
60440 0
60450 0
60460 0
60470 0
60480 0
60490 0
60500 0
60510 0
60520 0
60530 0
60540 0
60550 0
60560 0
60570 0
60580 0
60590 0
60600 0
60610 0
60620 0
60630 0
60640 0
60650 0
60660 0
60670 0
60680 0
60690 0
60700 0
60710 0
60720 0
60730 0
60740 0
60750 0
60760 0
60770 0
60780 0
60790 0
60800 0
60810 0
60820 0
60830 0
60840 0
60850 0
60860 0
60870 0
60880 0
60890 0
60900 0
60910 0
60920 0
60930 0
60940 0
60950 0
60960 0
60970 0
60980 0
60990 0
61000 0
61010 0
61020 0
61030 0
61040 0
61050 0
61060 0
61070 0
61080 0
61090 0
61100 0
61110 0
61120 0
61130 0
61140 0
61150 0
61160 0
61170 0
61180 0
61190 0
61200 0
61210 0
61220 0
61230 0
61240 0
61250 0
61260 0
61270 0
61280 0
61290 0
61300 0
61310 0
61320 0
61330 0
61340 0
61350 0
61360 0
61370 0
61380 0
61390 0
61400 0
61410 0
61420 0
61430 0
61440 0
61450 0
61460 0
61470 0
61480 0
61490 0
61500 0
61510 0
61520 0
61530 0
61540 0
61550 0
61560 0
61570 0
61580 0
61590 0
61600 0
61610 0
61620 0
61630 0
61640 0
61650 0
61660 0
61670 0
61680 0
61690 0
61700 0
61710 0
61720 0
61730 0
61740 0
61750 0
61760 0
61770 0
61780 0
61790 0
61800 0
61810 0
61820 0
61830 0
61840 0
61850 0
61860 0
61870 0
61880 0
61890 0
61900 0
61910 0
61920 0
61930 0
61940 0
61950 0
61960 0
61970 0
61980 0
61990 0
62000 0
62010 0
62020 0
62030 0
62040 0
62050 0
62060 0
62070 0
62080 0
62090 0
62100 0
62110 0
62120 0
62130 0
62140 0
62150 0
62160 0
62170 0
62180 0
62190 0
62200 0
62210 0
62220 0
62230 1
62240 8
62250 8
62260 7
62270 8
62280 7
62290 7
62300 9
62310 3
62320 6
62330 7
62340 7
62350 6
62360 6
62370 6
62380 7
62390 5
62400 9
62410 10
62420 9
62430 3
62440 7
62450 0
62460 5
62470 7
62480 8
62490 4
62500 3
62510 8
62520 3
62530 0
62540 0
62550 0
62560 0
62570 0
62580 0
62590 0
62600 0
62610 0
62620 0
62630 0
62640 0
62650 0
62660 0
62670 0
62680 0
62690 0
62700 0
62710 0
62720 0
62730 0
62740 0
62750 0
62760 0
62770 0
62780 0
62790 0
62800 0
62810 0
62820 0
62830 0
62840 0
62850 0
62860 0
62870 0
62880 0
62890 0
62900 0
62910 0
62920 0
62930 0
62940 0
62950 0
62960 0
62970 0
62980 0
62990 0
63000 0
63010 0
63020 0
63030 0
63040 0
63050 0
63060 0
63070 0
63080 0
63090 0
63100 0
63110 0
63120 0
63130 0
63140 0
63150 0
63160 0
63170 0
63180 0
63190 0
63200 0
63210 0
63220 0
63230 0
63240 0
63250 0
63260 0
63270 0
63280 0
63290 0
63300 0
63310 0
63320 0
63330 0
63340 0
63350 0
63360 0
63370 0
63380 0
63390 0
63400 0
63410 0
63420 0
63430 0
63440 0
63450 0
63460 0
63470 0
63480 0
63490 0
63500 0
63510 0
63520 0
63530 0
63540 0
63550 0
63560 0
63570 0
63580 0
63590 0
63600 0
63610 0
63620 0
63630 0
63640 0
63650 0
63660 0
63670 0
63680 0
63690 0
63700 0
63710 0
63720 0
63730 0
63740 0
63750 0
63760 0
63770 0
63780 0
63790 0
63800 0
63810 0
63820 0
63830 0
63840 0
63850 0
63860 0
63870 0
63880 0
63890 0
63900 0
63910 0
63920 0
63930 0
63940 0
63950 0
63960 0
63970 0
63980 0
63990 0
64000 0
64010 0
64020 0
64030 0
64040 0
64050 0
64060 0
64070 0
64080 0
64090 0
64100 0
64110 0
64120 0
64130 0
64140 0
64150 0
64160 0
64170 0
64180 0
64190 0
64200 0
64210 0
64220 0
64230 0
64240 0
64250 0
64260 0
64270 0
64280 0
64290 0
64300 0
64310 0
64320 0
64330 0
64340 0
64350 0
64360 0
64370 0
64380 0
64390 0
64400 0
64410 0
64420 0
64430 0
64440 0
64450 0
64460 0
64470 0
64480 0
64490 0
64500 0
64510 0
64520 0
64530 0
64540 0
64550 0
64560 0
64570 0
64580 0
64590 0
64600 0
64610 0
64620 0
64630 0
64640 4
64650 1
64660 0
64670 0
64680 4
64690 1
64700 0
64710 3
64720 3
64730 0
64740 1
64750 3
64760 0
64770 0
64780 3
64790 4
64800 0
64810 8
64820 5
64830 0
64840 0
64850 0
64860 0
64870 0
64880 0
64890 0
64900 0
64910 0
64920 0
64930 0
64940 4
64950 2
64960 6
64970 5
64980 0
64990 5
65000 10
65010 7
65020 6
65030 6
65040 13
65050 6
65060 8
65070 1
65080 0
65090 0
65100 5
65110 4
65120 6
65130 9
65140 6
65150 5
65160 8
65170 4
65180 6
65190 9
65200 5
65210 1
65220 0
65230 5
65240 4
65250 5
65260 8
65270 7
65280 13
65290 3
65300 4
65310 0
65320 4
65330 10
65340 7
65350 1
65360 4
65370 1
65380 0
65390 0
65400 0
65410 0
65420 0
65430 0
65440 1
65450 0
65460 0
65470 0
65480 0
65490 0
65500 0
65510 0
65520 0
65530 0
65540 0
65550 0
65560 0
65570 0
65580 0
65590 0
65600 0
65610 0
65620 0
65630 0
65640 0
65650 0
65660 0
65670 0
65680 0
65690 0
65700 0
65710 0
65720 0
65730 0
65740 0
65750 0
65760 0
65770 0
65780 0
65790 0
65800 0
65810 0
65820 0
65830 0
65840 0
65850 0
65860 1
65870 0
65880 0
65890 0
65900 2
65910 0
65920 0
65930 0
65940 0
65950 0
65960 0
65970 0
65980 0
65990 0
66000 0
66010 0
66020 0
66030 0
66040 0
66050 0
66060 0
66070 0
66080 0
66090 0
66100 0
66110 0
66120 0
66130 0
66140 0
66150 0
66160 0
66170 0
66180 0
66190 0
66200 0
66210 0
66220 0
66230 0
66240 0
66250 0
66260 0
66270 0
66280 0
66290 0
66300 0
66310 0
66320 0
66330 0
66340 0
66350 0
66360 0
66370 0
66380 0
66390 0
66400 0
66410 0
66420 0
66430 0
66440 0
66450 0
66460 0
66470 0
66480 0
66490 0
66500 0
66510 0
66520 0
66530 0
66540 0
66550 0
66560 0
66570 0
66580 0
66590 0
66600 0
66610 0
66620 0
66630 0
66640 0
66650 0
66660 0
66670 0
66680 0
66690 0
66700 0
66710 0
66720 0
66730 0
66740 0
66750 0
66760 0
66770 0
66780 0
66790 0
66800 0
66810 0
66820 0
66830 0
66840 0
66850 0
66860 0
66870 0
66880 0
66890 0
66900 0
66910 0
66920 0
66930 0
66940 0
66950 0
66960 0
66970 0
66980 0
66990 0
67000 0
67010 0
67020 0
67030 0
67040 0
67050 0
67060 0
67070 0
67080 0
67090 0
67100 0
67110 0
67120 0
67130 0
67140 0
67150 0
67160 0
67170 0
67180 0
67190 0
67200 0
67210 0
67220 0
67230 0
67240 0
67250 0
67260 0
67270 0
67280 0
67290 0
67300 0
67310 0
67320 0
67330 0
67340 0
67350 0
67360 0
67370 0
67380 0
67390 0
67400 0
67410 0
67420 0
67430 0
67440 0
67450 0
67460 0
67470 0
67480 0
67490 0
67500 0
67510 0
67520 0
67530 0
67540 0
67550 0
67560 0
67570 0
67580 0
67590 0
67600 0
67610 0
67620 0
67630 0
67640 0
67650 0
67660 0
67670 0
67680 0
67690 0
67700 0
67710 0
67720 0
67730 0
67740 0
67750 0
67760 0
67770 0
67780 0
67790 0
67800 0
67810 0
67820 0
67830 0
67840 0
67850 0
67860 0
67870 0
67880 0
67890 0
67900 0
67910 0
67920 0
67930 0
67940 0
67950 0
67960 0
67970 0
67980 0
67990 0
68000 0
68010 0
68020 0
68030 0
68040 0
68050 0
68060 0
68070 0
68080 0
68090 0
68100 0
68110 0
68120 0
68130 0
68140 0
68150 0
68160 0
68170 0
68180 0
68190 0
68200 0
68210 0
68220 0
68230 0
68240 0
68250 0
68260 0
68270 0
68280 0
68290 0
68300 0
68310 0
68320 0
68330 0
68340 0
68350 0
68360 0
68370 0
68380 0
68390 0
68400 0
68410 0
68420 0
68430 0
68440 0
68450 0
68460 0
68470 0
68480 0
68490 0
68500 0
68510 0
68520 0
68530 0
68540 0
68550 0
68560 0
68570 0
68580 0
68590 0
68600 0
68610 0
68620 0
68630 0
68640 0
68650 0
68660 0
68670 0
68680 0
68690 0
68700 0
68710 0
68720 0
68730 0
68740 0
68750 0
68760 0
68770 0
68780 0
68790 0
68800 0
68810 0
68820 0
68830 0
68840 0
68850 0
68860 0
68870 0
68880 0
68890 0
68900 0
68910 0
68920 0
68930 0
68940 0
68950 0
68960 0
68970 0
68980 0
68990 0
69000 0
69010 0
69020 0
69030 0
69040 0
69050 0
69060 0
69070 0
69080 0
69090 0
69100 0
69110 0
69120 0
69130 0
69140 0
69150 0
69160 0
69170 0
69180 0
69190 0
69200 0
69210 0
69220 0
69230 0
69240 0
69250 0
69260 0
69270 0
69280 0
69290 0
69300 0
69310 0
69320 0
69330 0
69340 0
69350 0
69360 0
69370 0
69380 0
69390 0
69400 0
69410 0
69420 0
69430 0
69440 0
69450 0
69460 0
69470 0
69480 0
69490 0
69500 0
69510 0
69520 0
69530 0
69540 0
69550 0
69560 0
69570 0
69580 0
69590 0
69600 0
69610 0
69620 0
69630 1
69640 4
69650 0
69660 4
69670 0
69680 0
69690 0
69700 0
69710 0
69720 1
69730 2
69740 1
69750 1
69760 9
69770 15
69780 11
69790 3
69800 4
69810 5
69820 1
69830 0
69840 0
69850 0
69860 0
69870 0
69880 0
69890 0
69900 0
69910 0
69920 0
69930 0
69940 0
69950 0
69960 0
69970 0
69980 0
69990 0
70000 0
70010 0
70020 0
70030 0
70040 0
70050 0
70060 0
70070 0
70080 0
70090 0
70100 0
70110 0
70120 0
70130 0
70140 0
70150 0
70160 0
70170 0
70180 0
70190 0
70200 0
70210 0
70220 0
70230 0
70240 0
70250 0
70260 0
70270 0
70280 0
70290 0
70300 0
70310 0
70320 0
70330 0
70340 0
70350 0
70360 0
70370 0
70380 0
70390 0
70400 0
70410 0
70420 0
70430 0
70440 0
70450 0
70460 0
70470 0
70480 0
70490 0
70500 0
70510 0
70520 0
70530 0
70540 0
70550 0
70560 0
70570 0
70580 0
70590 0
70600 0
70610 0
70620 0
70630 0
70640 0
70650 0
70660 0
70670 0
70680 0
70690 0
70700 0
70710 0
70720 0
70730 0
70740 0
70750 0
70760 0
70770 0
70780 0
70790 0
70800 0
70810 0
70820 0
70830 0
70840 0
70850 0
70860 0
70870 0
70880 0
70890 0
70900 0
70910 0
70920 0
70930 0
70940 0
70950 0
70960 0
70970 0
70980 0
70990 0
71000 0
71010 0
71020 0
71030 0
71040 0
71050 0
71060 0
71070 0
71080 0
71090 0
71100 0
71110 0
71120 0
71130 0
71140 0
71150 0
71160 0
71170 0
71180 0
71190 0
71200 0
71210 0
71220 0
71230 0
71240 0
71250 0
71260 0
71270 0
71280 0
71290 0
71300 0
71310 0
71320 0
71330 0
71340 0
71350 0
71360 0
71370 0
71380 0
71390 0
71400 0
71410 0
71420 0
71430 0
71440 0
71450 0
71460 0
71470 0
71480 0
71490 0
71500 0
71510 0
71520 0
71530 0
71540 0
71550 0
71560 0
71570 0
71580 0
71590 0
71600 0
71610 0
71620 0
71630 0
71640 0
71650 0
71660 0
71670 0
71680 0
71690 0
71700 0
71710 0
71720 0
71730 0
71740 0
71750 0
71760 0
71770 0
71780 0
71790 0
71800 0
71810 0
71820 0
71830 0
71840 0
71850 0
71860 0
71870 0
71880 0
71890 0
71900 0
71910 0
71920 0
71930 0
71940 0
71950 0
71960 0
71970 0
71980 0
71990 0
72000 0
72010 0
72020 0
72030 0
72040 0
72050 0
72060 0
72070 0
72080 0
72090 0
72100 0
72110 0
72120 0
72130 0
72140 0
72150 0
72160 0
72170 0
72180 0
72190 0
72200 0
72210 0
72220 0
72230 0
72240 0
72250 0
72260 0
72270 0
72280 0
72290 0
72300 0
72310 0
72320 0
72330 0
72340 0
72350 0
72360 0
72370 0
72380 0
72390 0
72400 0
72410 0
72420 0
72430 0
72440 0
72450 0
72460 0
72470 0
72480 0
72490 0
72500 0
72510 0
72520 0
72530 0
72540 0
72550 0
72560 0
72570 0
72580 0
72590 0
72600 0
72610 0
72620 0
72630 0
72640 0
72650 0
72660 0
72670 0
72680 0
72690 0
72700 0
72710 0
72720 0
72730 0
72740 0
72750 0
72760 0
72770 0
72780 0
72790 0
72800 0
72810 0
72820 0
72830 0
72840 0
72850 0
72860 0
72870 0
72880 0
72890 0
72900 0
72910 0
72920 0
72930 0
72940 0
72950 0
72960 0
72970 0
72980 0
72990 0
73000 0
73010 0
73020 0
73030 0
73040 0
73050 0
73060 0
73070 0
73080 0
73090 0
73100 0
73110 0
73120 0
73130 0
73140 0
73150 0
73160 0
73170 0
73180 0
73190 0
73200 0
73210 0
73220 0
73230 0
73240 0
73250 0
73260 0
73270 0
73280 0
73290 0
73300 0
73310 0
73320 0
73330 0
73340 0
73350 0
73360 0
73370 0
73380 0
73390 0
73400 0
73410 0
73420 0
73430 0
73440 0
73450 0
73460 0
73470 0
73480 0
73490 0
73500 0
73510 0
73520 0
73530 0
73540 0
73550 0
73560 0
73570 0
73580 0
73590 0
73600 0
73610 0
73620 0
73630 0
73640 0
73650 0
73660 0
73670 0
73680 0
73690 0
73700 0
73710 0
73720 0
73730 0
73740 2
73750 1
73760 0
73770 0
73780 0
73790 1
73800 2
73810 3
73820 2
73830 1
73840 1
73850 1
73860 2
73870 2
73880 1
73890 0
73900 0
73910 1
73920 0
73930 0
73940 0
73950 0
73960 0
73970 0
73980 1
73990 1
74000 2
74010 3
74020 0
74030 0
74040 0
74050 0
74060 0
74070 1
74080 1
74090 0
74100 1
74110 1
74120 1
74130 1
74140 3
74150 1
74160 2
74170 2
74180 0
74190 0
74200 1
74210 2
74220 3
74230 3
74240 3
74250 4
74260 2
74270 1
74280 1
74290 1
74300 0
74310 1
74320 0
74330 0
74340 0
74350 0
74360 0
74370 0
74380 0
74390 0
74400 0
74410 0
74420 0
74430 0
74440 0
74450 0
74460 0
74470 0
74480 0
74490 0
74500 0
74510 0
74520 0
74530 0
74540 0
74550 0
74560 0
74570 0
74580 0
74590 0
74600 0
74610 0
74620 0
74630 4
74640 0
74650 0
74660 0
74670 0
74680 0
74690 2
74700 1
74710 0
74720 0
74730 0
74740 0
74750 0
74760 0
74770 0
74780 0
74790 0
74800 0
74810 0
74820 1
74830 0
74840 0
74850 0
74860 0
74870 0
74880 0
74890 0
74900 0
74910 0
74920 0
74930 0
74940 0
74950 0
74960 0
74970 0
74980 0
74990 0
75000 0
75010 0
75020 0
75030 0
75040 0
75050 0
75060 0
75070 0
75080 0
75090 0
75100 0
75110 0
75120 0
75130 0
75140 0
75150 0
75160 0
75170 0
75180 0
75190 0
75200 0
75210 0
75220 0
75230 0
75240 0
75250 0
75260 0
75270 0
75280 0
75290 2
75300 3
75310 0
75320 0
75330 0
75340 0
75350 0
75360 0
75370 0
75380 0
75390 0
75400 0
75410 0
75420 0
75430 0
75440 0
75450 0
75460 0
75470 0
75480 0
75490 0
75500 0
75510 0
75520 0
75530 0
75540 0
75550 0
75560 0
75570 0
75580 0
75590 0
75600 0
75610 0
75620 0
75630 0
75640 0
75650 0
75660 0
75670 0
75680 0
75690 0
75700 0
75710 0
75720 0
75730 0
75740 0
75750 0
75760 0
75770 0
75780 0
75790 0
75800 0
75810 0
75820 0
75830 0
75840 0
75850 0
75860 0
75870 0
75880 0
75890 0
75900 0
75910 0
75920 0
75930 0
75940 0
75950 0
75960 0
75970 0
75980 0
75990 0
76000 0
76010 0
76020 0
76030 0
76040 0
76050 0
76060 0
76070 0
76080 0
76090 0
76100 0
76110 0
76120 0
76130 0
76140 0
76150 0
76160 0
76170 0
76180 0
76190 0
76200 0
76210 0
76220 0
76230 0
76240 0
76250 0
76260 0
76270 0
76280 0
76290 0
76300 0
76310 0
76320 0
76330 0
76340 0
76350 0
76360 0
76370 0
76380 0
76390 0
76400 0
76410 0
76420 0
76430 0
76440 0
76450 0
76460 0
76470 0
76480 0
76490 0
76500 0
76510 0
76520 0
76530 0
76540 0
76550 0
76560 0
76570 0
76580 0
76590 0
76600 0
76610 0
76620 0
76630 0
76640 0
76650 0
76660 0
76670 0
76680 0
76690 0
76700 0
76710 0
76720 0
76730 0
76740 0
76750 0
76760 0
76770 0
76780 0
76790 0
76800 0
76810 0
76820 0
76830 0
76840 0
76850 0
76860 0
76870 0
76880 0
76890 0
76900 0
76910 0
76920 0
76930 0
76940 0
76950 0
76960 0
76970 0
76980 0
76990 0
77000 0
77010 0
77020 0
77030 0
77040 0
77050 0
77060 0
77070 0
77080 0
77090 0
77100 0
77110 0
77120 0
77130 0
77140 0
77150 0
77160 0
77170 0
77180 0
77190 0
77200 0
77210 0
77220 0
77230 0
77240 0
77250 0
77260 0
77270 0
77280 0
77290 0
77300 0
77310 0
77320 0
77330 0
77340 0
77350 0
77360 0
77370 0
77380 0
77390 0
77400 0
77410 0
77420 0
77430 0
77440 0
77450 0
77460 0
77470 0
77480 0
77490 0
77500 0
77510 0
77520 0
77530 0
77540 0
77550 0
77560 0
77570 0
77580 0
77590 0
77600 0
77610 0
77620 0
77630 0
77640 0
77650 0
77660 0
77670 0
77680 0
77690 0
77700 0
77710 0
77720 0
77730 0
77740 11
77750 3
77760 6
77770 9
77780 4
77790 3
77800 8
77810 10
77820 9
77830 9
77840 9
77850 7
77860 3
77870 0
77880 5
77890 3
77900 9
77910 4
77920 12
77930 7
77940 6
77950 11
77960 8
77970 3
77980 0
77990 7
78000 9
78010 5
78020 1
78030 8
78040 6
78050 8
78060 9
78070 4
78080 8
78090 13
78100 4
78110 4
78120 6
78130 9
78140 6
78150 0
78160 2
78170 0
78180 4
78190 13
78200 0
78210 4
78220 1
78230 0
78240 0
78250 0
78260 4
78270 0
78280 0
78290 0
78300 0
78310 0
78320 0
78330 0
78340 0
78350 3
78360 0
78370 0
78380 0
78390 0
78400 4
78410 4
78420 4
78430 4
78440 6
78450 1
78460 1
78470 1
78480 4
78490 4
78500 3
78510 7
78520 6
78530 5
78540 4
78550 3
78560 7
78570 5
78580 7
78590 3
78600 1
78610 0
78620 0
78630 6
78640 8
78650 13
78660 1
78670 7
78680 7
78690 6
78700 4
78710 7
78720 0
78730 5
78740 6
78750 2
78760 1
78770 0
78780 0
78790 3
78800 1
78810 7
78820 7
78830 5
78840 5
78850 13
78860 13
78870 1
78880 0
78890 0
78900 0
78910 0
78920 0
78930 0
78940 0
78950 0
78960 0
78970 0
78980 0
78990 0
79000 0
79010 0
79020 1
79030 0
79040 0
79050 0
79060 0
79070 0
79080 0
79090 0
79100 0
79110 0
79120 0
79130 0
79140 0
79150 0
79160 0
79170 0
79180 0
79190 0
79200 0
79210 0
79220 0
79230 0
79240 0
79250 0
79260 0
79270 0
79280 0
79290 7
79300 4
79310 8
79320 3
79330 4
79340 7
79350 9
79360 9
79370 1
79380 4
79390 4
79400 10
79410 7
79420 8
79430 10
79440 6
79450 11
79460 5
79470 13
79480 6
79490 6
79500 11
79510 5
79520 5
79530 9
79540 7
79550 7
79560 2
79570 5
79580 4
79590 7
79600 5
79610 4
79620 5
79630 2
79640 6
79650 4
79660 4
79670 4
79680 8
79690 6
79700 2
79710 3
79720 3
79730 5
79740 4
79750 5
79760 5
79770 2
79780 4
79790 8
79800 0
79810 0
79820 0
79830 0
79840 0
79850 0
79860 0
79870 0
79880 0
79890 1
79900 2
79910 3
79920 1
79930 0
79940 0
79950 0
79960 0
79970 0
79980 0
79990 0
80000 0
80010 0
80020 0
80030 0
80040 0
80050 0
80060 0
80070 0
80080 0
80090 0
80100 0
80110 0
80120 0
80130 0
80140 0
80150 0
80160 0
80170 0
80180 0
80190 0
80200 0
80210 0
80220 0
80230 0
80240 0
80250 0
80260 0
80270 0
80280 0
80290 0
80300 4
80310 5
80320 0
80330 1
80340 0
80350 2
80360 0
80370 0
80380 0
80390 0
80400 0
80410 0
80420 0
80430 0
80440 0
80450 0
80460 0
80470 0
80480 0
80490 0
80500 0
80510 0
80520 0
80530 0
80540 0
80550 5
80560 5
80570 19
80580 2
80590 13
80600 14
80610 13
80620 8
80630 11
80640 20
80650 13
80660 19
80670 26
80680 15
80690 13
80700 19
80710 26
80720 12
80730 6
80740 11
80750 9
80760 12
80770 16
80780 17
80790 19
80800 13
80810 24
80820 28
80830 19
80840 22
80850 22
80860 13
80870 12
80880 15
80890 23
80900 20
80910 17
80920 16
80930 25
80940 16
80950 14
80960 13
80970 9
80980 11
80990 4
81000 23
81010 6
81020 5
81030 11
81040 11
81050 19
81060 25
81070 21
81080 27
81090 22
81100 18
81110 9
81120 21
81130 20
81140 20
81150 19
81160 14
81170 10
81180 10
81190 13
81200 17
81210 10
81220 23
81230 22
81240 23
81250 16
81260 19
81270 23
81280 17
81290 18
81300 16
81310 23
81320 10
81330 23
81340 18
81350 15
81360 20
81370 15
81380 28
81390 20
81400 23
81410 12
81420 14
81430 10
81440 17
81450 19
81460 10
81470 17
81480 22
81490 24
81500 22
81510 21
81520 18
81530 16
81540 20
81550 18
81560 5
81570 17
81580 7
81590 8
81600 13
81610 8
81620 16
81630 11
81640 16
81650 19
81660 25
81670 13
81680 14
81690 22
81700 16
81710 13
81720 19
81730 21
81740 14
81750 17
81760 22
81770 17
81780 18
81790 19
81800 9
81810 24
81820 19
81830 23
81840 12
81850 21
81860 18
81870 18
81880 23
81890 25
81900 18
81910 22
81920 9
81930 22
81940 21
81950 17
81960 19
81970 15
81980 20
81990 19
82000 19
82010 19
82020 22
82030 20
82040 20
82050 21
82060 17
82070 24
82080 18
82090 23
82100 22
82110 14
82120 18
82130 19
82140 25
82150 24
82160 19
82170 25
82180 23
82190 25
82200 19
82210 15
82220 11
82230 15
82240 11
82250 11
82260 15
82270 16
82280 19
82290 7
82300 20
82310 12
82320 21
82330 23
82340 24
82350 18
82360 17
82370 29
82380 31
82390 18
82400 13
82410 17
82420 12
82430 11
82440 7
82450 8
82460 12
82470 14
82480 13
82490 14
82500 8
82510 8
82520 12
82530 3
82540 12
82550 24
82560 14
82570 14
82580 0
82590 8
82600 3
82610 1
82620 2
82630 1
82640 1
82650 0
82660 0
82670 2
82680 0
82690 0
82700 2
82710 1
82720 0
82730 0
82740 0
82750 0
82760 0
82770 0
82780 0
82790 0
82800 0
82810 0
82820 0
82830 0
82840 0
82850 0
82860 0
82870 0
82880 0
82890 0
82900 0
82910 0
82920 0
82930 0
82940 0
82950 0
82960 0
82970 0
82980 0
82990 0
83000 0
83010 0
83020 0
83030 0
83040 0
83050 0
83060 0
83070 0
83080 0
83090 0
83100 0
83110 0
83120 0
83130 0
83140 0
83150 0
83160 0
83170 0
83180 0
83190 0
83200 0
83210 0
83220 0
83230 0
83240 0
83250 0
83260 0
83270 0
83280 0
83290 6
83300 3
83310 8
83320 6
83330 9
83340 11
83350 6
83360 8
83370 12
83380 4
83390 11
83400 6
83410 3
83420 6
83430 8
83440 0
83450 4
83460 1
83470 2
83480 0
83490 0
83500 0
83510 0
83520 3
83530 1
83540 5
83550 6
83560 8
83570 0
83580 2
83590 0
83600 0
83610 0
83620 0
83630 0
83640 0
83650 0
83660 0
83670 0
83680 0
83690 0
83700 0
83710 0
83720 0
83730 0
83740 0
83750 0
83760 0
83770 0
83780 0
83790 0
83800 0
83810 0
83820 0
83830 0
83840 0
83850 0
83860 0
83870 0
83880 0
83890 0
83900 0
83910 0
83920 0
83930 0
83940 0
83950 0
83960 0
83970 0
83980 0
83990 1
84000 0
84010 0
84020 0
84030 2
84040 2
84050 3
84060 1
84070 1
84080 0
84090 0
84100 0
84110 0
84120 0
84130 0
84140 0
84150 0
84160 0
84170 0
84180 0
84190 0
84200 0
84210 0
84220 0
84230 0
84240 0
84250 0
84260 0
84270 0
84280 0
84290 0
84300 0
84310 0
84320 0
84330 0
84340 1
84350 1
84360 0
84370 0
84380 0
84390 0
84400 0
84410 0
84420 0
84430 0
84440 0
84450 0
84460 0
84470 0
84480 0
84490 0
84500 0
84510 0
84520 0
84530 0
84540 0
84550 0
84560 0
84570 0
84580 0
84590 0
84600 0
84610 0
84620 0
84630 0
84640 0
84650 0
84660 0
84670 0
84680 0
84690 0
84700 0
84710 0
84720 0
84730 0
84740 0
84750 0
84760 0
84770 0
84780 0
84790 0
84800 0
84810 0
84820 0
84830 0
84840 0
84850 0
84860 0
84870 0
84880 0
84890 0
84900 0
84910 0
84920 0
84930 0
84940 0
84950 0
84960 0
84970 0
84980 0
84990 0
85000 0
85010 0
85020 0
85030 0
85040 0
85050 0
85060 0
85070 0
85080 0
85090 0
85100 0
85110 0
85120 0
85130 0
85140 0
85150 0
85160 0
85170 0
85180 0
85190 0
85200 0
85210 0
85220 0
85230 0
85240 0
85250 0
85260 0
85270 0
85280 0
85290 0
85300 0
85310 0
85320 0
85330 0
85340 0
85350 0
85360 0
85370 0
85380 0
85390 0
85400 0
85410 0
85420 0
85430 0
85440 0
85450 0
85460 0
85470 0
85480 0
85490 0
85500 0
85510 0
85520 0
85530 0
85540 0
85550 0
85560 0
85570 0
85580 0
85590 0
85600 0
85610 0
85620 0
85630 0
85640 0
85650 0
85660 0
85670 0
85680 0
85690 0
85700 0
85710 0
85720 0
85730 0
85740 0
85750 0
85760 0
85770 0
85780 1
85790 0
85800 1
85810 0
85820 4
85830 12
85840 1
85850 0
85860 0
85870 0
85880 0
85890 0
85900 2
85910 4
85920 6
85930 0
85940 0
85950 1
85960 4
85970 11
85980 4
85990 0
86000 0
86010 0
86020 0
86030 0
86040 0
86050 0
86060 0
86070 2
86080 1
86090 2
86100 4
86110 6
86120 1
86130 0
86140 0
86150 0
86160 0
86170 0
86180 0
86190 0
86200 0
86210 0
86220 0
86230 0
86240 0
86250 0
86260 0
86270 0
86280 0
86290 0
86300 0
86310 0
86320 0
86330 0
86340 0
86350 0
86360 0
86370 0
86380 0
86390 0
86400 0
86410 0
86420 0
86430 0
86440 0
86450 0
86460 0
86470 0
86480 0
86490 0
86500 0
86510 0
86520 0
86530 0
86540 0
86550 0
86560 0
86570 0
86580 0
86590 0
86600 0
86610 0
86620 0
86630 0
86640 0
86650 0
86660 0
86670 0
86680 0
86690 0
86700 0
86710 0
86720 0
86730 0
86740 0
86750 0
86760 0
86770 0
86780 0
86790 0
86800 0
86810 0
86820 0
86830 0
86840 0
86850 0
86860 0
86870 0
86880 0
86890 0
86900 0
86910 0
86920 0
86930 0
86940 0
86950 0
86960 0
86970 0
86980 0
86990 0
87000 0
87010 0
87020 0
87030 0
87040 0
87050 0
87060 0
87070 0
87080 0
87090 0
87100 0
87110 0
87120 0
87130 0
87140 0
87150 0
87160 0
87170 0
87180 0
87190 0
87200 0
87210 0
87220 0
87230 0
87240 0
87250 0
87260 0
87270 0
87280 0
87290 0
87300 0
87310 0
87320 0
87330 0
87340 0
87350 0
87360 0
87370 0
87380 0
87390 0
87400 0
87410 0
87420 0
87430 0
87440 0
87450 0
87460 0
87470 0
87480 0
87490 0
87500 0
87510 0
87520 0
87530 0
87540 0
87550 0
87560 0
87570 0
87580 0
87590 0
87600 0
87610 0
87620 0
87630 0
87640 0
87650 0
87660 0
87670 0
87680 0
87690 0
87700 0
87710 0
87720 0
87730 0
87740 0
87750 0
87760 0
87770 0
87780 0
87790 0
87800 0
87810 0
87820 0
87830 0
87840 0
87850 0
87860 0
87870 0
87880 0
87890 0
87900 0
87910 0
87920 0
87930 0
87940 0
87950 0
87960 0
87970 0
87980 0
87990 0
88000 0
88010 0
88020 0
88030 0
88040 0
88050 0
88060 0
88070 0
88080 0
88090 0
88100 0
88110 0
88120 0
88130 0
88140 0
88150 0
88160 0
88170 0
88180 0
88190 0
88200 0
88210 0
88220 0
88230 0
88240 0
88250 0
88260 0
88270 0
88280 0
88290 0
88300 0
88310 0
88320 0
88330 0
88340 0
88350 0
88360 0
88370 0
88380 0
88390 0
88400 0
88410 0
88420 0
88430 0
88440 0
88450 0
88460 0
88470 0
88480 0
88490 0
88500 0
88510 0
88520 0
88530 0
88540 0
88550 0
88560 0
88570 0
88580 0
88590 0
88600 0
88610 0
88620 0
88630 0
88640 0
88650 0
88660 0
88670 0
88680 0
88690 0
88700 0
88710 0
88720 0
88730 0
88740 0
88750 0
88760 0
88770 0
88780 0
88790 0
88800 0
88810 0
88820 0
88830 0
88840 0
88850 0
88860 0
88870 0
88880 0
88890 0
88900 0
88910 0
88920 0
88930 0
88940 0
88950 0
88960 0
88970 0
88980 0
88990 0
89000 0
89010 0
89020 0
89030 0
89040 0
89050 0
89060 0
89070 0
89080 0
89090 0
89100 0
89110 0
89120 0
89130 0
89140 0
89150 0
89160 0
89170 0
89180 0
89190 0
89200 0
89210 0
89220 0
89230 0
89240 0
89250 0
89260 0
89270 0
89280 0
89290 0
89300 0
89310 0
89320 0
89330 0
89340 0
89350 0
89360 0
89370 0
89380 0
89390 0
89400 0
89410 0
89420 0
89430 0
89440 0
89450 0
89460 0
89470 0
89480 0
89490 0
89500 0
89510 0
89520 0
89530 0
89540 0
89550 0
89560 0
89570 0
89580 0
89590 0
89600 0
89610 0
89620 0
89630 0
89640 0
89650 0
89660 0
89670 0
89680 0
89690 0
89700 0
89710 0
89720 0
89730 0
89740 0
89750 0
89760 0
89770 0
89780 0
89790 0
89800 0
89810 0
89820 0
89830 0
89840 0
89850 0
89860 0
89870 0
89880 0
89890 0
89900 0
89910 0
89920 0
89930 0
89940 0
89950 0
89960 0
89970 0
89980 0
89990 0
90000 0
90010 0
90020 0
90030 0
90040 0
90050 0
90060 0
90070 0
90080 0
90090 0
90100 0
90110 0
90120 0
90130 0
90140 0
90150 0
90160 0
90170 0
90180 0
90190 0
90200 0
90210 0
90220 0
90230 0
90240 0
90250 0
90260 0
90270 0
90280 0
90290 0
90300 0
90310 0
90320 0
90330 0
90340 0
90350 0
90360 0
90370 0
90380 0
90390 0
90400 0
90410 0
90420 0
90430 0
90440 0
90450 0
90460 0
90470 0
90480 0
90490 0
90500 0
90510 0
90520 0
90530 0
90540 0
90550 0
90560 0
90570 0
90580 0
90590 0
90600 0
90610 0
90620 0
90630 0
90640 0
90650 0
90660 0
90670 0
90680 0
90690 0
90700 0
90710 0
90720 0
90730 0
90740 0
90750 0
90760 0
90770 0
90780 0
90790 0
90800 0
90810 0
90820 0
90830 0
90840 0
90850 0
90860 0
90870 0
90880 0
90890 0
90900 0
90910 0
90920 0
90930 0
90940 0
90950 0
90960 0
90970 0
90980 0
90990 0
91000 0
91010 0
91020 0
91030 0
91040 0
91050 0
91060 0
91070 0
91080 0
91090 0
91100 0
91110 0
91120 0
91130 0
91140 0
91150 0
91160 0
91170 0
91180 0
91190 0
91200 0
91210 0
91220 0
91230 0
91240 0
91250 0
91260 0
91270 0
91280 0
91290 0
91300 2
91310 2
91320 0
91330 0
91340 0
91350 0
91360 0
91370 0
91380 0
91390 0
91400 0
91410 0
91420 0
91430 0
91440 0
91450 0
91460 0
91470 0
91480 0
91490 0
91500 0
91510 0
91520 0
91530 0
91540 0
91550 1
91560 1
91570 0
91580 2
91590 0
91600 0
91610 1
91620 0
91630 0
91640 0
91650 0
91660 0
91670 0
91680 0
91690 3
91700 4
91710 0
91720 1
91730 0
91740 0
91750 0
91760 0
91770 1
91780 1
91790 0
91800 1
91810 0
91820 0
91830 0
91840 0
91850 0
91860 0
91870 0
91880 0
91890 0
91900 0
91910 0
91920 0
91930 0
91940 0
91950 0
91960 0
91970 0
91980 0
91990 0
92000 0
92010 0
92020 0
92030 0
92040 0
92050 0
92060 0
92070 0
92080 0
92090 0
92100 0
92110 0
92120 0
92130 0
92140 0
92150 0
92160 0
92170 0
92180 0
92190 0
92200 0
92210 0
92220 0
92230 0
92240 0
92250 0
92260 0
92270 0
92280 0
92290 0
92300 0
92310 0
92320 0
92330 0
92340 0
92350 0
92360 0
92370 0
92380 0
92390 0
92400 0
92410 0
92420 0
92430 0
92440 0
92450 0
92460 0
92470 0
92480 0
92490 0
92500 0
92510 0
92520 0
92530 0
92540 0
92550 0
92560 0
92570 0
92580 0
92590 0
92600 0
92610 0
92620 0
92630 0
92640 0
92650 0
92660 0
92670 0
92680 0
92690 0
92700 0
92710 0
92720 0
92730 0
92740 0
92750 0
92760 0
92770 0
92780 0
92790 0
92800 0
92810 0
92820 0
92830 0
92840 0
92850 0
92860 0
92870 0
92880 0
92890 0
92900 0
92910 0
92920 0
92930 0
92940 0
92950 0
92960 0
92970 0
92980 0
92990 0
93000 0
93010 0
93020 0
93030 0
93040 0
93050 0
93060 0
93070 0
93080 0
93090 0
93100 0
93110 0
93120 0
93130 0
93140 0
93150 0
93160 0
93170 0
93180 0
93190 0
93200 0
93210 0
93220 0
93230 0
93240 0
93250 0
93260 0
93270 0
93280 0
93290 0
93300 0
93310 0
93320 0
93330 0
93340 0
93350 0
93360 0
93370 0
93380 0
93390 0
93400 0
93410 0
93420 0
93430 0
93440 0
93450 0
93460 0
93470 0
93480 0
93490 0
93500 0
93510 0
93520 0
93530 0
93540 0
93550 0
93560 0
93570 0
93580 0
93590 0
93600 0
93610 0
93620 0
93630 0
93640 0
93650 0
93660 0
93670 0
93680 0
93690 0
93700 0
93710 0
93720 0
93730 0
93740 0
93750 0
93760 0
93770 0
93780 0
93790 0
93800 0
93810 0
93820 0
93830 0
93840 0
93850 0
93860 0
93870 0
93880 0
93890 0
93900 0
93910 0
93920 0
93930 0
93940 0
93950 0
93960 0
93970 0
93980 1
93990 0
94000 0
94010 0
94020 0
94030 0
94040 0
94050 0
94060 0
94070 0
94080 0
94090 0
94100 0
94110 0
94120 0
94130 0
94140 0
94150 0
94160 0
94170 0
94180 0
94190 0
94200 0
94210 0
94220 0
94230 0
94240 0
94250 0
94260 0
94270 0
94280 0
94290 0
94300 0
94310 0
94320 0
94330 0
94340 0
94350 0
94360 0
94370 0
94380 0
94390 0
94400 0
94410 0
94420 0
94430 0
94440 0
94450 0
94460 0
94470 0
94480 0
94490 0
94500 0
94510 0
94520 0
94530 0
94540 0
94550 0
94560 0
94570 0
94580 0
94590 0
94600 0
94610 0
94620 0
94630 0
94640 0
94650 0
94660 0
94670 0
94680 0
94690 0
94700 0
94710 0
94720 0
94730 0
94740 0
94750 0
94760 0
94770 0
94780 0
94790 0
94800 0
94810 0
94820 0
94830 0
94840 0
94850 0
94860 0
94870 0
94880 0
94890 0
94900 0
94910 0
94920 0
94930 0
94940 0
94950 0
94960 0
94970 0
94980 0
94990 0
95000 0
95010 0
95020 0
95030 0
95040 0
95050 0
95060 0
95070 0
95080 0
95090 0
95100 0
95110 0
95120 0
95130 0
95140 0
95150 0
95160 0
95170 0
95180 0
95190 0
95200 0
95210 0
95220 0
95230 0
95240 0
95250 0
95260 0
95270 0
95280 0
95290 0
95300 0
95310 0
95320 0
95330 0
95340 0
95350 0
95360 0
95370 0
95380 0
95390 0
95400 0
95410 0
95420 0
95430 0
95440 0
95450 0
95460 0
95470 0
95480 0
95490 0
95500 0
95510 0
95520 0
95530 0
95540 0
95550 0
95560 0
95570 0
95580 0
95590 0
95600 0
95610 0
95620 0
95630 0
95640 0
95650 0
95660 0
95670 0
95680 0
95690 0
95700 0
95710 0
95720 0
95730 0
95740 0
95750 0
95760 0
95770 0
95780 0
95790 0
95800 0
95810 0
95820 0
95830 0
95840 0
95850 0
95860 0
95870 0
95880 0
95890 0
95900 0
95910 0
95920 0
95930 0
95940 0
95950 0
95960 0
95970 0
95980 0
95990 0
96000 0
96010 0
96020 0
96030 0
96040 0
96050 0
96060 0
96070 0
96080 0
96090 0
96100 0
96110 0
96120 0
96130 0
96140 0
96150 0
96160 0
96170 0
96180 0
96190 0
96200 0
96210 0
96220 0
96230 0
96240 0
96250 0
96260 0
96270 0
96280 0
96290 0
96300 0
96310 0
96320 0
96330 0
96340 0
96350 0
96360 0
96370 0
96380 0
96390 0
96400 0
96410 0
96420 0
96430 0
96440 0
96450 0
96460 0
96470 0
96480 0
96490 0
96500 0
96510 0
96520 0
96530 0
96540 0
96550 0
96560 0
96570 0
96580 0
96590 0
96600 0
96610 0
96620 0
96630 0
96640 0
96650 0
96660 0
96670 0
96680 0
96690 0
96700 0
96710 0
96720 0
96730 0
96740 0
96750 0
96760 0
96770 0
96780 0
96790 0
96800 0
96810 1
96820 0
96830 0
96840 0
96850 0
96860 0
96870 0
96880 0
96890 0
96900 0
96910 0
96920 0
96930 0
96940 0
96950 0
96960 0
96970 0
96980 0
96990 0
97000 0
97010 0
97020 0
97030 0
97040 0
97050 0
97060 0
97070 0
97080 0
97090 0
97100 0
97110 0
97120 0
97130 0
97140 2
97150 0
97160 0
97170 2
97180 6
97190 8
97200 0
97210 2
97220 0
97230 0
97240 1
97250 0
97260 0
97270 0
97280 3
97290 1
97300 0
97310 1
97320 0
97330 0
97340 0
97350 0
97360 0
97370 0
97380 0
97390 0
97400 0
97410 0
97420 0
97430 0
97440 8
97450 11
97460 1
97470 2
97480 3
97490 0
97500 0
97510 0
97520 4
97530 1
97540 0
97550 0
97560 0
97570 0
97580 0
97590 0
97600 0
97610 0
97620 0
97630 0
97640 0
97650 0
97660 0
97670 0
97680 0
97690 0
97700 0
97710 0
97720 0
97730 0
97740 0
97750 0
97760 0
97770 0
97780 0
97790 0
97800 0
97810 0
97820 0
97830 0
97840 0
97850 0
97860 0
97870 0
97880 0
97890 0
97900 0
97910 0
97920 0
97930 0
97940 0
97950 0
97960 0
97970 0
97980 0
97990 0
98000 0
98010 0
98020 0
98030 0
98040 0
98050 0
98060 0
98070 0
98080 0
98090 0
98100 0
98110 0
98120 0
98130 0
98140 0
98150 0
98160 0
98170 0
98180 0
98190 0
98200 0
98210 0
98220 0
98230 0
98240 0
98250 0
98260 0
98270 0
98280 0
98290 0
98300 0
98310 0
98320 0
98330 0
98340 0
98350 0
98360 0
98370 0
98380 0
98390 0
98400 0
98410 0
98420 0
98430 0
98440 0
98450 0
98460 0
98470 0
98480 0
98490 0
98500 0
98510 0
98520 0
98530 0
98540 0
98550 0
98560 0
98570 0
98580 0
98590 0
98600 0
98610 0
98620 0
98630 0
98640 0
98650 0
98660 0
98670 0
98680 0
98690 0
98700 0
98710 0
98720 0
98730 0
98740 0
98750 0
98760 0
98770 0
98780 0
98790 0
98800 0
98810 0
98820 0
98830 0
98840 0
98850 0
98860 0
98870 0
98880 0
98890 0
98900 0
98910 0
98920 0
98930 0
98940 0
98950 0
98960 0
98970 0
98980 0
98990 0
99000 0
99010 0
99020 0
99030 0
99040 0
99050 0
99060 0
99070 0
99080 0
99090 0
99100 0
99110 0
99120 0
99130 0
99140 0
99150 0
99160 0
99170 0
99180 0
99190 0
99200 0
99210 0
99220 0
99230 0
99240 0
99250 0
99260 0
99270 0
99280 0
99290 0
99300 0
99310 0
99320 0
99330 0
99340 0
99350 0
99360 0
99370 0
99380 0
99390 0
99400 0
99410 0
99420 0
99430 0
99440 0
99450 0
99460 0
99470 0
99480 0
99490 0
99500 0
99510 0
99520 0
99530 0
99540 0
99550 0
99560 0
99570 0
99580 0
99590 0
99600 0
99610 0
99620 0
99630 0
99640 0
99650 0
99660 0
99670 0
99680 0
99690 0
99700 0
99710 0
99720 0
99730 0
99740 0
99750 0
99760 0
99770 0
99780 1
99790 0
99800 0
99810 0
99820 0
99830 0
99840 0
99850 0
99860 0
99870 0
99880 0
99890 0
99900 0
99910 0
99920 0
99930 0
99940 0
99950 0
99960 0
99970 0
99980 0
99990 0
