# #DNA 57-61,234-238
# #Frame H2A H2B H3 H4 (contacts)
0 0 0 0 81
1 0 0 0 63
2 0 0 0 71
3 0 0 0 34
4 0 0 0 53
5 0 0 0 64
6 0 0 0 82
7 0 0 0 69
8 0 0 0 59
9 0 0 0 72
10 0 0 0 68
11 0 0 0 103
12 0 0 0 41
13 0 0 0 61
14 0 0 0 72
15 0 0 0 60
16 0 0 0 79
17 0 0 0 56
18 0 0 0 71
19 0 0 0 48
20 0 0 0 63
21 0 0 4 61
22 0 0 0 51
23 0 0 0 72
24 0 0 0 70
25 0 0 0 78
26 0 0 0 66
27 0 0 0 77
28 0 0 0 51
29 0 0 0 74
30 0 6 5 67
31 0 6 0 74
32 0 5 4 67
33 0 1 13 75
34 0 8 11 60
35 0 0 12 73
36 0 0 12 62
37 0 5 0 81
38 0 2 0 88
39 0 0 1 71
40 0 0 0 66
41 0 1 1 66
42 0 0 0 73
43 0 6 0 71
44 0 0 0 59
45 0 0 0 52
46 0 0 6 62
47 0 0 3 56
48 0 0 0 74
49 0 0 9 81
50 0 0 6 82
51 0 0 9 84
52 0 0 0 72
53 0 0 5 68
54 0 0 0 73
55 0 0 0 54
56 0 0 0 54
57 0 1 0 51
58 0 0 0 61
59 0 0 0 77
60 0 0 1 70
61 0 0 0 57
62 0 0 3 76
63 0 2 4 77
64 0 2 24 72
65 0 16 6 80
66 0 1 0 75
67 0 1 3 75
68 0 0 0 62
69 0 0 0 81
70 0 0 0 77
71 0 4 0 65
72 0 0 0 73
73 0 0 0 67
74 0 0 1 72
75 0 0 0 67
76 0 0 5 59
77 0 0 5 89
78 0 0 8 75
79 0 0 0 77
80 0 0 0 79
81 0 0 0 67
82 0 0 5 62
83 0 0 5 76
84 0 0 6 75
85 0 0 0 78
86 0 0 0 75
87 0 0 4 77
88 0 0 27 78
89 0 0 3 72
90 0 0 17 81
91 0 0 11 84
92 0 0 22 77
93 0 0 36 80
94 0 0 42 53
95 0 0 46 80
96 0 0 52 50
97 0 0 57 79
98 0 0 42 45
99 0 0 49 81
100 0 0 43 71
101 0 0 26 67
102 0 0 6 78
103 0 0 44 72
104 0 0 12 84
105 0 0 0 81
106 0 0 0 66
107 0 0 0 63
108 0 0 6 72
109 0 0 0 70
110 0 0 0 77
111 0 0 0 71
112 0 0 2 71
113 0 0 1 64
114 0 0 19 57
115 0 0 13 75
116 0 0 19 70
117 0 0 0 64
118 0 0 2 85
119 0 0 0 70
120 0 0 0 68
121 0 0 0 60
122 0 0 0 79
123 0 0 0 62
124 0 0 0 56
125 0 0 0 69
126 0 0 0 65
127 0 0 0 72
128 0 0 3 71
129 0 0 0 72
130 0 0 0 70
131 0 0 0 85
132 0 0 0 72
133 0 0 0 71
134 0 0 0 88
135 0 0 2 77
136 0 0 9 67
137 0 0 7 88
138 0 0 17 69
139 0 0 19 85
140 0 0 22 80
141 0 0 24 54
142 0 0 24 86
143 0 0 21 73
144 0 0 18 79
145 0 0 19 76
146 0 0 18 85
147 0 0 19 73
148 0 0 0 64
149 0 0 0 84
150 0 0 0 60
151 0 0 0 55
152 0 0 0 76
153 0 0 13 69
154 0 0 0 94
155 0 0 5 70
156 0 0 0 78
157 0 0 14 64
158 0 0 14 69
159 0 0 19 67
160 0 0 21 66
161 0 0 4 69
162 0 0 17 60
163 0 0 12 80
164 0 0 20 58
165 0 0 18 77
166 0 0 2 69
167 0 0 0 87
168 0 0 0 69
169 0 0 0 76
170 0 0 3 52
171 0 0 0 67
172 0 0 0 71
173 0 0 8 63
174 0 0 0 69
175 0 0 9 87
176 0 0 1 60
177 0 0 1 77
178 0 0 5 72
179 0 0 6 65
180 0 0 1 80
181 0 0 7 71
182 0 0 8 73
183 0 0 19 80
184 0 0 23 75
185 0 0 21 81
186 0 0 58 71
187 0 0 43 80
188 0 0 53 66
189 0 0 44 65
190 0 0 41 80
191 0 0 28 59
192 0 0 37 75
193 0 0 46 74
194 0 0 29 65
195 0 0 22 64
196 0 0 22 78
197 0 0 6 56
198 0 0 9 53
199 0 0 1 65
200 0 0 4 73
201 0 0 6 96
202 0 0 1 49
203 0 0 9 65
204 0 0 2 75
205 0 0 10 58
206 0 0 0 69
207 0 0 11 71
208 0 0 4 80
209 0 0 3 64
210 0 0 1 73
211 0 0 7 87
212 0 0 0 71
213 0 0 0 73
214 0 0 0 66
215 0 0 1 63
216 0 0 0 76
217 0 0 14 62
218 0 0 8 62
219 0 0 0 59
220 0 0 0 66
221 0 0 0 76
222 0 0 0 72
223 0 0 0 86
224 0 0 4 80
225 0 0 4 89
226 0 0 7 51
227 0 0 7 87
228 0 0 0 71
229 0 0 0 65
230 0 0 0 88
231 0 0 0 69
232 0 0 0 82
233 0 0 0 76
234 0 0 0 70
235 0 0 0 91
236 0 0 0 56
237 0 0 0 76
238 0 0 0 75
239 0 0 0 74
240 0 0 0 73
241 0 0 0 75
242 0 0 0 63
243 0 0 0 84
244 0 0 0 66
245 0 0 1 69
246 0 0 0 75
247 0 0 0 79
248 0 0 0 70
249 0 0 3 90
250 0 0 0 71
251 0 0 0 81
252 0 0 0 79
253 0 0 0 70
254 0 0 0 75
255 0 0 0 87
256 0 0 0 75
257 0 0 1 79
258 0 0 0 64
259 0 0 0 56
260 0 0 7 54
261 0 0 0 60
262 0 0 1 79
263 0 0 0 67
264 0 0 0 69
265 0 0 0 81
266 0 0 0 80
267 0 0 0 64
268 0 0 0 91
269 0 0 1 67
270 0 0 0 57
271 0 0 0 79
272 0 0 0 69
273 0 0 0 76
274 0 0 0 69
275 0 0 0 63
276 0 0 0 62
277 0 0 0 68
278 0 0 0 79
279 0 0 0 77
280 0 0 0 81
281 0 0 4 70
282 0 0 3 65
283 0 0 3 77
284 0 0 1 78
285 0 0 11 81
286 0 0 9 74
287 0 0 8 77
288 0 0 33 75
289 0 0 19 65
290 0 0 27 80
291 0 0 9 57
292 0 0 47 69
293 0 0 29 75
294 0 0 52 55
295 0 0 29 78
296 0 0 13 72
297 0 0 13 78
298 0 0 12 56
299 0 0 26 65
300 0 0 16 81
301 0 0 25 69
302 0 0 33 89
303 0 0 28 74
304 0 0 24 67
305 0 0 25 83
306 0 0 29 52
307 0 0 21 76
308 0 0 24 51
309 0 0 30 76
310 0 0 19 67
311 0 0 5 72
312 0 0 0 65
313 0 0 16 76
314 0 0 11 64
315 0 0 10 79
316 0 0 15 71
317 0 0 19 55
318 0 0 10 68
319 0 0 13 72
320 0 0 16 69
321 0 0 20 75
322 0 0 15 76
323 0 0 13 79
324 0 0 3 75
325 0 0 14 62
326 0 0 14 68
327 0 0 24 65
328 0 0 32 88
329 0 0 20 67
330 0 0 21 64
331 0 0 23 55
332 0 0 24 68
333 0 0 41 61
334 0 0 49 57
335 0 0 43 70
336 0 0 48 73
337 0 0 35 72
338 0 0 38 56
339 0 0 25 78
340 0 0 36 56
341 0 0 34 62
342 0 0 29 53
343 0 0 17 56
344 0 0 35 60
345 0 0 25 80
346 0 0 45 70
347 0 0 32 67
348 0 0 29 73
349 0 0 40 65
350 0 0 36 70
351 0 0 40 74
352 0 0 32 62
353 0 0 39 74
354 0 0 47 71
355 0 0 37 66
356 0 0 40 44
357 0 0 29 35
358 0 0 42 40
359 0 0 33 31
360 0 0 51 29
361 0 0 53 40
362 0 0 77 35
363 0 0 61 22
364 0 0 52 12
365 0 0 38 5
366 0 0 27 11
367 0 0 16 2
368 0 0 17 4
369 0 0 16 21
370 0 0 6 31
371 0 0 0 37
372 0 0 0 43
373 0 0 0 27
374 0 0 0 29
375 0 0 0 27
376 0 0 0 27
377 0 0 0 49
378 0 0 0 45
379 0 0 0 22
380 0 0 0 37
381 0 0 0 36
382 0 0 0 40
383 0 0 0 35
384 0 0 0 34
385 0 0 0 26
386 0 0 0 44
387 0 0 0 38
388 0 0 0 52
389 0 0 0 53
390 0 0 0 49
391 0 0 0 30
392 0 0 0 51
393 0 0 0 40
394 0 0 0 52
395 0 0 1 67
396 0 0 0 56
397 0 0 0 62
398 0 0 0 61
399 0 0 0 55
400 0 0 2 41
401 0 0 0 46
402 0 0 17 32
403 0 0 27 47
404 0 0 3 35
405 0 0 1 36
406 0 0 2 19
407 0 0 0 45
408 0 0 6 34
409 0 0 14 47
410 0 0 11 37
411 0 0 11 61
412 0 0 6 33
413 0 0 18 54
414 0 0 4 30
415 0 0 19 27
416 0 0 13 42
417 0 0 25 35
418 0 0 7 55
419 0 0 19 45
420 0 0 12 57
421 0 0 14 42
422 0 0 21 50
423 0 0 15 46
424 0 0 4 44
425 0 0 11 33
426 0 0 1 40
427 0 0 21 33
428 0 0 12 25
429 0 0 18 55
430 0 0 12 73
431 0 0 7 79
432 0 0 25 65
433 0 0 30 59
434 0 0 40 29
435 0 0 4 27
436 0 0 20 37
437 0 0 30 50
438 0 0 9 33
439 0 0 7 26
440 0 0 14 48
441 0 0 21 44
442 0 0 31 40
443 0 0 30 40
444 0 0 28 27
445 0 0 19 29
446 0 0 17 39
447 0 0 11 24
448 0 0 1 35
449 0 0 9 31
450 0 0 1 38
451 0 0 17 34
452 0 0 18 25
453 0 0 10 41
454 0 0 6 57
455 0 0 0 23
456 0 0 0 45
457 0 0 1 38
458 0 0 2 32
459 0 0 0 39
460 0 0 0 47
461 0 0 0 52
462 0 0 0 50
463 0 0 0 42
464 0 0 0 32
465 0 0 0 36
466 0 0 0 29
467 0 0 0 31
468 0 0 0 26
469 0 0 9 46
470 0 0 7 38
471 0 0 2 30
472 0 0 2 28
473 0 0 4 56
474 0 0 5 51
475 0 0 2 59
476 0 0 4 55
477 0 0 2 65
478 0 0 0 31
479 0 0 2 19
480 0 0 1 50
481 0 0 5 39
482 0 0 4 43
483 0 0 7 34
484 0 0 4 57
485 0 0 4 69
486 0 0 5 61
487 0 0 4 63
488 0 0 0 53
489 0 0 0 47
490 0 0 0 71
491 0 0 0 56
492 0 0 0 51
493 0 0 4 53
494 0 0 0 42
495 0 0 7 51
496 0 0 6 54
497 0 0 0 47
498 0 0 0 67
499 0 0 0 74
500 0 0 0 61
501 0 0 0 43
502 0 0 0 55
503 0 0 0 59
504 0 0 0 45
505 0 0 0 56
506 0 0 0 69
507 0 0 0 21
508 0 0 0 15
509 0 0 0 29
510 0 0 0 27
511 0 0 0 37
512 0 0 0 49
513 0 0 0 28
514 0 0 0 39
515 0 0 0 55
516 0 0 0 48
517 0 0 0 60
518 0 0 0 54
519 0 0 0 65
520 0 0 0 49
521 0 0 0 43
522 0 0 0 62
523 0 0 0 71
524 0 0 0 45
525 0 0 6 59
526 0 0 0 66
527 0 0 0 60
528 0 0 0 54
529 0 0 0 53
530 0 0 0 56
531 0 0 0 65
532 0 0 0 64
533 0 0 0 56
534 0 0 0 67
535 0 0 0 51
536 0 0 0 49
537 0 0 0 75
538 0 0 0 62
539 0 0 0 52
540 0 0 0 54
541 0 0 0 59
542 0 0 0 58
543 0 0 0 69
544 0 0 0 53
545 0 0 0 47
546 0 0 0 48
547 0 0 0 66
548 0 0 0 57
549 0 0 0 63
550 0 0 0 67
551 0 0 0 72
552 0 0 0 62
553 0 0 0 55
554 0 0 0 63
555 0 0 0 73
556 0 0 0 57
557 0 0 0 27
558 0 0 0 10
559 0 0 0 23
560 0 0 0 23
561 0 0 0 30
562 0 0 0 27
563 0 0 0 56
564 0 0 0 24
565 0 0 0 43
566 0 0 0 32
567 0 0 0 38
568 0 0 0 39
569 0 0 0 34
570 0 0 0 51
571 0 0 0 40
572 0 0 0 26
573 0 0 0 34
574 0 0 0 7
575 0 0 0 8
576 0 0 0 22
577 0 0 0 5
578 0 0 0 7
579 0 0 0 11
580 0 0 0 18
581 0 0 0 5
582 0 0 0 7
583 0 0 0 11
584 0 0 0 0
585 0 0 0 3
586 0 0 0 49
587 0 0 0 38
588 0 0 0 35
589 0 0 0 35
590 0 0 0 37
591 0 0 0 28
592 0 0 0 33
593 0 0 0 38
594 0 0 0 43
595 0 0 0 39
596 0 0 0 30
597 0 0 0 38
598 0 0 0 32
599 0 0 0 42
600 0 0 0 36
601 0 0 0 38
602 0 0 0 24
603 0 0 0 26
604 0 0 0 44
605 0 0 0 45
606 0 0 0 29
607 0 0 0 30
608 0 0 0 43
609 0 0 0 36
610 0 0 0 38
611 0 0 0 40
612 0 0 0 76
613 0 0 0 45
614 0 0 0 42
615 0 0 0 22
616 0 0 0 30
617 0 0 0 38
618 0 0 0 38
619 0 0 0 32
620 0 0 0 42
621 0 0 0 36
622 0 0 0 47
623 0 0 0 24
624 0 0 0 20
625 0 0 0 32
626 0 0 0 30
627 0 0 0 37
628 0 0 0 32
629 0 0 0 30
630 0 0 0 45
631 0 0 0 36
632 0 0 0 43
633 0 1 0 30
634 0 0 0 36
635 0 0 0 31
636 0 0 0 36
637 0 0 0 65
638 0 0 0 56
639 0 1 0 48
640 0 0 0 49
641 0 0 0 38
642 0 0 0 46
643 0 0 0 52
644 0 0 0 63
645 0 0 0 44
646 0 0 0 39
647 0 0 0 51
648 0 0 0 57
649 0 0 0 68
650 0 0 0 54
651 0 0 0 71
652 0 0 0 51
653 0 0 0 53
654 0 0 0 49
655 0 0 0 51
656 0 0 0 45
657 0 0 0 44
658 0 0 0 54
659 0 0 0 74
660 0 0 0 60
661 0 0 0 49
662 0 0 0 59
663 0 0 0 30
664 0 0 0 57
665 0 0 0 66
666 0 0 0 47
667 0 0 0 43
668 0 0 0 47
669 0 0 0 47
670 0 0 0 36
671 0 0 0 48
672 0 0 0 27
673 0 0 0 35
674 0 0 0 57
675 0 0 0 45
676 0 0 0 44
677 0 0 0 45
678 0 0 0 33
679 0 0 0 48
680 0 0 0 40
681 0 0 0 48
682 0 0 0 53
683 0 0 0 36
684 0 0 0 62
685 0 0 0 50
686 0 0 0 57
687 0 0 0 44
688 0 0 0 32
689 0 0 0 47
690 0 0 0 44
691 0 0 0 43
692 0 0 0 47
693 0 0 0 65
694 0 0 0 20
695 0 0 0 49
696 0 0 0 30
697 0 0 0 59
698 0 0 0 51
699 0 0 0 39
700 0 0 0 85
701 0 0 0 105
702 0 0 0 97
703 0 1 0 92
704 0 0 0 101
705 0 0 0 85
706 0 6 0 73
707 0 0 0 83
708 0 0 0 85
709 0 0 0 68
710 0 0 0 41
711 0 0 0 40
712 0 0 0 36
713 0 0 0 49
714 0 0 0 39
715 0 0 0 52
716 0 0 0 44
717 0 0 0 18
718 0 0 0 62
719 0 0 0 49
720 0 0 0 61
721 0 0 0 49
722 0 0 0 31
723 0 0 0 30
724 0 0 0 44
725 0 0 0 27
726 0 0 0 34
727 0 0 0 31
728 0 0 0 41
729 0 0 0 36
730 0 0 0 42
731 0 0 0 32
732 0 0 0 24
733 0 0 0 25
734 0 0 0 31
735 0 0 0 40
736 0 0 0 34
737 0 0 0 32
738 0 0 0 30
739 0 0 0 30
740 0 0 0 20
741 0 0 0 11
742 0 0 0 1
743 0 0 0 22
744 0 0 0 19
745 0 0 0 64
746 0 0 0 45
747 0 0 0 45
748 0 0 0 30
749 0 0 0 43
750 0 0 0 49
751 0 0 0 71
752 0 5 0 58
753 0 0 0 74
754 0 0 0 80
755 0 0 0 37
756 0 0 0 66
757 0 0 0 68
758 0 0 0 67
759 0 0 0 42
760 0 0 0 33
761 0 0 0 49
762 0 0 0 28
763 0 0 0 38
764 0 0 0 59
765 0 0 0 54
766 0 0 0 44
767 0 0 0 51
768 0 0 0 56
769 0 0 0 40
770 0 0 0 41
771 0 0 0 39
772 0 0 0 41
773 0 0 0 60
774 0 0 0 28
775 0 0 0 21
776 0 0 0 21
777 0 0 0 27
778 0 0 0 39
779 0 0 0 37
780 0 0 0 37
781 0 0 0 59
782 0 0 0 15
783 0 0 0 36
784 0 0 0 25
785 0 0 0 38
786 0 0 0 54
787 0 0 0 53
788 0 0 0 49
789 0 0 0 50
790 0 0 0 50
791 0 0 0 38
792 0 0 0 50
793 0 0 0 47
794 0 0 0 42
795 0 0 0 28
796 0 0 0 42
797 0 0 0 44
798 0 0 0 33
799 0 0 0 4
800 0 0 0 34
801 0 0 0 25
802 0 0 0 23
803 0 0 0 17
804 0 0 0 0
805 0 0 0 0
806 0 0 0 4
807 0 0 0 2
808 0 0 0 12
809 0 0 0 20
810 0 0 0 20
811 0 0 0 13
812 0 0 0 27
813 0 0 0 51
814 0 0 0 38
815 0 0 0 25
816 0 0 0 33
817 0 0 0 28
818 0 0 0 53
819 0 0 0 63
820 0 0 0 40
821 0 0 0 31
822 0 0 0 30
823 0 0 0 39
824 0 0 0 53
825 0 0 0 52
826 0 0 0 47
827 0 0 0 47
828 0 0 0 47
829 0 0 0 52
830 0 0 0 57
831 0 0 0 54
832 0 0 0 56
833 0 0 0 67
834 0 0 0 60
835 0 0 0 55
836 0 0 0 65
837 0 0 0 54
838 0 0 0 63
839 0 0 0 70
840 0 0 0 67
841 0 0 0 63
842 0 0 0 68
843 0 0 0 61
844 0 0 0 56
845 0 0 0 64
846 0 0 0 74
847 0 0 0 55
848 0 0 0 68
849 0 0 0 60
850 0 0 0 74
851 0 14 0 45
852 0 10 0 67
853 0 15 0 71
854 0 0 0 55
855 0 3 0 62
856 0 0 0 64
857 0 13 0 66
858 0 17 0 65
859 0 12 0 60
860 0 0 0 68
861 0 8 0 56
862 0 8 0 83
863 0 20 0 68
864 0 9 0 78
865 0 5 0 98
866 0 5 0 78
867 0 0 0 101
868 0 30 0 81
869 0 0 0 82
870 0 7 0 99
871 0 1 0 80
872 0 1 0 103
873 0 2 0 107
874 0 14 0 115
875 0 4 0 113
876 0 0 0 99
877 0 0 0 104
878 0 0 0 115
879 0 0 0 135
880 0 0 0 104
881 0 0 0 111
882 0 0 0 107
883 0 0 0 92
884 0 1 0 100
885 0 0 0 94
886 0 5 0 87
887 0 0 0 88
888 0 0 0 78
889 0 1 0 112
890 0 0 0 92
891 0 8 0 82
892 0 0 0 93
893 0 0 0 113
894 0 0 0 113
895 0 0 0 100
896 0 16 0 102
897 0 10 0 96
898 0 10 0 100
899 0 2 0 106
900 0 0 0 108
901 0 0 0 89
902 0 3 0 81
903 0 0 0 100
904 0 0 0 96
905 0 0 0 110
906 0 0 0 90
907 0 0 0 77
908 0 1 0 74
909 0 1 0 94
910 0 0 0 100
911 0 0 0 116
912 0 5 0 94
913 0 0 0 107
914 0 1 0 126
915 0 0 0 117
916 0 0 0 120
917 0 0 0 101
918 0 0 0 103
919 0 0 0 104
920 0 0 0 125
921 0 0 0 121
922 0 0 0 120
923 0 0 0 123
924 0 0 0 128
925 0 0 0 108
926 0 0 0 104
927 0 0 0 118
928 0 0 0 106
929 0 0 0 93
930 0 0 0 89
931 0 8 0 95
932 0 23 0 78
933 0 25 0 104
934 0 5 0 91
935 0 16 0 98
936 0 5 0 125
937 0 13 0 118
938 0 9 0 103
939 0 0 0 122
940 0 4 0 110
941 0 23 0 101
942 0 37 0 96
943 0 35 0 107
944 0 33 0 104
945 0 24 0 118
946 0 29 0 131
947 0 14 0 117
948 0 25 0 108
949 0 19 0 119
950 0 20 0 81
951 0 29 0 118
952 0 27 0 102
953 0 28 0 106
954 0 7 0 116
955 0 34 0 121
956 0 55 0 92
957 0 23 0 98
958 0 35 0 108
959 0 6 0 101
960 0 14 0 98
961 0 8 0 114
962 0 10 0 114
963 0 19 0 123
964 0 15 0 110
965 0 24 0 102
966 0 20 0 113
967 0 20 0 125
968 0 17 0 118
969 0 0 0 127
970 0 0 0 110
971 0 0 0 133
972 0 1 0 116
973 0 6 0 115
974 0 5 0 128
975 0 0 0 121
976 0 0 0 114
977 0 23 0 127
978 0 1 0 108
979 0 0 0 94
980 0 0 0 109
981 0 7 0 95
982 0 11 0 88
983 0 0 0 116
984 0 2 0 112
985 0 2 0 133
986 0 8 0 127
987 0 7 0 130
988 0 5 0 147
989 0 27 0 137
990 0 31 0 158
991 0 6 0 156
992 0 22 0 139
993 0 9 0 136
994 0 9 0 136
995 0 28 0 129
996 0 13 0 126
997 0 8 0 143
998 0 25 0 117
999 0 23 0 146
1000 0 4 0 145
1001 0 24 0 89
1002 0 17 0 102
1003 0 12 0 118
1004 0 16 0 89
1005 0 12 0 125
1006 0 7 0 96
1007 0 18 0 98
1008 0 12 0 123
1009 0 16 0 96
1010 0 25 0 107
1011 0 23 0 124
1012 0 13 0 113
1013 0 32 0 117
1014 0 12 0 106
1015 0 21 0 105
1016 0 22 0 122
1017 0 28 0 97
1018 0 12 0 100
1019 0 10 0 101
1020 0 11 0 130
1021 0 0 0 140
1022 0 23 0 147
1023 0 10 0 125
1024 0 0 0 132
1025 0 0 0 133
1026 0 14 0 131
1027 0 17 0 134
1028 0 30 0 112
1029 0 22 0 128
1030 0 20 0 120
1031 0 16 0 131
1032 0 30 0 110
1033 0 30 0 94
1034 0 31 0 105
1035 0 33 0 145
1036 0 13 0 127
1037 0 27 0 83
1038 0 31 0 113
1039 0 32 0 103
1040 0 32 0 96
1041 0 29 0 119
1042 0 15 0 116
1043 0 31 0 122
1044 0 26 0 94
1045 0 1 0 82
1046 0 0 0 100
1047 0 0 0 89
1048 0 1 0 97
1049 0 0 0 101
1050 0 7 0 97
1051 0 0 0 110
1052 0 0 0 83
1053 0 0 0 101
1054 0 0 0 99
1055 0 0 0 144
1056 0 0 0 148
1057 0 0 0 165
1058 0 0 0 129
1059 0 0 0 136
1060 0 0 0 102
1061 0 0 0 95
1062 0 0 0 120
1063 0 0 0 113
1064 0 0 0 111
1065 0 0 0 111
1066 0 3 0 92
1067 0 0 0 90
1068 0 12 0 83
1069 0 12 0 94
1070 0 0 0 101
1071 0 0 0 96
1072 0 0 0 99
1073 0 0 0 97
1074 0 0 0 117
1075 0 0 0 133
1076 0 0 0 125
1077 0 0 0 101
1078 0 0 0 89
1079 0 0 0 110
1080 0 0 0 64
1081 0 0 0 77
1082 0 0 0 81
1083 0 0 0 65
1084 0 15 0 74
1085 0 13 0 71
1086 0 0 0 59
1087 0 0 0 134
1088 0 0 0 139
1089 0 2 0 130
1090 0 0 0 130
1091 0 0 0 110
1092 0 0 0 137
1093 0 0 0 125
1094 0 5 0 117
1095 0 0 0 140
1096 0 0 0 137
1097 0 10 0 141
1098 0 0 0 121
1099 0 0 0 142
1100 0 0 0 94
1101 0 8 0 86
1102 0 0 0 100
1103 0 0 0 129
1104 0 0 0 119
1105 0 1 0 134
1106 0 0 0 128
1107 0 0 0 117
1108 0 0 0 153
1109 0 7 0 112
1110 0 5 0 119
1111 0 0 0 110
1112 0 2 0 106
1113 0 0 0 103
1114 0 0 0 150
1115 0 0 0 147
1116 0 0 0 124
1117 0 0 0 127
1118 0 0 0 121
1119 0 0 0 131
1120 0 0 0 144
1121 0 2 0 126
1122 0 0 0 60
1123 0 0 0 71
1124 0 0 0 84
1125 0 0 0 51
1126 0 0 0 68
1127 0 0 0 66
1128 0 0 0 69
1129 0 0 0 78
1130 0 7 0 70
1131 0 15 0 87
1132 0 20 0 53
1133 0 20 0 40
1134 0 16 0 48
1135 0 14 0 58
1136 0 0 0 39
1137 0 2 0 50
1138 0 0 0 35
1139 0 0 0 49
1140 0 0 0 33
1141 0 0 0 50
1142 0 0 0 57
1143 0 0 0 67
1144 0 0 0 90
1145 0 0 0 76
1146 0 0 0 59
1147 0 8 0 46
1148 0 0 0 36
1149 0 0 0 36
1150 0 0 0 37
1151 0 0 0 42
1152 0 0 0 67
1153 0 0 0 90
1154 0 0 0 60
1155 0 0 0 77
1156 0 0 0 104
1157 0 0 0 60
1158 0 0 0 39
1159 0 0 0 44
1160 0 0 0 46
1161 0 0 0 48
1162 0 0 0 21
1163 0 0 0 41
1164 0 0 0 65
1165 0 0 0 41
1166 0 0 0 24
1167 0 0 0 25
1168 0 0 0 29
1169 0 0 0 47
1170 0 0 0 53
1171 0 0 0 65
1172 0 0 0 57
1173 0 0 0 62
1174 0 0 0 61
1175 0 0 0 83
1176 0 0 0 50
1177 0 0 0 17
1178 0 0 0 46
1179 0 0 0 67
1180 0 0 0 68
1181 0 0 0 66
1182 0 0 0 50
1183 0 0 0 38
1184 0 0 0 62
1185 0 0 0 77
1186 0 0 0 77
1187 0 0 0 71
1188 0 0 0 57
1189 0 0 0 65
1190 0 0 0 50
1191 0 0 0 48
1192 0 0 0 55
1193 0 0 0 91
1194 0 0 0 81
1195 0 0 0 83
1196 0 0 0 83
1197 0 0 0 62
1198 0 0 0 85
1199 0 0 0 73
1200 0 0 0 84
1201 0 0 0 71
1202 0 0 0 66
1203 0 0 0 88
1204 0 0 0 79
1205 0 0 0 78
1206 0 0 0 56
1207 0 0 0 62
1208 0 0 0 73
1209 0 0 0 68
1210 0 0 0 74
1211 0 0 0 52
1212 0 2 0 40
1213 0 0 0 62
1214 0 1 0 51
1215 0 0 0 29
1216 0 0 0 66
1217 0 0 0 62
1218 0 0 0 59
1219 0 0 0 61
1220 0 0 0 55
1221 0 0 0 36
1222 0 0 0 47
1223 0 0 0 51
1224 0 0 0 51
1225 0 0 0 51
1226 0 0 0 43
1227 0 0 0 45
1228 0 0 0 56
1229 0 0 0 43
1230 0 0 0 60
1231 0 0 0 58
1232 0 0 0 53
1233 0 0 0 74
1234 0 0 0 71
1235 0 0 0 63
1236 0 0 0 51
1237 0 0 0 56
1238 0 0 0 59
1239 0 0 0 56
1240 0 0 0 78
1241 0 0 0 73
1242 0 0 0 71
1243 0 0 0 109
1244 0 0 0 74
1245 0 0 0 91
1246 0 0 0 110
1247 0 0 0 90
1248 0 0 0 86
1249 0 0 0 95
1250 0 0 0 95
1251 0 0 0 68
1252 0 0 0 73
1253 0 0 0 76
1254 0 0 0 83
1255 0 0 0 72
1256 0 0 0 101
1257 0 0 0 100
1258 0 0 0 98
1259 0 0 0 106
1260 0 0 0 91
1261 0 1 0 101
1262 0 1 0 99
1263 0 0 0 108
1264 0 0 0 82
1265 0 0 0 94
1266 0 0 0 96
1267 0 0 0 106
1268 0 0 0 84
1269 0 0 0 85
1270 0 0 0 94
1271 0 0 0 84
1272 0 0 0 95
1273 0 0 0 88
1274 0 0 0 63
1275 0 0 0 85
1276 0 0 0 86
1277 0 0 0 90
1278 0 0 0 74
1279 0 0 0 72
1280 0 0 0 70
1281 0 0 0 78
1282 0 0 0 67
1283 0 0 0 64
1284 0 0 0 103
1285 0 0 0 68
1286 0 0 0 71
1287 0 0 0 66
1288 0 0 0 64
1289 0 0 0 53
1290 0 22 0 38
1291 0 30 0 52
1292 0 18 0 66
1293 0 1 0 84
1294 0 22 0 111
1295 0 0 0 131
1296 0 2 0 134
1297 0 0 0 157
1298 0 0 0 122
1299 0 0 0 157
1300 0 1 0 179
1301 0 5 0 169
1302 0 0 0 137
1303 0 7 0 185
1304 0 18 0 153
1305 0 23 0 166
1306 0 16 0 148
1307 0 16 0 116
1308 0 16 0 154
1309 0 0 0 115
1310 0 6 0 117
1311 0 17 0 106
1312 0 0 0 123
1313 0 0 0 157
1314 0 0 0 121
1315 0 1 0 120
1316 0 1 0 123
1317 0 0 0 126
1318 0 19 0 97
1319 0 5 0 138
1320 0 10 0 124
1321 0 2 0 112
1322 0 2 0 135
1323 0 2 0 127
1324 0 3 0 114
1325 0 4 0 111
1326 0 11 0 114
1327 0 3 0 107
1328 0 2 0 131
1329 0 1 0 153
1330 0 2 0 126
1331 0 4 0 100
1332 0 13 0 129
1333 0 2 0 125
1334 0 6 0 112
1335 0 1 0 127
1336 0 0 0 144
1337 0 18 0 101
1338 0 27 0 90
1339 0 0 0 112
1340 0 20 0 95
1341 0 20 0 112
1342 0 17 0 122
1343 0 15 0 130
1344 0 5 0 134
1345 0 23 0 125
1346 0 13 0 128
1347 0 5 0 107
1348 0 3 0 112
1349 0 0 0 138
1350 0 0 0 136
1351 0 0 0 115
1352 0 0 0 137
1353 0 1 0 122
1354 0 0 0 118
1355 0 0 0 156
1356 0 0 0 146
1357 0 0 0 128
1358 0 3 0 128
1359 0 14 0 134
1360 0 11 0 161
1361 0 5 0 142
1362 0 1 0 117
1363 0 0 0 127
1364 0 3 0 149
1365 0 0 0 138
1366 0 1 0 132
1367 0 0 0 111
1368 0 0 0 140
1369 0 0 0 144
1370 0 0 0 115
1371 0 7 0 109
1372 0 0 0 114
1373 0 0 0 134
1374 0 4 0 140
1375 0 0 0 142
1376 0 1 0 108
1377 0 6 0 119
1378 0 19 0 75
1379 0 19 0 94
1380 0 13 0 100
1381 0 0 0 123
1382 0 0 0 140
1383 0 7 0 118
1384 0 14 0 136
1385 0 9 0 147
1386 0 1 0 135
1387 0 12 0 147
1388 0 16 0 168
1389 0 13 0 168
1390 0 2 0 157
1391 0 0 0 132
1392 0 2 0 147
1393 0 0 0 128
1394 0 0 0 121
1395 0 0 0 124
1396 0 8 0 129
1397 0 5 0 131
1398 0 0 0 128
1399 0 0 0 105
1400 0 0 0 81
1401 0 0 0 70
1402 0 0 0 91
1403 0 0 0 69
1404 0 0 0 70
1405 0 0 0 36
1406 0 0 0 62
1407 0 0 0 62
1408 0 0 0 70
1409 0 0 0 78
1410 0 0 0 42
1411 0 0 0 51
1412 0 0 0 65
1413 0 0 0 55
1414 0 0 0 58
1415 0 0 0 58
1416 0 0 0 72
1417 0 0 0 50
1418 0 0 0 72
1419 0 0 0 50
1420 0 0 0 69
1421 0 0 0 59
1422 0 0 0 61
1423 0 0 0 64
1424 0 0 0 58
1425 0 0 0 55
1426 0 0 0 58
1427 0 0 0 51
1428 0 0 0 57
1429 0 0 0 64
1430 0 0 0 52
1431 0 0 0 47
1432 0 0 0 32
1433 0 0 0 34
1434 0 0 0 42
1435 0 0 0 53
1436 0 0 0 46
1437 0 0 0 52
1438 0 0 0 63
1439 0 0 0 57
1440 0 0 0 61
1441 0 0 0 86
1442 0 0 0 51
1443 0 0 0 49
1444 0 0 0 32
1445 0 0 0 65
1446 0 0 0 55
1447 0 0 0 56
1448 0 0 0 89
1449 0 0 0 47
1450 0 0 0 43
1451 0 0 0 78
1452 0 0 0 37
1453 0 0 0 63
1454 0 0 0 46
1455 0 0 0 54
1456 0 0 0 50
1457 0 0 0 38
1458 0 0 0 58
1459 0 0 0 75
1460 0 0 0 56
1461 0 0 0 67
1462 0 0 0 67
1463 0 0 0 47
1464 0 0 0 47
1465 0 0 0 47
1466 0 0 0 48
1467 0 0 0 73
1468 0 0 0 54
1469 0 0 0 72
1470 0 0 0 67
1471 0 0 0 76
1472 0 0 0 70
1473 0 0 0 78
1474 0 0 0 74
1475 0 0 0 51
1476 0 0 0 57
1477 0 0 0 51
1478 0 0 0 58
1479 0 0 0 86
1480 0 0 0 46
1481 0 0 0 71
1482 0 0 0 62
1483 0 0 0 51
1484 0 0 0 57
1485 0 0 0 51
1486 0 0 0 65
1487 0 0 0 58
1488 0 0 0 66
1489 0 0 0 56
1490 0 0 0 59
1491 0 0 0 55
1492 0 0 0 88
1493 0 0 0 65
1494 0 0 0 49
1495 0 0 0 56
1496 0 0 0 70
1497 0 0 0 53
1498 0 0 0 76
1499 0 0 0 62
1500 0 0 0 67
1501 0 0 0 76
1502 0 0 0 68
1503 0 0 0 69
1504 0 0 0 91
1505 0 0 0 60
1506 0 0 0 63
1507 0 0 0 70
1508 0 0 0 56
1509 0 0 0 69
1510 0 0 0 56
1511 0 0 0 50
1512 0 0 0 56
1513 0 0 0 34
1514 0 0 0 53
1515 0 0 0 40
1516 0 0 0 50
1517 0 0 0 50
1518 0 0 0 55
1519 0 0 0 43
1520 0 0 0 61
1521 0 0 0 48
1522 0 0 0 35
1523 0 0 0 54
1524 0 0 0 60
1525 0 0 0 41
1526 0 0 0 33
1527 0 0 0 40
1528 0 0 0 41
1529 0 0 0 68
1530 0 0 0 56
1531 0 0 0 52
1532 0 0 0 45
1533 0 0 0 46
1534 0 0 0 47
1535 0 0 0 45
1536 0 0 0 54
1537 0 0 0 56
1538 0 0 0 45
1539 0 0 0 55
1540 0 0 0 45
1541 0 0 0 58
1542 0 0 0 48
1543 0 0 0 61
1544 0 0 0 56
1545 0 0 0 71
1546 0 0 0 68
1547 0 0 0 56
1548 0 0 0 77
1549 0 0 0 70
1550 0 0 0 74
1551 0 0 0 55
1552 0 0 0 67
1553 0 0 0 61
1554 0 0 0 49
1555 0 0 0 38
1556 0 0 0 66
1557 0 0 0 53
1558 0 0 0 45
1559 0 0 0 66
1560 0 0 0 75
1561 0 0 0 52
1562 0 0 0 60
1563 0 0 0 77
1564 0 0 0 64
1565 0 0 0 63
1566 0 0 0 70
1567 0 0 0 53
1568 0 0 0 44
1569 0 0 0 43
1570 0 0 0 47
1571 0 0 0 41
1572 0 0 0 44
1573 0 0 0 46
1574 0 0 0 45
1575 0 0 0 45
1576 0 0 0 66
1577 0 0 0 32
1578 0 0 0 55
1579 0 0 0 52
1580 0 0 0 44
1581 0 0 0 64
1582 0 0 0 63
1583 0 0 0 53
1584 0 0 0 46
1585 0 0 0 52
1586 0 0 0 44
1587 0 0 0 62
1588 0 0 0 66
1589 0 0 0 56
1590 0 0 0 65
1591 0 0 0 58
1592 0 0 0 66
1593 0 0 0 62
1594 0 0 0 69
1595 0 0 0 51
1596 0 0 0 55
1597 0 0 0 44
1598 0 0 0 38
1599 0 0 0 61
1600 0 0 0 56
1601 0 0 0 61
1602 0 0 0 68
1603 0 0 0 75
1604 0 0 0 61
1605 0 0 0 57
1606 0 0 0 46
1607 0 0 0 71
1608 0 0 0 57
1609 0 0 0 95
1610 0 0 0 68
1611 0 0 0 85
1612 0 0 0 59
1613 0 0 0 46
1614 0 0 0 43
1615 0 0 0 44
1616 0 0 0 58
1617 0 0 0 66
1618 0 0 0 66
1619 0 0 0 65
1620 0 0 0 64
1621 0 0 0 51
1622 0 0 0 66
1623 0 0 0 62
1624 0 0 0 57
1625 0 0 0 76
1626 0 0 0 45
1627 0 0 0 69
1628 0 0 0 60
1629 0 0 0 54
1630 0 0 0 67
1631 0 0 0 44
1632 0 0 0 51
1633 0 0 0 43
1634 0 0 0 67
1635 0 0 0 73
1636 0 0 0 56
1637 0 0 0 60
1638 0 0 0 55
1639 0 0 0 61
1640 0 0 0 69
1641 0 0 0 81
1642 0 0 0 72
1643 0 0 0 74
1644 0 0 0 75
1645 0 0 0 61
1646 0 0 0 64
1647 0 0 0 78
1648 0 0 0 84
1649 0 0 0 47
1650 0 0 0 51
1651 0 0 0 75
1652 0 0 0 61
1653 0 0 0 59
1654 0 0 0 47
1655 0 0 0 52
1656 0 0 0 57
1657 0 0 0 43
1658 0 0 0 64
1659 0 0 0 58
1660 0 0 0 41
1661 0 0 0 47
1662 0 0 0 63
1663 0 0 0 54
1664 0 0 0 55
1665 0 0 0 72
1666 0 0 0 53
1667 0 0 0 59
1668 0 0 0 72
1669 0 0 0 59
1670 0 0 0 76
1671 0 0 0 81
1672 0 0 0 68
1673 0 0 0 81
1674 0 0 0 46
1675 0 0 0 63
1676 0 0 0 63
1677 0 0 0 61
1678 0 0 0 63
1679 0 0 0 62
1680 0 0 0 56
1681 0 0 0 75
1682 0 0 0 64
1683 0 0 0 46
1684 0 0 0 62
1685 0 0 0 60
1686 0 0 0 54
1687 0 0 0 39
1688 0 0 0 31
1689 0 0 0 57
1690 0 0 0 54
1691 0 0 0 53
1692 0 0 1 67
1693 0 0 3 56
1694 0 0 0 60
1695 0 0 0 64
1696 0 0 0 67
1697 0 0 4 71
1698 0 0 3 51
1699 0 0 0 58
1700 0 0 0 47
1701 0 0 0 53
1702 0 0 0 49
1703 0 0 15 57
1704 0 0 23 70
1705 0 0 18 53
1706 0 0 25 36
1707 0 0 19 56
1708 0 0 15 64
1709 0 0 23 41
1710 0 0 21 68
1711 0 0 20 43
1712 0 0 29 54
1713 0 0 17 40
1714 0 0 19 53
1715 0 0 20 61
1716 0 0 17 63
1717 0 0 16 48
1718 0 0 22 74
1719 0 0 19 56
1720 0 0 20 56
1721 0 0 19 78
1722 0 0 23 53
1723 0 0 12 55
1724 0 0 14 67
1725 0 0 20 69
1726 0 0 18 75
1727 0 0 8 67
1728 0 0 2 58
1729 0 0 7 65
1730 0 0 0 61
1731 0 0 13 58
1732 0 0 11 58
1733 0 0 8 55
1734 0 0 17 50
1735 0 0 10 64
1736 0 0 6 54
1737 0 0 13 57
1738 0 0 24 75
1739 0 0 16 46
1740 0 0 6 52
1741 0 0 8 62
1742 0 0 3 61
1743 0 0 5 66
1744 0 0 0 91
1745 0 0 5 86
1746 0 0 9 71
1747 0 0 7 62
1748 0 0 2 79
1749 0 0 4 55
1750 0 0 1 48
1751 0 0 6 44
1752 0 0 0 58
1753 0 0 6 76
1754 0 0 5 62
1755 0 0 0 63
1756 0 0 8 55
1757 0 0 0 45
1758 0 0 0 53
1759 0 0 0 48
1760 0 0 0 52
1761 0 0 0 61
1762 0 0 0 67
1763 0 0 0 61
1764 0 0 0 71
1765 0 0 0 57
1766 0 0 0 62
1767 0 0 1 48
1768 0 0 0 42
1769 0 0 0 43
1770 0 0 0 72
1771 0 0 0 60
1772 0 0 0 64
1773 0 0 0 71
1774 0 0 0 47
1775 0 0 0 70
1776 0 0 0 65
1777 0 0 0 68
1778 0 0 0 53
1779 0 0 0 81
1780 0 0 0 57
1781 0 0 0 59
1782 0 0 0 60
1783 0 0 0 69
1784 0 0 1 79
1785 0 0 0 79
1786 0 0 0 63
1787 0 0 0 62
1788 0 0 1 79
1789 0 0 4 71
1790 0 0 2 52
1791 0 0 2 52
1792 0 0 0 55
1793 0 0 7 65
1794 0 0 1 57
1795 0 0 9 62
1796 0 0 1 70
1797 0 0 2 70
1798 0 0 0 65
1799 0 0 2 77
1800 0 0 0 62
1801 0 0 2 75
1802 0 0 0 62
1803 0 0 1 62
1804 0 0 1 64
1805 0 0 2 68
1806 0 0 0 60
1807 0 0 2 54
1808 0 0 2 47
1809 0 0 0 34
1810 0 0 0 25
1811 0 0 0 52
1812 0 0 0 55
1813 0 0 1 67
1814 0 0 2 59
1815 0 0 0 54
1816 0 0 3 62
1817 0 0 2 72
1818 0 0 1 58
1819 0 0 2 63
1820 0 0 0 67
1821 0 0 0 54
1822 0 0 0 57
1823 0 0 0 68
1824 0 0 0 69
1825 0 0 0 70
1826 0 0 0 70
1827 0 0 0 71
1828 0 0 0 62
1829 0 0 0 54
1830 0 0 1 57
1831 0 0 1 64
1832 0 0 4 78
1833 0 0 3 68
1834 0 0 0 104
1835 0 0 6 76
1836 0 0 0 51
1837 0 0 0 76
1838 0 0 8 51
1839 0 0 9 56
1840 0 0 6 57
1841 0 0 0 53
1842 0 0 0 54
1843 0 0 0 73
1844 0 0 0 48
1845 0 0 1 51
1846 0 0 5 69
1847 0 0 0 78
1848 0 0 1 62
1849 0 0 1 75
1850 0 0 0 39
1851 0 0 0 54
1852 0 0 0 67
1853 0 0 0 58
1854 0 0 0 74
1855 0 0 0 74
1856 0 0 0 73
1857 0 0 0 60
1858 0 0 0 54
1859 0 0 0 63
1860 0 0 0 69
1861 0 0 0 64
1862 0 0 0 76
1863 0 0 4 56
1864 0 0 3 72
1865 0 0 0 62
1866 0 0 0 55
1867 0 0 0 61
1868 0 0 0 63
1869 0 0 0 57
1870 0 0 0 58
1871 0 0 0 44
1872 0 0 0 65
1873 0 0 0 73
1874 0 0 0 52
1875 0 0 0 53
1876 0 0 0 34
1877 0 0 0 71
1878 0 0 0 51
1879 0 0 0 56
1880 0 0 0 43
1881 0 0 0 70
1882 0 0 0 54
1883 0 0 0 59
1884 0 0 0 55
1885 0 0 0 51
1886 0 0 2 60
1887 0 0 2 65
1888 0 0 2 62
1889 0 0 4 64
1890 0 0 3 63
1891 0 0 0 52
1892 0 0 2 65
1893 0 0 4 46
1894 0 0 1 51
1895 0 0 0 60
1896 0 0 0 50
1897 0 0 0 66
1898 0 0 0 72
1899 0 0 2 77
1900 0 0 3 75
1901 0 0 0 65
1902 0 0 0 38
1903 0 0 2 64
1904 0 0 2 66
1905 0 0 1 68
1906 0 0 0 64
1907 0 0 0 61
1908 0 0 4 60
1909 0 0 2 56
1910 0 0 0 70
1911 0 0 0 59
1912 0 0 0 54
1913 0 0 0 44
1914 0 0 5 43
1915 0 0 6 49
1916 0 0 6 42
1917 0 0 2 42
1918 0 0 2 72
1919 0 0 3 59
1920 0 0 5 59
1921 0 0 4 54
1922 0 0 0 47
1923 0 0 5 48
1924 0 0 2 40
1925 0 0 1 42
1926 0 0 3 55
1927 0 0 1 69
1928 0 0 0 34
1929 0 0 6 54
1930 0 0 0 54
1931 0 0 0 54
1932 0 0 1 51
1933 0 0 1 41
1934 0 0 0 89
1935 0 0 1 50
1936 0 0 0 60
1937 0 0 0 67
1938 0 0 0 60
1939 0 0 0 44
1940 0 0 0 62
1941 0 0 0 67
1942 0 0 0 56
1943 0 0 0 55
1944 0 0 0 51
1945 0 0 0 62
1946 0 0 0 43
1947 0 0 0 40
1948 0 0 0 51
1949 0 0 0 42
1950 0 0 0 69
1951 0 0 0 62
1952 0 0 0 54
1953 0 0 2 66
1954 0 0 0 53
1955 0 0 0 52
1956 0 0 0 51
1957 0 0 0 53
1958 0 0 0 47
1959 0 0 0 62
1960 0 0 0 70
1961 0 0 0 78
1962 0 0 1 73
1963 0 0 0 71
1964 0 0 0 76
1965 0 0 0 70
1966 0 0 0 74
1967 0 0 0 80
1968 0 0 0 84
1969 0 0 0 68
1970 0 0 0 74
1971 0 0 0 82
1972 0 0 0 54
1973 0 0 0 58
1974 0 0 4 61
1975 0 0 3 54
1976 0 0 5 63
1977 0 0 2 74
1978 0 0 0 18
1979 0 0 0 66
1980 0 0 0 42
1981 0 0 3 64
1982 0 0 0 43
1983 0 0 0 47
1984 0 0 0 74
1985 0 0 0 49
1986 0 0 0 62
1987 0 0 0 47
1988 0 0 0 67
1989 0 0 0 47
1990 0 0 0 61
1991 0 0 0 68
1992 0 0 0 72
1993 0 0 0 76
1994 0 0 0 61
1995 0 0 0 73
1996 0 0 0 77
1997 0 0 0 63
1998 0 0 0 67
1999 0 0 1 68
2000 0 0 2 77
2001 0 0 6 84
2002 0 0 2 59
2003 0 0 3 42
2004 0 0 4 53
2005 0 0 5 45
2006 0 0 4 52
2007 0 0 1 67
2008 0 0 4 46
2009 0 0 5 58
2010 0 0 1 62
2011 0 0 1 83
2012 0 0 1 83
2013 0 0 5 77
2014 0 0 3 66
2015 0 0 4 50
2016 0 0 0 62
2017 0 0 3 50
2018 0 0 0 43
2019 0 0 3 39
2020 0 0 1 44
2021 0 0 1 47
2022 0 0 1 52
2023 0 0 2 55
2024 0 0 4 56
2025 0 0 3 67
2026 0 0 2 63
2027 0 0 5 49
2028 0 0 6 53
2029 0 0 2 63
2030 0 0 2 63
2031 0 0 1 64
2032 0 0 1 64
2033 0 0 2 46
2034 0 0 0 55
2035 0 0 0 67
2036 0 0 4 56
2037 0 0 1 70
2038 0 0 1 60
2039 0 0 2 56
2040 0 0 4 76
2041 0 0 2 65
2042 0 0 1 51
2043 0 0 2 54
2044 0 0 1 44
2045 0 0 3 54
2046 0 0 2 51
2047 0 0 0 54
2048 0 0 0 58
2049 0 0 0 54
2050 0 0 0 54
2051 0 0 4 69
2052 0 0 0 62
2053 0 0 1 51
2054 0 0 1 55
2055 0 0 1 50
2056 0 0 3 56
2057 0 0 4 50
2058 0 0 0 46
2059 0 0 2 57
2060 0 0 0 66
2061 0 0 1 52
2062 0 0 0 60
2063 0 0 0 57
2064 0 0 0 47
2065 0 0 2 73
2066 0 0 7 62
2067 0 0 8 49
2068 0 0 6 57
2069 0 0 2 55
2070 0 0 7 51
2071 0 0 7 56
2072 0 0 7 77
2073 0 0 8 61
2074 0 0 5 61
2075 0 0 5 50
2076 0 0 2 65
2077 0 0 4 47
2078 0 0 8 42
2079 0 0 5 77
2080 0 0 6 57
2081 0 0 2 64
2082 0 0 3 42
2083 0 0 7 47
2084 0 0 4 40
2085 0 0 8 54
2086 0 0 5 55
2087 0 0 1 41
2088 0 0 9 53
2089 0 0 2 47
2090 0 0 3 57
2091 0 0 3 44
2092 0 0 5 37
2093 0 0 6 54
2094 0 0 10 37
2095 0 0 9 48
2096 0 0 10 45
2097 0 0 5 61
2098 0 0 10 63
2099 0 0 4 50
2100 0 0 0 59
2101 0 0 0 65
2102 0 0 0 70
2103 0 1 0 63
2104 0 0 0 64
2105 0 0 0 59
2106 0 0 0 72
2107 0 0 0 73
2108 0 0 0 63
2109 0 0 0 72
2110 0 0 0 64
2111 0 0 0 75
2112 0 0 0 51
2113 0 0 0 64
2114 0 0 0 64
2115 0 0 0 69
2116 0 0 0 74
2117 0 0 0 59
2118 0 0 0 69
2119 0 0 0 75
2120 0 0 0 67
2121 0 0 0 71
2122 0 0 0 85
2123 0 1 0 75
2124 0 0 0 72
2125 0 0 0 79
2126 0 1 0 68
2127 0 0 0 65
2128 0 0 0 84
2129 0 0 0 85
2130 0 0 0 78
2131 0 0 0 83
2132 0 0 0 64
2133 0 0 0 79
2134 0 0 0 51
2135 0 1 0 78
2136 0 0 0 69
2137 0 0 0 56
2138 0 0 0 67
2139 0 0 0 67
2140 0 0 0 78
2141 0 3 0 73
2142 0 1 0 71
2143 0 0 0 63
2144 0 0 0 67
2145 0 0 0 88
2146 0 0 0 90
2147 0 0 0 71
2148 0 0 0 74
2149 0 0 0 61
2150 0 0 0 77
2151 0 0 0 93
2152 0 0 0 69
2153 0 0 0 65
2154 0 0 0 59
2155 0 1 0 69
2156 0 0 0 81
2157 0 0 0 71
2158 0 0 0 71
2159 0 0 0 87
2160 0 1 0 84
2161 0 0 0 73
2162 0 0 0 86
2163 0 0 0 48
2164 0 0 0 69
2165 0 0 0 68
2166 0 0 0 79
2167 0 0 0 74
2168 0 0 0 71
2169 0 0 0 82
2170 0 0 0 58
2171 0 0 0 81
2172 0 1 0 85
2173 0 0 0 74
2174 0 1 0 83
2175 0 0 0 69
2176 0 0 0 63
2177 0 0 0 69
2178 0 0 0 69
2179 0 0 0 65
2180 0 0 0 76
2181 0 0 0 68
2182 0 1 0 73
2183 0 0 0 74
2184 0 0 0 82
2185 0 0 0 76
2186 0 0 0 85
2187 0 0 0 69
2188 0 0 0 75
2189 0 0 0 80
2190 0 1 0 54
2191 0 0 0 86
2192 0 0 0 82
2193 0 0 0 89
2194 0 0 0 63
2195 0 0 0 56
2196 0 0 0 85
2197 0 1 0 77
2198 0 0 0 59
2199 0 0 0 44
2200 0 0 0 83
2201 0 0 0 72
2202 0 1 0 71
2203 0 0 0 36
2204 0 0 0 72
2205 0 1 0 63
2206 0 1 0 70
2207 0 1 0 82
2208 0 0 0 87
2209 0 0 0 67
2210 0 1 0 57
2211 0 0 0 65
2212 0 0 0 72
2213 0 0 0 64
2214 0 0 0 81
2215 0 0 0 79
2216 0 0 0 77
2217 0 16 0 81
2218 0 14 0 62
2219 0 0 0 84
2220 0 19 0 79
2221 0 0 0 81
2222 0 1 0 79
2223 0 1 0 68
2224 0 12 0 83
2225 0 8 0 81
2226 0 17 0 77
2227 0 12 0 95
2228 0 10 0 88
2229 0 22 0 72
2230 0 14 0 54
2231 0 11 0 75
2232 0 15 0 57
2233 0 12 0 75
2234 0 16 0 77
2235 0 21 0 57
2236 0 23 0 69
2237 0 18 0 80
2238 0 28 0 70
2239 0 29 0 80
2240 0 0 0 73
2241 0 7 0 79
2242 0 6 0 92
2243 0 14 0 80
2244 0 13 0 63
2245 0 9 0 79
2246 0 6 0 90
2247 0 6 0 92
2248 0 0 0 73
2249 0 0 0 63
2250 0 0 0 70
2251 0 0 0 80
2252 0 0 0 74
2253 0 0 0 97
2254 0 1 0 93
2255 0 0 0 69
2256 0 6 0 74
2257 0 2 0 69
2258 0 5 0 92
2259 0 7 0 70
2260 0 1 0 51
2261 0 8 0 56
2262 0 6 0 69
2263 0 1 0 82
2264 0 7 0 80
2265 0 0 0 59
2266 0 0 0 58
2267 0 5 0 40
2268 0 0 0 58
2269 0 0 0 70
2270 0 0 0 56
2271 0 0 0 72
2272 0 0 0 89
2273 0 0 0 66
2274 0 4 0 81
2275 0 5 0 64
2276 0 3 0 73
2277 0 0 0 72
2278 0 0 0 88
2279 0 1 0 66
2280 0 0 0 82
2281 0 0 0 76
2282 0 0 0 70
2283 0 4 0 70
2284 0 0 0 61
2285 0 0 0 62
2286 0 0 0 83
2287 0 0 0 79
2288 0 0 0 51
2289 0 0 0 82
2290 0 0 0 62
2291 0 0 6 42
2292 0 0 0 62
2293 0 0 0 47
2294 0 0 0 71
2295 0 0 7 76
2296 0 12 4 63
2297 0 17 0 72
2298 0 23 0 83
2299 0 19 0 51
2300 0 19 1 91
2301 0 19 0 74
2302 0 3 0 60
2303 0 9 0 79
2304 0 14 8 63
2305 0 14 3 69
2306 0 12 8 68
2307 0 17 0 69
2308 0 22 0 58
2309 0 0 0 53
2310 0 1 0 56
2311 0 4 0 46
2312 0 1 0 66
2313 0 2 0 63
2314 0 14 0 91
2315 0 9 0 60
2316 0 17 0 49
2317 0 21 0 82
2318 0 9 0 65
2319 0 34 1 72
2320 0 40 0 56
2321 0 14 0 33
2322 0 9 0 51
2323 0 15 0 53
2324 0 18 0 58
2325 0 22 0 34
2326 0 17 0 45
2327 0 5 0 37
2328 0 28 0 51
2329 0 44 0 84
2330 0 27 0 108
2331 0 20 0 84
2332 0 6 0 92
2333 0 3 7 70
2334 0 9 4 99
2335 0 14 0 43
2336 0 6 7 56
2337 0 24 12 85
2338 0 28 10 67
2339 0 37 16 69
2340 0 35 4 59
2341 0 14 6 87
2342 0 0 8 73
2343 0 10 5 48
2344 0 10 7 66
2345 0 14 10 50
2346 0 8 10 35
2347 0 0 12 35
2348 0 0 8 44
2349 0 1 0 22
2350 0 3 0 49
2351 0 0 0 52
2352 0 2 0 71
2353 0 0 0 46
2354 0 4 0 42
2355 0 5 0 37
2356 0 10 0 36
2357 0 18 0 40
2358 0 16 0 43
2359 0 12 0 44
2360 0 24 0 28
2361 0 12 0 46
2362 0 2 0 44
2363 0 2 0 42
2364 0 1 0 51
2365 0 15 0 43
2366 0 7 0 41
2367 0 8 0 39
2368 0 4 0 47
2369 0 5 0 57
2370 0 1 0 56
2371 0 2 0 60
2372 0 0 0 50
2373 0 0 0 59
2374 0 2 0 46
2375 0 5 0 40
2376 0 8 9 41
2377 0 13 0 50
2378 0 4 0 50
2379 0 11 0 49
2380 0 2 0 54
2381 0 23 0 75
2382 0 11 0 69
2383 0 15 0 63
2384 0 17 0 31
2385 0 15 0 45
2386 0 12 0 45
2387 0 23 0 31
2388 0 22 0 81
2389 0 18 0 77
2390 0 15 0 66
2391 0 7 0 81
2392 0 11 0 83
2393 0 17 5 39
2394 0 22 0 82
2395 0 19 0 70
2396 0 19 0 53
2397 0 10 0 41
2398 0 7 0 55
2399 0 9 0 39
2400 0 9 0 72
2401 0 9 0 78
2402 0 2 0 95
2403 0 8 0 62
2404 0 1 0 92
2405 0 8 0 73
2406 0 10 0 59
2407 0 11 0 54
2408 0 8 0 55
2409 0 5 0 64
2410 0 0 0 55
2411 0 13 0 71
2412 0 14 0 43
2413 0 8 0 45
2414 0 15 0 30
2415 0 35 0 31
2416 0 11 0 33
2417 0 12 0 25
2418 0 14 0 60
2419 0 4 0 26
2420 0 0 0 25
2421 0 0 0 39
2422 0 0 0 32
2423 0 1 0 2
2424 0 0 0 17
2425 0 0 0 21
2426 0 0 0 32
2427 0 0 0 17
2428 0 0 0 19
2429 0 0 0 19
2430 0 0 0 45
2431 0 2 0 58
2432 0 0 0 52
2433 0 0 0 23
2434 0 0 0 44
2435 0 2 0 37
2436 0 8 0 23
2437 0 9 0 0
2438 0 6 0 19
2439 0 0 0 17
2440 0 0 0 17
2441 0 0 0 59
2442 0 0 0 48
2443 0 0 0 42
2444 0 0 0 11
2445 0 0 0 34
2446 0 0 0 14
2447 0 0 0 35
2448 0 0 0 46
2449 0 0 0 43
2450 0 0 0 49
2451 0 10 0 49
2452 0 0 0 48
2453 0 9 0 79
2454 0 0 0 73
2455 0 0 0 57
2456 0 0 0 59
2457 0 11 0 61
2458 0 0 0 39
2459 0 0 0 36
2460 0 0 0 36
2461 0 0 0 48
2462 0 5 0 45
2463 0 0 0 62
2464 0 12 0 74
2465 0 12 0 31
2466 0 28 0 63
2467 0 10 0 62
2468 0 11 0 76
2469 0 16 0 67
2470 0 15 0 87
2471 0 12 0 70
2472 0 10 0 63
2473 0 17 0 72
2474 0 10 0 66
2475 0 8 0 27
2476 0 16 0 39
2477 0 12 0 28
2478 0 10 0 34
2479 0 15 0 39
2480 0 18 0 23
2481 0 12 0 50
2482 0 15 0 66
2483 0 8 0 50
2484 0 10 0 56
2485 0 10 0 73
2486 0 7 0 23
2487 0 20 0 79
2488 0 26 0 57
2489 0 28 0 26
2490 0 22 0 53
2491 0 31 0 60
2492 0 18 0 65
2493 0 22 0 70
2494 0 17 0 81
2495 0 13 0 51
2496 0 17 0 56
2497 0 16 0 36
2498 0 14 0 53
2499 0 10 0 60
2500 0 16 0 47
2501 0 23 0 63
2502 0 23 0 60
2503 0 26 0 70
2504 0 19 0 38
2505 0 12 0 35
2506 0 19 0 62
2507 0 13 0 36
2508 0 19 0 32
2509 0 4 0 46
2510 0 22 0 54
2511 0 40 0 70
2512 0 23 0 49
2513 0 23 0 65
2514 0 26 0 79
2515 0 14 0 65
2516 0 24 0 59
2517 0 17 0 61
2518 0 6 0 67
2519 0 23 0 60
2520 0 28 0 89
2521 0 45 0 67
2522 0 42 0 71
2523 0 30 0 55
2524 0 25 0 62
2525 0 29 0 46
2526 0 26 0 81
2527 0 26 0 64
2528 0 26 0 63
2529 0 22 0 63
2530 0 20 0 57
2531 0 28 0 64
2532 0 17 0 69
2533 0 14 0 49
2534 0 34 0 46
2535 0 17 0 60
2536 0 12 0 44
2537 0 21 0 54
2538 0 17 0 67
2539 0 24 0 83
2540 0 30 0 84
2541 0 21 0 92
2542 0 24 0 74
2543 0 21 0 72
2544 0 31 0 79
2545 0 30 0 98
2546 0 29 0 81
2547 0 23 0 87
2548 0 25 0 77
2549 0 17 0 97
2550 0 23 0 63
2551 0 37 0 93
2552 0 19 0 91
2553 0 25 0 77
2554 0 24 0 69
2555 0 14 0 75
2556 0 25 0 93
2557 0 25 0 78
2558 0 55 0 104
2559 0 26 0 69
2560 0 32 0 85
2561 0 31 0 77
2562 0 7 0 71
2563 0 7 0 96
2564 0 10 0 98
2565 0 2 0 82
2566 0 10 0 95
2567 0 22 0 99
2568 0 35 0 106
2569 0 36 0 105
2570 0 29 0 100
2571 0 30 0 86
2572 0 25 0 71
2573 0 31 0 100
2574 0 40 0 104
2575 0 35 0 95
2576 0 31 0 95
2577 0 43 0 113
2578 0 38 0 126
2579 0 36 0 84
2580 0 14 0 91
2581 0 15 0 75
2582 0 15 0 68
2583 0 15 0 89
2584 0 19 0 100
2585 0 0 0 120
2586 0 5 0 68
2587 0 0 0 99
2588 0 13 0 92
2589 0 12 0 69
2590 0 10 0 127
2591 0 7 0 97
2592 0 14 0 89
2593 0 12 0 53
2594 0 12 0 75
2595 0 9 0 82
2596 0 7 0 98
2597 0 29 0 77
2598 0 23 0 119
2599 0 17 0 101
2600 0 9 0 105
2601 0 5 0 89
2602 0 6 0 107
2603 0 19 0 84
2604 0 14 0 80
2605 0 25 0 96
2606 0 19 0 87
2607 0 18 0 74
2608 0 34 0 93
2609 0 24 0 95
2610 0 62 0 91
2611 0 87 0 83
2612 0 72 0 66
2613 0 52 0 64
2614 0 42 0 73
2615 0 35 0 74
2616 0 28 0 78
2617 0 34 0 75
2618 0 35 0 75
2619 0 33 0 38
2620 0 47 0 69
2621 0 39 0 85
2622 0 45 0 109
2623 0 17 0 71
2624 0 40 0 78
2625 0 43 0 63
2626 0 37 0 65
2627 0 27 0 60
2628 0 44 0 75
2629 0 36 0 71
2630 0 26 0 74
2631 0 22 0 73
2632 0 20 0 75
2633 0 18 0 76
2634 0 26 0 62
2635 0 22 0 57
2636 0 19 0 61
2637 0 15 0 64
2638 0 13 0 66
2639 0 10 0 79
2640 0 13 0 56
2641 0 25 0 60
2642 0 26 0 66
2643 0 22 0 68
2644 0 19 0 77
2645 0 19 0 57
2646 0 8 0 48
2647 0 12 0 65
2648 0 14 0 54
2649 0 27 0 61
2650 0 31 0 86
2651 0 15 0 110
2652 0 8 0 106
2653 0 30 0 92
2654 0 37 0 92
2655 0 35 0 104
2656 0 41 0 77
2657 0 34 0 110
2658 0 21 0 77
2659 0 14 0 79
2660 0 43 0 90
2661 0 57 0 107
2662 0 49 0 88
2663 0 58 0 95
2664 0 58 0 103
2665 0 57 0 87
2666 0 58 0 57
2667 0 76 0 54
2668 0 49 0 77
2669 0 56 0 60
2670 0 51 0 81
2671 0 61 0 82
2672 0 48 0 53
2673 0 39 0 66
2674 0 46 0 45
2675 0 55 0 70
2676 0 65 0 67
2677 0 64 0 44
2678 0 60 0 46
2679 0 42 0 67
2680 0 55 0 73
2681 0 36 0 66
2682 0 40 0 66
2683 0 33 0 59
2684 0 37 0 61
2685 0 33 0 74
2686 0 59 0 57
2687 0 34 0 79
2688 0 59 0 76
2689 0 29 0 107
2690 0 42 0 59
2691 0 37 0 82
2692 0 12 0 76
2693 0 15 0 103
2694 0 32 0 104
2695 0 16 0 91
2696 0 22 0 90
2697 0 12 0 96
2698 0 12 0 85
2699 0 8 0 91
2700 0 14 0 99
2701 0 8 0 99
2702 0 9 0 134
2703 0 9 0 78
2704 0 10 0 69
2705 0 14 0 67
2706 0 17 0 86
2707 0 3 0 79
2708 0 2 0 65
2709 0 14 0 65
2710 0 18 0 68
2711 0 42 0 83
2712 0 26 0 62
2713 0 36 0 65
2714 0 34 0 91
2715 0 27 0 93
2716 0 39 0 90
2717 0 40 0 80
2718 0 41 0 69
2719 0 49 0 86
2720 0 43 0 108
2721 0 41 0 68
2722 0 42 0 72
2723 0 43 0 85
2724 0 38 0 62
2725 0 31 0 70
2726 0 28 0 74
2727 0 28 0 108
2728 0 28 0 93
2729 0 12 0 81
2730 0 10 0 84
2731 0 16 0 99
2732 0 15 0 99
2733 0 28 0 73
2734 0 28 0 91
2735 0 39 0 99
2736 0 24 0 95
2737 0 5 0 66
2738 0 8 0 103
2739 0 6 0 89
2740 0 1 0 66
2741 0 21 0 47
2742 0 21 0 46
2743 0 32 0 53
2744 0 20 0 31
2745 0 16 0 56
2746 0 13 0 41
2747 0 13 0 70
2748 0 14 0 56
2749 0 21 0 43
2750 0 15 0 58
2751 0 5 0 58
2752 0 3 0 53
2753 0 18 0 57
2754 0 34 0 52
2755 0 17 0 59
2756 0 4 0 50
2757 0 0 0 57
2758 0 12 0 61
2759 0 12 0 65
2760 0 1 0 47
2761 0 13 0 53
2762 0 48 0 61
2763 0 36 0 50
2764 0 43 0 49
2765 0 37 0 53
2766 0 20 0 61
2767 0 36 0 64
2768 0 53 0 62
2769 0 44 0 64
2770 0 42 0 78
2771 0 32 0 46
2772 0 45 0 57
2773 0 42 0 53
2774 0 35 0 52
2775 0 23 0 55
2776 0 28 0 48
2777 0 21 0 63
2778 0 25 0 48
2779 0 47 0 52
2780 0 53 0 37
2781 0 39 0 38
2782 0 2 0 44
2783 0 4 0 56
2784 0 5 0 32
2785 0 1 0 26
2786 0 10 0 43
2787 0 3 0 60
2788 0 7 0 49
2789 0 6 0 38
2790 0 22 0 44
2791 0 33 0 33
2792 0 33 0 42
2793 0 28 0 50
2794 0 36 0 50
2795 0 37 0 39
2796 0 29 0 45
2797 0 19 0 40
2798 0 35 0 35
2799 0 41 0 56
2800 0 0 0 196
2801 0 0 0 215
2802 0 0 0 172
2803 0 0 0 151
2804 0 0 0 173
2805 0 0 0 173
2806 0 0 0 187
2807 0 0 0 180
2808 0 0 0 160
2809 0 0 0 152
2810 0 0 0 194
2811 0 0 0 193
2812 0 0 0 195
2813 0 0 0 180
2814 0 0 0 191
2815 0 0 0 173
2816 0 0 0 182
2817 0 0 0 190
2818 0 0 0 197
2819 0 6 0 178
2820 0 0 0 164
2821 0 4 0 180
2822 0 0 0 158
2823 0 0 0 177
2824 0 0 0 172
2825 0 0 0 196
2826 0 0 0 151
2827 0 0 0 159
2828 0 0 0 186
2829 0 0 0 175
2830 0 0 0 174
2831 0 0 0 171
2832 0 0 0 187
2833 0 0 0 169
2834 0 0 0 190
2835 0 0 0 177
2836 0 0 0 200
2837 0 0 0 221
2838 0 0 0 218
2839 0 0 0 186
2840 0 8 0 232
2841 0 0 0 201
2842 0 0 0 205
2843 0 0 0 181
2844 0 0 0 185
2845 0 6 0 176
2846 0 8 0 170
2847 0 9 0 201
2848 0 1 0 199
2849 0 6 0 187
2850 0 2 0 202
2851 0 0 0 217
2852 0 0 0 192
2853 0 0 0 198
2854 0 0 0 199
2855 0 0 0 191
2856 0 0 0 174
2857 0 0 0 199
2858 0 0 0 180
2859 0 0 0 194
2860 0 0 0 205
2861 0 0 0 134
2862 0 0 0 207
2863 0 0 0 205
2864 0 0 0 239
2865 0 0 0 196
2866 0 0 0 214
2867 0 0 0 156
2868 0 0 0 192
2869 0 0 0 147
2870 0 0 0 139
2871 0 0 0 199
2872 0 0 0 216
2873 0 0 0 200
2874 0 0 0 212
2875 0 0 0 213
2876 0 0 0 164
2877 0 0 0 190
2878 0 0 0 186
2879 0 0 0 180
2880 0 0 0 190
2881 0 0 0 209
2882 0 0 0 180
2883 0 0 0 194
2884 0 0 0 245
2885 0 0 0 212
2886 0 0 0 186
2887 0 0 0 201
2888 0 0 0 214
2889 0 0 0 219
2890 0 0 0 231
2891 0 0 0 151
2892 0 6 0 181
2893 0 0 0 166
2894 0 6 0 144
2895 0 0 0 192
2896 0 1 0 168
2897 0 0 0 176
2898 0 0 0 175
2899 0 0 0 167
2900 0 0 0 184
2901 0 0 0 214
2902 0 0 0 209
2903 0 5 0 172
2904 0 6 0 161
2905 0 6 0 180
2906 0 1 0 201
2907 0 7 0 198
2908 0 12 0 197
2909 0 3 0 194
2910 0 3 0 196
2911 0 2 0 169
2912 0 8 0 201
2913 0 2 0 210
2914 0 1 0 214
2915 0 0 0 186
2916 0 0 0 223
2917 0 0 0 195
2918 0 0 0 212
2919 0 0 0 179
2920 0 1 0 186
2921 0 0 0 175
2922 0 0 0 196
2923 0 0 0 184
2924 0 0 0 196
2925 0 1 0 216
2926 0 0 0 219
2927 0 0 0 214
2928 0 0 0 193
2929 0 0 0 223
2930 0 0 0 211
2931 0 0 0 221
2932 0 0 0 210
2933 0 0 0 194
2934 0 0 0 164
2935 0 2 0 196
2936 0 0 0 179
2937 0 0 0 215
2938 0 2 0 213
2939 0 0 0 206
2940 0 1 0 199
2941 0 0 0 205
2942 0 0 0 231
2943 0 11 0 198
2944 0 20 0 220
2945 0 14 0 208
2946 0 17 0 215
2947 0 21 0 192
2948 0 23 0 212
2949 0 24 0 226
2950 0 21 0 204
2951 0 12 0 215
2952 0 27 0 223
2953 0 29 0 196
2954 0 35 0 201
2955 0 0 0 207
2956 0 1 0 232
2957 0 0 0 216
2958 0 0 0 209
2959 0 0 0 212
2960 0 0 0 198
2961 0 10 0 186
2962 0 0 0 199
2963 0 0 0 208
2964 0 1 0 233
2965 0 0 0 213
2966 0 1 0 199
2967 0 0 0 214
2968 0 0 0 205
2969 0 1 0 213
2970 0 0 0 204
2971 0 0 0 207
2972 0 0 0 185
2973 0 0 0 190
2974 0 0 0 166
2975 0 0 0 186
2976 0 1 0 150
2977 0 0 0 183
2978 0 0 0 142
2979 0 0 0 154
2980 0 0 0 195
2981 0 0 0 203
2982 0 9 0 169
2983 0 14 0 196
2984 0 24 0 214
2985 0 1 0 254
2986 0 0 0 206
2987 0 0 0 184
2988 0 16 0 199
2989 0 4 0 201
2990 0 0 0 241
2991 0 19 0 201
2992 0 24 0 211
2993 0 12 0 220
2994 0 16 0 224
2995 0 15 0 215
2996 0 1 0 180
2997 0 13 0 206
2998 0 7 0 189
2999 0 1 0 191
3000 0 4 0 213
3001 0 8 0 180
3002 0 18 0 206
3003 0 13 0 201
3004 0 1 0 165
3005 0 14 0 157
3006 0 16 0 130
3007 0 15 0 214
3008 0 0 0 188
3009 0 0 0 164
3010 0 0 0 219
3011 0 2 0 166
3012 0 1 0 174
3013 0 10 0 150
3014 0 8 0 170
3015 0 0 0 184
3016 0 7 0 171
3017 0 7 0 203
3018 0 7 0 183
3019 0 9 0 168
3020 0 0 0 187
3021 0 0 0 200
3022 0 4 0 187
3023 0 0 0 179
3024 0 0 0 175
3025 0 9 0 176
3026 0 0 0 162
3027 0 0 0 159
3028 0 4 0 175
3029 0 1 0 204
3030 0 0 0 159
3031 0 0 0 155
3032 0 0 0 198
3033 0 0 0 157
3034 0 0 0 170
3035 0 1 0 175
3036 0 0 0 211
3037 0 0 0 150
3038 0 0 0 139
3039 0 0 0 137
3040 0 0 0 167
3041 0 0 0 134
3042 0 0 0 185
3043 0 0 0 151
3044 0 0 0 169
3045 0 0 0 163
3046 0 0 0 176
3047 0 0 0 143
3048 0 0 0 141
3049 0 0 0 138
3050 0 0 0 156
3051 0 0 0 160
3052 0 0 0 192
3053 0 0 0 151
3054 0 0 0 172
3055 0 0 0 218
3056 0 0 0 183
3057 0 0 0 181
3058 0 0 0 146
3059 0 0 0 192
3060 0 0 0 185
3061 0 0 0 195
3062 0 0 0 168
3063 0 0 0 178
3064 0 0 0 158
3065 0 0 0 147
3066 0 0 0 165
3067 0 0 0 151
3068 0 0 0 141
3069 0 0 0 203
3070 0 0 0 173
3071 0 0 0 168
3072 0 0 0 159
3073 0 0 0 125
3074 0 0 0 134
3075 0 0 0 135
3076 0 0 0 128
3077 0 0 0 111
3078 0 0 0 134
3079 0 0 0 105
3080 0 0 0 120
3081 0 0 0 133
3082 0 0 0 113
3083 0 0 0 100
3084 0 0 0 102
3085 0 0 0 146
3086 0 0 0 128
3087 0 0 0 129
3088 0 0 0 90
3089 0 0 0 133
3090 0 0 0 125
3091 0 0 0 178
3092 0 0 0 148
3093 0 0 0 126
3094 0 0 0 113
3095 0 0 0 128
3096 0 0 0 133
3097 0 0 0 101
3098 0 0 0 111
3099 0 0 0 86
3100 0 0 0 93
3101 0 0 0 107
3102 0 0 0 115
3103 0 0 0 121
3104 0 0 0 102
3105 0 0 0 122
3106 0 0 0 108
3107 0 0 0 125
3108 0 0 0 104
3109 0 0 0 99
3110 0 0 0 128
3111 0 0 0 135
3112 0 0 0 107
3113 0 0 0 119
3114 0 0 0 98
3115 0 0 0 117
3116 0 0 0 130
3117 0 0 0 109
3118 0 0 0 128
3119 0 0 0 127
3120 0 0 0 130
3121 0 0 0 137
3122 0 0 0 86
3123 0 0 0 115
3124 0 0 0 132
3125 0 0 0 123
3126 0 0 0 89
3127 0 0 0 65
3128 0 0 0 81
3129 0 0 0 84
3130 0 0 0 112
3131 0 0 0 108
3132 0 0 0 88
3133 0 0 0 85
3134 0 0 0 127
3135 0 0 0 123
3136 0 0 0 114
3137 0 0 0 57
3138 0 0 0 73
3139 0 0 0 72
3140 0 0 0 87
3141 0 0 0 109
3142 0 0 0 72
3143 0 0 0 98
3144 0 0 0 119
3145 0 0 0 86
3146 0 0 0 77
3147 0 0 0 55
3148 0 0 0 100
3149 0 0 0 94
3150 0 0 0 77
3151 0 0 0 75
3152 0 0 0 71
3153 0 0 0 65
3154 0 0 0 38
3155 0 0 0 90
3156 0 0 0 126
3157 0 0 0 163
3158 0 0 0 111
3159 0 0 0 138
3160 0 0 0 172
3161 0 0 0 127
3162 0 0 0 115
3163 0 0 0 97
3164 0 0 0 80
3165 0 0 0 92
3166 0 0 0 75
3167 0 0 0 78
3168 0 0 0 100
3169 0 0 0 83
3170 0 0 0 105
3171 0 0 0 80
3172 0 0 0 83
3173 0 0 0 85
3174 0 0 0 88
3175 0 0 0 99
3176 0 0 0 127
3177 0 0 0 114
3178 0 0 0 101
3179 0 0 0 95
3180 0 0 0 106
3181 0 0 0 118
3182 0 0 0 157
3183 0 0 0 137
3184 0 0 0 114
3185 0 0 0 111
3186 0 0 0 154
3187 0 0 0 157
3188 0 0 0 167
3189 0 0 0 131
3190 0 0 0 122
3191 0 0 0 127
3192 0 0 0 131
3193 0 0 0 124
3194 0 0 0 128
3195 0 0 0 112
3196 0 0 0 131
3197 0 0 0 143
3198 0 0 0 152
3199 0 0 0 139
3200 0 0 0 120
3201 0 0 0 120
3202 0 0 0 151
3203 0 0 0 132
3204 0 0 0 149
3205 0 0 0 119
3206 0 0 0 147
3207 0 0 0 153
3208 0 0 0 138
3209 0 0 0 161
3210 0 0 0 161
3211 0 0 0 120
3212 0 0 0 135
3213 0 0 0 158
3214 0 0 0 150
3215 0 0 0 206
3216 0 0 0 192
3217 0 0 0 214
3218 0 0 0 190
3219 0 0 0 170
3220 0 0 0 205
3221 0 0 0 183
3222 0 0 0 159
3223 0 0 0 153
3224 0 0 0 147
3225 0 0 0 170
3226 0 0 0 141
3227 0 0 0 169
3228 0 0 0 177
3229 0 0 0 145
3230 0 0 0 164
3231 0 0 0 162
3232 0 0 0 170
3233 0 0 0 150
3234 0 0 0 112
3235 0 0 0 114
3236 0 0 0 108
3237 0 0 0 107
3238 0 0 0 105
3239 0 0 0 137
3240 0 0 0 119
3241 0 0 0 101
3242 0 0 0 128
3243 0 0 0 116
3244 0 0 0 118
3245 0 0 0 120
3246 0 0 0 115
3247 0 0 0 148
3248 0 0 0 142
3249 0 0 0 161
3250 0 0 0 154
3251 0 0 0 163
3252 0 0 0 137
3253 0 0 0 144
3254 0 0 0 113
3255 0 0 0 128
3256 0 0 0 127
3257 0 0 0 170
3258 0 0 0 124
3259 0 0 0 115
3260 0 0 0 142
3261 0 0 0 129
3262 0 0 0 136
3263 0 0 0 184
3264 0 0 0 165
3265 0 0 0 162
3266 0 0 0 157
3267 0 0 0 163
3268 0 0 0 132
3269 0 0 0 163
3270 0 0 0 134
3271 0 0 0 134
3272 0 0 0 108
3273 0 0 0 117
3274 0 0 0 115
3275 0 0 0 94
3276 0 0 0 131
3277 0 0 0 125
3278 0 0 0 136
3279 0 0 0 118
3280 0 0 0 142
3281 0 0 0 151
3282 0 0 0 127
3283 0 0 0 124
3284 0 0 0 112
3285 0 0 0 115
3286 0 0 0 84
3287 0 0 0 75
3288 0 0 0 84
3289 0 0 0 76
3290 0 0 0 73
3291 0 0 0 90
3292 0 0 0 87
3293 0 0 0 82
3294 0 0 0 77
3295 0 0 0 76
3296 0 0 0 77
3297 0 0 0 81
3298 0 0 0 111
3299 0 0 0 139
3300 0 0 0 111
3301 0 0 0 103
3302 0 0 0 94
3303 0 0 0 121
3304 0 0 0 131
3305 0 0 0 118
3306 0 0 0 114
3307 0 0 0 99
3308 0 0 0 133
3309 0 0 0 149
3310 0 0 0 134
3311 0 0 0 133
3312 0 0 0 130
3313 0 0 0 134
3314 0 0 0 104
3315 0 0 0 99
3316 0 0 0 125
3317 0 0 0 101
3318 0 0 0 113
3319 0 0 0 130
3320 0 0 0 114
3321 0 0 0 111
3322 0 0 0 96
3323 0 0 0 117
3324 0 0 0 144
3325 0 0 0 130
3326 0 0 0 91
3327 0 0 0 46
3328 0 0 0 69
3329 0 0 0 127
3330 0 0 0 138
3331 0 0 0 93
3332 0 0 0 111
3333 0 0 0 116
3334 0 0 0 120
3335 0 0 0 145
3336 0 0 0 149
3337 0 0 0 90
3338 0 0 0 127
3339 0 0 0 125
3340 0 0 0 113
3341 0 0 0 111
3342 0 0 0 110
3343 0 0 0 132
3344 0 0 0 111
3345 0 0 0 115
3346 0 0 0 139
3347 0 0 0 107
3348 0 0 0 104
3349 0 0 0 102
3350 0 0 0 97
3351 0 0 0 109
3352 0 0 0 105
3353 0 0 0 124
3354 0 0 0 119
3355 0 0 0 122
3356 0 0 0 66
3357 0 0 0 127
3358 0 0 0 94
3359 0 0 0 134
3360 0 0 0 140
3361 0 0 0 122
3362 0 0 0 100
3363 0 0 0 93
3364 0 0 0 105
3365 0 0 0 112
3366 0 0 0 122
3367 0 0 0 122
3368 0 0 0 115
3369 0 0 0 115
3370 0 0 0 145
3371 0 0 0 177
3372 0 0 0 136
3373 0 0 0 146
3374 0 0 0 138
3375 0 0 0 95
3376 0 0 0 118
3377 0 0 0 90
3378 0 0 0 97
3379 0 0 0 131
3380 0 0 0 143
3381 0 0 0 137
3382 0 0 0 106
3383 0 0 0 142
3384 0 0 0 94
3385 0 0 0 128
3386 0 0 0 123
3387 0 0 0 100
3388 0 0 0 115
3389 0 0 0 134
3390 0 0 0 97
3391 0 0 0 134
3392 0 0 0 125
3393 0 0 0 96
3394 0 0 0 88
3395 0 0 0 105
3396 0 0 0 139
3397 0 0 0 129
3398 0 0 0 125
3399 0 0 0 126
3400 0 0 0 146
3401 0 0 0 115
3402 0 0 0 115
3403 0 0 0 121
3404 0 0 0 163
3405 0 0 0 149
3406 0 0 0 128
3407 0 0 0 115
3408 0 0 0 142
3409 0 0 0 127
3410 0 0 0 129
3411 0 0 0 111
3412 0 0 0 113
3413 0 0 0 89
3414 0 0 0 98
3415 0 0 0 126
3416 0 0 0 98
3417 0 0 0 134
3418 0 0 0 131
3419 0 0 0 108
3420 0 0 0 102
3421 0 0 0 97
3422 0 0 0 87
3423 0 0 0 90
3424 0 0 0 90
3425 0 0 0 75
3426 0 0 0 97
3427 0 0 0 112
3428 0 0 0 101
3429 0 0 0 111
3430 0 0 0 114
3431 0 0 0 117
3432 0 0 0 92
3433 0 0 0 99
3434 0 0 0 96
3435 0 0 0 110
3436 0 0 0 129
3437 0 0 0 146
3438 0 0 0 120
3439 0 0 0 139
3440 0 0 0 124
3441 0 0 0 92
3442 0 0 0 85
3443 0 0 0 88
3444 0 0 0 97
3445 0 0 0 99
3446 0 0 0 79
3447 0 0 0 95
3448 0 0 0 109
3449 0 0 0 101
3450 0 0 0 97
3451 0 0 0 68
3452 0 0 0 127
3453 0 0 0 141
3454 0 0 0 122
3455 0 0 0 144
3456 0 0 0 118
3457 0 0 0 133
3458 0 0 0 119
3459 0 0 0 146
3460 0 0 0 142
3461 0 0 0 125
3462 0 0 0 141
3463 0 0 0 145
3464 0 0 0 120
3465 0 0 0 140
3466 0 0 0 135
3467 0 0 0 133
3468 0 0 0 135
3469 0 0 0 142
3470 0 0 0 130
3471 0 0 0 124
3472 0 0 0 121
3473 0 0 0 140
3474 0 0 0 165
3475 0 0 0 141
3476 0 0 0 144
3477 0 0 0 155
3478 0 0 0 151
3479 0 0 0 147
3480 0 0 0 143
3481 0 0 0 143
3482 0 0 0 108
3483 0 0 0 119
3484 0 0 0 163
3485 0 0 0 158
3486 0 0 0 125
3487 0 0 0 148
3488 0 0 0 110
3489 0 0 0 145
3490 0 0 0 131
3491 0 0 0 127
3492 0 0 0 119
3493 0 0 0 111
3494 0 0 0 112
3495 0 0 0 117
3496 0 0 0 128
3497 0 0 0 122
3498 0 0 0 131
3499 0 0 0 125
