# #DNA 27-31,264-268
# #Frame H2A H2B H3 H4 (contacts)
0 68 28 0 0
1 48 41 0 0
2 50 61 0 0
3 72 70 0 0
4 74 41 0 0
5 58 56 0 0
6 59 25 0 0
7 60 42 0 0
8 67 38 0 0
9 65 38 0 0
10 63 36 0 0
11 71 50 0 0
12 71 37 0 0
13 85 21 0 0
14 62 47 0 0
15 79 40 0 0
16 95 24 0 0
17 38 35 0 0
18 48 17 0 0
19 68 18 0 0
20 58 24 0 0
21 64 35 0 0
22 54 45 0 0
23 60 52 0 0
24 50 48 0 0
25 61 16 0 0
26 71 31 0 0
27 71 32 0 0
28 51 38 0 0
29 68 39 0 0
30 32 26 0 0
31 48 63 0 0
32 56 31 0 0
33 56 31 0 0
34 58 38 0 0
35 43 40 0 0
36 39 35 0 0
37 41 47 0 0
38 40 33 0 0
39 68 41 0 0
40 70 43 0 0
41 62 35 0 0
42 42 31 0 0
43 68 65 0 0
44 75 46 0 0
45 68 39 0 0
46 88 39 0 0
47 82 42 0 0
48 66 38 0 0
49 75 45 0 0
50 81 22 0 0
51 65 28 0 0
52 64 41 0 0
53 69 25 0 0
54 81 41 0 0
55 94 46 0 0
56 59 43 0 0
57 52 52 0 0
58 45 48 0 0
59 45 60 0 0
60 41 52 0 0
61 42 57 0 0
62 46 45 0 0
63 46 56 0 0
64 52 53 0 0
65 49 30 0 0
66 25 29 0 0
67 14 28 0 0
68 36 37 0 0
69 41 44 0 0
70 66 26 0 0
71 36 47 0 0
72 37 50 0 0
73 65 54 0 0
74 49 50 0 0
75 60 67 0 0
76 23 47 0 0
77 50 57 0 0
78 77 58 0 0
79 53 52 0 0
80 51 46 0 0
81 53 38 0 0
82 48 43 0 0
83 54 34 0 0
84 53 56 0 0
85 52 45 0 0
86 37 47 0 0
87 73 45 0 0
88 50 23 0 0
89 47 41 0 0
90 42 43 0 0
91 23 39 0 0
92 66 25 0 0
93 58 64 0 0
94 94 57 0 0
95 78 38 0 0
96 126 36 0 0
97 120 32 0 0
98 91 35 0 0
99 108 32 0 0
100 82 20 0 0
101 75 60 0 0
102 81 75 0 0
103 80 39 0 0
104 56 26 0 0
105 73 15 0 0
106 58 23 0 0
107 51 25 0 0
108 41 12 0 0
109 49 10 0 0
110 71 38 0 0
111 31 34 0 0
112 70 36 0 0
113 88 35 0 0
114 45 32 0 0
115 56 48 0 0
116 33 24 0 0
117 28 24 0 0
118 18 36 0 0
119 34 54 0 0
120 12 52 0 0
121 27 32 0 0
122 12 25 0 0
123 23 29 0 0
124 25 37 0 0
125 22 24 0 0
126 13 29 0 0
127 39 34 0 0
128 25 62 0 0
129 17 57 0 0
130 44 50 0 0
131 21 57 0 0
132 27 51 0 0
133 59 55 0 0
134 57 50 0 0
135 32 40 0 0
136 28 40 0 0
137 38 41 0 0
138 30 31 0 0
139 39 38 0 0
140 57 44 0 0
141 67 42 0 0
142 58 39 0 0
143 47 42 0 0
144 61 42 0 0
145 39 45 0 0
146 61 71 0 0
147 56 82 0 0
148 45 67 0 0
149 37 58 0 0
150 35 29 0 0
151 38 30 0 0
152 30 45 0 0
153 30 51 0 0
154 30 39 0 0
155 19 38 0 0
156 38 47 0 0
157 33 33 0 0
158 46 39 0 0
159 44 41 0 0
160 32 37 0 0
161 35 41 0 0
162 44 27 0 0
163 35 35 0 0
164 23 33 0 0
165 33 31 0 0
166 21 43 0 0
167 57 37 0 0
168 44 25 0 0
169 37 39 0 0
170 37 39 0 0
171 32 36 0 0
172 26 48 0 0
173 36 34 0 0
174 28 52 0 0
175 37 46 0 0
176 29 65 0 0
177 52 40 0 0
178 37 61 0 0
179 18 58 0 0
180 20 48 0 0
181 50 61 0 0
182 41 48 0 0
183 54 55 0 0
184 35 58 0 0
185 44 57 0 0
186 41 71 0 0
187 40 48 0 0
188 55 27 0 0
189 61 53 0 0
190 62 41 0 0
191 59 13 0 0
192 50 36 0 0
193 27 29 0 0
194 38 46 0 0
195 37 54 0 0
196 41 57 0 0
197 38 36 0 0
198 15 73 0 0
199 25 32 0 0
200 42 37 0 0
201 46 22 0 0
202 48 35 0 0
203 63 36 0 0
204 28 36 0 0
205 52 34 0 0
206 58 42 0 0
207 72 40 0 0
208 36 34 0 0
209 32 41 0 0
210 32 37 0 0
211 31 36 0 0
212 35 50 0 0
213 43 37 0 0
214 40 38 0 0
215 46 52 0 0
216 45 47 0 0
217 14 44 0 0
218 10 63 0 0
219 10 52 0 0
220 18 37 0 0
221 21 53 0 0
222 18 44 0 0
223 23 28 0 0
224 18 44 0 0
225 18 46 0 0
226 28 46 0 0
227 29 46 0 0
228 28 40 0 0
229 21 32 0 0
230 30 27 0 0
231 34 66 0 0
232 15 64 0 0
233 28 57 0 0
234 27 40 0 0
235 27 39 0 0
236 33 46 0 0
237 26 53 0 0
238 18 40 0 0
239 26 52 0 0
240 25 39 0 0
241 30 52 0 0
242 21 40 0 0
243 28 29 0 0
244 25 44 0 0
245 30 36 0 0
246 20 38 0 0
247 21 39 0 0
248 39 44 0 0
249 23 32 0 0
250 28 29 0 0
251 14 37 0 0
252 33 31 0 0
253 31 37 0 0
254 18 42 0 0
255 12 40 0 0
256 26 51 0 0
257 49 41 0 0
258 28 32 0 0
259 28 23 0 0
260 24 39 0 0
261 28 36 0 0
262 31 30 0 0
263 26 33 0 0
264 30 46 0 0
265 35 41 0 0
266 23 35 0 0
267 37 50 0 0
268 29 58 0 0
269 23 58 0 0
270 36 27 0 0
271 28 42 0 0
272 40 28 0 0
273 24 32 0 0
274 31 48 0 0
275 36 31 0 0
276 36 39 0 0
277 36 24 0 0
278 48 43 0 0
279 24 44 0 0
280 29 27 0 0
281 32 40 0 0
282 31 43 0 0
283 30 30 0 0
284 33 44 0 0
285 40 40 0 0
286 27 36 0 0
287 34 44 0 0
288 23 35 0 0
289 29 20 0 0
290 36 28 0 0
291 35 26 0 0
292 31 23 0 0
293 22 25 0 0
294 25 28 0 0
295 48 20 0 0
296 45 21 0 0
297 24 29 0 0
298 24 41 0 0
299 26 37 0 0
300 36 36 0 0
301 34 37 0 0
302 24 47 0 0
303 18 42 0 0
304 25 31 0 0
305 38 40 0 0
306 27 32 0 0
307 25 39 0 0
308 32 32 0 0
309 22 34 0 0
310 63 31 0 0
311 35 29 0 0
312 28 32 0 0
313 29 33 0 0
314 36 35 0 0
315 43 34 0 0
316 58 45 0 0
317 28 33 0 0
318 47 29 0 0
319 47 25 0 0
320 33 36 0 0
321 38 33 0 0
322 22 51 0 0
323 32 42 0 0
324 31 55 0 0
325 26 20 0 0
326 30 16 0 0
327 41 17 0 0
328 30 53 0 0
329 23 60 0 0
330 29 55 0 0
331 20 29 0 0
332 24 26 0 0
333 10 38 0 0
334 38 45 0 0
335 20 27 0 0
336 29 28 0 0
337 33 32 0 0
338 35 32 0 0
339 53 34 0 0
340 39 25 0 0
341 20 29 0 0
342 20 8 0 0
343 19 47 0 0
344 19 31 0 0
345 17 44 0 0
346 42 40 0 0
347 12 32 0 0
348 22 30 0 0
349 27 39 0 0
350 29 26 0 0
351 39 56 0 0
352 23 49 0 0
353 18 72 0 0
354 17 53 0 0
355 25 55 0 0
356 28 51 0 0
357 21 36 0 0
358 32 36 0 0
359 16 33 0 0
360 8 28 0 0
361 18 36 0 0
362 13 34 0 0
363 22 24 0 0
364 19 65 0 0
365 20 33 0 0
366 38 38 0 0
367 38 34 0 0
368 31 42 0 0
369 36 63 0 0
370 35 53 0 0
371 40 36 0 0
372 29 27 0 0
373 31 24 0 0
374 39 32 0 0
375 37 35 0 0
376 35 31 0 0
377 29 20 0 0
378 46 25 0 0
379 40 21 0 0
380 26 33 0 0
381 26 21 0 0
382 39 20 0 0
383 35 25 0 0
384 39 33 0 0
385 40 24 0 0
386 26 18 0 0
387 51 41 0 0
388 32 42 0 0
389 17 52 0 0
390 20 50 0 0
391 31 40 0 0
392 32 62 0 0
393 26 57 0 0
394 40 37 0 0
395 32 29 0 0
396 28 40 0 0
397 47 40 0 0
398 29 25 0 0
399 28 27 0 0
400 33 25 0 0
401 29 30 0 0
402 32 28 0 0
403 39 31 0 0
404 31 22 0 0
405 28 21 0 0
406 37 15 0 0
407 38 33 0 0
408 42 34 0 0
409 35 32 0 0
410 38 41 0 0
411 38 26 0 0
412 39 34 0 0
413 17 24 0 0
414 24 26 0 0
415 16 29 0 0
416 17 31 0 0
417 21 33 0 0
418 45 36 0 0
419 41 33 0 0
420 27 27 0 0
421 40 38 0 0
422 26 29 0 0
423 40 34 0 0
424 35 27 0 0
425 37 20 0 0
426 31 24 0 0
427 44 25 0 0
428 58 28 0 0
429 43 16 0 0
430 33 24 0 0
431 39 15 0 0
432 50 31 0 0
433 44 38 0 0
434 30 38 0 0
435 41 59 0 0
436 39 35 0 0
437 44 27 0 0
438 49 27 0 0
439 30 45 0 0
440 51 53 0 0
441 31 31 0 0
442 54 23 0 0
443 28 46 0 0
444 46 38 0 0
445 43 33 0 0
446 62 27 0 0
447 44 33 0 0
448 55 36 0 0
449 46 37 0 0
450 50 34 0 0
451 51 35 0 0
452 47 55 0 0
453 58 39 0 0
454 49 31 0 0
455 53 29 0 0
456 51 32 0 0
457 71 33 0 0
458 60 33 0 0
459 46 26 0 0
460 49 26 0 0
461 54 27 0 0
462 54 25 0 0
463 63 23 0 0
464 56 30 0 0
465 50 45 0 0
466 41 28 0 0
467 44 22 0 0
468 40 41 0 0
469 65 29 0 0
470 43 25 0 0
471 39 28 0 0
472 61 31 0 0
473 50 30 0 0
474 57 27 0 0
475 48 20 0 0
476 52 26 0 0
477 61 35 0 0
478 62 37 0 0
479 46 41 0 0
480 50 36 0 0
481 49 44 0 0
482 50 41 0 0
483 39 25 0 0
484 62 41 0 0
485 46 26 0 0
486 51 35 0 0
487 48 26 0 0
488 61 37 0 0
489 75 34 0 0
490 71 57 0 0
491 56 36 0 0
492 40 21 0 0
493 59 25 0 0
494 44 33 0 0
495 44 33 0 0
496 56 35 0 0
497 42 25 0 0
498 53 40 0 0
499 42 33 0 0
500 39 26 0 0
501 47 27 0 0
502 55 33 0 0
503 60 34 0 0
504 29 36 0 0
505 58 37 0 0
506 54 33 0 0
507 46 41 0 0
508 55 25 0 0
509 43 55 0 0
510 42 51 0 0
511 44 56 0 0
512 51 38 0 0
513 56 38 0 0
514 42 31 0 0
515 57 45 0 0
516 51 50 0 0
517 39 58 0 0
518 42 51 0 0
519 42 37 0 0
520 40 52 0 0
521 52 26 0 0
522 64 43 0 0
523 60 27 0 0
524 47 39 0 0
525 48 24 0 0
526 49 50 0 0
527 64 37 0 0
528 43 51 0 0
529 57 33 0 0
530 68 47 0 0
531 41 45 0 0
532 39 74 0 0
533 49 41 0 0
534 60 43 0 0
535 48 47 0 0
536 44 47 0 0
537 61 52 0 0
538 60 38 0 0
539 49 44 0 0
540 55 64 0 0
541 43 34 0 0
542 55 43 0 0
543 49 67 0 0
544 50 44 0 0
545 50 43 0 0
546 45 25 0 0
547 44 26 0 0
548 37 30 0 0
549 66 31 0 0
550 60 44 0 0
551 47 28 0 0
552 60 40 0 0
553 55 43 0 0
554 53 32 0 0
555 51 24 0 0
556 48 22 0 0
557 45 24 0 0
558 47 33 0 0
559 65 7 0 0
560 39 15 0 0
561 50 20 0 0
562 62 18 0 0
563 42 26 0 0
564 36 9 0 0
565 30 35 0 0
566 22 51 0 0
567 39 56 0 0
568 46 39 0 0
569 32 23 0 0
570 32 32 0 0
571 25 5 0 0
572 35 20 0 0
573 32 28 0 0
574 35 24 0 0
575 31 34 0 0
576 30 7 0 0
577 41 15 0 0
578 41 12 0 0
579 24 30 0 0
580 32 27 0 0
581 25 26 0 0
582 35 25 0 0
583 36 19 0 0
584 40 16 0 0
585 24 38 0 0
586 32 37 0 0
587 36 21 0 0
588 40 22 0 0
589 25 22 0 0
590 30 21 0 0
591 33 31 0 0
592 30 45 0 0
593 32 45 0 0
594 42 37 0 0
595 47 44 0 0
596 26 52 0 0
597 33 46 0 0
598 31 36 0 0
599 21 37 0 0
600 38 34 0 0
601 32 40 0 0
602 27 34 0 0
603 23 30 0 0
604 28 26 0 0
605 13 27 0 0
606 27 20 0 0
607 28 36 0 0
608 30 21 0 0
609 17 25 0 0
610 22 5 0 0
611 36 13 0 0
612 21 12 0 0
613 34 23 0 0
614 30 20 0 0
615 38 12 0 0
616 29 17 0 0
617 25 26 0 0
618 27 8 0 0
619 27 17 0 0
620 25 22 0 0
621 38 13 0 0
622 32 20 0 0
623 40 13 0 0
624 26 26 0 0
625 32 15 0 0
626 41 16 0 0
627 21 23 0 0
628 44 16 0 0
629 48 12 0 0
630 31 16 0 0
631 38 30 0 0
632 21 14 0 0
633 29 10 0 0
634 17 15 0 0
635 21 19 0 0
636 15 2 0 0
637 21 0 0 0
638 23 0 0 0
639 35 0 0 0
640 39 7 0 0
641 29 7 0 0
642 36 8 0 0
643 34 13 0 0
644 37 11 0 0
645 25 16 0 0
646 28 36 0 0
647 38 28 0 0
648 57 1 0 0
649 45 9 0 0
650 66 2 0 0
651 54 8 0 0
652 47 3 0 0
653 46 4 0 0
654 58 11 0 0
655 43 17 0 0
656 46 15 0 0
657 47 3 0 0
658 48 14 0 0
659 43 11 0 0
660 51 21 0 0
661 48 20 0 0
662 41 12 0 0
663 39 30 0 0
664 49 24 0 0
665 59 23 0 0
666 52 19 0 0
667 52 18 0 0
668 26 22 0 0
669 68 8 0 0
670 63 26 0 0
671 50 19 0 0
672 59 13 0 0
673 61 42 0 0
674 46 40 0 0
675 50 34 0 0
676 48 26 0 0
677 48 18 0 0
678 42 19 0 0
679 51 32 0 0
680 52 25 0 0
681 23 24 0 0
682 49 44 0 0
683 45 33 0 0
684 52 48 0 0
685 48 16 0 0
686 66 32 0 0
687 52 14 0 0
688 44 11 0 0
689 45 14 0 0
690 56 15 0 0
691 46 18 0 0
692 59 10 0 0
693 45 20 0 0
694 57 36 0 0
695 62 11 0 0
696 50 13 0 0
697 48 16 0 0
698 37 21 0 0
699 39 28 0 0
700 85 47 0 0
701 73 43 0 0
702 119 39 0 0
703 107 57 0 0
704 101 83 0 0
705 87 80 0 0
706 129 66 0 0
707 119 85 0 0
708 95 61 0 0
709 96 36 0 0
710 87 67 0 0
711 94 69 0 0
712 115 66 0 0
713 93 56 0 0
714 89 35 0 0
715 98 53 0 0
716 79 35 0 0
717 91 38 0 0
718 58 22 0 0
719 75 49 0 0
720 94 48 0 0
721 101 52 0 0
722 101 24 0 0
723 125 27 0 0
724 109 27 0 0
725 95 30 0 0
726 85 43 0 0
727 100 49 0 0
728 119 43 0 0
729 120 60 0 0
730 71 78 0 0
731 87 72 0 0
732 87 57 0 0
733 97 63 0 0
734 99 71 0 0
735 110 69 0 0
736 112 68 0 0
737 102 41 0 0
738 74 42 0 0
739 142 47 0 0
740 99 56 0 0
741 86 57 0 0
742 72 67 0 0
743 97 45 0 0
744 77 29 0 0
745 95 45 0 0
746 79 41 0 0
747 116 49 0 0
748 121 43 0 0
749 129 40 0 0
750 107 53 0 0
751 107 62 0 0
752 121 65 0 0
753 118 55 0 0
754 86 52 0 0
755 103 66 0 0
756 108 70 0 0
757 85 57 0 0
758 99 46 0 0
759 108 46 0 0
760 109 47 0 0
761 113 55 0 0
762 105 46 0 0
763 98 54 0 0
764 101 63 0 0
765 105 36 0 0
766 99 39 0 0
767 64 82 0 0
768 89 70 0 0
769 87 55 0 0
770 86 63 0 0
771 81 77 0 0
772 93 57 0 0
773 90 36 0 0
774 91 27 0 0
775 108 40 0 0
776 91 42 0 0
777 87 30 0 0
778 99 57 0 0
779 96 57 0 0
780 99 61 0 0
781 106 56 0 0
782 73 67 0 0
783 103 81 0 0
784 110 61 0 0
785 127 55 0 0
786 132 61 0 0
787 104 54 0 0
788 125 42 0 0
789 126 54 0 0
790 128 61 0 0
791 120 39 0 0
792 142 59 0 0
793 107 58 0 0
794 102 46 0 0
795 125 49 0 0
796 98 35 0 0
797 103 47 0 0
798 113 48 0 0
799 118 36 0 0
800 137 44 0 0
801 95 37 0 0
802 97 65 0 0
803 109 53 0 0
804 98 43 0 0
805 147 43 0 0
806 106 40 0 0
807 107 36 0 0
808 108 59 0 0
809 112 26 0 0
810 102 32 0 0
811 110 19 0 0
812 115 30 0 0
813 133 28 0 0
814 116 26 0 0
815 127 31 0 0
816 120 20 0 0
817 121 21 0 0
818 133 23 0 0
819 138 36 0 0
820 130 27 0 0
821 138 36 0 0
822 105 27 0 0
823 133 25 0 0
824 125 23 0 0
825 110 34 0 0
826 116 24 0 0
827 126 32 0 0
828 121 19 0 0
829 114 39 0 0
830 116 45 0 0
831 143 26 0 0
832 133 31 0 0
833 117 27 0 0
834 116 34 0 0
835 145 25 0 0
836 102 36 0 0
837 102 39 0 0
838 105 37 0 0
839 98 33 0 0
840 86 38 0 0
841 119 35 0 0
842 130 26 0 0
843 75 29 0 0
844 73 33 0 0
845 80 31 0 0
846 100 25 0 0
847 88 38 0 0
848 75 34 0 0
849 103 25 0 0
850 88 27 0 0
851 96 26 0 0
852 94 32 0 0
853 84 29 0 0
854 111 20 0 0
855 74 29 0 0
856 94 34 0 0
857 74 29 0 0
858 80 27 0 0
859 82 36 0 0
860 95 38 0 0
861 80 33 0 0
862 111 29 0 0
863 80 30 0 0
864 84 27 0 0
865 90 32 0 0
866 102 23 0 0
867 112 39 0 0
868 120 41 0 0
869 130 29 0 0
870 102 32 0 0
871 126 28 0 0
872 103 33 0 0
873 96 34 0 0
874 105 29 0 0
875 83 35 0 0
876 90 26 0 0
877 132 43 0 0
878 121 31 0 0
879 127 27 0 0
880 93 39 0 0
881 114 23 0 0
882 104 29 0 0
883 133 32 0 0
884 128 29 0 0
885 135 30 0 0
886 133 36 0 0
887 130 31 0 0
888 139 41 0 0
889 121 37 0 0
890 120 32 0 0
891 123 33 0 0
892 125 35 0 0
893 114 27 0 0
894 91 44 0 0
895 101 41 0 0
896 97 40 0 0
897 142 31 0 0
898 94 30 0 0
899 123 38 0 0
900 132 39 0 0
901 102 42 0 0
902 113 35 0 0
903 126 42 0 0
904 141 40 0 0
905 110 34 0 0
906 133 25 0 0
907 133 37 0 0
908 142 40 0 0
909 127 31 0 0
910 113 32 0 0
911 113 35 0 0
912 106 36 0 0
913 104 35 0 0
914 143 49 0 0
915 129 43 0 0
916 91 35 0 0
917 92 34 0 0
918 97 27 0 0
919 108 29 0 0
920 123 28 0 0
921 119 40 0 0
922 98 35 0 0
923 100 28 0 0
924 111 27 0 0
925 115 43 0 0
926 109 34 0 0
927 99 29 0 0
928 103 25 0 0
929 108 31 0 0
930 128 41 0 0
931 110 39 0 0
932 112 38 0 0
933 112 32 0 0
934 94 48 0 0
935 121 35 0 0
936 131 34 0 0
937 109 43 0 0
938 143 28 0 0
939 100 36 0 0
940 92 36 0 0
941 153 37 0 0
942 144 43 0 0
943 143 23 0 0
944 146 21 0 0
945 122 35 0 0
946 143 26 0 0
947 148 20 0 0
948 139 35 0 0
949 140 31 0 0
950 126 33 0 0
951 132 34 0 0
952 136 23 0 0
953 118 31 0 0
954 119 45 0 0
955 134 30 0 0
956 151 41 0 0
957 132 46 0 0
958 168 41 0 0
959 139 41 0 0
960 125 28 0 0
961 137 45 0 0
962 121 14 0 0
963 152 17 0 0
964 113 35 0 0
965 148 11 0 0
966 139 31 0 0
967 112 34 0 0
968 130 19 0 0
969 128 18 0 0
970 131 18 0 0
971 144 18 0 0
972 124 28 0 0
973 156 32 0 0
974 131 34 0 0
975 136 9 0 0
976 130 10 0 0
977 118 17 0 0
978 116 16 0 0
979 154 15 0 0
980 138 2 0 0
981 147 3 0 0
982 129 1 0 0
983 119 2 0 0
984 131 11 0 0
985 115 0 0 0
986 136 3 0 0
987 131 1 0 0
988 144 21 0 0
989 128 26 0 0
990 140 17 0 0
991 114 2 0 0
992 129 14 0 0
993 117 12 0 0
994 113 4 0 0
995 150 4 0 0
996 153 10 0 0
997 145 11 0 0
998 137 22 0 0
999 160 6 0 0
1000 112 24 0 0
1001 151 8 0 0
1002 133 26 0 0
1003 148 25 0 0
1004 105 17 0 0
1005 154 22 0 0
1006 147 14 0 0
1007 116 8 0 0
1008 128 9 0 0
1009 115 3 0 0
1010 134 0 0 0
1011 129 0 0 0
1012 101 10 0 0
1013 129 29 0 0
1014 135 51 0 0
1015 131 22 0 0
1016 139 9 0 0
1017 103 11 0 0
1018 101 21 0 0
1019 154 25 0 0
1020 150 33 0 0
1021 162 51 0 0
1022 133 32 0 0
1023 138 41 0 0
1024 149 39 0 0
1025 129 34 0 0
1026 133 25 0 0
1027 135 40 0 0
1028 129 33 0 0
1029 139 36 0 0
1030 163 34 0 0
1031 138 31 0 0
1032 157 37 0 0
1033 132 39 0 0
1034 168 35 0 0
1035 146 32 0 0
1036 153 32 0 0
1037 120 18 0 0
1038 151 35 0 0
1039 126 17 0 0
1040 128 33 0 0
1041 129 31 0 0
1042 123 41 0 0
1043 116 33 0 0
1044 133 37 0 0
1045 116 32 0 0
1046 148 36 0 0
1047 144 18 0 0
1048 132 16 0 0
1049 146 19 0 0
1050 150 30 0 0
1051 152 30 0 0
1052 145 30 0 0
1053 131 32 0 0
1054 149 40 0 0
1055 127 33 0 0
1056 140 27 0 0
1057 113 29 0 0
1058 147 42 0 0
1059 148 26 0 0
1060 146 13 0 0
1061 103 36 0 0
1062 136 36 0 0
1063 115 25 0 0
1064 140 36 0 0
1065 126 44 0 0
1066 126 19 0 0
1067 134 38 0 0
1068 134 36 0 0
1069 131 28 0 0
1070 121 15 0 0
1071 128 17 0 0
1072 129 36 0 0
1073 133 23 0 0
1074 133 27 0 0
1075 121 32 0 0
1076 141 29 0 0
1077 150 34 0 0
1078 122 44 0 0
1079 137 22 0 0
1080 123 49 0 0
1081 136 24 0 0
1082 135 24 0 0
1083 130 21 0 0
1084 124 33 0 0
1085 140 30 0 0
1086 110 26 0 0
1087 160 17 0 0
1088 117 26 0 0
1089 119 30 0 0
1090 136 58 0 0
1091 144 40 0 0
1092 153 38 0 0
1093 182 29 0 0
1094 147 41 0 0
1095 107 25 0 0
1096 136 37 0 0
1097 118 35 0 0
1098 157 44 0 0
1099 127 37 0 0
1100 145 32 0 0
1101 144 49 0 0
1102 139 63 0 0
1103 129 48 0 0
1104 108 72 0 0
1105 122 81 0 0
1106 115 45 0 0
1107 123 55 0 0
1108 127 64 0 0
1109 138 72 0 0
1110 130 67 0 0
1111 121 51 0 0
1112 176 64 0 0
1113 124 54 0 0
1114 147 78 0 0
1115 116 70 0 0
1116 131 30 0 0
1117 117 42 0 0
1118 119 46 0 0
1119 134 41 0 0
1120 148 39 0 0
1121 127 46 0 0
1122 171 53 0 0
1123 132 21 0 0
1124 125 59 0 0
1125 167 61 0 0
1126 144 59 0 0
1127 124 53 0 0
1128 123 65 0 0
1129 117 64 0 0
1130 117 62 0 0
1131 131 44 0 0
1132 146 28 0 0
1133 122 44 0 0
1134 159 47 0 0
1135 146 31 0 0
1136 143 41 0 0
1137 146 26 0 0
1138 162 41 0 0
1139 131 39 0 0
1140 123 44 0 0
1141 122 43 0 0
1142 136 32 0 0
1143 137 39 0 0
1144 124 35 0 0
1145 150 32 0 0
1146 141 42 0 0
1147 138 36 0 0
1148 123 45 0 0
1149 116 52 0 0
1150 103 61 0 0
1151 121 48 0 0
1152 134 34 0 0
1153 122 49 0 0
1154 97 51 0 0
1155 111 44 0 0
1156 121 34 0 0
1157 139 37 0 0
1158 138 29 0 0
1159 117 44 0 0
1160 134 36 0 0
1161 136 26 0 0
1162 100 52 0 0
1163 137 44 0 0
1164 127 54 0 0
1165 142 21 0 0
1166 124 29 0 0
1167 126 20 0 0
1168 150 18 0 0
1169 117 25 0 0
1170 150 35 0 0
1171 137 40 0 0
1172 126 20 0 0
1173 133 15 0 0
1174 153 39 0 0
1175 120 47 0 0
1176 147 43 0 0
1177 136 53 0 0
1178 140 19 0 0
1179 150 31 0 0
1180 144 38 0 0
1181 133 27 0 0
1182 122 34 0 0
1183 129 7 0 0
1184 140 34 0 0
1185 181 56 0 0
1186 148 31 0 0
1187 139 44 0 0
1188 105 42 0 0
1189 132 54 0 0
1190 136 31 0 0
1191 151 48 0 0
1192 135 44 0 0
1193 135 50 0 0
1194 107 43 0 0
1195 129 28 0 0
1196 151 38 0 0
1197 97 43 0 0
1198 125 52 0 0
1199 172 44 0 0
1200 121 38 0 0
1201 125 39 0 0
1202 141 48 0 0
1203 146 60 0 0
1204 159 55 0 0
1205 150 51 0 0
1206 136 55 0 0
1207 168 70 0 0
1208 141 34 0 0
1209 163 36 0 0
1210 124 25 0 0
1211 113 47 0 0
1212 140 26 0 0
1213 139 39 0 0
1214 117 24 0 0
1215 113 27 0 0
1216 122 33 0 0
1217 130 39 0 0
1218 150 38 0 0
1219 114 30 0 0
1220 170 34 0 0
1221 139 35 0 0
1222 127 23 0 0
1223 137 37 0 0
1224 141 21 0 0
1225 99 10 0 0
1226 90 18 0 0
1227 80 25 0 0
1228 126 8 0 0
1229 103 10 0 0
1230 94 35 0 0
1231 85 32 0 0
1232 83 25 0 0
1233 61 30 0 0
1234 94 19 0 0
1235 126 20 0 0
1236 87 44 0 0
1237 82 27 0 0
1238 107 61 0 0
1239 83 30 0 0
1240 94 45 0 0
1241 90 27 0 0
1242 65 37 0 0
1243 102 39 0 0
1244 77 36 0 0
1245 107 28 0 0
1246 93 18 0 0
1247 124 8 0 0
1248 90 16 0 0
1249 97 32 0 0
1250 91 11 0 0
1251 90 15 0 0
1252 86 9 0 0
1253 98 8 0 0
1254 97 18 0 0
1255 82 23 0 0
1256 89 12 0 0
1257 110 6 0 0
1258 84 20 0 0
1259 99 19 0 0
1260 87 10 0 0
1261 97 33 0 0
1262 87 10 0 0
1263 120 38 0 0
1264 99 13 0 0
1265 89 17 0 0
1266 98 11 0 0
1267 101 23 0 0
1268 97 12 0 0
1269 90 17 0 0
1270 102 8 0 0
1271 108 10 0 0
1272 93 10 0 0
1273 91 11 0 0
1274 83 14 0 0
1275 109 11 0 0
1276 95 18 0 0
1277 95 19 0 0
1278 117 30 0 0
1279 98 34 0 0
1280 76 41 0 0
1281 88 37 0 0
1282 108 65 0 0
1283 94 32 0 0
1284 89 35 0 0
1285 68 82 0 0
1286 81 60 0 0
1287 93 52 0 0
1288 73 35 0 0
1289 67 48 0 0
1290 99 55 0 0
1291 109 39 0 0
1292 112 53 0 0
1293 92 50 0 0
1294 106 40 0 0
1295 74 44 0 0
1296 73 26 0 0
1297 78 43 0 0
1298 66 63 0 0
1299 69 66 0 0
1300 52 58 0 0
1301 81 61 0 0
1302 70 68 0 0
1303 49 68 0 0
1304 55 69 0 0
1305 62 63 0 0
1306 57 30 0 0
1307 98 35 0 0
1308 89 43 0 0
1309 97 46 0 0
1310 65 24 0 0
1311 104 34 0 0
1312 117 72 0 0
1313 102 31 0 0
1314 98 32 0 0
1315 100 39 0 0
1316 89 39 0 0
1317 75 37 0 0
1318 79 41 0 0
1319 111 30 0 0
1320 96 38 0 0
1321 93 42 0 0
1322 104 44 0 0
1323 85 46 0 0
1324 91 42 0 0
1325 105 41 0 0
1326 104 36 0 0
1327 74 54 0 0
1328 101 43 0 0
1329 81 39 0 0
1330 99 38 0 0
1331 81 25 0 0
1332 81 21 0 0
1333 79 31 0 0
1334 77 28 0 0
1335 80 41 0 0
1336 94 40 0 0
1337 88 53 0 0
1338 105 43 0 0
1339 103 35 0 0
1340 103 39 0 0
1341 86 43 0 0
1342 86 27 0 0
1343 58 31 0 0
1344 90 31 0 0
1345 103 26 0 0
1346 87 17 0 0
1347 109 25 0 0
1348 74 46 0 0
1349 110 37 0 0
1350 94 49 0 0
1351 99 49 0 0
1352 92 26 0 0
1353 97 27 0 0
1354 81 54 0 0
1355 99 40 0 0
1356 91 59 0 0
1357 95 44 0 0
1358 86 37 0 0
1359 99 45 0 0
1360 97 42 0 0
1361 84 44 0 0
1362 98 69 0 0
1363 109 37 0 0
1364 130 69 0 0
1365 108 26 0 0
1366 77 58 0 0
1367 100 52 0 0
1368 77 51 0 0
1369 75 67 0 0
1370 107 64 0 0
1371 68 53 0 0
1372 71 52 0 0
1373 102 48 0 0
1374 83 53 0 0
1375 107 31 0 0
1376 110 35 0 0
1377 97 44 0 0
1378 97 34 0 0
1379 99 36 0 0
1380 90 40 0 0
1381 117 24 0 0
1382 107 33 0 0
1383 82 9 0 0
1384 109 36 0 0
1385 102 25 0 0
1386 93 36 0 0
1387 114 36 0 0
1388 91 38 0 0
1389 100 25 0 0
1390 115 4 0 0
1391 109 22 0 0
1392 96 36 0 0
1393 96 33 0 0
1394 84 40 0 0
1395 99 26 0 0
1396 96 32 0 0
1397 92 34 0 0
1398 87 36 0 0
1399 116 15 0 0
1400 119 53 0 0
1401 106 25 0 0
1402 94 40 0 0
1403 73 41 0 0
1404 92 40 0 0
1405 76 21 0 0
1406 100 48 0 0
1407 84 48 0 0
1408 94 37 0 0
1409 96 42 0 0
1410 111 43 0 0
1411 103 46 0 0
1412 92 31 0 0
1413 86 29 0 0
1414 100 14 0 0
1415 110 14 0 0
1416 100 33 0 0
1417 116 51 0 0
1418 106 17 0 0
1419 99 29 0 0
1420 87 24 0 0
1421 88 39 0 0
1422 93 43 0 0
1423 104 18 0 0
1424 113 49 0 0
1425 122 35 0 0
1426 59 45 0 0
1427 115 34 0 0
1428 103 25 0 0
1429 122 31 0 0
1430 89 53 0 0
1431 98 35 0 0
1432 100 34 0 0
1433 104 41 0 0
1434 82 39 0 0
1435 87 29 0 0
1436 79 24 0 0
1437 92 22 0 0
1438 95 22 0 0
1439 88 21 0 0
1440 107 32 0 0
1441 89 18 0 0
1442 117 26 0 0
1443 159 29 0 0
1444 96 21 0 0
1445 106 20 0 0
1446 100 28 0 0
1447 83 29 0 0
1448 137 26 0 0
1449 113 24 0 0
1450 124 6 0 0
1451 111 15 0 0
1452 131 30 0 0
1453 145 19 0 0
1454 127 27 0 0
1455 134 21 0 0
1456 131 23 0 0
1457 149 25 0 0
1458 136 22 0 0
1459 124 16 0 0
1460 85 28 0 0
1461 111 29 0 0
1462 43 18 0 0
1463 100 9 0 0
1464 112 15 0 0
1465 88 21 0 0
1466 75 15 0 0
1467 84 8 0 0
1468 101 20 0 0
1469 106 9 0 0
1470 84 20 0 0
1471 93 12 0 0
1472 98 30 0 0
1473 93 7 0 0
1474 93 11 0 0
1475 149 24 0 0
1476 89 31 0 0
1477 95 26 0 0
1478 98 31 0 0
1479 118 33 0 0
1480 81 27 0 0
1481 103 32 0 0
1482 107 33 0 0
1483 90 31 0 0
1484 94 36 0 0
1485 135 45 0 0
1486 94 25 0 0
1487 136 35 0 0
1488 97 35 0 0
1489 97 28 0 0
1490 98 41 0 0
1491 94 43 0 0
1492 98 28 0 0
1493 100 47 0 0
1494 84 55 0 0
1495 112 58 0 0
1496 100 61 0 0
1497 100 45 0 0
1498 93 60 0 0
1499 98 55 0 0
1500 102 41 0 0
1501 98 49 0 0
1502 103 42 0 0
1503 78 39 0 0
1504 97 36 0 0
1505 105 41 0 0
1506 97 47 0 0
1507 115 37 0 0
1508 108 46 0 0
1509 115 39 0 0
1510 101 33 0 0
1511 114 42 0 0
1512 118 35 0 0
1513 116 43 0 0
1514 113 39 0 0
1515 91 48 0 0
1516 97 46 0 0
1517 111 38 0 0
1518 99 46 0 0
1519 100 52 0 0
1520 110 54 0 0
1521 101 44 0 0
1522 116 47 0 0
1523 128 33 0 0
1524 121 47 0 0
1525 110 45 0 0
1526 94 53 0 0
1527 59 40 0 0
1528 91 54 0 0
1529 99 48 0 0
1530 95 54 0 0
1531 95 56 0 0
1532 101 62 0 0
1533 155 54 0 0
1534 93 55 0 0
1535 79 54 0 0
1536 101 56 0 0
1537 104 61 0 0
1538 127 47 0 0
1539 89 56 0 0
1540 101 69 0 0
1541 99 68 0 0
1542 117 44 0 0
1543 82 65 0 0
1544 116 52 0 0
1545 71 46 0 0
1546 112 58 0 0
1547 73 36 0 0
1548 105 45 0 0
1549 99 46 0 0
1550 107 51 0 0
1551 105 61 0 0
1552 92 51 0 0
1553 109 47 0 0
1554 109 57 0 0
1555 82 57 0 0
1556 93 57 0 0
1557 97 46 0 0
1558 73 53 0 0
1559 83 55 0 0
1560 105 45 0 0
1561 86 51 0 0
1562 80 54 0 0
1563 100 39 0 0
1564 111 31 0 0
1565 119 45 0 0
1566 101 39 0 0
1567 85 48 0 0
1568 103 47 0 0
1569 90 48 0 0
1570 82 48 0 0
1571 101 47 0 0
1572 99 48 0 0
1573 119 37 0 0
1574 135 47 0 0
1575 95 41 0 0
1576 84 48 0 0
1577 97 42 0 0
1578 73 32 0 0
1579 97 27 0 0
1580 100 40 0 0
1581 88 38 0 0
1582 101 41 0 0
1583 123 44 0 0
1584 79 37 0 0
1585 86 41 0 0
1586 116 42 0 0
1587 72 23 0 0
1588 100 20 0 0
1589 115 40 0 0
1590 102 20 0 0
1591 93 15 0 0
1592 85 30 0 0
1593 79 18 0 0
1594 84 19 0 0
1595 64 14 0 0
1596 104 28 0 0
1597 90 25 0 0
1598 77 26 0 0
1599 111 21 0 0
1600 100 27 0 0
1601 101 17 0 0
1602 91 14 0 0
1603 103 21 0 0
1604 96 25 0 0
1605 90 13 0 0
1606 101 12 0 0
1607 97 10 0 0
1608 90 14 0 0
1609 88 20 0 0
1610 98 32 0 0
1611 104 24 0 0
1612 86 29 0 0
1613 95 19 0 0
1614 88 22 0 0
1615 118 14 0 0
1616 69 13 0 0
1617 86 23 0 0
1618 93 28 0 0
1619 88 48 0 0
1620 97 31 0 0
1621 94 19 0 0
1622 81 38 0 0
1623 108 37 0 0
1624 108 36 0 0
1625 108 18 0 0
1626 104 19 0 0
1627 102 10 0 0
1628 107 19 0 0
1629 94 24 0 0
1630 103 14 0 0
1631 114 18 0 0
1632 83 20 0 0
1633 106 14 0 0
1634 72 23 0 0
1635 81 27 0 0
1636 112 22 0 0
1637 90 25 0 0
1638 90 10 0 0
1639 74 16 0 0
1640 98 15 0 0
1641 94 12 0 0
1642 93 1 0 0
1643 96 4 0 0
1644 97 31 0 0
1645 113 31 0 0
1646 110 26 0 0
1647 91 17 0 0
1648 96 29 0 0
1649 103 26 0 0
1650 99 39 0 0
1651 99 41 0 0
1652 88 34 0 0
1653 72 35 0 0
1654 96 31 0 0
1655 99 29 0 0
1656 80 9 0 0
1657 67 23 0 0
1658 78 19 0 0
1659 111 9 0 0
1660 86 15 0 0
1661 90 21 0 0
1662 69 10 0 0
1663 100 20 0 0
1664 119 33 0 0
1665 120 16 0 0
1666 99 6 0 0
1667 138 12 0 0
1668 105 15 0 0
1669 111 34 0 0
1670 127 40 0 0
1671 116 49 0 0
1672 123 22 0 0
1673 113 52 0 0
1674 110 27 0 0
1675 115 29 0 0
1676 120 28 0 0
1677 101 26 0 0
1678 136 48 0 0
1679 113 47 0 0
1680 109 59 0 0
1681 103 56 0 0
1682 131 37 0 0
1683 106 46 0 0
1684 107 55 0 0
1685 92 28 0 0
1686 108 56 0 0
1687 124 69 0 0
1688 105 60 0 0
1689 116 58 0 0
1690 80 82 0 0
1691 114 71 0 0
1692 77 78 0 0
1693 124 84 0 0
1694 138 67 0 0
1695 134 82 0 0
1696 110 66 0 0
1697 127 61 0 0
1698 100 61 0 0
1699 112 38 0 0
1700 92 57 0 0
1701 104 40 0 0
1702 108 43 0 0
1703 131 54 0 0
1704 100 37 0 0
1705 87 44 0 0
1706 111 54 0 0
1707 100 52 0 0
1708 109 54 0 0
1709 120 40 0 0
1710 112 39 0 0
1711 120 46 0 0
1712 136 37 0 0
1713 111 40 0 0
1714 109 34 0 0
1715 117 33 0 0
1716 136 50 0 0
1717 122 50 0 0
1718 160 49 0 0
1719 133 43 0 0
1720 115 53 0 0
1721 101 46 0 0
1722 126 57 0 0
1723 115 30 0 0
1724 108 58 0 0
1725 114 74 0 0
1726 125 47 0 0
1727 104 52 0 0
1728 116 56 0 0
1729 117 34 0 0
1730 85 35 0 0
1731 113 42 0 0
1732 88 42 0 0
1733 82 45 0 0
1734 94 44 0 0
1735 71 36 0 0
1736 106 28 0 0
1737 94 48 0 0
1738 88 54 0 0
1739 77 58 0 0
1740 90 61 0 0
1741 68 63 0 0
1742 68 52 0 0
1743 84 49 0 0
1744 99 55 0 0
1745 73 83 0 0
1746 68 67 0 0
1747 89 36 0 0
1748 73 35 0 0
1749 97 47 0 0
1750 103 46 0 0
1751 86 50 0 0
1752 98 64 0 0
1753 84 55 0 0
1754 109 62 0 0
1755 71 56 0 0
1756 78 57 0 0
1757 70 61 0 0
1758 84 62 0 0
1759 87 79 0 0
1760 91 74 0 0
1761 85 68 0 0
1762 83 69 0 0
1763 91 44 0 0
1764 66 56 0 0
1765 78 33 0 0
1766 91 29 0 0
1767 71 29 0 0
1768 59 25 0 0
1769 76 19 0 0
1770 90 9 0 0
1771 99 11 0 0
1772 100 25 0 0
1773 86 23 0 0
1774 101 40 0 0
1775 120 31 0 0
1776 98 13 0 0
1777 96 36 0 0
1778 107 16 0 0
1779 121 37 0 0
1780 103 20 0 0
1781 130 36 0 0
1782 122 26 0 0
1783 89 37 0 0
1784 75 26 0 0
1785 90 35 0 0
1786 80 40 0 0
1787 85 35 0 0
1788 72 34 0 0
1789 105 40 0 0
1790 86 38 0 0
1791 94 47 0 0
1792 100 46 0 0
1793 107 30 0 0
1794 83 44 0 0
1795 110 38 0 0
1796 78 38 0 0
1797 92 50 0 0
1798 89 40 0 0
1799 85 64 0 0
1800 117 41 0 0
1801 96 38 0 0
1802 89 33 0 0
1803 91 39 0 0
1804 87 43 0 0
1805 115 55 0 0
1806 74 31 0 0
1807 84 47 0 0
1808 90 38 0 0
1809 116 35 0 0
1810 96 45 0 0
1811 111 31 0 0
1812 110 29 0 0
1813 104 42 0 0
1814 103 38 0 0
1815 109 28 0 0
1816 95 32 0 0
1817 80 35 0 0
1818 84 30 0 0
1819 92 33 0 0
1820 74 30 0 0
1821 101 27 0 0
1822 76 33 0 0
1823 82 36 0 0
1824 89 28 0 0
1825 62 33 0 0
1826 75 22 0 0
1827 77 36 0 0
1828 104 32 0 0
1829 90 28 0 0
1830 85 36 0 0
1831 96 35 0 0
1832 94 29 0 0
1833 78 34 0 0
1834 93 18 0 0
1835 83 19 0 0
1836 70 22 0 0
1837 78 31 0 0
1838 94 28 0 0
1839 64 37 0 0
1840 104 30 0 0
1841 124 32 0 0
1842 85 28 0 0
1843 67 45 0 0
1844 93 31 0 0
1845 104 38 0 0
1846 99 13 0 0
1847 90 19 0 0
1848 83 26 0 0
1849 62 23 0 0
1850 82 18 0 0
1851 89 22 0 0
1852 76 32 0 0
1853 76 35 0 0
1854 84 35 0 0
1855 71 25 0 0
1856 83 27 0 0
1857 60 24 0 0
1858 67 22 0 0
1859 76 25 0 0
1860 86 22 0 0
1861 96 22 0 0
1862 134 27 0 0
1863 100 34 0 0
1864 98 26 0 0
1865 81 31 0 0
1866 96 39 0 0
1867 128 31 0 0
1868 153 38 0 0
1869 138 17 0 0
1870 121 30 0 0
1871 150 33 0 0
1872 132 21 0 0
1873 124 20 0 0
1874 130 27 0 0
1875 122 39 0 0
1876 111 33 0 0
1877 124 20 0 0
1878 148 29 0 0
1879 126 19 0 0
1880 132 26 0 0
1881 114 27 0 0
1882 135 30 0 0
1883 134 20 0 0
1884 145 29 0 0
1885 148 16 0 0
1886 129 13 0 0
1887 129 21 0 0
1888 140 13 0 0
1889 120 22 0 0
1890 100 25 0 0
1891 140 23 0 0
1892 109 16 0 0
1893 140 14 0 0
1894 155 16 0 0
1895 175 23 0 0
1896 148 29 0 0
1897 117 27 0 0
1898 121 11 0 0
1899 150 8 0 0
1900 171 18 0 0
1901 129 22 0 0
1902 127 18 0 0
1903 120 26 0 0
1904 147 19 0 0
1905 124 17 0 0
1906 110 15 0 0
1907 99 17 0 0
1908 82 17 0 0
1909 80 27 0 0
1910 67 24 0 0
1911 85 34 0 0
1912 112 28 0 0
1913 86 24 0 0
1914 81 27 0 0
1915 67 32 0 0
1916 88 31 0 0
1917 86 23 0 0
1918 85 35 0 0
1919 64 29 0 0
1920 93 17 0 0
1921 76 29 0 0
1922 82 25 0 0
1923 86 33 0 0
1924 77 31 0 0
1925 74 30 0 0
1926 85 27 0 0
1927 61 30 0 0
1928 69 12 0 0
1929 89 31 0 0
1930 90 21 0 0
1931 94 22 0 0
1932 117 9 0 0
1933 89 15 0 0
1934 85 37 0 0
1935 73 25 0 0
1936 94 14 0 0
1937 87 27 0 0
1938 90 33 0 0
1939 70 29 0 0
1940 59 21 0 0
1941 90 39 0 0
1942 80 29 0 0
1943 77 31 0 0
1944 99 30 0 0
1945 102 31 0 0
1946 79 33 0 0
1947 94 27 0 0
1948 100 30 0 0
1949 80 38 0 0
1950 78 30 0 0
1951 72 36 0 0
1952 69 48 0 0
1953 99 67 0 0
1954 72 64 0 0
1955 85 39 0 0
1956 79 35 0 0
1957 85 42 0 0
1958 71 42 0 0
1959 95 48 0 0
1960 75 59 0 0
1961 71 43 0 0
1962 87 41 0 0
1963 78 53 0 0
1964 89 39 0 0
1965 92 17 0 0
1966 115 13 0 0
1967 96 9 0 0
1968 78 10 0 0
1969 93 11 0 0
1970 87 12 0 0
1971 99 5 0 0
1972 98 41 0 0
1973 97 35 0 0
1974 97 12 0 0
1975 85 20 0 0
1976 92 36 0 0
1977 103 39 0 0
1978 97 30 0 0
1979 91 27 0 0
1980 81 32 0 0
1981 87 29 0 0
1982 83 23 0 0
1983 80 28 0 0
1984 91 35 0 0
1985 77 31 0 0
1986 55 17 0 0
1987 97 7 0 0
1988 98 11 0 0
1989 76 28 0 0
1990 59 45 0 0
1991 74 23 0 0
1992 72 36 0 0
1993 59 32 0 0
1994 80 33 0 0
1995 82 22 0 0
1996 72 26 0 0
1997 70 22 0 0
1998 56 14 0 0
1999 47 15 0 0
2000 77 22 0 0
2001 89 15 0 0
2002 48 24 0 0
2003 89 22 0 0
2004 93 9 0 0
2005 77 12 0 0
2006 94 16 0 0
2007 64 15 0 0
2008 75 20 0 0
2009 83 12 0 0
2010 68 10 0 0
2011 45 25 0 0
2012 42 18 0 0
2013 62 12 0 0
2014 55 22 0 0
2015 59 35 0 0
2016 33 22 0 0
2017 60 14 0 0
2018 36 13 0 0
2019 49 28 0 0
2020 42 43 0 0
2021 59 22 0 0
2022 40 26 0 0
2023 51 20 0 0
2024 47 18 0 0
2025 53 11 0 0
2026 62 13 0 0
2027 62 9 0 0
2028 53 10 0 0
2029 48 23 0 0
2030 41 26 0 0
2031 19 31 0 0
2032 43 34 0 0
2033 44 27 0 0
2034 58 10 0 0
2035 56 19 0 0
2036 62 9 0 0
2037 72 0 0 0
2038 68 10 0 0
2039 60 10 0 0
2040 51 19 0 0
2041 56 16 0 0
2042 54 4 0 0
2043 52 0 0 0
2044 61 0 0 0
2045 58 6 0 0
2046 62 6 0 0
2047 65 4 0 0
2048 55 1 0 0
2049 60 2 0 0
2050 56 1 0 0
2051 47 6 0 0
2052 54 22 0 0
2053 57 16 0 0
2054 54 1 0 0
2055 50 8 0 0
2056 51 3 0 0
2057 58 4 0 0
2058 47 23 0 0
2059 37 17 0 0
2060 39 9 0 0
2061 38 25 0 0
2062 44 13 0 0
2063 44 23 0 0
2064 37 21 0 0
2065 48 18 0 0
2066 22 17 0 0
2067 39 16 0 0
2068 33 29 0 0
2069 37 37 0 0
2070 31 18 0 0
2071 48 10 0 0
2072 30 15 0 0
2073 29 22 0 0
2074 34 21 0 0
2075 4 21 0 0
2076 22 31 0 0
2077 17 37 0 0
2078 37 15 0 0
2079 24 36 0 0
2080 36 35 0 0
2081 20 47 0 0
2082 22 27 0 0
2083 26 31 0 0
2084 25 20 0 0
2085 36 37 0 0
2086 20 27 0 0
2087 34 26 0 0
2088 32 28 0 0
2089 43 38 0 0
2090 33 33 0 0
2091 37 7 0 0
2092 27 8 0 0
2093 24 7 0 0
2094 38 12 0 0
2095 35 6 0 0
2096 32 23 0 0
2097 34 28 0 0
2098 31 19 0 0
2099 48 17 0 0
2100 4 87 0 0
2101 20 90 0 0
2102 5 96 0 0
2103 7 83 0 0
2104 7 79 0 0
2105 6 72 0 0
2106 8 63 0 0
2107 6 57 0 0
2108 6 80 0 0
2109 14 41 0 0
2110 11 66 0 0
2111 8 62 0 0
2112 8 32 0 0
2113 5 30 0 0
2114 5 21 0 0
2115 9 29 0 0
2116 6 31 0 0
2117 6 21 0 0
2118 8 39 0 0
2119 5 69 0 0
2120 9 83 0 0
2121 8 70 0 0
2122 5 82 0 0
2123 10 38 0 0
2124 8 44 0 0
2125 8 42 0 0
2126 8 54 0 0
2127 13 47 0 0
2128 7 19 0 0
2129 9 20 0 0
2130 5 39 0 0
2131 5 40 0 0
2132 5 33 0 0
2133 8 29 0 0
2134 10 45 0 0
2135 10 28 0 0
2136 6 44 0 0
2137 7 31 0 0
2138 19 3 0 0
2139 14 15 0 0
2140 11 12 0 0
2141 7 12 0 0
2142 9 3 0 0
2143 12 9 0 0
2144 20 8 0 0
2145 14 5 0 0
2146 15 17 0 0
2147 18 21 0 0
2148 24 11 0 0
2149 16 10 0 0
2150 16 5 0 0
2151 18 9 0 0
2152 26 18 0 0
2153 14 17 0 0
2154 19 37 0 0
2155 23 42 0 0
2156 21 37 0 0
2157 18 20 0 0
2158 13 8 0 0
2159 16 8 0 0
2160 15 18 0 0
2161 15 11 0 0
2162 16 16 0 0
2163 21 18 0 0
2164 21 11 0 0
2165 16 17 0 0
2166 5 11 0 0
2167 20 24 0 0
2168 15 9 0 0
2169 28 12 0 0
2170 20 33 0 0
2171 17 12 0 0
2172 19 30 0 0
2173 30 17 0 0
2174 20 22 0 0
2175 21 39 0 0
2176 22 21 0 0
2177 18 17 0 0
2178 19 6 0 0
2179 19 16 0 0
2180 26 24 0 0
2181 16 30 0 0
2182 15 26 0 0
2183 25 22 0 0
2184 26 9 0 0
2185 27 33 0 0
2186 18 16 0 0
2187 22 21 0 0
2188 15 31 0 0
2189 25 44 0 0
2190 26 13 0 0
2191 27 12 0 0
2192 18 20 0 0
2193 25 22 0 0
2194 17 21 0 0
2195 21 12 0 0
2196 23 13 0 0
2197 27 12 0 0
2198 15 21 0 0
2199 20 21 0 0
2200 26 9 0 0
2201 40 14 0 0
2202 23 16 0 0
2203 22 13 0 0
2204 17 22 0 0
2205 29 17 0 0
2206 22 17 0 0
2207 22 10 0 0
2208 22 9 0 0
2209 21 15 0 0
2210 23 21 0 0
2211 34 19 0 0
2212 33 6 0 0
2213 29 16 0 0
2214 33 19 0 0
2215 17 13 0 0
2216 31 14 0 0
2217 32 18 0 0
2218 21 11 0 0
2219 23 35 0 0
2220 21 3 0 0
2221 35 17 0 0
2222 25 24 0 0
2223 28 29 0 0
2224 14 26 0 0
2225 24 40 0 0
2226 20 45 0 0
2227 19 42 0 0
2228 27 48 0 0
2229 18 49 0 0
2230 17 42 0 0
2231 22 38 0 0
2232 36 54 0 0
2233 25 45 0 0
2234 32 44 0 0
2235 26 42 0 0
2236 33 44 0 0
2237 21 43 0 0
2238 30 43 0 0
2239 22 44 0 0
2240 17 42 0 0
2241 19 39 0 0
2242 35 46 0 0
2243 25 36 0 0
2244 27 39 0 0
2245 20 54 0 0
2246 20 49 0 0
2247 19 61 0 0
2248 36 51 0 0
2249 28 45 0 0
2250 15 51 0 0
2251 26 56 0 0
2252 24 38 0 0
2253 17 42 0 0
2254 23 58 0 0
2255 23 50 0 0
2256 22 57 0 0
2257 12 58 0 0
2258 22 40 0 0
2259 15 45 0 0
2260 22 45 0 0
2261 21 45 0 0
2262 22 46 0 0
2263 21 42 0 0
2264 23 41 0 0
2265 26 44 0 0
2266 19 42 0 0
2267 18 40 0 0
2268 23 42 0 0
2269 19 46 0 0
2270 24 27 0 0
2271 20 36 0 0
2272 14 33 0 0
2273 13 37 0 0
2274 17 60 0 0
2275 21 40 0 0
2276 17 36 0 0
2277 18 46 0 0
2278 17 30 0 0
2279 18 49 0 0
2280 17 33 0 0
2281 22 39 0 0
2282 18 24 0 0
2283 15 35 0 0
2284 25 31 0 0
2285 24 39 0 0
2286 19 33 0 0
2287 33 27 0 0
2288 21 39 0 0
2289 30 31 0 0
2290 24 30 0 0
2291 21 37 0 0
2292 22 31 0 0
2293 17 40 0 0
2294 19 38 0 0
2295 19 30 0 0
2296 23 34 0 0
2297 14 26 0 0
2298 20 38 0 0
2299 22 42 0 0
2300 20 20 0 0
2301 28 31 0 0
2302 14 33 0 0
2303 19 18 0 0
2304 18 38 0 0
2305 20 37 0 0
2306 19 34 0 0
2307 20 43 0 0
2308 26 35 0 0
2309 18 41 0 0
2310 26 36 0 0
2311 7 34 0 0
2312 16 44 0 0
2313 11 26 0 0
2314 23 34 0 0
2315 9 47 0 0
2316 19 40 0 0
2317 10 53 0 0
2318 9 50 0 0
2319 9 54 0 0
2320 5 54 0 0
2321 5 41 0 0
2322 8 51 0 0
2323 4 26 0 0
2324 4 36 0 0
2325 6 33 0 0
2326 6 28 0 0
2327 15 40 0 0
2328 19 33 0 0
2329 12 31 0 0
2330 11 41 0 0
2331 8 20 0 0
2332 9 43 0 0
2333 5 42 0 0
2334 10 52 0 0
2335 12 33 0 0
2336 11 29 0 0
2337 8 27 0 0
2338 11 27 0 0
2339 12 38 0 0
2340 8 32 0 0
2341 10 35 0 0
2342 10 25 0 0
2343 12 23 0 0
2344 8 50 0 0
2345 13 44 0 0
2346 9 57 0 0
2347 8 23 0 0
2348 8 32 0 0
2349 9 36 0 0
2350 8 30 0 0
2351 11 26 0 0
2352 4 29 0 0
2353 10 30 0 0
2354 8 26 0 0
2355 6 32 0 0
2356 37 24 0 0
2357 40 23 0 0
2358 32 32 0 0
2359 32 28 0 0
2360 64 45 0 0
2361 36 34 0 0
2362 47 33 0 0
2363 54 42 0 0
2364 55 37 0 0
2365 54 33 0 0
2366 42 12 0 0
2367 53 24 0 0
2368 59 25 0 0
2369 56 22 0 0
2370 42 24 0 0
2371 45 28 0 0
2372 43 22 0 0
2373 61 39 0 0
2374 57 30 0 0
2375 61 25 0 0
2376 47 24 0 0
2377 64 26 0 0
2378 80 31 0 0
2379 56 22 0 0
2380 63 31 0 0
2381 43 35 0 0
2382 47 31 0 0
2383 40 18 0 0
2384 54 12 0 0
2385 53 37 0 0
2386 83 33 0 0
2387 86 28 0 0
2388 64 28 0 0
2389 71 39 0 0
2390 73 44 0 0
2391 61 48 0 0
2392 51 52 0 0
2393 94 38 0 0
2394 68 25 0 0
2395 60 25 0 0
2396 88 40 0 0
2397 32 40 0 0
2398 78 32 0 0
2399 56 33 0 0
2400 53 35 0 0
2401 79 24 0 0
2402 80 29 0 0
2403 64 34 0 0
2404 64 36 0 0
2405 54 34 0 0
2406 38 46 0 0
2407 79 25 0 0
2408 48 17 0 0
2409 45 24 0 0
2410 47 22 0 0
2411 35 25 0 0
2412 73 24 0 0
2413 39 25 0 0
2414 30 20 0 0
2415 42 13 0 0
2416 45 15 0 0
2417 39 14 0 0
2418 39 6 0 0
2419 39 19 0 0
2420 37 20 0 0
2421 31 17 0 0
2422 40 23 0 0
2423 41 7 0 0
2424 40 25 0 0
2425 42 23 0 0
2426 53 24 0 0
2427 54 23 0 0
2428 37 21 0 0
2429 86 15 0 0
2430 49 28 0 0
2431 81 36 0 0
2432 48 30 0 0
2433 50 26 0 0
2434 53 28 0 0
2435 46 17 0 0
2436 55 28 0 0
2437 70 18 0 0
2438 35 27 0 0
2439 55 25 0 0
2440 28 24 0 0
2441 45 33 0 0
2442 52 39 0 0
2443 49 21 0 0
2444 59 25 0 0
2445 69 39 0 0
2446 73 31 0 0
2447 58 29 0 0
2448 46 38 0 0
2449 68 39 0 0
2450 60 40 0 0
2451 47 29 0 0
2452 58 29 0 0
2453 56 21 0 0
2454 69 24 0 0
2455 59 27 0 0
2456 39 31 0 0
2457 42 26 0 0
2458 81 33 0 0
2459 69 28 0 0
2460 64 23 0 0
2461 51 23 0 0
2462 46 31 0 0
2463 27 29 0 0
2464 26 28 0 0
2465 55 31 0 0
2466 75 25 0 0
2467 71 24 0 0
2468 47 24 0 0
2469 59 27 0 0
2470 60 28 0 0
2471 36 31 0 0
2472 56 23 0 0
2473 46 23 0 0
2474 37 15 0 0
2475 56 10 0 0
2476 50 19 0 0
2477 46 14 0 0
2478 35 32 0 0
2479 31 16 0 0
2480 26 31 0 0
2481 36 13 0 0
2482 23 31 0 0
2483 38 28 0 0
2484 38 24 0 0
2485 51 30 0 0
2486 48 25 0 0
2487 36 16 0 0
2488 37 22 0 0
2489 32 29 0 0
2490 25 11 0 0
2491 25 23 0 0
2492 26 19 0 0
2493 25 24 0 0
2494 25 20 0 0
2495 25 28 0 0
2496 29 29 0 0
2497 16 24 0 0
2498 28 18 0 0
2499 28 25 0 0
2500 23 24 0 0
2501 19 28 0 0
2502 21 32 0 0
2503 26 41 0 0
2504 24 37 0 0
2505 27 30 0 0
2506 15 26 0 0
2507 18 20 0 0
2508 31 7 0 0
2509 30 31 0 0
2510 28 51 0 0
2511 26 28 0 0
2512 24 30 0 0
2513 31 20 0 0
2514 35 22 0 0
2515 50 42 0 0
2516 35 25 0 0
2517 42 41 0 0
2518 39 33 0 0
2519 27 35 0 0
2520 33 38 0 0
2521 35 37 0 0
2522 55 30 0 0
2523 36 42 0 0
2524 48 33 0 0
2525 40 41 0 0
2526 50 45 0 0
2527 39 29 0 0
2528 51 44 0 0
2529 55 50 0 0
2530 43 25 0 0
2531 44 39 0 0
2532 54 39 0 0
2533 40 38 0 0
2534 38 34 0 0
2535 36 41 0 0
2536 46 32 0 0
2537 47 33 0 0
2538 41 41 0 0
2539 38 32 0 0
2540 36 36 0 0
2541 40 26 0 0
2542 48 35 0 0
2543 62 49 0 0
2544 33 52 0 0
2545 38 58 0 0
2546 31 52 0 0
2547 36 54 0 0
2548 50 44 0 0
2549 49 32 0 0
2550 46 34 0 0
2551 42 31 0 0
2552 47 48 0 0
2553 41 39 0 0
2554 47 30 0 0
2555 43 30 0 0
2556 39 33 0 0
2557 44 44 0 0
2558 42 51 0 0
2559 41 45 0 0
2560 46 39 0 0
2561 41 35 0 0
2562 46 21 0 0
2563 62 26 0 0
2564 42 29 0 0
2565 45 30 0 0
2566 40 31 0 0
2567 41 43 0 0
2568 44 29 0 0
2569 48 26 0 0
2570 43 38 0 0
2571 44 30 0 0
2572 46 31 0 0
2573 38 31 0 0
2574 44 36 0 0
2575 42 36 0 0
2576 45 33 0 0
2577 51 25 0 0
2578 50 25 0 0
2579 43 38 0 0
2580 36 16 0 0
2581 47 25 0 0
2582 40 30 0 0
2583 43 31 0 0
2584 46 26 0 0
2585 48 37 0 0
2586 47 29 0 0
2587 40 30 0 0
2588 60 32 0 0
2589 52 29 0 0
2590 51 28 0 0
2591 44 36 0 0
2592 48 25 0 0
2593 45 32 0 0
2594 32 32 0 0
2595 37 32 0 0
2596 53 23 0 0
2597 42 22 0 0
2598 40 19 0 0
2599 51 33 0 0
2600 50 25 0 0
2601 49 27 0 0
2602 49 31 0 0
2603 37 28 0 0
2604 46 25 0 0
2605 56 31 0 0
2606 34 30 0 0
2607 41 22 0 0
2608 43 31 0 0
2609 43 17 0 0
2610 54 41 0 0
2611 49 40 0 0
2612 52 37 0 0
2613 39 41 0 0
2614 44 36 0 0
2615 40 26 0 0
2616 43 23 0 0
2617 41 32 0 0
2618 40 36 0 0
2619 45 29 0 0
2620 44 45 0 0
2621 35 38 0 0
2622 43 25 0 0
2623 47 30 0 0
2624 41 43 0 0
2625 36 27 0 0
2626 51 45 0 0
2627 50 43 0 0
2628 36 37 0 0
2629 43 34 0 0
2630 51 42 0 0
2631 36 35 0 0
2632 59 50 0 0
2633 53 48 0 0
2634 34 39 0 0
2635 37 41 0 0
2636 54 40 0 0
2637 37 41 0 0
2638 39 47 0 0
2639 36 46 0 0
2640 39 37 0 0
2641 32 35 0 0
2642 41 35 0 0
2643 42 68 0 0
2644 49 58 0 0
2645 38 37 0 0
2646 40 32 0 0
2647 55 38 0 0
2648 35 45 0 0
2649 41 53 0 0
2650 50 48 0 0
2651 51 40 0 0
2652 41 37 0 0
2653 48 52 0 0
2654 56 31 0 0
2655 51 41 0 0
2656 36 50 0 0
2657 57 40 0 0
2658 49 25 0 0
2659 46 33 0 0
2660 35 28 0 0
2661 45 25 0 0
2662 40 30 0 0
2663 44 27 0 0
2664 55 20 0 0
2665 44 20 0 0
2666 44 20 0 0
2667 38 33 0 0
2668 52 17 0 0
2669 46 41 0 0
2670 54 31 0 0
2671 41 22 0 0
2672 49 32 0 0
2673 53 17 0 0
2674 41 20 0 0
2675 57 32 0 0
2676 48 36 0 0
2677 52 24 0 0
2678 43 14 0 0
2679 38 23 0 0
2680 43 29 0 0
2681 50 20 0 0
2682 29 23 0 0
2683 27 31 0 0
2684 22 22 0 0
2685 35 22 0 0
2686 47 39 0 0
2687 39 12 0 0
2688 40 12 0 0
2689 41 17 0 0
2690 44 12 0 0
2691 44 20 0 0
2692 44 6 0 0
2693 40 11 0 0
2694 45 5 0 0
2695 44 11 0 0
2696 46 8 0 0
2697 41 7 0 0
2698 32 6 0 0
2699 41 3 0 0
2700 43 10 0 0
2701 34 1 0 0
2702 43 11 0 0
2703 31 4 0 0
2704 42 9 0 0
2705 32 29 0 0
2706 43 14 0 0
2707 56 18 0 0
2708 62 12 0 0
2709 50 14 0 0
2710 59 12 0 0
2711 47 2 0 0
2712 40 18 0 0
2713 41 1 0 0
2714 37 4 0 0
2715 43 1 0 0
2716 22 3 0 0
2717 50 8 0 0
2718 53 0 0 0
2719 39 5 0 0
2720 32 2 0 0
2721 29 6 0 0
2722 43 12 0 0
2723 44 5 0 0
2724 58 8 0 0
2725 54 0 0 0
2726 35 7 0 0
2727 41 19 0 0
2728 32 19 0 0
2729 44 11 0 0
2730 59 5 0 0
2731 36 7 0 0
2732 34 8 0 0
2733 49 12 0 0
2734 35 30 0 0
2735 46 16 0 0
2736 51 13 0 0
2737 43 45 0 0
2738 40 41 0 0
2739 48 34 0 0
2740 71 43 0 0
2741 59 36 0 0
2742 45 48 0 0
2743 38 39 0 0
2744 89 24 0 0
2745 64 37 0 0
2746 76 45 0 0
2747 83 47 0 0
2748 41 13 0 0
2749 58 25 0 0
2750 50 17 0 0
2751 47 21 0 0
2752 47 24 0 0
2753 44 16 0 0
2754 52 12 0 0
2755 47 25 0 0
2756 45 31 0 0
2757 46 39 0 0
2758 46 49 0 0
2759 47 31 0 0
2760 53 33 0 0
2761 31 32 0 0
2762 44 28 0 0
2763 39 36 0 0
2764 48 39 0 0
2765 53 41 0 0
2766 46 46 0 0
2767 48 45 0 0
2768 36 48 0 0
2769 41 31 0 0
2770 41 34 0 0
2771 49 41 0 0
2772 52 52 0 0
2773 56 38 0 0
2774 50 44 0 0
2775 45 41 0 0
2776 41 42 0 0
2777 38 28 0 0
2778 38 33 0 0
2779 48 32 0 0
2780 62 30 0 0
2781 43 32 0 0
2782 35 44 0 0
2783 50 37 0 0
2784 50 45 0 0
2785 37 43 0 0
2786 40 42 0 0
2787 43 37 0 0
2788 40 33 0 0
2789 48 40 0 0
2790 42 37 0 0
2791 43 38 0 0
2792 40 38 0 0
2793 41 41 0 0
2794 48 35 0 0
2795 52 32 0 0
2796 45 24 0 0
2797 45 28 0 0
2798 42 43 0 0
2799 46 35 0 0
2800 154 24 0 0
2801 124 30 0 0
2802 122 24 0 0
2803 130 22 0 0
2804 137 28 0 0
2805 142 32 0 0
2806 110 16 0 0
2807 153 26 0 0
2808 136 22 0 0
2809 152 23 0 0
2810 128 24 0 0
2811 162 26 0 0
2812 110 28 0 0
2813 151 19 0 0
2814 130 25 0 0
2815 147 33 0 0
2816 168 19 0 0
2817 159 22 0 0
2818 187 25 0 0
2819 136 27 0 0
2820 141 23 0 0
2821 166 22 0 0
2822 156 20 0 0
2823 141 34 0 0
2824 169 22 0 0
2825 147 22 0 0
2826 181 29 0 0
2827 150 24 0 0
2828 156 23 0 0
2829 168 17 0 0
2830 177 28 0 0
2831 153 28 0 0
2832 139 18 0 0
2833 154 18 0 0
2834 203 26 0 0
2835 149 14 0 0
2836 184 23 0 0
2837 183 16 0 0
2838 171 18 0 0
2839 210 24 0 0
2840 203 31 0 0
2841 198 23 0 0
2842 167 23 0 0
2843 120 23 0 0
2844 116 31 0 0
2845 126 27 0 0
2846 155 41 0 0
2847 171 32 0 0
2848 168 25 0 0
2849 164 17 0 0
2850 156 20 0 0
2851 135 24 0 0
2852 147 30 0 0
2853 149 23 0 0
2854 168 26 0 0
2855 150 22 0 0
2856 160 23 0 0
2857 181 25 0 0
2858 173 19 0 0
2859 155 22 0 0
2860 170 32 0 0
2861 147 34 0 0
2862 167 34 0 0
2863 121 32 0 0
2864 141 32 0 0
2865 139 30 0 0
2866 142 32 0 0
2867 119 35 0 0
2868 137 34 0 0
2869 106 35 0 0
2870 156 25 0 0
2871 115 27 0 0
2872 133 36 0 0
2873 129 26 0 0
2874 128 29 0 0
2875 131 26 0 0
2876 153 25 0 0
2877 133 24 0 0
2878 130 33 0 0
2879 130 24 0 0
2880 126 25 0 0
2881 133 22 0 0
2882 99 41 0 0
2883 89 29 0 0
2884 126 27 0 0
2885 109 32 0 0
2886 101 31 0 0
2887 131 22 0 0
2888 136 23 0 0
2889 134 30 0 0
2890 100 31 0 0
2891 106 30 0 0
2892 116 31 0 0
2893 102 29 0 0
2894 114 36 0 0
2895 106 26 0 0
2896 133 30 0 0
2897 111 25 0 0
2898 119 37 0 0
2899 148 25 0 0
2900 130 25 0 0
2901 162 32 0 0
2902 113 13 0 0
2903 103 29 0 0
2904 110 26 0 0
2905 121 36 0 0
2906 141 33 0 0
2907 127 29 0 0
2908 131 24 0 0
2909 157 37 0 0
2910 188 28 0 0
2911 198 39 0 0
2912 123 30 0 0
2913 149 36 0 0
2914 139 27 0 0
2915 135 35 0 0
2916 118 52 0 0
2917 108 58 0 0
2918 127 45 0 0
2919 122 35 0 0
2920 150 26 0 0
2921 109 40 0 0
2922 111 31 0 0
2923 118 31 0 0
2924 117 52 0 0
2925 133 53 0 0
2926 123 37 0 0
2927 125 36 0 0
2928 133 28 0 0
2929 129 46 0 0
2930 102 68 0 0
2931 125 46 0 0
2932 130 42 0 0
2933 132 37 0 0
2934 134 40 0 0
2935 145 37 0 0
2936 105 31 0 0
2937 123 37 0 0
2938 117 36 0 0
2939 99 50 0 0
2940 120 41 0 0
2941 127 25 0 0
2942 111 37 0 0
2943 133 41 0 0
2944 125 39 0 0
2945 133 38 0 0
2946 95 44 0 0
2947 108 46 0 0
2948 134 43 0 0
2949 106 41 0 0
2950 123 36 0 0
2951 103 34 0 0
2952 106 34 0 0
2953 179 36 0 0
2954 188 36 0 0
2955 169 31 0 0
2956 147 39 0 0
2957 148 46 0 0
2958 117 34 0 0
2959 125 45 0 0
2960 112 34 0 0
2961 118 32 0 0
2962 145 36 0 0
2963 117 26 0 0
2964 137 23 0 0
2965 121 33 0 0
2966 127 32 0 0
2967 163 35 0 0
2968 137 26 0 0
2969 132 37 0 0
2970 159 37 0 0
2971 145 35 0 0
2972 162 35 0 0
2973 137 39 0 0
2974 102 26 0 0
2975 128 38 0 0
2976 105 24 0 0
2977 135 16 0 0
2978 125 32 0 0
2979 132 44 0 0
2980 148 57 0 0
2981 139 36 0 0
2982 171 42 0 0
2983 131 41 0 0
2984 128 51 0 0
2985 169 54 0 0
2986 167 38 0 0
2987 165 42 0 0
2988 186 65 0 0
2989 144 41 0 0
2990 164 46 0 0
2991 153 51 0 0
2992 133 39 0 0
2993 139 47 0 0
2994 127 44 0 0
2995 148 52 0 0
2996 109 36 0 0
2997 98 47 0 0
2998 94 38 0 0
2999 92 52 0 0
3000 86 34 0 0
3001 92 30 0 0
3002 101 20 0 0
3003 83 32 0 0
3004 97 40 0 0
3005 71 18 0 0
3006 75 41 0 0
3007 71 43 0 0
3008 94 34 0 0
3009 87 27 0 0
3010 88 17 0 0
3011 78 33 0 0
3012 100 27 0 0
3013 106 24 0 0
3014 75 24 0 0
3015 78 13 0 0
3016 84 41 0 0
3017 83 31 0 0
3018 90 32 0 0
3019 83 25 0 0
3020 84 35 0 0
3021 78 34 0 0
3022 68 35 0 0
3023 72 24 0 0
3024 72 30 0 0
3025 57 40 0 0
3026 78 47 0 0
3027 77 45 0 0
3028 72 48 0 0
3029 81 42 0 0
3030 69 28 0 0
3031 122 29 0 0
3032 80 44 0 0
3033 112 43 0 0
3034 96 56 0 0
3035 94 42 0 0
3036 102 40 0 0
3037 100 44 0 0
3038 105 36 0 0
3039 100 38 0 0
3040 86 33 0 0
3041 93 31 0 0
3042 94 31 0 0
3043 89 40 0 0
3044 75 42 0 0
3045 83 34 0 0
3046 88 37 0 0
3047 104 26 0 0
3048 75 27 0 0
3049 89 30 0 0
3050 116 30 0 0
3051 96 45 0 0
3052 135 34 0 0
3053 110 28 0 0
3054 116 26 0 0
3055 135 27 0 0
3056 126 32 0 0
3057 107 35 0 0
3058 134 45 0 0
3059 117 32 0 0
3060 86 26 0 0
3061 82 28 0 0
3062 125 22 0 0
3063 99 30 0 0
3064 100 9 0 0
3065 94 31 0 0
3066 88 36 0 0
3067 118 19 0 0
3068 105 17 0 0
3069 121 26 0 0
3070 130 31 0 0
3071 108 27 0 0
3072 128 31 0 0
3073 89 24 0 0
3074 115 23 0 0
3075 120 24 0 0
3076 83 34 0 0
3077 95 27 0 0
3078 106 19 0 0
3079 99 26 0 0
3080 155 19 0 0
3081 125 20 0 0
3082 117 32 0 0
3083 139 23 0 0
3084 134 28 0 0
3085 129 35 0 0
3086 133 21 0 0
3087 141 27 0 0
3088 110 21 0 0
3089 148 34 0 0
3090 95 28 0 0
3091 112 28 0 0
3092 133 20 0 0
3093 96 20 0 0
3094 100 17 0 0
3095 104 14 0 0
3096 140 18 0 0
3097 114 22 0 0
3098 110 18 0 0
3099 129 5 0 0
3100 112 18 0 0
3101 121 29 0 0
3102 111 22 0 0
3103 119 34 0 0
3104 108 25 0 0
3105 101 23 0 0
3106 103 25 0 0
3107 112 26 0 0
3108 139 25 0 0
3109 102 22 0 0
3110 94 27 0 0
3111 121 30 0 0
3112 80 28 0 0
3113 88 31 0 0
3114 137 29 0 0
3115 111 24 0 0
3116 104 32 0 0
3117 105 20 0 0
3118 109 19 0 0
3119 111 18 0 0
3120 100 18 0 0
3121 100 38 0 0
3122 94 29 0 0
3123 84 26 0 0
3124 117 22 0 0
3125 129 27 0 0
3126 124 21 0 0
3127 113 31 0 0
3128 97 32 0 0
3129 107 28 0 0
3130 110 26 0 0
3131 100 42 0 0
3132 104 30 0 0
3133 100 35 0 0
3134 118 39 0 0
3135 145 25 0 0
3136 100 25 0 0
3137 109 28 0 0
3138 124 17 0 0
3139 157 21 0 0
3140 101 28 0 0
3141 158 31 0 0
3142 128 31 0 0
3143 102 39 0 0
3144 99 38 0 0
3145 132 34 0 0
3146 104 36 0 0
3147 111 25 0 0
3148 107 20 0 0
3149 94 30 0 0
3150 96 26 0 0
3151 98 24 0 0
3152 108 24 0 0
3153 99 39 0 0
3154 99 35 0 0
3155 77 19 0 0
3156 82 32 0 0
3157 119 29 0 0
3158 97 31 0 0
3159 112 26 0 0
3160 87 27 0 0
3161 106 26 0 0
3162 110 24 0 0
3163 87 23 0 0
3164 104 37 0 0
3165 88 34 0 0
3166 114 28 0 0
3167 95 19 0 0
3168 90 34 0 0
3169 122 23 0 0
3170 90 30 0 0
3171 88 26 0 0
3172 106 31 0 0
3173 100 44 0 0
3174 115 34 0 0
3175 115 32 0 0
3176 135 40 0 0
3177 130 31 0 0
3178 145 29 0 0
3179 134 29 0 0
3180 90 33 0 0
3181 94 30 0 0
3182 88 37 0 0
3183 91 34 0 0
3184 99 20 0 0
3185 121 31 0 0
3186 91 30 0 0
3187 87 26 0 0
3188 112 33 0 0
3189 89 23 0 0
3190 101 24 0 0
3191 99 33 0 0
3192 101 26 0 0
3193 131 25 0 0
3194 110 28 0 0
3195 106 31 0 0
3196 108 22 0 0
3197 91 20 0 0
3198 106 20 0 0
3199 107 19 0 0
3200 75 25 0 0
3201 91 23 0 0
3202 90 32 0 0
3203 105 29 0 0
3204 96 20 0 0
3205 100 21 0 0
3206 109 36 0 0
3207 89 22 0 0
3208 93 22 0 0
3209 105 19 0 0
3210 125 24 0 0
3211 101 33 0 0
3212 111 28 0 0
3213 91 29 0 0
3214 101 25 0 0
3215 72 35 0 0
3216 119 25 0 0
3217 120 41 0 0
3218 114 36 0 0
3219 118 34 0 0
3220 111 40 0 0
3221 95 23 0 0
3222 91 35 0 0
3223 127 35 0 0
3224 124 35 0 0
3225 113 25 0 0
3226 115 29 0 0
3227 105 45 0 0
3228 113 30 0 0
3229 91 33 0 0
3230 120 50 0 0
3231 127 36 0 0
3232 117 43 0 0
3233 105 51 0 0
3234 131 31 0 0
3235 85 34 0 0
3236 153 40 0 0
3237 107 48 0 0
3238 116 42 0 0
3239 97 34 0 0
3240 88 34 0 0
3241 86 36 0 0
3242 105 31 0 0
3243 100 43 0 0
3244 119 51 0 0
3245 92 35 0 0
3246 118 28 0 0
3247 108 20 0 0
3248 100 32 0 0
3249 104 41 0 0
3250 107 41 0 0
3251 102 30 0 0
3252 107 42 0 0
3253 108 24 0 0
3254 97 31 0 0
3255 120 50 0 0
3256 106 48 0 0
3257 95 38 0 0
3258 123 15 0 0
3259 81 18 0 0
3260 114 30 0 0
3261 93 20 0 0
3262 101 37 0 0
3263 117 39 0 0
3264 114 35 0 0
3265 125 24 0 0
3266 109 30 0 0
3267 96 29 0 0
3268 100 46 0 0
3269 82 23 0 0
3270 96 18 0 0
3271 103 20 0 0
3272 112 21 0 0
3273 110 20 0 0
3274 79 14 0 0
3275 91 20 0 0
3276 103 18 0 0
3277 110 23 0 0
3278 114 27 0 0
3279 98 31 0 0
3280 70 23 0 0
3281 116 44 0 0
3282 94 54 0 0
3283 93 40 0 0
3284 132 44 0 0
3285 124 45 0 0
3286 85 47 0 0
3287 91 57 0 0
3288 102 41 0 0
3289 100 45 0 0
3290 77 43 0 0
3291 97 37 0 0
3292 100 51 0 0
3293 93 42 0 0
3294 104 55 0 0
3295 103 38 0 0
3296 103 57 0 0
3297 107 50 0 0
3298 93 45 0 0
3299 110 57 0 0
3300 118 42 0 0
3301 102 48 0 0
3302 126 60 0 0
3303 110 63 0 0
3304 113 51 0 0
3305 86 41 0 0
3306 83 50 0 0
3307 111 59 0 0
3308 88 57 0 0
3309 106 47 0 0
3310 92 46 0 0
3311 96 48 0 0
3312 85 57 0 0
3313 128 57 0 0
3314 86 44 0 0
3315 97 43 0 0
3316 120 53 0 0
3317 89 49 0 0
3318 99 51 0 0
3319 88 55 0 0
3320 104 57 0 0
3321 93 59 0 0
3322 119 57 0 0
3323 94 52 0 0
3324 115 47 0 0
3325 94 59 0 0
3326 105 57 0 0
3327 126 65 0 0
3328 114 61 0 0
3329 127 66 0 0
3330 112 66 0 0
3331 160 51 0 0
3332 120 71 0 0
3333 145 55 0 0
3334 123 59 0 0
3335 113 56 0 0
3336 80 47 0 0
3337 119 58 0 0
3338 98 50 0 0
3339 112 62 0 0
3340 95 40 0 0
3341 124 58 0 0
3342 106 61 0 0
3343 118 55 0 0
3344 119 66 0 0
3345 112 73 0 0
3346 116 46 0 0
3347 101 50 0 0
3348 109 56 0 0
3349 93 43 0 0
3350 131 56 0 0
3351 116 54 0 0
3352 142 51 0 0
3353 126 55 0 0
3354 92 49 0 0
3355 139 62 0 0
3356 123 61 0 0
3357 114 53 0 0
3358 124 67 0 0
3359 111 49 0 0
3360 128 56 0 0
3361 110 57 0 0
3362 104 56 0 0
3363 107 52 0 0
3364 164 63 0 0
3365 143 55 0 0
3366 142 60 0 0
3367 151 50 0 0
3368 132 60 0 0
3369 142 64 0 0
3370 145 47 0 0
3371 109 59 0 0
3372 112 54 0 0
3373 129 55 0 0
3374 93 65 0 0
3375 127 53 0 0
3376 110 56 0 0
3377 125 61 0 0
3378 113 48 0 0
3379 132 62 0 0
3380 137 52 0 0
3381 94 53 0 0
3382 114 48 0 0
3383 117 50 0 0
3384 122 35 0 0
3385 113 51 0 0
3386 124 43 0 0
3387 131 60 0 0
3388 147 96 0 0
3389 120 70 0 0
3390 111 90 0 0
3391 147 67 0 0
3392 179 56 0 0
3393 152 69 0 0
3394 157 69 0 0
3395 152 54 0 0
3396 176 47 0 0
3397 139 47 0 0
3398 122 38 0 0
3399 110 56 0 0
3400 125 48 0 0
3401 98 43 0 0
3402 85 55 0 0
3403 97 46 0 0
3404 90 46 0 0
3405 93 52 0 0
3406 79 62 0 0
3407 105 47 0 0
3408 115 45 0 0
3409 101 42 0 0
3410 112 68 0 0
3411 113 49 0 0
3412 162 41 0 0
3413 129 29 0 0
3414 174 46 0 0
3415 138 45 0 0
3416 148 46 0 0
3417 93 41 0 0
3418 144 42 0 0
3419 148 38 0 0
3420 112 43 0 0
3421 100 28 0 0
3422 134 25 0 0
3423 120 51 0 0
3424 105 23 0 0
3425 109 24 0 0
3426 115 21 0 0
3427 120 18 0 0
3428 97 35 0 0
3429 114 32 0 0
3430 91 30 0 0
3431 82 21 0 0
3432 151 28 0 0
3433 102 43 0 0
3434 69 28 0 0
3435 113 32 0 0
3436 96 18 0 0
3437 100 20 0 0
3438 93 30 0 0
3439 100 24 0 0
3440 95 28 0 0
3441 119 31 0 0
3442 104 33 0 0
3443 96 23 0 0
3444 74 24 0 0
3445 77 33 0 0
3446 102 34 0 0
3447 108 34 0 0
3448 105 27 0 0
3449 104 25 0 0
3450 102 22 0 0
3451 122 18 0 0
3452 125 30 0 0
3453 138 37 0 0
3454 127 25 0 0
3455 147 20 0 0
3456 132 9 0 0
3457 172 11 0 0
3458 124 20 0 0
3459 128 24 0 0
3460 141 18 0 0
3461 140 18 0 0
3462 117 23 0 0
3463 106 20 0 0
3464 98 30 0 0
3465 107 27 0 0
3466 97 27 0 0
3467 105 29 0 0
3468 130 33 0 0
3469 106 37 0 0
3470 116 19 0 0
3471 113 11 0 0
3472 109 24 0 0
3473 122 15 0 0
3474 100 17 0 0
3475 100 26 0 0
3476 98 29 0 0
3477 125 41 0 0
3478 135 54 0 0
3479 112 48 0 0
3480 133 43 0 0
3481 114 47 0 0
3482 109 48 0 0
3483 123 53 0 0
3484 132 53 0 0
3485 129 44 0 0
3486 86 53 0 0
3487 124 34 0 0
3488 113 42 0 0
3489 136 59 0 0
3490 102 32 0 0
3491 141 30 0 0
3492 106 46 0 0
3493 149 40 0 0
3494 120 40 0 0
3495 121 55 0 0
3496 115 54 0 0
3497 143 57 0 0
3498 145 52 0 0
3499 93 49 0 0
