# #DNA 112-116,179-183
# #Frame H2A H2B H3 H4 (contacts)
0 182 0 0 0
1 175 0 0 0
2 148 0 0 0
3 150 0 0 0
4 155 0 0 0
5 169 0 0 0
6 165 0 0 0
7 174 0 0 0
8 153 0 0 0
9 138 0 0 0
10 115 0 0 0
11 141 0 0 0
12 132 0 0 0
13 111 0 0 0
14 136 0 0 0
15 114 0 0 0
16 132 0 0 0
17 167 0 0 0
18 153 0 0 0
19 162 0 0 0
20 173 0 0 0
21 143 0 0 0
22 135 0 0 0
23 162 0 0 0
24 158 0 0 0
25 169 0 0 0
26 141 0 0 0
27 144 0 0 0
28 144 0 0 0
29 141 0 0 0
30 154 0 0 0
31 136 0 0 0
32 139 0 0 0
33 121 0 0 0
34 160 0 0 0
35 142 0 0 0
36 148 0 0 0
37 130 0 0 0
38 146 0 0 0
39 137 0 0 0
40 134 0 0 0
41 144 0 0 0
42 129 0 0 0
43 138 0 0 0
44 134 0 0 0
45 136 0 0 0
46 143 0 0 0
47 163 0 0 0
48 168 0 0 0
49 144 0 0 0
50 167 0 0 0
51 190 0 0 0
52 181 0 0 0
53 159 0 0 0
54 175 0 0 0
55 168 0 0 0
56 154 0 0 0
57 174 0 0 0
58 165 0 0 0
59 170 0 0 0
60 158 0 0 0
61 196 0 0 0
62 151 0 0 0
63 152 0 0 0
64 134 0 0 0
65 165 0 0 0
66 144 0 0 0
67 155 0 0 0
68 143 0 0 0
69 146 0 0 0
70 159 0 0 0
71 161 0 0 0
72 138 0 0 0
73 151 0 0 0
74 132 0 0 0
75 160 0 0 0
76 153 0 0 0
77 142 0 0 0
78 140 0 0 0
79 152 0 0 0
80 160 0 0 0
81 135 0 0 0
82 189 0 0 0
83 182 0 0 0
84 176 0 0 0
85 146 0 0 0
86 107 0 0 0
87 153 0 0 0
88 163 0 0 0
89 172 0 0 0
90 167 0 0 0
91 178 0 0 0
92 143 0 0 0
93 147 0 0 0
94 132 0 0 0
95 127 0 0 0
96 113 0 0 0
97 147 0 0 0
98 124 0 0 0
99 91 0 0 0
100 97 0 0 0
101 114 0 0 0
102 103 0 0 0
103 115 0 0 0
104 150 0 0 0
105 130 0 0 0
106 106 0 0 0
107 112 0 0 0
108 95 0 0 0
109 125 0 0 0
110 140 0 0 0
111 136 0 0 0
112 120 0 0 0
113 133 0 0 0
114 145 0 0 0
115 137 0 0 0
116 137 0 0 0
117 126 0 0 0
118 106 0 0 0
119 127 0 0 0
120 118 0 0 0
121 163 0 0 0
122 150 0 0 0
123 105 0 0 0
124 139 0 0 0
125 129 0 0 0
126 114 0 0 0
127 100 0 0 0
128 97 0 0 0
129 96 0 0 0
130 119 0 0 0
131 119 0 0 0
132 100 0 0 0
133 106 0 0 0
134 107 0 0 0
135 135 0 0 0
136 138 0 0 0
137 105 0 0 0
138 102 0 0 0
139 141 0 0 0
140 133 0 0 0
141 127 0 0 0
142 124 0 0 0
143 140 0 0 0
144 131 0 0 0
145 121 0 0 0
146 126 0 0 0
147 122 0 0 0
148 89 0 0 0
149 100 0 0 0
150 111 0 0 0
151 116 0 0 0
152 129 0 0 0
153 119 0 0 0
154 134 0 0 0
155 113 0 0 0
156 109 0 0 0
157 141 0 0 0
158 114 0 0 0
159 99 0 0 0
160 131 0 0 0
161 131 0 0 0
162 150 0 0 0
163 133 0 0 0
164 129 0 0 0
165 154 0 0 0
166 165 0 0 0
167 122 0 0 0
168 115 0 0 0
169 93 0 0 0
170 97 0 0 0
171 72 0 0 0
172 124 0 0 0
173 98 0 0 0
174 124 0 0 0
175 128 0 0 0
176 104 0 0 0
177 124 0 0 0
178 92 0 0 0
179 109 0 0 0
180 147 0 0 0
181 159 0 0 0
182 102 0 0 0
183 119 0 0 0
184 128 0 0 0
185 95 0 0 0
186 86 0 0 0
187 111 0 0 0
188 127 0 0 0
189 92 0 0 0
190 102 0 0 0
191 91 0 0 0
192 90 0 0 0
193 101 0 0 0
194 114 0 0 0
195 109 0 0 0
196 137 0 0 0
197 127 0 0 0
198 155 0 0 0
199 145 0 0 0
200 175 0 0 0
201 145 0 0 0
202 157 0 0 0
203 149 0 0 0
204 166 0 0 0
205 161 0 0 0
206 101 0 0 0
207 150 0 0 0
208 152 0 0 0
209 133 0 0 0
210 143 0 0 0
211 158 0 0 0
212 162 0 0 0
213 148 0 0 0
214 135 0 0 0
215 159 0 0 0
216 188 0 0 0
217 127 0 0 0
218 119 0 0 0
219 134 0 0 0
220 168 0 0 0
221 117 0 0 0
222 154 0 0 0
223 144 0 0 0
224 168 0 0 0
225 165 0 0 0
226 154 0 0 0
227 145 0 0 0
228 146 0 0 0
229 159 0 0 0
230 117 0 0 0
231 118 0 0 0
232 131 0 0 0
233 148 0 0 0
234 146 0 0 0
235 108 0 0 0
236 144 0 0 0
237 169 0 0 0
238 148 0 0 0
239 145 0 0 0
240 144 0 0 0
241 143 0 0 0
242 152 0 0 0
243 149 0 0 0
244 136 0 0 0
245 89 0 0 0
246 106 0 0 0
247 114 0 0 0
248 131 0 0 0
249 137 0 0 0
250 136 0 0 0
251 134 0 0 0
252 145 0 0 0
253 126 0 0 0
254 148 0 0 0
255 128 0 0 0
256 114 0 0 0
257 120 0 0 0
258 154 0 0 0
259 125 0 0 0
260 96 0 0 0
261 117 0 0 0
262 121 0 0 0
263 113 0 0 0
264 144 0 0 0
265 107 0 0 0
266 107 0 0 0
267 99 0 0 0
268 96 0 0 0
269 108 0 0 0
270 96 0 0 0
271 89 0 0 0
272 90 0 0 0
273 95 0 0 0
274 94 0 0 0
275 110 0 0 0
276 81 0 0 0
277 84 0 0 0
278 102 0 0 0
279 81 0 0 0
280 107 0 0 0
281 85 0 0 0
282 130 0 0 0
283 102 0 0 0
284 99 0 0 0
285 100 0 0 0
286 87 0 0 0
287 82 0 0 0
288 124 0 0 0
289 120 0 0 0
290 102 0 0 0
291 92 0 0 0
292 123 0 0 0
293 114 0 0 0
294 93 0 0 0
295 95 0 0 0
296 84 0 0 0
297 89 0 0 0
298 95 0 0 0
299 91 0 0 0
300 101 0 0 0
301 108 0 0 0
302 108 0 0 0
303 84 0 0 0
304 84 0 0 0
305 100 0 0 0
306 70 0 0 0
307 114 0 0 0
308 83 0 0 0
309 76 0 0 0
310 97 0 0 0
311 102 0 0 0
312 77 0 0 0
313 99 0 0 0
314 93 0 0 0
315 90 0 0 0
316 97 0 0 0
317 85 0 0 0
318 116 0 0 0
319 107 0 0 0
320 104 0 0 0
321 113 0 0 0
322 90 0 0 0
323 94 0 0 0
324 87 0 0 0
325 110 0 0 0
326 106 0 0 0
327 81 0 0 0
328 105 0 0 0
329 85 0 0 0
330 98 0 0 0
331 95 0 0 0
332 114 0 0 0
333 113 0 0 0
334 79 0 0 0
335 128 0 0 0
336 142 0 0 0
337 131 0 0 0
338 112 0 0 0
339 94 0 0 0
340 72 0 0 0
341 97 0 0 0
342 70 0 0 0
343 101 0 0 0
344 102 0 0 0
345 92 0 0 0
346 96 0 0 0
347 82 0 0 0
348 85 0 0 0
349 103 0 0 0
350 66 0 0 0
351 103 0 0 0
352 78 0 0 0
353 106 0 0 0
354 101 0 0 0
355 102 0 0 0
356 105 0 0 0
357 96 0 0 0
358 85 0 0 0
359 87 0 0 0
360 71 0 0 0
361 96 0 0 0
362 117 0 0 0
363 104 0 0 0
364 110 0 0 0
365 123 0 0 0
366 132 0 0 0
367 126 0 0 0
368 133 0 0 0
369 131 0 0 0
370 119 0 0 0
371 143 0 0 0
372 130 0 0 0
373 136 0 0 0
374 103 0 0 0
375 118 0 0 0
376 142 0 0 0
377 144 0 0 0
378 129 0 0 0
379 126 0 0 0
380 136 0 0 0
381 151 0 0 0
382 140 0 0 0
383 146 0 0 0
384 121 0 0 0
385 123 0 0 0
386 125 0 0 0
387 130 0 0 0
388 119 0 0 0
389 127 0 0 0
390 98 0 0 0
391 141 0 0 0
392 148 0 0 0
393 118 0 0 0
394 138 0 0 0
395 130 0 0 0
396 101 0 0 0
397 159 0 0 0
398 146 0 0 0
399 135 0 0 0
400 157 0 0 0
401 99 0 0 0
402 131 0 0 0
403 125 0 0 0
404 158 0 0 0
405 149 0 0 0
406 132 0 0 0
407 122 0 0 0
408 128 0 0 0
409 113 0 0 0
410 118 0 0 0
411 103 0 0 0
412 112 0 0 0
413 115 0 0 0
414 102 0 0 0
415 101 0 0 0
416 105 0 0 0
417 124 0 0 0
418 105 0 0 0
419 108 0 0 0
420 104 0 0 0
421 95 0 0 0
422 77 0 0 0
423 96 0 0 0
424 97 0 0 0
425 106 0 0 0
426 99 0 0 0
427 97 0 0 0
428 118 0 0 0
429 128 0 0 0
430 120 0 0 0
431 115 0 0 0
432 100 0 0 0
433 121 0 0 0
434 105 0 0 0
435 103 0 0 0
436 96 0 0 0
437 103 0 0 0
438 109 0 0 0
439 113 0 0 0
440 103 0 0 0
441 91 0 0 0
442 98 0 0 0
443 120 0 0 0
444 100 0 0 0
445 119 0 0 0
446 90 0 0 0
447 79 0 0 0
448 83 0 0 0
449 90 0 0 0
450 61 0 0 0
451 92 0 0 0
452 104 0 0 0
453 94 0 0 0
454 98 0 0 0
455 83 0 0 0
456 74 0 0 0
457 83 0 0 0
458 102 0 0 0
459 82 0 0 0
460 88 0 0 0
461 78 0 0 0
462 79 0 0 0
463 95 0 0 0
464 93 0 0 0
465 96 0 0 0
466 84 0 0 0
467 112 0 0 0
468 105 0 0 0
469 119 0 0 0
470 90 0 0 0
471 102 0 0 0
472 101 0 0 0
473 99 0 0 0
474 82 0 0 0
475 99 0 0 0
476 128 0 0 0
477 74 0 0 0
478 87 0 0 0
479 81 0 0 0
480 77 0 0 0
481 110 0 0 0
482 98 0 0 0
483 106 0 0 0
484 124 0 0 0
485 91 0 0 0
486 100 0 0 0
487 86 0 0 0
488 99 0 0 0
489 113 0 0 0
490 123 0 0 0
491 121 0 0 0
492 112 0 0 0
493 93 0 0 0
494 91 0 0 0
495 100 0 0 0
496 97 0 0 0
497 117 0 0 0
498 75 0 0 0
499 102 0 0 0
500 92 0 0 0
501 112 0 0 0
502 106 0 0 0
503 94 0 0 0
504 114 0 0 0
505 135 0 0 0
506 151 0 0 0
507 116 0 0 0
508 116 0 0 0
509 139 0 0 0
510 131 0 0 0
511 137 0 0 0
512 136 0 0 0
513 154 0 0 0
514 129 0 0 0
515 158 0 0 0
516 115 0 0 0
517 136 0 0 0
518 107 0 0 0
519 145 0 0 0
520 148 0 0 0
521 127 0 0 0
522 109 0 0 0
523 117 0 0 0
524 146 0 0 0
525 136 0 0 0
526 157 0 0 0
527 123 0 0 0
528 107 0 0 0
529 140 0 0 0
530 137 0 0 0
531 123 0 0 0
532 117 0 0 0
533 106 0 0 0
534 145 0 0 0
535 140 0 0 0
536 109 0 0 0
537 146 0 0 0
538 102 0 0 0
539 143 0 0 0
540 98 0 0 0
541 118 0 0 0
542 123 0 0 0
543 128 0 0 0
544 94 0 0 0
545 96 0 0 0
546 119 0 0 0
547 134 0 0 0
548 133 0 0 0
549 95 0 0 0
550 129 0 0 0
551 114 0 0 0
552 116 0 0 0
553 122 0 0 0
554 123 0 0 0
555 162 0 0 0
556 142 0 0 0
557 105 0 0 0
558 105 0 0 0
559 110 0 0 0
560 133 0 0 0
561 129 0 0 0
562 119 0 0 0
563 109 0 0 0
564 112 0 0 0
565 114 0 0 0
566 136 0 0 0
567 139 0 0 0
568 125 0 0 0
569 115 0 0 0
570 143 0 0 0
571 126 0 0 0
572 107 0 0 0
573 112 0 0 0
574 75 0 0 0
575 86 0 0 0
576 140 0 0 0
577 89 0 0 0
578 107 0 0 0
579 130 0 0 0
580 115 0 0 0
581 98 0 0 0
582 158 0 0 0
583 157 0 0 0
584 172 0 0 0
585 157 0 0 0
586 146 0 0 0
587 157 0 0 0
588 140 0 0 0
589 113 0 0 0
590 143 0 0 0
591 135 0 0 0
592 118 0 0 0
593 105 0 0 0
594 155 0 0 0
595 117 0 0 0
596 126 0 0 0
597 126 0 0 0
598 101 0 0 0
599 132 0 0 0
600 129 0 0 0
601 124 0 0 0
602 120 0 0 0
603 76 0 0 0
604 118 0 0 0
605 107 0 0 0
606 101 0 0 0
607 97 0 0 0
608 101 0 0 0
609 105 0 0 0
610 71 0 0 0
611 72 0 0 0
612 83 0 0 0
613 90 0 0 0
614 93 0 0 0
615 37 0 0 0
616 55 0 0 0
617 48 0 0 0
618 75 0 0 0
619 93 0 0 0
620 98 0 0 0
621 123 0 0 0
622 57 0 0 0
623 93 0 0 0
624 66 0 0 0
625 65 0 0 0
626 75 0 0 0
627 80 0 0 0
628 61 0 0 0
629 68 0 0 0
630 63 0 0 0
631 73 0 0 0
632 99 0 0 0
633 91 0 0 0
634 93 0 0 0
635 84 0 0 0
636 114 0 0 0
637 70 0 0 0
638 82 0 0 0
639 110 0 0 0
640 122 0 0 0
641 120 0 0 0
642 105 0 0 0
643 102 0 0 0
644 91 0 0 0
645 116 0 0 0
646 65 0 0 0
647 79 0 0 0
648 74 0 0 0
649 80 0 0 0
650 83 0 0 0
651 87 0 0 0
652 86 0 0 0
653 102 0 0 0
654 96 0 0 0
655 82 0 0 0
656 90 0 0 0
657 56 0 0 0
658 86 0 0 0
659 69 0 0 0
660 77 0 0 0
661 73 0 0 0
662 68 0 0 0
663 98 0 0 0
664 109 0 0 0
665 100 0 0 0
666 77 0 0 0
667 89 0 0 0
668 107 0 0 0
669 95 0 0 0
670 101 0 0 0
671 73 0 0 0
672 81 0 0 0
673 82 0 0 0
674 77 0 0 0
675 96 0 0 0
676 68 0 0 0
677 74 0 0 0
678 71 0 0 0
679 79 0 0 0
680 70 0 0 0
681 68 0 0 0
682 86 0 0 0
683 58 0 0 0
684 84 0 0 0
685 79 0 0 0
686 72 0 0 0
687 76 0 0 0
688 69 0 0 0
689 93 0 0 0
690 77 0 0 0
691 83 0 0 0
692 61 0 0 0
693 94 0 0 0
694 72 0 0 0
695 88 0 0 0
696 89 0 0 0
697 86 0 0 0
698 105 0 0 0
699 103 0 0 0
700 84 0 0 0
701 99 0 0 0
702 99 0 0 0
703 85 0 0 0
704 87 0 0 0
705 86 0 0 0
706 60 0 0 0
707 92 0 0 0
708 88 0 0 0
709 45 0 0 0
710 92 0 0 0
711 62 0 0 0
712 64 0 0 0
713 71 0 0 0
714 68 0 0 0
715 87 0 0 0
716 73 0 0 0
717 55 0 0 0
718 82 0 0 0
719 100 0 0 0
720 51 0 0 0
721 110 0 0 0
722 123 0 0 0
723 81 0 0 0
724 96 0 0 0
725 87 0 0 0
726 92 0 0 0
727 122 0 0 0
728 90 0 0 0
729 82 0 0 0
730 98 0 0 0
731 105 0 0 0
732 63 0 0 0
733 101 0 0 0
734 106 0 0 0
735 80 0 0 0
736 99 0 0 0
737 100 0 0 0
738 97 0 0 0
739 103 0 0 0
740 85 0 0 0
741 89 0 0 0
742 120 0 0 0
743 118 0 0 0
744 122 0 0 0
745 102 0 0 0
746 96 0 0 0
747 105 0 0 0
748 102 0 0 0
749 123 0 0 0
750 103 0 0 0
751 95 0 0 0
752 104 0 0 0
753 122 0 0 0
754 115 0 0 0
755 79 0 0 0
756 96 0 0 0
757 103 0 0 0
758 96 0 0 0
759 94 0 0 0
760 113 0 0 0
761 93 0 0 0
762 107 0 0 0
763 121 0 0 0
764 105 0 0 0
765 111 0 0 0
766 75 0 0 0
767 102 0 0 0
768 94 0 0 0
769 102 0 0 0
770 78 0 0 0
771 90 0 0 0
772 80 0 0 0
773 80 0 0 0
774 66 0 0 0
775 74 0 0 0
776 86 0 0 0
777 74 0 0 0
778 61 0 0 0
779 51 0 0 0
780 31 0 0 0
781 50 0 0 0
782 49 0 0 0
783 39 0 0 0
784 57 0 0 0
785 79 0 0 0
786 47 0 0 0
787 60 0 0 0
788 77 0 0 0
789 55 0 0 0
790 63 0 0 0
791 51 0 0 0
792 33 0 0 0
793 63 0 0 0
794 68 0 0 0
795 51 0 0 0
796 82 0 0 0
797 45 0 0 0
798 70 0 0 0
799 66 0 0 0
800 55 0 0 0
801 94 0 0 0
802 92 0 0 0
803 54 0 0 0
804 68 0 0 0
805 66 0 0 0
806 48 0 0 0
807 50 0 0 0
808 47 0 0 0
809 45 0 0 0
810 55 0 0 0
811 43 0 0 0
812 23 0 0 0
813 47 0 0 0
814 61 0 0 0
815 47 0 0 0
816 38 0 0 0
817 40 0 0 0
818 29 0 0 0
819 42 0 0 0
820 50 0 0 0
821 21 0 0 0
822 43 0 0 0
823 21 0 0 0
824 50 0 0 0
825 49 0 0 0
826 65 0 0 0
827 51 0 0 0
828 33 0 0 0
829 37 0 0 0
830 46 0 0 0
831 50 0 0 0
832 53 0 0 0
833 42 0 0 0
834 43 0 0 0
835 41 0 0 0
836 38 0 0 0
837 48 0 0 0
838 54 0 0 0
839 50 0 0 0
840 26 0 0 0
841 48 0 0 0
842 37 0 0 0
843 40 0 0 0
844 47 0 0 0
845 40 0 0 0
846 38 0 0 0
847 33 0 0 0
848 47 0 0 0
849 41 0 0 0
850 51 0 0 0
851 42 0 0 0
852 44 0 0 0
853 35 0 0 0
854 49 0 0 0
855 59 0 0 0
856 47 0 0 0
857 33 0 0 0
858 61 0 0 0
859 28 0 0 0
860 34 0 0 0
861 51 0 0 0
862 38 0 0 0
863 46 0 0 0
864 51 0 0 0
865 46 0 0 0
866 45 0 0 0
867 40 0 0 0
868 31 0 0 0
869 52 0 0 0
870 30 0 0 0
871 57 0 0 0
872 52 0 0 0
873 48 0 0 0
874 52 0 0 0
875 54 0 0 0
876 49 0 0 0
877 40 0 0 0
878 46 0 0 0
879 67 0 0 0
880 52 0 0 0
881 45 0 0 0
882 47 0 0 0
883 77 0 0 0
884 46 0 0 0
885 57 0 0 0
886 44 0 0 0
887 51 0 0 0
888 32 0 0 0
889 27 0 0 0
890 54 0 0 0
891 46 0 0 0
892 59 0 0 0
893 41 0 0 0
894 49 0 0 0
895 57 0 0 0
896 46 0 0 0
897 43 0 0 0
898 52 0 0 0
899 32 0 0 0
900 51 0 0 0
901 50 0 0 0
902 52 0 0 0
903 42 0 0 0
904 36 0 0 0
905 47 0 0 0
906 39 0 0 0
907 49 0 0 0
908 52 0 0 0
909 40 0 0 0
910 47 0 0 0
911 48 0 0 0
912 34 0 0 0
913 28 0 0 0
914 43 0 0 0
915 31 0 0 0
916 33 0 0 0
917 42 0 0 0
918 42 0 0 0
919 37 0 0 0
920 47 0 0 0
921 43 0 0 0
922 38 0 0 0
923 38 0 0 0
924 39 0 0 0
925 44 0 0 0
926 38 0 0 0
927 37 0 0 0
928 44 0 0 0
929 47 0 0 0
930 40 0 0 0
931 45 0 0 0
932 37 0 0 0
933 36 0 0 0
934 40 0 0 0
935 47 0 0 0
936 64 0 0 0
937 42 0 0 0
938 49 0 0 0
939 44 0 0 0
940 66 0 0 0
941 54 0 0 0
942 50 0 0 0
943 37 0 0 0
944 52 0 0 0
945 36 0 0 0
946 52 0 0 0
947 34 0 0 0
948 39 0 0 0
949 46 0 0 0
950 47 0 0 0
951 46 0 0 0
952 54 0 0 0
953 46 0 0 0
954 51 0 0 0
955 35 0 0 0
956 48 0 0 0
957 39 0 0 0
958 65 0 0 0
959 37 0 0 0
960 46 0 0 0
961 60 0 0 0
962 35 0 0 0
963 56 0 0 0
964 43 0 0 0
965 54 0 0 0
966 47 0 0 0
967 38 0 0 0
968 31 0 0 0
969 39 0 0 0
970 16 0 0 0
971 52 0 0 0
972 50 0 0 0
973 45 0 0 0
974 48 0 0 0
975 38 0 0 0
976 44 0 0 0
977 43 0 0 0
978 37 0 0 0
979 30 0 0 0
980 35 0 0 0
981 40 0 0 0
982 59 0 0 0
983 43 0 0 0
984 51 0 0 0
985 56 0 0 0
986 45 0 0 0
987 44 0 0 0
988 46 0 0 0
989 39 0 0 0
990 43 0 0 0
991 54 0 0 0
992 46 0 0 0
993 34 0 0 0
994 45 0 0 0
995 49 0 0 0
996 49 0 0 0
997 58 0 0 0
998 50 0 0 0
999 43 0 0 0
1000 56 0 0 0
1001 30 0 0 0
1002 54 0 0 0
1003 45 0 0 0
1004 41 0 0 0
1005 47 0 0 0
1006 44 0 0 0
1007 36 0 0 0
1008 38 0 0 0
1009 45 0 0 0
1010 49 0 0 0
1011 39 0 0 0
1012 52 0 0 0
1013 62 0 0 0
1014 56 0 0 0
1015 55 0 0 0
1016 59 0 0 0
1017 85 0 0 0
1018 72 0 0 0
1019 77 0 0 0
1020 93 0 0 0
1021 88 0 0 0
1022 101 0 0 0
1023 66 0 0 0
1024 85 0 0 0
1025 82 0 0 0
1026 53 0 0 0
1027 90 0 0 0
1028 78 0 0 0
1029 66 0 0 0
1030 82 0 0 0
1031 80 0 0 0
1032 88 0 0 0
1033 82 0 0 0
1034 88 0 0 0
1035 95 0 0 0
1036 87 0 0 0
1037 58 0 0 0
1038 71 0 0 0
1039 98 0 0 0
1040 70 0 0 0
1041 91 0 0 0
1042 81 0 0 0
1043 84 0 0 0
1044 83 0 0 0
1045 71 0 0 0
1046 80 0 0 0
1047 66 0 0 0
1048 78 0 0 0
1049 101 0 0 0
1050 94 0 0 0
1051 91 0 0 0
1052 101 0 0 0
1053 74 0 0 0
1054 94 0 0 0
1055 97 0 0 0
1056 82 0 0 0
1057 73 0 0 0
1058 54 0 0 0
1059 61 0 0 0
1060 37 0 0 0
1061 100 0 0 0
1062 83 0 0 0
1063 88 0 0 0
1064 116 0 0 0
1065 80 0 0 0
1066 120 0 0 0
1067 86 0 0 0
1068 97 0 0 0
1069 66 0 0 0
1070 65 0 0 0
1071 64 0 0 0
1072 60 0 0 0
1073 95 0 0 0
1074 68 0 0 0
1075 40 0 0 0
1076 44 0 0 0
1077 44 0 0 0
1078 51 0 0 0
1079 67 0 0 0
1080 62 0 0 0
1081 69 0 0 0
1082 86 0 0 0
1083 95 0 0 0
1084 101 0 0 0
1085 61 0 0 0
1086 98 0 0 0
1087 98 0 0 0
1088 100 0 0 0
1089 81 0 0 0
1090 93 0 0 0
1091 87 0 0 0
1092 94 0 0 0
1093 112 0 0 0
1094 82 0 0 0
1095 87 0 0 0
1096 119 0 0 0
1097 107 0 0 0
1098 84 0 0 0
1099 100 0 0 0
1100 88 0 0 0
1101 96 0 0 0
1102 90 0 0 0
1103 115 0 0 0
1104 94 0 0 0
1105 110 0 0 0
1106 105 0 0 0
1107 72 0 0 0
1108 101 0 0 0
1109 71 0 0 0
1110 97 0 0 0
1111 80 0 0 0
1112 78 0 0 0
1113 71 0 0 0
1114 94 0 0 0
1115 72 0 0 0
1116 102 0 0 0
1117 72 0 0 0
1118 113 0 0 0
1119 78 0 0 0
1120 76 0 0 0
1121 87 0 0 0
1122 115 0 0 0
1123 112 0 0 0
1124 120 0 0 0
1125 108 0 0 0
1126 85 0 0 0
1127 90 0 0 0
1128 124 0 0 0
1129 107 0 0 0
1130 122 0 0 0
1131 123 0 0 0
1132 137 0 0 0
1133 110 0 0 0
1134 101 0 0 0
1135 126 0 0 0
1136 115 0 0 0
1137 102 0 0 0
1138 90 0 0 0
1139 92 0 0 0
1140 83 0 0 0
1141 104 0 0 0
1142 90 0 0 0
1143 88 0 0 0
1144 97 0 0 0
1145 126 0 0 0
1146 130 0 0 0
1147 104 0 0 0
1148 90 0 0 0
1149 71 0 0 0
1150 98 0 0 0
1151 83 0 0 0
1152 121 0 0 0
1153 83 0 0 0
1154 38 0 0 0
1155 52 0 0 0
1156 90 0 0 0
1157 78 0 0 0
1158 76 0 0 0
1159 77 0 0 0
1160 98 0 0 0
1161 75 0 0 0
1162 83 0 0 0
1163 93 0 0 0
1164 87 0 0 0
1165 109 0 0 0
1166 89 0 0 0
1167 107 0 0 0
1168 109 0 0 0
1169 128 0 0 0
1170 170 0 0 0
1171 129 0 0 0
1172 113 0 0 0
1173 133 0 0 0
1174 132 0 0 0
1175 122 0 0 0
1176 156 0 0 0
1177 137 0 0 0
1178 111 0 0 0
1179 145 0 0 0
1180 142 0 0 0
1181 154 0 0 0
1182 120 0 0 0
1183 127 0 0 0
1184 139 0 0 0
1185 141 0 0 0
1186 118 0 0 0
1187 136 0 0 0
1188 120 0 0 0
1189 117 0 0 0
1190 100 0 0 0
1191 123 0 0 0
1192 127 0 0 0
1193 143 0 0 0
1194 136 0 0 0
1195 118 0 0 0
1196 108 0 0 0
1197 143 0 0 0
1198 134 0 0 0
1199 138 0 0 0
1200 116 0 0 0
1201 129 0 0 0
1202 112 0 0 0
1203 132 0 0 0
1204 120 0 0 0
1205 139 0 0 0
1206 113 0 0 0
1207 95 0 0 0
1208 99 0 0 0
1209 116 0 0 0
1210 93 0 0 0
1211 86 0 0 0
1212 79 0 0 0
1213 81 0 0 0
1214 108 0 0 0
1215 112 0 0 0
1216 114 0 0 0
1217 118 0 0 0
1218 97 0 0 0
1219 112 0 0 0
1220 118 0 0 0
1221 91 0 0 0
1222 136 0 0 0
1223 112 0 0 0
1224 128 0 0 0
1225 114 0 0 0
1226 115 0 0 0
1227 125 0 0 0
1228 111 0 0 0
1229 162 0 0 0
1230 146 0 0 0
1231 143 0 0 0
1232 147 0 0 0
1233 121 0 0 0
1234 171 0 0 0
1235 143 0 0 0
1236 102 0 0 0
1237 149 0 0 0
1238 126 0 0 0
1239 132 0 0 0
1240 110 0 0 0
1241 121 0 0 0
1242 112 0 0 0
1243 115 0 0 0
1244 92 0 0 0
1245 112 0 0 0
1246 141 0 0 0
1247 91 0 0 0
1248 104 0 0 0
1249 113 0 0 0
1250 108 0 0 0
1251 149 0 0 0
1252 137 0 0 0
1253 119 0 0 0
1254 143 0 0 0
1255 161 0 0 0
1256 132 0 0 0
1257 115 0 0 0
1258 132 0 0 0
1259 135 0 0 0
1260 144 0 0 0
1261 140 0 0 0
1262 91 0 0 0
1263 94 0 0 0
1264 131 0 0 0
1265 125 0 0 0
1266 118 0 0 0
1267 148 0 0 0
1268 158 0 0 0
1269 126 0 0 0
1270 140 0 0 0
1271 116 0 0 0
1272 107 0 0 0
1273 101 0 0 0
1274 117 0 0 0
1275 125 0 0 0
1276 96 0 0 0
1277 88 0 0 0
1278 76 0 0 0
1279 97 0 0 0
1280 102 0 0 0
1281 103 0 0 0
1282 87 0 0 0
1283 86 0 0 0
1284 109 0 0 0
1285 107 0 0 0
1286 106 0 0 0
1287 84 0 0 0
1288 93 0 0 0
1289 110 0 0 0
1290 91 0 0 0
1291 124 0 0 0
1292 106 0 0 0
1293 70 0 0 0
1294 162 0 0 0
1295 107 0 0 0
1296 133 0 0 0
1297 111 0 0 0
1298 100 0 0 0
1299 103 0 0 0
1300 122 0 0 0
1301 109 0 0 0
1302 104 0 0 0
1303 93 0 0 0
1304 116 0 0 0
1305 119 0 0 0
1306 90 0 0 0
1307 119 0 0 0
1308 109 0 0 0
1309 129 0 0 0
1310 117 0 0 0
1311 139 0 0 0
1312 110 0 0 0
1313 106 0 0 0
1314 113 0 0 0
1315 126 0 0 0
1316 121 0 0 0
1317 117 0 0 0
1318 151 0 0 0
1319 158 0 0 0
1320 148 0 0 0
1321 151 0 0 0
1322 152 0 0 0
1323 123 0 0 0
1324 105 0 0 0
1325 113 0 0 0
1326 123 0 0 0
1327 100 0 0 0
1328 130 0 0 0
1329 102 0 0 0
1330 125 0 0 0
1331 128 0 0 0
1332 110 0 0 0
1333 132 0 0 0
1334 87 0 0 0
1335 93 0 0 0
1336 122 0 0 0
1337 119 0 0 0
1338 129 0 0 0
1339 141 0 0 0
1340 115 0 0 0
1341 88 0 0 0
1342 103 0 0 0
1343 112 0 0 0
1344 119 0 0 0
1345 130 0 0 0
1346 150 0 0 0
1347 165 0 0 0
1348 166 0 0 0
1349 146 0 0 0
1350 109 0 0 0
1351 128 0 0 0
1352 119 0 0 0
1353 140 0 0 0
1354 105 0 0 0
1355 133 0 0 0
1356 135 0 0 0
1357 147 0 0 0
1358 122 0 0 0
1359 135 0 0 0
1360 156 0 0 0
1361 112 0 0 0
1362 149 0 0 0
1363 149 0 0 0
1364 132 0 0 0
1365 133 0 0 0
1366 131 0 0 0
1367 165 0 0 0
1368 150 0 0 0
1369 138 0 0 0
1370 119 0 0 0
1371 137 0 0 0
1372 144 0 0 0
1373 138 0 0 0
1374 164 0 0 0
1375 109 0 0 0
1376 120 0 0 0
1377 156 0 0 0
1378 143 0 0 0
1379 153 0 0 0
1380 113 0 0 0
1381 82 0 0 0
1382 85 0 0 0
1383 106 0 0 0
1384 113 0 0 0
1385 110 0 0 0
1386 116 0 0 0
1387 113 0 0 0
1388 101 0 0 0
1389 115 0 0 0
1390 103 0 0 0
1391 115 0 0 0
1392 105 0 0 0
1393 111 0 0 0
1394 94 0 0 0
1395 110 0 0 0
1396 124 0 0 0
1397 132 0 0 0
1398 125 0 0 0
1399 123 0 0 0
1400 197 0 0 0
1401 181 0 0 0
1402 169 0 0 0
1403 166 0 0 0
1404 161 0 0 0
1405 174 0 0 0
1406 173 0 0 0
1407 151 0 0 0
1408 196 0 0 0
1409 213 0 0 0
1410 182 0 0 0
1411 190 0 0 0
1412 192 0 0 0
1413 186 0 0 0
1414 179 0 0 0
1415 165 0 0 0
1416 189 0 0 0
1417 186 0 0 0
1418 156 0 0 0
1419 204 0 0 0
1420 185 0 0 0
1421 164 0 0 0
1422 161 0 0 0
1423 161 0 0 0
1424 198 0 0 0
1425 215 0 0 0
1426 205 0 0 0
1427 211 0 0 0
1428 181 0 0 0
1429 211 0 0 0
1430 237 0 0 0
1431 207 0 0 0
1432 197 0 0 0
1433 187 0 0 0
1434 182 0 0 0
1435 187 0 0 0
1436 181 0 0 0
1437 153 0 0 0
1438 195 0 0 0
1439 184 0 0 0
1440 166 0 0 0
1441 170 0 0 0
1442 196 0 0 0
1443 187 0 0 0
1444 180 0 0 0
1445 168 0 0 0
1446 127 0 0 0
1447 149 0 0 0
1448 151 0 0 0
1449 114 0 0 0
1450 144 0 0 0
1451 166 0 0 0
1452 163 0 0 0
1453 157 0 0 0
1454 154 0 0 0
1455 165 0 0 0
1456 178 0 0 0
1457 171 0 0 0
1458 164 0 0 0
1459 149 0 0 0
1460 145 0 0 0
1461 172 0 0 0
1462 154 0 0 0
1463 155 0 0 0
1464 136 0 0 0
1465 170 0 0 0
1466 149 0 0 0
1467 158 0 0 0
1468 181 0 0 0
1469 154 0 0 0
1470 192 0 0 0
1471 180 0 0 0
1472 170 0 0 0
1473 176 0 0 0
1474 186 0 0 0
1475 192 0 0 0
1476 188 0 0 0
1477 206 0 0 0
1478 165 0 0 0
1479 193 0 0 0
1480 156 0 0 0
1481 152 0 0 0
1482 178 0 0 0
1483 161 0 0 0
1484 193 0 0 0
1485 194 0 0 0
1486 167 0 0 0
1487 168 0 0 0
1488 176 0 0 0
1489 163 0 0 0
1490 176 0 0 0
1491 172 0 0 0
1492 178 0 0 0
1493 139 0 0 0
1494 193 0 0 0
1495 192 0 0 0
1496 175 0 0 0
1497 168 0 0 0
1498 189 0 0 0
1499 155 0 0 0
1500 195 0 0 0
1501 185 0 0 0
1502 175 0 0 0
1503 197 0 0 0
1504 199 0 0 0
1505 193 0 0 0
1506 204 0 0 0
1507 197 0 0 0
1508 199 0 0 0
1509 181 0 0 0
1510 190 0 0 0
1511 196 0 0 0
1512 153 0 0 0
1513 147 0 0 0
1514 188 0 0 0
1515 171 0 0 0
1516 148 0 0 0
1517 169 0 0 0
1518 173 0 0 0
1519 157 0 0 0
1520 176 0 0 0
1521 193 0 0 0
1522 180 0 0 0
1523 166 0 0 0
1524 151 0 0 0
1525 171 0 0 0
1526 163 0 0 0
1527 167 0 0 0
1528 197 0 0 0
1529 172 0 0 0
1530 150 0 0 0
1531 150 0 0 0
1532 175 0 0 0
1533 190 0 0 0
1534 167 0 0 0
1535 175 0 0 0
1536 180 0 0 0
1537 217 0 0 0
1538 209 0 0 0
1539 219 0 0 0
1540 203 0 0 0
1541 177 0 0 0
1542 200 0 0 0
1543 170 0 0 0
1544 181 0 0 0
1545 207 0 0 0
1546 179 0 0 0
1547 164 0 0 0
1548 199 0 0 0
1549 174 0 0 0
1550 182 0 0 0
1551 194 0 0 0
1552 201 0 0 0
1553 184 0 0 0
1554 198 0 0 0
1555 180 0 0 0
1556 160 0 0 0
1557 164 0 0 0
1558 153 0 0 0
1559 188 0 0 0
1560 155 0 0 0
1561 177 0 0 0
1562 190 0 0 0
1563 159 0 0 0
1564 184 0 0 0
1565 213 0 0 0
1566 200 0 0 0
1567 207 0 0 0
1568 189 0 0 0
1569 174 0 0 0
1570 141 0 0 0
1571 181 0 0 0
1572 184 0 0 0
1573 129 0 0 0
1574 159 0 0 0
1575 173 0 0 0
1576 158 0 0 0
1577 178 0 0 0
1578 146 0 0 0
1579 160 0 0 0
1580 178 0 0 0
1581 173 0 0 0
1582 182 0 0 0
1583 167 0 0 0
1584 139 0 0 0
1585 175 0 0 0
1586 194 0 0 0
1587 167 0 0 0
1588 151 0 0 0
1589 164 0 0 0
1590 187 0 0 0
1591 154 0 0 0
1592 196 0 0 0
1593 176 0 0 0
1594 187 0 0 0
1595 197 0 0 0
1596 193 0 0 0
1597 159 0 0 0
1598 157 0 0 0
1599 175 0 0 0
1600 215 0 0 0
1601 200 0 0 0
1602 174 0 0 0
1603 193 0 0 0
1604 185 0 0 0
1605 193 0 0 0
1606 138 0 0 0
1607 179 0 0 0
1608 188 0 0 0
1609 194 0 0 0
1610 145 0 0 0
1611 130 0 0 0
1612 144 0 0 0
1613 161 0 0 0
1614 166 0 0 0
1615 148 0 0 0
1616 144 0 0 0
1617 167 0 0 0
1618 176 0 0 0
1619 145 0 0 0
1620 142 0 0 0
1621 179 0 0 0
1622 172 0 0 0
1623 113 0 0 0
1624 142 0 0 0
1625 109 0 0 0
1626 141 0 0 0
1627 135 0 0 0
1628 118 0 0 0
1629 145 0 0 0
1630 110 0 0 0
1631 137 0 0 0
1632 147 0 0 0
1633 169 0 0 0
1634 151 0 0 0
1635 144 0 0 0
1636 137 0 0 0
1637 158 0 0 0
1638 166 0 0 0
1639 120 0 0 0
1640 164 0 0 0
1641 148 0 0 0
1642 159 0 0 0
1643 191 0 0 0
1644 155 0 0 0
1645 120 0 0 0
1646 155 0 0 0
1647 109 0 0 0
1648 120 0 0 0
1649 151 0 0 0
1650 172 0 0 0
1651 121 0 0 0
1652 147 0 0 0
1653 97 0 0 0
1654 135 0 0 0
1655 131 0 0 0
1656 120 0 0 0
1657 128 0 0 0
1658 171 0 0 0
1659 113 0 0 0
1660 120 0 0 0
1661 140 0 0 0
1662 115 0 0 0
1663 137 0 0 0
1664 148 0 0 0
1665 128 0 0 0
1666 137 0 0 0
1667 144 0 0 0
1668 147 0 0 0
1669 152 0 0 0
1670 110 0 0 0
1671 135 0 0 0
1672 135 0 0 0
1673 149 0 0 0
1674 145 0 0 0
1675 159 0 0 0
1676 130 0 0 0
1677 138 0 0 0
1678 155 0 0 0
1679 126 0 0 0
1680 145 0 0 0
1681 149 0 0 0
1682 139 0 0 0
1683 145 0 0 0
1684 141 0 0 0
1685 130 0 0 0
1686 117 0 0 0
1687 104 0 0 0
1688 130 0 0 0
1689 116 0 0 0
1690 133 0 0 0
1691 113 0 0 0
1692 154 0 0 0
1693 135 0 0 0
1694 149 0 0 0
1695 127 0 0 0
1696 150 0 0 0
1697 142 0 0 0
1698 122 0 0 0
1699 120 0 0 0
1700 140 0 0 0
1701 143 0 0 0
1702 127 0 0 0
1703 120 0 0 0
1704 129 0 0 0
1705 119 0 0 0
1706 128 0 0 0
1707 148 0 0 0
1708 111 0 0 0
1709 129 0 0 0
1710 130 0 0 0
1711 109 0 0 0
1712 93 0 0 0
1713 141 0 0 0
1714 132 0 0 0
1715 118 0 0 0
1716 122 0 0 0
1717 131 0 0 0
1718 136 0 0 0
1719 139 0 0 0
1720 124 0 0 0
1721 103 0 0 0
1722 96 0 0 0
1723 123 0 0 0
1724 126 0 0 0
1725 129 0 0 0
1726 160 0 0 0
1727 132 0 0 0
1728 136 0 0 0
1729 128 0 0 0
1730 126 0 0 0
1731 112 0 0 0
1732 122 0 0 0
1733 146 0 0 0
1734 116 0 0 0
1735 148 0 0 0
1736 137 0 0 0
1737 147 0 0 0
1738 122 0 0 0
1739 156 0 0 0
1740 126 0 0 0
1741 126 0 0 0
1742 157 0 0 0
1743 173 0 0 0
1744 160 0 0 0
1745 116 0 0 0
1746 159 0 0 0
1747 151 0 0 0
1748 145 0 0 0
1749 159 0 0 0
1750 121 0 0 0
1751 134 0 0 0
1752 131 0 0 0
1753 121 0 0 0
1754 158 0 0 0
1755 151 0 0 0
1756 155 0 0 0
1757 124 0 0 0
1758 149 0 0 0
1759 116 0 0 0
1760 128 0 0 0
1761 119 0 0 0
1762 132 0 0 0
1763 113 0 0 0
1764 142 0 0 0
1765 145 0 0 0
1766 134 0 0 0
1767 144 0 0 0
1768 147 0 0 0
1769 155 0 0 0
1770 153 0 0 0
1771 135 0 0 0
1772 126 0 0 0
1773 115 0 0 0
1774 151 0 0 0
1775 127 0 0 0
1776 124 0 0 0
1777 123 0 0 0
1778 107 0 0 0
1779 118 0 0 0
1780 115 0 0 0
1781 149 0 0 0
1782 134 0 0 0
1783 141 0 0 0
1784 150 0 0 0
1785 132 0 0 0
1786 121 0 0 0
1787 157 0 0 0
1788 125 0 0 0
1789 105 0 0 0
1790 125 0 0 0
1791 126 0 0 0
1792 115 0 0 0
1793 124 0 0 0
1794 146 0 0 0
1795 138 0 0 0
1796 78 0 0 0
1797 101 0 0 0
1798 123 0 0 0
1799 132 0 0 0
1800 107 0 0 0
1801 98 0 0 0
1802 102 0 0 0
1803 108 0 0 0
1804 101 0 0 0
1805 107 0 0 0
1806 107 0 0 0
1807 131 0 0 0
1808 79 0 0 0
1809 84 0 0 0
1810 109 0 0 0
1811 121 0 0 0
1812 98 0 0 0
1813 110 0 0 0
1814 119 0 0 0
1815 131 0 0 0
1816 123 0 0 0
1817 111 0 0 0
1818 119 0 0 0
1819 103 0 0 0
1820 108 0 0 0
1821 115 0 0 0
1822 93 0 0 0
1823 96 0 0 0
1824 88 0 0 0
1825 69 0 0 0
1826 102 0 0 0
1827 128 0 0 0
1828 140 0 0 0
1829 140 0 0 0
1830 121 0 0 0
1831 123 0 0 0
1832 111 0 0 0
1833 144 0 0 0
1834 137 0 0 0
1835 146 0 0 0
1836 142 0 0 0
1837 138 0 0 0
1838 134 0 0 0
1839 169 0 0 0
1840 184 0 0 0
1841 159 0 0 0
1842 172 0 0 0
1843 225 0 0 0
1844 209 0 0 0
1845 220 0 0 0
1846 220 0 0 0
1847 192 0 0 0
1848 239 0 0 0
1849 250 0 0 0
1850 247 0 0 0
1851 259 0 0 0
1852 240 0 0 0
1853 272 0 0 0
1854 255 0 0 0
1855 257 0 0 0
1856 211 0 0 0
1857 196 0 0 0
1858 208 0 0 0
1859 222 0 0 0
1860 241 0 0 0
1861 257 0 0 0
1862 177 0 0 0
1863 217 0 0 0
1864 242 0 0 0
1865 207 0 0 0
1866 214 0 0 0
1867 171 0 0 0
1868 233 0 0 0
1869 240 0 0 0
1870 212 0 0 0
1871 229 0 0 0
1872 204 0 0 0
1873 200 0 0 0
1874 207 0 0 0
1875 210 0 0 0
1876 193 0 0 0
1877 231 0 0 0
1878 209 0 0 0
1879 215 0 0 0
1880 196 0 0 0
1881 218 0 0 0
1882 204 0 0 0
1883 205 0 0 0
1884 176 0 0 0
1885 212 0 0 0
1886 214 0 0 0
1887 197 0 0 0
1888 219 0 0 0
1889 248 0 0 0
1890 223 0 0 0
1891 224 0 0 0
1892 179 0 0 0
1893 193 0 0 0
1894 176 0 0 0
1895 196 0 0 0
1896 200 0 0 0
1897 230 0 0 0
1898 229 0 0 0
1899 196 0 0 0
1900 191 0 0 0
1901 204 0 0 0
1902 216 0 0 0
1903 191 0 0 0
1904 257 0 0 0
1905 199 0 0 0
1906 215 0 0 0
1907 225 0 0 0
1908 218 0 0 0
1909 235 0 0 0
1910 193 0 0 0
1911 210 0 0 0
1912 197 0 0 0
1913 233 0 0 0
1914 231 0 0 0
1915 196 0 0 0
1916 188 0 0 0
1917 198 0 0 0
1918 216 0 0 0
1919 210 0 0 0
1920 258 0 0 0
1921 205 0 0 0
1922 219 0 0 0
1923 269 0 0 0
1924 248 0 0 0
1925 221 0 0 0
1926 202 0 0 0
1927 212 0 0 0
1928 199 0 0 0
1929 237 0 0 0
1930 240 0 0 0
1931 238 0 0 0
1932 209 0 0 0
1933 218 0 0 0
1934 217 0 0 0
1935 216 0 0 0
1936 212 0 0 0
1937 190 0 0 0
1938 211 0 0 0
1939 206 0 0 0
1940 236 0 0 0
1941 210 0 0 0
1942 250 0 0 0
1943 240 0 0 0
1944 226 0 0 0
1945 243 0 0 0
1946 258 0 0 0
1947 225 0 0 0
1948 232 0 0 0
1949 216 0 0 0
1950 209 0 0 0
1951 223 0 0 0
1952 219 0 0 0
1953 220 0 0 0
1954 237 0 0 0
1955 231 0 0 0
1956 243 0 0 0
1957 214 0 0 0
1958 220 0 0 0
1959 190 0 0 0
1960 203 0 0 0
1961 163 0 0 0
1962 181 0 0 0
1963 177 0 0 0
1964 159 0 0 0
1965 179 0 0 0
1966 204 0 0 0
1967 245 0 0 0
1968 193 0 0 0
1969 192 0 0 0
1970 141 0 0 0
1971 181 0 0 0
1972 127 0 0 0
1973 126 0 0 0
1974 156 0 0 0
1975 178 0 0 0
1976 161 0 0 0
1977 142 0 0 0
1978 146 0 0 0
1979 162 0 0 0
1980 170 0 0 0
1981 189 0 0 0
1982 146 0 0 0
1983 153 0 0 0
1984 187 0 0 0
1985 191 0 0 0
1986 165 0 0 0
1987 162 0 0 0
1988 201 0 0 0
1989 186 0 0 0
1990 172 0 0 0
1991 201 0 0 0
1992 168 0 0 0
1993 179 0 0 0
1994 166 0 0 0
1995 204 0 0 0
1996 249 0 0 0
1997 226 0 0 0
1998 251 0 0 0
1999 224 0 0 0
2000 239 0 0 0
2001 207 0 0 0
2002 256 0 0 0
2003 191 0 0 0
2004 221 0 0 0
2005 233 0 0 0
2006 214 0 0 0
2007 200 0 0 0
2008 154 0 0 0
2009 171 0 0 0
2010 224 0 0 0
2011 254 0 0 0
2012 208 0 0 0
2013 213 0 0 0
2014 220 0 0 0
2015 233 0 0 0
2016 221 0 0 0
2017 211 0 0 0
2018 240 0 0 0
2019 199 0 0 0
2020 226 0 0 0
2021 198 0 0 0
2022 192 0 0 0
2023 180 0 0 0
2024 186 0 0 0
2025 190 0 0 0
2026 192 0 0 0
2027 212 0 0 0
2028 192 0 0 0
2029 204 0 0 0
2030 186 0 0 0
2031 191 0 0 0
2032 194 0 0 0
2033 213 0 0 0
2034 160 0 0 0
2035 212 0 0 0
2036 211 0 0 0
2037 161 0 0 0
2038 201 0 0 0
2039 211 0 0 0
2040 179 0 0 0
2041 192 0 0 0
2042 184 0 0 0
2043 172 0 0 0
2044 165 0 0 0
2045 172 0 0 0
2046 165 0 0 0
2047 204 0 0 0
2048 143 0 0 0
2049 198 0 0 0
2050 193 0 0 0
2051 211 0 0 0
2052 253 0 0 0
2053 256 0 0 0
2054 227 0 0 0
2055 228 0 0 0
2056 242 0 0 0
2057 252 0 0 0
2058 223 0 0 0
2059 202 0 0 0
2060 228 0 0 0
2061 240 0 0 0
2062 204 0 0 0
2063 228 0 0 0
2064 239 0 0 0
2065 235 0 0 0
2066 198 0 0 0
2067 190 0 0 0
2068 187 0 0 0
2069 172 0 0 0
2070 195 0 0 0
2071 203 0 0 0
2072 192 0 0 0
2073 188 0 0 0
2074 159 0 0 0
2075 159 0 0 0
2076 169 0 0 0
2077 131 0 0 0
2078 140 0 0 0
2079 217 0 0 0
2080 219 0 0 0
2081 168 0 0 0
2082 185 0 0 0
2083 181 0 0 0
2084 204 0 0 0
2085 217 0 0 0
2086 197 0 0 0
2087 199 0 0 0
2088 182 0 0 0
2089 185 0 0 0
2090 212 0 0 0
2091 206 0 0 0
2092 215 0 0 0
2093 220 0 0 0
2094 210 0 0 0
2095 239 0 0 0
2096 191 0 0 0
2097 201 0 0 0
2098 195 0 0 0
2099 185 0 0 0
2100 53 0 0 0
2101 39 0 0 0
2102 41 0 0 0
2103 73 0 0 0
2104 101 0 0 0
2105 92 0 0 0
2106 79 0 0 0
2107 102 0 0 0
2108 101 0 0 0
2109 101 0 0 0
2110 89 0 0 0
2111 104 0 0 0
2112 102 0 0 0
2113 111 0 0 0
2114 104 0 0 0
2115 125 0 0 0
2116 87 0 0 0
2117 98 0 0 0
2118 95 0 0 0
2119 99 0 0 0
2120 112 0 0 0
2121 104 0 0 0
2122 101 0 0 0
2123 117 0 0 0
2124 96 0 0 0
2125 92 0 0 0
2126 86 0 0 0
2127 79 0 0 0
2128 97 0 0 0
2129 114 0 0 0
2130 123 0 0 0
2131 118 0 0 0
2132 105 0 0 0
2133 85 0 0 0
2134 99 0 0 0
2135 112 0 0 0
2136 107 0 0 0
2137 106 0 0 0
2138 117 0 0 0
2139 108 0 0 0
2140 83 0 0 0
2141 115 0 0 0
2142 95 0 0 0
2143 76 0 0 0
2144 88 0 0 0
2145 99 0 0 0
2146 74 0 0 0
2147 93 0 0 0
2148 75 0 0 0
2149 67 0 0 0
2150 76 0 0 0
2151 75 0 0 0
2152 112 0 0 0
2153 145 0 0 0
2154 187 0 0 0
2155 165 0 0 0
2156 162 0 0 0
2157 159 0 0 0
2158 133 0 0 0
2159 124 0 0 0
2160 147 0 0 0
2161 142 0 0 0
2162 161 0 0 0
2163 154 0 0 0
2164 154 0 0 0
2165 171 0 0 0
2166 162 0 0 0
2167 222 0 0 0
2168 192 0 0 0
2169 186 0 0 0
2170 183 0 0 0
2171 200 0 0 0
2172 148 0 0 0
2173 197 0 0 0
2174 213 0 0 0
2175 204 0 0 0
2176 238 0 0 0
2177 188 0 0 0
2178 172 0 0 0
2179 180 0 0 0
2180 184 0 0 0
2181 173 0 0 0
2182 158 0 0 0
2183 224 0 0 0
2184 196 0 0 0
2185 217 0 0 0
2186 218 0 0 0
2187 179 0 0 0
2188 183 0 0 0
2189 169 0 0 0
2190 161 0 0 0
2191 163 0 0 0
2192 164 0 0 0
2193 191 0 0 0
2194 160 0 0 0
2195 182 0 0 0
2196 152 0 0 0
2197 175 0 0 0
2198 169 0 0 0
2199 177 0 0 0
2200 165 0 0 0
2201 163 0 0 0
2202 163 0 0 0
2203 167 0 0 0
2204 169 0 0 0
2205 159 0 0 0
2206 190 0 0 0
2207 187 0 0 0
2208 163 0 0 0
2209 180 0 0 0
2210 174 0 0 0
2211 167 0 0 0
2212 192 0 0 0
2213 194 0 0 0
2214 162 0 0 0
2215 190 0 0 0
2216 184 0 0 0
2217 196 0 0 0
2218 178 0 0 0
2219 206 0 0 0
2220 200 0 0 0
2221 191 0 0 0
2222 156 0 0 0
2223 177 0 0 0
2224 171 0 0 0
2225 191 0 0 0
2226 153 0 0 0
2227 174 0 0 0
2228 203 0 0 0
2229 174 0 0 0
2230 175 0 0 0
2231 213 0 0 0
2232 187 0 0 0
2233 171 0 0 0
2234 172 0 0 0
2235 180 0 0 0
2236 191 0 0 0
2237 184 0 0 0
2238 196 0 0 0
2239 196 0 0 0
2240 192 0 0 0
2241 198 0 0 0
2242 167 0 0 0
2243 179 0 0 0
2244 172 0 0 0
2245 184 0 0 0
2246 169 0 0 0
2247 176 0 0 0
2248 192 0 0 0
2249 202 0 0 0
2250 201 0 0 0
2251 219 0 0 0
2252 203 0 0 0
2253 214 0 0 0
2254 189 0 0 0
2255 196 0 0 0
2256 162 0 0 0
2257 143 0 0 0
2258 173 0 0 0
2259 173 0 0 0
2260 183 0 0 0
2261 153 0 0 0
2262 189 0 0 0
2263 182 0 0 0
2264 207 0 0 0
2265 192 0 0 0
2266 136 0 0 0
2267 169 0 0 0
2268 157 0 0 0
2269 158 0 0 0
2270 181 0 0 0
2271 161 0 0 0
2272 163 0 0 0
2273 156 0 0 0
2274 179 0 0 0
2275 165 0 0 0
2276 163 0 0 0
2277 149 0 0 0
2278 177 0 0 0
2279 178 0 0 0
2280 169 0 0 0
2281 185 0 0 0
2282 182 0 0 0
2283 178 0 0 0
2284 173 0 0 0
2285 188 0 0 0
2286 171 0 0 0
2287 172 0 0 0
2288 172 0 0 0
2289 174 0 0 0
2290 169 0 0 0
2291 176 0 0 0
2292 185 0 0 0
2293 222 0 0 0
2294 173 0 0 0
2295 173 0 0 0
2296 169 0 0 0
2297 166 0 0 0
2298 169 0 0 0
2299 175 0 0 0
2300 193 0 0 0
2301 181 0 0 0
2302 148 0 0 0
2303 171 0 0 0
2304 163 0 0 0
2305 176 0 0 0
2306 176 0 0 0
2307 167 0 0 0
2308 184 0 0 0
2309 164 0 0 0
2310 172 0 0 0
2311 141 0 0 0
2312 156 0 0 0
2313 167 0 0 0
2314 159 0 0 0
2315 153 0 0 0
2316 185 0 0 0
2317 168 0 0 0
2318 149 0 0 0
2319 170 0 0 0
2320 179 0 0 0
2321 164 0 0 0
2322 178 0 0 0
2323 184 0 0 0
2324 146 0 0 0
2325 192 0 0 0
2326 152 0 0 0
2327 171 0 0 0
2328 176 0 0 0
2329 187 0 0 0
2330 184 0 0 0
2331 184 0 0 0
2332 193 0 0 0
2333 173 0 0 0
2334 162 0 0 0
2335 179 0 0 0
2336 168 0 0 0
2337 187 0 0 0
2338 189 0 0 0
2339 165 0 0 0
2340 168 0 0 0
2341 157 0 0 0
2342 156 0 0 0
2343 169 0 0 0
2344 185 0 0 0
2345 193 0 0 0
2346 189 0 0 0
2347 177 0 0 0
2348 167 0 0 0
2349 180 0 0 0
2350 182 0 0 0
2351 161 0 0 0
2352 182 0 0 0
2353 169 0 0 0
2354 155 0 0 0
2355 176 0 0 0
2356 183 0 0 0
2357 144 0 0 0
2358 150 0 0 0
2359 179 0 0 0
2360 180 0 0 0
2361 159 0 0 0
2362 136 0 0 0
2363 144 0 0 0
2364 182 0 0 0
2365 164 0 0 0
2366 195 0 0 0
2367 161 0 0 0
2368 173 0 0 0
2369 169 0 0 0
2370 169 0 0 0
2371 202 0 0 0
2372 165 0 0 0
2373 177 0 0 0
2374 189 0 0 0
2375 149 0 0 0
2376 153 0 0 0
2377 174 0 0 0
2378 164 0 0 0
2379 162 0 0 0
2380 169 0 0 0
2381 181 0 0 0
2382 161 0 0 0
2383 174 0 0 0
2384 167 0 0 0
2385 173 0 0 0
2386 165 0 0 0
2387 187 0 0 0
2388 171 0 0 0
2389 179 0 0 0
2390 182 0 0 0
2391 154 0 0 0
2392 210 0 0 0
2393 161 0 0 0
2394 154 0 0 0
2395 172 0 0 0
2396 160 0 0 0
2397 208 0 0 0
2398 180 0 0 0
2399 159 0 0 0
2400 187 0 0 0
2401 190 0 0 0
2402 167 0 0 0
2403 171 0 0 0
2404 156 0 0 0
2405 185 0 0 0
2406 200 0 0 0
2407 166 0 0 0
2408 168 0 0 0
2409 177 0 0 0
2410 177 0 0 0
2411 179 0 0 0
2412 185 0 0 0
2413 182 0 0 0
2414 166 0 0 0
2415 195 0 0 0
2416 161 0 0 0
2417 190 0 0 0
2418 182 0 0 0
2419 176 0 0 0
2420 174 0 0 0
2421 209 0 0 0
2422 159 0 0 0
2423 152 0 0 0
2424 174 0 0 0
2425 183 0 0 0
2426 160 0 0 0
2427 161 0 0 0
2428 164 0 0 0
2429 161 0 0 0
2430 166 0 0 0
2431 173 0 0 0
2432 167 0 0 0
2433 159 0 0 0
2434 167 0 0 0
2435 183 0 0 0
2436 178 0 0 0
2437 171 0 0 0
2438 168 0 0 0
2439 163 0 0 0
2440 178 0 0 0
2441 200 0 0 0
2442 203 0 0 0
2443 186 0 0 0
2444 177 0 0 0
2445 183 0 0 0
2446 169 0 0 0
2447 168 0 0 0
2448 195 0 0 0
2449 177 0 0 0
2450 170 0 0 0
2451 164 0 0 0
2452 194 0 0 0
2453 175 0 0 0
2454 175 0 0 0
2455 213 0 0 0
2456 175 0 0 0
2457 179 0 0 0
2458 177 0 0 0
2459 202 0 0 0
2460 152 0 0 0
2461 192 0 0 0
2462 158 0 0 0
2463 163 0 0 0
2464 175 0 0 0
2465 185 0 0 0
2466 185 0 0 0
2467 167 0 0 0
2468 170 0 0 0
2469 178 0 0 0
2470 192 0 0 0
2471 156 0 0 0
2472 183 0 0 0
2473 176 0 0 0
2474 204 0 0 0
2475 173 0 0 0
2476 186 0 0 0
2477 179 0 0 0
2478 186 0 0 0
2479 163 0 0 0
2480 176 0 0 0
2481 139 0 0 0
2482 186 0 0 0
2483 176 0 0 0
2484 172 0 0 0
2485 180 0 0 0
2486 166 0 0 0
2487 151 0 0 0
2488 172 0 0 0
2489 202 0 0 0
2490 188 0 0 0
2491 176 0 0 0
2492 167 0 0 0
2493 187 0 0 0
2494 169 0 0 0
2495 183 0 0 0
2496 140 0 0 0
2497 196 0 0 0
2498 173 0 0 0
2499 205 0 0 0
2500 204 0 0 0
2501 175 0 0 0
2502 195 0 0 0
2503 179 0 0 0
2504 194 0 0 0
2505 148 0 0 0
2506 178 0 0 0
2507 151 0 0 0
2508 152 0 0 0
2509 159 0 0 0
2510 217 0 0 0
2511 173 0 0 0
2512 176 0 0 0
2513 143 0 0 0
2514 192 0 0 0
2515 204 0 0 0
2516 164 0 0 0
2517 176 0 0 0
2518 169 0 0 0
2519 163 0 0 0
2520 184 0 0 0
2521 142 0 0 0
2522 181 0 0 0
2523 204 0 0 0
2524 177 0 0 0
2525 181 0 0 0
2526 155 0 0 0
2527 182 0 0 0
2528 188 0 0 0
2529 205 0 0 0
2530 175 0 0 0
2531 174 0 0 0
2532 167 0 0 0
2533 152 0 0 0
2534 187 0 0 0
2535 180 0 0 0
2536 174 0 0 0
2537 180 0 0 0
2538 183 0 0 0
2539 202 0 0 0
2540 194 0 0 0
2541 182 0 0 0
2542 204 0 0 0
2543 175 0 0 0
2544 138 0 0 0
2545 173 0 0 0
2546 148 0 0 0
2547 132 0 0 0
2548 154 0 0 0
2549 133 0 0 0
2550 150 0 0 0
2551 160 0 0 0
2552 158 0 0 0
2553 119 0 0 0
2554 148 0 0 0
2555 129 0 0 0
2556 129 0 0 0
2557 138 0 0 0
2558 114 0 0 0
2559 143 0 0 0
2560 146 0 0 0
2561 192 0 0 0
2562 185 0 0 0
2563 128 0 0 0
2564 175 0 0 0
2565 153 0 0 0
2566 197 0 0 0
2567 204 0 0 0
2568 193 0 0 0
2569 174 0 0 0
2570 202 0 0 0
2571 166 0 0 0
2572 156 0 0 0
2573 187 0 0 0
2574 184 0 0 0
2575 192 0 0 0
2576 167 0 0 0
2577 217 0 0 0
2578 149 0 0 0
2579 147 0 0 0
2580 187 0 0 0
2581 162 0 0 0
2582 170 0 0 0
2583 168 0 0 0
2584 198 0 0 0
2585 177 0 0 0
2586 187 0 0 0
2587 170 0 0 0
2588 197 0 0 0
2589 181 0 0 0
2590 180 0 0 0
2591 185 0 0 0
2592 186 0 0 0
2593 174 0 0 0
2594 175 0 0 0
2595 189 0 0 0
2596 189 0 0 0
2597 175 0 0 0
2598 179 0 0 0
2599 148 0 0 0
2600 166 0 0 0
2601 183 0 0 0
2602 187 0 0 0
2603 196 0 0 0
2604 192 0 0 0
2605 244 0 0 0
2606 236 0 0 0
2607 180 0 0 0
2608 218 0 0 0
2609 163 0 0 0
2610 191 0 0 0
2611 176 0 0 0
2612 187 0 0 0
2613 179 0 0 0
2614 184 0 0 0
2615 149 0 0 0
2616 205 0 0 0
2617 176 0 0 0
2618 171 0 0 0
2619 160 0 0 0
2620 195 0 0 0
2621 180 0 0 0
2622 149 0 0 0
2623 176 0 0 0
2624 170 0 0 0
2625 162 0 0 0
2626 190 0 0 0
2627 170 0 0 0
2628 190 0 0 0
2629 163 0 0 0
2630 154 0 0 0
2631 167 0 0 0
2632 149 0 0 0
2633 130 0 0 0
2634 135 0 0 0
2635 152 0 0 0
2636 135 0 0 0
2637 135 0 0 0
2638 157 0 0 0
2639 143 0 0 0
2640 178 0 0 0
2641 176 0 0 0
2642 186 0 0 0
2643 197 0 0 0
2644 174 0 0 0
2645 173 0 0 0
2646 167 0 0 0
2647 168 0 0 0
2648 178 0 0 0
2649 169 0 0 0
2650 171 0 0 0
2651 165 0 0 0
2652 184 0 0 0
2653 153 0 0 0
2654 150 0 0 0
2655 159 0 0 0
2656 178 0 0 0
2657 193 0 0 0
2658 144 0 0 0
2659 171 0 0 0
2660 165 0 0 0
2661 168 0 0 0
2662 157 0 0 0
2663 167 0 0 0
2664 184 0 0 0
2665 174 0 0 0
2666 182 0 0 0
2667 182 0 0 0
2668 190 0 0 0
2669 178 0 0 0
2670 169 0 0 0
2671 163 0 0 0
2672 158 0 0 0
2673 184 0 0 0
2674 197 0 0 0
2675 198 0 0 0
2676 162 0 0 0
2677 146 0 0 0
2678 181 0 0 0
2679 170 0 0 0
2680 174 0 0 0
2681 184 0 0 0
2682 164 0 0 0
2683 185 0 0 0
2684 159 0 0 0
2685 173 0 0 0
2686 185 0 0 0
2687 184 0 0 0
2688 166 0 0 0
2689 193 0 0 0
2690 173 0 0 0
2691 180 0 0 0
2692 184 0 0 0
2693 164 0 0 0
2694 177 0 0 0
2695 146 0 0 0
2696 190 0 0 0
2697 196 0 0 0
2698 170 0 0 0
2699 194 0 0 0
2700 182 0 0 0
2701 195 0 0 0
2702 166 0 0 0
2703 172 0 0 0
2704 198 0 0 0
2705 174 0 0 0
2706 174 0 0 0
2707 164 0 0 0
2708 181 0 0 0
2709 151 0 0 0
2710 199 0 0 0
2711 167 0 0 0
2712 159 0 0 0
2713 191 0 0 0
2714 199 0 0 0
2715 169 0 0 0
2716 139 0 0 0
2717 161 0 0 0
2718 157 0 0 0
2719 193 0 0 0
2720 198 0 0 0
2721 184 0 0 0
2722 179 0 0 0
2723 176 0 0 0
2724 167 0 0 0
2725 167 0 0 0
2726 184 0 0 0
2727 175 0 0 0
2728 196 0 0 0
2729 191 0 0 0
2730 170 0 0 0
2731 169 0 0 0
2732 175 0 0 0
2733 161 0 0 0
2734 225 0 0 0
2735 169 0 0 0
2736 166 0 0 0
2737 160 0 0 0
2738 168 0 0 0
2739 179 0 0 0
2740 178 0 0 0
2741 183 0 0 0
2742 164 0 0 0
2743 156 0 0 0
2744 157 0 0 0
2745 196 0 0 0
2746 159 0 0 0
2747 197 0 0 0
2748 168 0 0 0
2749 189 0 0 0
2750 167 0 0 0
2751 176 0 0 0
2752 167 0 0 0
2753 174 0 0 0
2754 173 0 0 0
2755 150 0 0 0
2756 173 0 0 0
2757 170 0 0 0
2758 156 0 0 0
2759 193 0 0 0
2760 172 0 0 0
2761 165 0 0 0
2762 184 0 0 0
2763 162 0 0 0
2764 194 0 0 0
2765 159 0 0 0
2766 190 0 0 0
2767 185 0 0 0
2768 179 0 0 0
2769 174 0 0 0
2770 167 0 0 0
2771 180 0 0 0
2772 185 0 0 0
2773 172 0 0 0
2774 194 0 0 0
2775 174 0 0 0
2776 149 0 0 0
2777 188 0 0 0
2778 208 0 0 0
2779 147 0 0 0
2780 202 0 0 0
2781 172 0 0 0
2782 155 0 0 0
2783 182 0 0 0
2784 202 0 0 0
2785 183 0 0 0
2786 175 0 0 0
2787 188 0 0 0
2788 190 0 0 0
2789 159 0 0 0
2790 166 0 0 0
2791 188 0 0 0
2792 139 0 0 0
2793 162 0 0 0
2794 180 0 0 0
2795 183 0 0 0
2796 162 0 0 0
2797 191 0 0 0
2798 179 0 0 0
2799 166 0 0 0
2800 47 0 0 0
2801 40 0 0 0
2802 65 0 0 0
2803 58 0 0 0
2804 57 0 0 0
2805 82 0 0 0
2806 68 0 0 0
2807 89 0 0 0
2808 65 0 0 0
2809 74 0 0 0
2810 80 0 0 0
2811 54 0 0 0
2812 63 0 0 0
2813 77 0 0 0
2814 75 0 0 0
2815 80 0 0 0
2816 82 0 0 0
2817 57 0 0 0
2818 67 0 0 0
2819 67 0 0 0
2820 81 0 0 0
2821 67 0 0 0
2822 56 0 0 0
2823 46 0 0 0
2824 51 0 0 0
2825 48 0 0 0
2826 66 0 0 0
2827 47 0 0 0
2828 64 0 0 0
2829 51 0 0 0
2830 63 0 0 0
2831 44 0 0 0
2832 64 0 0 0
2833 58 0 0 0
2834 62 0 0 0
2835 72 0 0 0
2836 69 0 0 0
2837 72 0 0 0
2838 42 0 0 0
2839 80 0 0 0
2840 79 0 0 0
2841 73 0 0 0
2842 65 0 0 0
2843 79 0 0 0
2844 59 0 0 0
2845 79 0 0 0
2846 58 0 0 0
2847 82 0 0 0
2848 70 0 0 0
2849 56 0 0 0
2850 78 0 0 0
2851 74 0 0 0
2852 92 0 0 0
2853 57 0 0 0
2854 58 0 0 0
2855 79 0 0 0
2856 91 0 0 0
2857 72 0 0 0
2858 72 0 0 0
2859 68 0 0 0
2860 87 0 0 0
2861 69 0 0 0
2862 68 0 0 0
2863 54 0 0 0
2864 49 0 0 0
2865 37 0 0 0
2866 58 0 0 0
2867 66 0 0 0
2868 55 0 0 0
2869 67 0 0 0
2870 69 0 0 0
2871 75 0 0 0
2872 76 0 0 0
2873 84 0 0 0
2874 81 0 0 0
2875 92 0 0 0
2876 81 0 0 0
2877 69 0 0 0
2878 72 0 0 0
2879 81 0 0 0
2880 65 0 0 0
2881 39 0 0 0
2882 68 0 0 0
2883 72 0 0 0
2884 69 0 0 0
2885 54 0 0 0
2886 43 0 0 0
2887 57 0 0 0
2888 67 0 0 0
2889 48 0 0 0
2890 38 0 0 0
2891 38 0 0 0
2892 39 0 0 0
2893 50 0 0 0
2894 56 0 0 0
2895 45 0 0 0
2896 61 0 0 0
2897 65 0 0 0
2898 83 0 0 0
2899 75 0 0 0
2900 80 0 0 0
2901 83 0 0 0
2902 85 0 0 0
2903 75 0 0 0
2904 89 0 0 0
2905 82 0 0 0
2906 83 0 0 0
2907 83 0 0 0
2908 78 0 0 0
2909 53 0 0 0
2910 55 0 0 0
2911 80 0 0 0
2912 56 0 0 0
2913 83 0 0 0
2914 69 0 0 0
2915 66 0 0 0
2916 85 0 0 0
2917 87 0 0 0
2918 94 0 0 0
2919 59 0 0 0
2920 54 0 0 0
2921 43 0 0 0
2922 51 0 0 0
2923 50 0 0 0
2924 73 0 0 0
2925 58 0 0 0
2926 40 0 0 0
2927 59 0 0 0
2928 50 0 0 0
2929 35 0 0 0
2930 53 0 0 0
2931 59 0 0 0
2932 55 0 0 0
2933 57 0 0 0
2934 58 0 0 0
2935 65 0 0 0
2936 58 0 0 0
2937 51 0 0 0
2938 52 0 0 0
2939 59 0 0 0
2940 54 0 0 0
2941 53 0 0 0
2942 57 0 0 0
2943 45 0 0 0
2944 70 0 0 0
2945 76 0 0 0
2946 85 0 0 0
2947 79 0 0 0
2948 71 0 0 0
2949 78 0 0 0
2950 80 0 0 0
2951 74 0 0 0
2952 57 0 0 0
2953 78 0 0 0
2954 53 0 0 0
2955 76 0 0 0
2956 38 0 0 0
2957 62 0 0 0
2958 59 0 0 0
2959 49 0 0 0
2960 59 0 0 0
2961 53 0 0 0
2962 53 0 0 0
2963 69 0 0 0
2964 64 0 0 0
2965 90 0 0 0
2966 72 0 0 0
2967 97 0 0 0
2968 66 0 0 0
2969 61 0 0 0
2970 72 0 0 0
2971 68 0 0 0
2972 57 0 0 0
2973 78 0 0 0
2974 67 0 0 0
2975 64 0 0 0
2976 56 0 0 0
2977 55 0 0 0
2978 71 0 0 0
2979 76 0 0 0
2980 49 0 0 0
2981 62 0 0 0
2982 73 0 0 0
2983 77 0 0 0
2984 77 0 0 0
2985 87 0 0 0
2986 81 0 0 0
2987 53 0 0 0
2988 58 0 0 0
2989 44 0 0 0
2990 59 0 0 0
2991 47 0 0 0
2992 69 0 0 0
2993 73 0 0 0
2994 85 0 0 0
2995 88 0 0 0
2996 53 0 0 0
2997 54 0 0 0
2998 62 0 0 0
2999 50 0 0 0
3000 66 0 0 0
3001 72 0 0 0
3002 51 0 0 0
3003 64 0 0 0
3004 56 0 0 0
3005 72 0 0 0
3006 66 0 0 0
3007 80 0 0 0
3008 82 0 0 0
3009 82 0 0 0
3010 100 0 0 0
3011 81 0 0 0
3012 75 0 0 0
3013 75 0 0 0
3014 74 0 0 0
3015 85 0 0 0
3016 74 0 0 0
3017 78 0 0 0
3018 66 0 0 0
3019 75 0 0 0
3020 68 0 0 0
3021 72 0 0 0
3022 87 0 0 0
3023 85 0 0 0
3024 77 0 0 0
3025 80 0 0 0
3026 79 0 0 0
3027 84 0 0 0
3028 74 0 0 0
3029 86 0 0 0
3030 87 0 0 0
3031 64 0 0 0
3032 67 0 0 0
3033 63 0 0 0
3034 72 0 0 0
3035 58 0 0 0
3036 65 0 0 0
3037 56 0 0 0
3038 67 0 0 0
3039 73 0 0 0
3040 73 0 0 0
3041 71 0 0 0
3042 70 0 0 0
3043 75 0 0 0
3044 75 0 0 0
3045 72 0 0 0
3046 79 0 0 0
3047 75 0 0 0
3048 66 0 0 0
3049 68 0 0 0
3050 62 0 0 0
3051 63 0 0 0
3052 68 0 0 0
3053 61 0 0 0
3054 77 0 0 0
3055 58 0 0 0
3056 79 0 0 0
3057 74 0 0 0
3058 78 0 0 0
3059 88 0 0 0
3060 82 0 0 0
3061 68 0 0 0
3062 66 0 0 0
3063 74 0 0 0
3064 96 0 0 0
3065 72 0 0 0
3066 80 0 0 0
3067 78 0 0 0
3068 67 0 0 0
3069 51 0 0 0
3070 76 0 0 0
3071 84 0 0 0
3072 60 0 0 0
3073 87 0 0 0
3074 77 0 0 0
3075 62 0 0 0
3076 72 0 0 0
3077 64 0 0 0
3078 75 0 0 0
3079 62 0 0 0
3080 68 0 0 0
3081 70 0 0 0
3082 68 0 0 0
3083 69 0 0 0
3084 66 0 0 0
3085 67 0 0 0
3086 70 0 0 0
3087 79 0 0 0
3088 73 0 0 0
3089 71 0 0 0
3090 54 0 0 0
3091 52 0 0 0
3092 53 0 0 0
3093 64 0 0 0
3094 51 0 0 0
3095 48 0 0 0
3096 55 0 0 0
3097 68 0 0 0
3098 53 0 0 0
3099 59 0 0 0
3100 59 0 0 0
3101 66 0 0 0
3102 66 0 0 0
3103 89 0 0 0
3104 76 0 0 0
3105 75 0 0 0
3106 72 0 0 0
3107 76 0 0 0
3108 88 0 0 0
3109 73 0 0 0
3110 71 0 0 0
3111 77 0 0 0
3112 44 0 0 0
3113 69 0 0 0
3114 65 0 0 0
3115 76 0 0 0
3116 79 0 0 0
3117 56 0 0 0
3118 56 0 0 0
3119 56 0 0 0
3120 76 0 0 0
3121 60 0 0 0
3122 69 0 0 0
3123 64 0 0 0
3124 84 0 0 0
3125 60 0 0 0
3126 74 0 0 0
3127 95 0 0 0
3128 71 0 0 0
3129 71 0 0 0
3130 75 0 0 0
3131 60 0 0 0
3132 67 0 0 0
3133 85 0 0 0
3134 66 0 0 0
3135 63 0 0 0
3136 61 0 0 0
3137 71 0 0 0
3138 96 0 0 0
3139 81 0 0 0
3140 65 0 0 0
3141 75 0 0 0
3142 80 0 0 0
3143 77 0 0 0
3144 85 0 0 0
3145 71 0 0 0
3146 69 0 0 0
3147 65 0 0 0
3148 66 0 0 0
3149 67 0 0 0
3150 74 0 0 0
3151 65 0 0 0
3152 71 0 0 0
3153 74 0 0 0
3154 68 0 0 0
3155 78 0 0 0
3156 71 0 0 0
3157 64 0 0 0
3158 60 0 0 0
3159 65 0 0 0
3160 74 0 0 0
3161 94 0 0 0
3162 81 0 0 0
3163 74 0 0 0
3164 87 0 0 0
3165 60 0 0 0
3166 84 0 0 0
3167 72 0 0 0
3168 67 0 0 0
3169 65 0 0 0
3170 47 0 0 0
3171 79 0 0 0
3172 68 0 0 0
3173 78 0 0 0
3174 47 0 0 0
3175 33 0 0 0
3176 49 0 0 0
3177 62 0 0 0
3178 53 0 0 0
3179 56 0 0 0
3180 51 0 0 0
3181 45 0 0 0
3182 50 0 0 0
3183 77 0 0 0
3184 63 0 0 0
3185 88 0 0 0
3186 83 0 0 0
3187 29 0 0 0
3188 68 0 0 0
3189 61 0 0 0
3190 55 0 0 0
3191 61 0 0 0
3192 60 0 0 0
3193 65 0 0 0
3194 41 0 0 0
3195 55 0 0 0
3196 88 0 0 0
3197 51 0 0 0
3198 72 0 0 0
3199 80 0 0 0
3200 78 0 0 0
3201 93 0 0 0
3202 65 0 0 0
3203 74 0 0 0
3204 74 0 0 0
3205 83 0 0 0
3206 69 0 0 0
3207 76 0 0 0
3208 87 0 0 0
3209 59 0 0 0
3210 79 0 0 0
3211 56 0 0 0
3212 81 0 0 0
3213 77 0 0 0
3214 88 0 0 0
3215 59 0 0 0
3216 36 0 0 0
3217 40 0 0 0
3218 39 0 0 0
3219 66 0 0 0
3220 56 0 0 0
3221 37 0 0 0
3222 90 0 0 0
3223 62 0 0 0
3224 65 0 0 0
3225 82 0 0 0
3226 77 0 0 0
3227 78 0 0 0
3228 76 0 0 0
3229 70 0 0 0
3230 68 0 0 0
3231 53 0 0 0
3232 78 0 0 0
3233 73 0 0 0
3234 77 0 0 0
3235 87 0 0 0
3236 65 0 0 0
3237 83 0 0 0
3238 68 0 0 0
3239 76 0 0 0
3240 70 0 0 0
3241 79 0 0 0
3242 74 0 0 0
3243 78 0 0 0
3244 88 0 0 0
3245 66 0 0 0
3246 74 0 0 0
3247 74 0 0 0
3248 84 0 0 0
3249 64 0 0 0
3250 71 0 0 0
3251 78 0 0 0
3252 91 0 0 0
3253 84 0 0 0
3254 76 0 0 0
3255 73 0 0 0
3256 87 0 0 0
3257 86 0 0 0
3258 82 0 0 0
3259 66 0 0 0
3260 60 0 0 0
3261 68 0 0 0
3262 74 0 0 0
3263 61 0 0 0
3264 42 0 0 0
3265 48 0 0 0
3266 48 0 0 0
3267 52 0 0 0
3268 58 0 0 0
3269 80 0 0 0
3270 71 0 0 0
3271 55 0 0 0
3272 66 0 0 0
3273 69 0 0 0
3274 69 0 0 0
3275 73 0 0 0
3276 83 0 0 0
3277 76 0 0 0
3278 83 0 0 0
3279 72 0 0 0
3280 83 0 0 0
3281 67 0 0 0
3282 82 0 0 0
3283 96 0 0 0
3284 67 0 0 0
3285 87 0 0 0
3286 71 0 0 0
3287 72 0 0 0
3288 70 0 0 0
3289 75 0 0 0
3290 89 0 0 0
3291 48 0 0 0
3292 73 0 0 0
3293 68 0 0 0
3294 53 0 0 0
3295 68 0 0 0
3296 82 0 0 0
3297 78 0 0 0
3298 72 0 0 0
3299 82 0 0 0
3300 72 0 0 0
3301 75 0 0 0
3302 84 0 0 0
3303 65 0 0 0
3304 86 0 0 0
3305 74 0 0 0
3306 75 0 0 0
3307 70 0 0 0
3308 34 0 0 0
3309 59 0 0 0
3310 57 0 0 0
3311 58 0 0 0
3312 56 0 0 0
3313 52 0 0 0
3314 42 0 0 0
3315 54 0 0 0
3316 52 0 0 0
3317 58 0 0 0
3318 40 0 0 0
3319 54 0 0 0
3320 43 0 0 0
3321 60 0 0 0
3322 53 0 0 0
3323 51 0 0 0
3324 63 0 0 0
3325 50 0 0 0
3326 55 0 0 0
3327 53 0 0 0
3328 51 0 0 0
3329 59 0 0 0
3330 56 0 0 0
3331 39 0 0 0
3332 47 0 0 0
3333 49 0 0 0
3334 56 0 0 0
3335 62 0 0 0
3336 43 0 0 0
3337 24 0 0 0
3338 49 0 0 0
3339 23 0 0 0
3340 45 0 0 0
3341 34 0 0 0
3342 14 0 0 0
3343 33 0 0 0
3344 43 0 0 0
3345 44 0 0 0
3346 24 0 0 0
3347 27 0 0 0
3348 36 0 0 0
3349 37 0 0 0
3350 29 0 0 0
3351 31 0 0 0
3352 19 0 0 0
3353 35 0 0 0
3354 35 0 0 0
3355 29 0 0 0
3356 26 0 0 0
3357 33 0 0 0
3358 29 0 0 0
3359 30 0 0 0
3360 22 0 0 0
3361 21 0 0 0
3362 32 0 0 0
3363 41 0 0 0
3364 26 0 0 0
3365 34 0 0 0
3366 34 0 0 0
3367 44 0 0 0
3368 38 0 0 0
3369 27 0 0 0
3370 18 0 0 0
3371 47 0 0 0
3372 48 0 0 0
3373 43 0 0 0
3374 53 0 0 0
3375 53 0 0 0
3376 45 0 0 0
3377 51 0 0 0
3378 35 0 0 0
3379 40 0 0 0
3380 54 0 0 0
3381 70 0 0 0
3382 47 0 0 0
3383 46 0 0 0
3384 47 0 0 0
3385 44 0 0 0
3386 64 0 0 0
3387 37 0 0 0
3388 61 0 0 0
3389 53 0 0 0
3390 45 0 0 0
3391 30 0 0 0
3392 43 0 0 0
3393 45 0 0 0
3394 41 0 0 0
3395 57 0 0 0
3396 57 0 0 0
3397 61 0 0 0
3398 71 0 0 0
3399 63 0 0 0
3400 68 0 0 0
3401 72 0 0 0
3402 58 0 0 0
3403 43 0 0 0
3404 28 0 0 0
3405 76 0 0 0
3406 51 0 0 0
3407 74 0 0 0
3408 62 0 0 0
3409 63 0 0 0
3410 96 0 0 0
3411 96 0 0 0
3412 84 0 0 0
3413 77 0 0 0
3414 81 0 0 0
3415 93 0 0 0
3416 86 0 0 0
3417 101 0 0 0
3418 94 0 0 0
3419 77 0 0 0
3420 110 0 0 0
3421 92 0 0 0
3422 117 0 0 0
3423 89 0 0 0
3424 137 0 0 0
3425 113 0 0 0
3426 130 0 0 0
3427 88 0 0 0
3428 131 0 0 0
3429 94 0 0 0
3430 126 0 0 0
3431 82 0 0 0
3432 91 0 0 0
3433 116 0 0 0
3434 99 0 0 0
3435 109 0 0 0
3436 105 0 0 0
3437 119 0 0 0
3438 104 0 0 0
3439 116 0 0 0
3440 118 0 0 0
3441 105 0 0 0
3442 109 0 0 0
3443 67 0 0 0
3444 101 0 0 0
3445 104 0 0 0
3446 99 0 0 0
3447 96 0 0 0
3448 104 0 0 0
3449 89 0 0 0
3450 119 0 0 0
3451 96 0 0 0
3452 116 0 0 0
3453 104 0 0 0
3454 96 0 0 0
3455 101 0 0 0
3456 84 0 0 0
3457 79 0 0 0
3458 111 0 0 0
3459 157 0 0 0
3460 98 0 0 0
3461 101 0 0 0
3462 97 0 0 0
3463 86 0 0 0
3464 126 0 0 0
3465 91 0 0 0
3466 111 0 0 0
3467 122 0 0 0
3468 95 0 0 0
3469 100 0 0 0
3470 108 0 0 0
3471 123 0 0 0
3472 110 0 0 0
3473 100 0 0 0
3474 95 0 0 0
3475 98 0 0 0
3476 97 0 0 0
3477 105 0 0 0
3478 90 0 0 0
3479 68 0 0 0
3480 100 0 0 0
3481 136 0 0 0
3482 98 0 0 0
3483 83 0 0 0
3484 108 0 0 0
3485 89 0 0 0
3486 80 0 0 0
3487 91 0 0 0
3488 68 0 0 0
3489 107 0 0 0
3490 96 0 0 0
3491 106 0 0 0
3492 130 0 0 0
3493 125 0 0 0
3494 79 0 0 0
3495 114 0 0 0
3496 100 0 0 0
3497 134 0 0 0
3498 97 0 0 0
3499 95 0 0 0
