# #DNA 97-101,194-198
# #Frame H2A H2B H3 H4 (contacts)
0 0 44 0 83
1 0 23 0 104
2 0 30 0 59
3 0 29 0 56
4 0 29 0 92
5 0 49 0 70
6 0 43 0 89
7 0 34 0 63
8 0 43 0 66
9 0 31 0 102
10 0 18 0 91
11 0 39 0 98
12 0 26 0 84
13 0 27 0 98
14 0 32 0 87
15 0 19 0 53
16 0 32 0 31
17 0 51 0 58
18 0 25 0 5
19 0 18 0 27
20 0 23 0 21
21 0 26 0 17
22 0 27 0 6
23 0 26 0 8
24 0 27 0 38
25 0 22 0 72
26 0 23 0 78
27 0 26 0 90
28 0 29 0 81
29 0 29 0 81
30 0 29 0 95
31 0 15 0 106
32 0 31 0 108
33 0 40 0 114
34 0 8 0 115
35 0 23 0 123
36 0 17 0 105
37 0 3 0 100
38 0 5 0 90
39 0 3 0 103
40 0 15 0 105
41 0 28 0 90
42 0 16 0 106
43 0 0 0 110
44 0 6 0 90
45 0 1 0 108
46 0 0 0 113
47 0 1 0 79
48 0 0 0 88
49 0 0 0 71
50 0 5 0 84
51 0 7 0 110
52 0 10 0 104
53 0 3 0 96
54 0 3 0 105
55 0 21 0 109
56 0 8 0 65
57 0 2 0 128
58 0 1 0 111
59 0 3 0 111
60 0 0 0 105
61 0 2 0 102
62 0 0 0 114
63 0 0 0 111
64 0 0 0 131
65 0 0 0 108
66 0 0 0 94
67 0 0 0 94
68 0 7 0 99
69 0 0 0 112
70 0 0 0 109
71 0 0 0 111
72 0 1 0 94
73 0 0 0 77
74 0 0 0 61
75 0 8 0 69
76 0 7 0 59
77 0 2 0 33
78 0 1 0 45
79 0 0 0 63
80 0 1 0 54
81 0 2 0 59
82 0 0 0 58
83 0 0 0 43
84 0 3 0 51
85 0 7 0 59
86 0 6 0 51
87 0 14 0 48
88 0 10 0 27
89 0 13 0 62
90 0 13 0 46
91 0 0 0 37
92 0 0 0 54
93 0 6 0 53
94 0 3 0 49
95 0 2 0 52
96 0 4 0 52
97 0 1 0 57
98 0 0 0 67
99 0 1 0 44
100 0 5 0 51
101 0 0 0 53
102 0 0 0 45
103 0 8 0 64
104 0 8 0 58
105 0 12 0 91
106 0 16 0 81
107 0 21 0 79
108 0 5 0 83
109 0 1 0 69
110 0 0 0 81
111 0 0 0 80
112 0 6 0 96
113 0 5 0 109
114 0 8 0 65
115 0 3 0 73
116 0 3 0 85
117 0 5 0 99
118 0 3 0 45
119 0 2 0 41
120 0 9 0 61
121 0 3 0 41
122 0 1 0 74
123 0 0 0 50
124 0 0 0 59
125 0 1 0 71
126 0 0 0 77
127 0 0 0 75
128 0 7 0 61
129 0 0 0 56
130 0 5 0 77
131 0 11 0 109
132 0 1 0 124
133 0 13 0 103
134 0 6 0 129
135 0 4 0 109
136 0 6 0 107
137 0 11 0 120
138 0 5 0 139
139 0 9 0 126
140 0 13 0 127
141 0 12 0 58
142 0 11 0 101
143 0 6 0 134
144 0 5 0 99
145 0 8 0 99
146 0 5 0 94
147 0 5 0 100
148 0 6 0 107
149 0 9 0 84
150 0 18 0 96
151 0 5 0 97
152 0 11 0 82
153 0 6 0 95
154 0 8 0 98
155 0 7 0 49
156 0 11 0 45
157 0 3 0 86
158 0 10 0 68
159 0 3 0 71
160 0 4 0 68
161 0 12 0 87
162 0 6 0 75
163 0 5 0 72
164 0 6 0 79
165 0 7 0 111
166 0 12 0 82
167 0 3 0 64
168 0 9 0 79
169 0 13 0 80
170 0 7 0 94
171 0 7 0 74
172 0 1 0 111
173 0 6 0 129
174 0 4 0 115
175 0 9 0 101
176 0 10 0 114
177 0 8 0 56
178 0 4 0 88
179 0 25 0 73
180 0 27 0 71
181 0 16 0 79
182 0 35 0 79
183 0 17 0 63
184 0 17 0 83
185 0 10 0 69
186 0 12 0 91
187 0 8 0 63
188 0 7 0 60
189 0 15 0 73
190 0 21 0 78
191 0 6 0 70
192 0 13 0 64
193 0 3 0 69
194 0 4 0 69
195 0 4 0 81
196 0 5 0 72
197 0 3 0 78
198 0 15 0 73
199 0 10 0 91
200 0 8 0 74
201 0 12 0 73
202 0 6 0 78
203 0 4 0 78
204 0 1 0 55
205 0 10 0 74
206 0 7 0 99
207 0 6 0 86
208 0 7 0 107
209 0 10 0 73
210 0 10 0 34
211 0 12 0 41
212 0 8 0 11
213 0 13 0 49
214 0 7 0 80
215 0 3 0 28
216 0 1 0 84
217 0 7 0 90
218 0 8 0 88
219 0 9 0 67
220 0 11 0 61
221 0 9 0 96
222 0 14 0 66
223 0 6 0 64
224 0 6 0 65
225 0 8 0 49
226 0 5 0 67
227 0 3 0 47
228 0 9 0 46
229 0 9 0 50
230 0 3 0 52
231 0 8 0 58
232 0 4 0 63
233 0 5 0 47
234 0 13 0 50
235 0 7 0 53
236 0 4 0 91
237 0 10 0 72
238 0 6 0 71
239 0 2 0 106
240 0 5 0 99
241 0 5 0 90
242 0 13 0 95
243 0 0 0 105
244 0 7 0 112
245 0 10 0 78
246 0 12 0 78
247 0 8 0 77
248 0 5 0 71
249 0 11 0 53
250 0 16 0 93
251 0 8 0 70
252 0 9 0 65
253 0 9 0 53
254 0 8 0 48
255 0 13 0 57
256 0 13 0 58
257 0 16 0 23
258 0 11 0 14
259 0 11 0 15
260 0 11 0 43
261 0 10 0 46
262 0 8 0 54
263 0 6 0 87
264 0 10 0 69
265 0 5 0 65
266 0 6 0 50
267 0 3 0 47
268 0 9 0 28
269 0 9 0 52
270 0 3 0 52
271 0 0 0 69
272 0 10 0 43
273 0 8 0 59
274 0 4 0 114
275 0 6 0 57
276 0 8 0 77
277 0 9 0 71
278 0 0 0 55
279 0 3 0 61
280 0 0 0 66
281 0 0 0 28
282 0 6 0 60
283 0 7 0 62
284 0 11 0 77
285 0 16 0 66
286 0 8 0 76
287 0 1 0 43
288 0 9 0 45
289 0 2 0 79
290 0 6 0 71
291 0 12 0 59
292 0 18 0 52
293 0 9 0 62
294 0 10 0 53
295 0 4 0 78
296 0 7 0 62
297 0 3 0 73
298 0 11 0 63
299 0 9 0 67
300 0 5 0 74
301 0 8 0 90
302 0 7 0 91
303 0 10 0 90
304 0 3 0 68
305 0 2 0 80
306 0 8 0 80
307 0 11 0 106
308 0 6 0 58
309 0 8 0 70
310 0 9 0 93
311 0 10 0 91
312 0 7 0 80
313 0 12 0 80
314 0 9 0 90
315 0 3 0 75
316 0 13 0 84
317 0 6 0 78
318 0 10 0 73
319 0 29 0 81
320 0 18 0 91
321 0 30 0 83
322 0 30 0 44
323 0 23 0 80
324 0 17 0 48
325 0 23 0 66
326 0 18 0 73
327 0 27 0 49
328 0 31 0 58
329 0 20 0 51
330 0 22 0 65
331 0 27 0 45
332 0 24 0 62
333 0 37 0 78
334 0 25 0 83
335 0 25 0 62
336 0 19 0 59
337 0 28 0 82
338 0 32 0 77
339 0 33 0 73
340 0 27 0 82
341 0 31 0 37
342 0 33 0 37
343 0 35 0 68
344 0 25 0 73
345 0 29 0 73
346 0 24 0 66
347 0 26 0 90
348 0 35 0 73
349 0 20 0 98
350 0 26 0 74
351 0 27 0 66
352 0 20 0 78
353 0 21 0 88
354 0 24 0 60
355 0 21 0 83
356 0 28 0 89
357 0 31 0 71
358 0 34 0 68
359 0 31 0 85
360 0 36 0 77
361 0 24 0 86
362 0 17 0 80
363 0 20 0 76
364 0 30 0 80
365 0 35 0 76
366 0 26 0 49
367 0 26 0 97
368 0 22 0 90
369 0 22 0 102
370 0 32 0 108
371 0 20 0 106
372 0 35 0 92
373 0 26 0 80
374 0 28 0 97
375 0 33 0 77
376 0 26 0 96
377 0 29 0 97
378 0 39 0 105
379 0 25 0 93
380 0 34 0 101
381 0 52 0 87
382 0 29 0 92
383 0 18 0 95
384 0 25 0 82
385 0 22 0 101
386 0 20 0 120
387 0 11 0 111
388 0 25 0 104
389 0 20 0 102
390 0 25 0 104
391 0 22 0 96
392 0 22 0 91
393 0 23 0 80
394 0 13 0 123
395 0 31 0 109
396 0 24 0 119
397 0 24 0 97
398 0 28 0 95
399 0 28 0 102
400 0 28 0 108
401 0 15 0 139
402 0 31 0 108
403 0 29 0 105
404 0 14 0 82
405 0 20 0 88
406 0 23 0 86
407 0 30 0 99
408 0 32 0 97
409 0 11 0 121
410 0 19 0 100
411 0 4 0 92
412 0 13 0 79
413 0 9 0 105
414 0 30 0 118
415 0 30 0 96
416 0 31 0 91
417 0 39 0 91
418 0 42 0 84
419 0 7 0 84
420 0 21 0 92
421 0 11 0 100
422 0 11 0 89
423 0 11 0 89
424 0 11 0 97
425 0 12 0 91
426 0 13 0 63
427 0 22 0 104
428 0 17 0 122
429 0 21 0 106
430 0 8 0 84
431 0 12 0 39
432 0 12 0 82
433 0 8 0 95
434 0 9 0 90
435 0 3 0 109
436 0 11 0 111
437 0 15 0 105
438 0 14 0 111
439 0 7 0 98
440 0 6 0 115
441 0 9 0 95
442 0 9 0 59
443 0 8 0 98
444 0 8 0 94
445 0 2 0 66
446 0 10 0 66
447 0 10 0 74
448 0 4 0 64
449 0 4 0 63
450 0 12 0 58
451 0 11 0 79
452 0 9 0 72
453 0 19 0 121
454 0 20 0 104
455 0 25 0 81
456 0 19 0 93
457 0 31 0 106
458 0 15 0 116
459 0 7 0 98
460 0 11 0 105
461 0 13 0 96
462 0 17 0 94
463 0 14 0 96
464 0 30 0 110
465 0 27 0 82
466 0 23 0 118
467 0 12 0 66
468 0 22 0 82
469 0 11 0 115
470 0 20 0 128
471 0 16 0 130
472 0 23 0 112
473 0 23 0 118
474 0 20 0 126
475 0 25 0 114
476 0 29 0 117
477 0 20 0 103
478 0 11 0 133
479 0 30 0 120
480 0 23 0 115
481 0 17 0 137
482 0 16 0 106
483 0 11 0 142
484 0 21 0 122
485 0 20 0 121
486 0 18 0 125
487 0 20 0 130
488 0 11 0 111
489 0 26 0 123
490 0 7 0 96
491 0 14 0 132
492 0 22 0 106
493 0 21 0 95
494 0 21 0 106
495 0 17 0 133
496 0 21 0 135
497 0 14 0 117
498 0 8 0 121
499 0 4 0 124
500 0 29 0 123
501 0 27 0 133
502 0 16 0 86
503 0 14 0 75
504 0 30 0 69
505 0 10 0 88
506 0 11 0 116
507 0 7 0 92
508 0 3 0 116
509 0 10 0 68
510 0 8 0 69
511 0 7 0 86
512 0 5 0 70
513 0 9 0 87
514 0 3 0 100
515 0 16 0 115
516 0 7 0 100
517 0 7 0 100
518 0 7 0 113
519 0 14 0 110
520 0 1 0 103
521 0 4 0 119
522 0 6 0 87
523 0 1 0 73
524 0 12 0 117
525 0 6 0 97
526 0 8 0 115
527 0 3 0 107
528 0 3 0 107
529 0 9 0 118
530 0 7 0 82
531 0 7 0 87
532 0 3 0 91
533 0 5 0 110
534 0 6 0 106
535 0 3 0 102
536 0 12 0 91
537 0 10 0 89
538 0 3 0 95
539 0 3 0 105
540 0 7 0 118
541 0 3 0 90
542 0 8 0 107
543 0 12 0 103
544 0 10 0 94
545 0 12 0 93
546 0 1 0 123
547 0 8 0 122
548 0 3 0 93
549 0 3 0 126
550 0 4 0 122
551 0 4 0 129
552 0 23 0 98
553 0 6 0 79
554 0 13 0 74
555 0 10 0 77
556 0 7 0 94
557 0 8 0 92
558 0 11 0 133
559 0 11 0 97
560 0 14 0 99
561 0 5 0 113
562 0 2 0 116
563 0 15 0 119
564 0 12 0 124
565 0 15 0 94
566 0 15 0 110
567 0 9 0 86
568 0 2 0 105
569 0 3 0 88
570 0 4 0 90
571 0 7 0 88
572 0 3 0 89
573 0 4 0 86
574 0 4 0 88
575 0 1 0 88
576 0 1 0 81
577 0 8 0 62
578 0 10 0 65
579 0 8 0 113
580 0 6 0 83
581 0 6 0 81
582 0 24 0 86
583 0 21 0 107
584 0 15 0 105
585 0 14 0 118
586 0 14 0 127
587 0 11 0 85
588 0 6 0 103
589 0 16 0 118
590 0 8 0 120
591 0 13 0 118
592 0 3 0 110
593 0 9 0 85
594 0 9 0 99
595 0 9 0 95
596 0 8 0 60
597 0 9 0 84
598 0 6 0 95
599 0 1 0 105
600 0 5 0 112
601 0 7 0 128
602 0 13 0 108
603 0 11 0 126
604 0 9 0 144
605 0 5 0 162
606 0 3 0 112
607 0 1 0 138
608 0 7 0 124
609 0 7 0 140
610 0 8 0 125
611 0 12 0 131
612 0 1 0 125
613 0 8 0 110
614 0 10 0 96
615 0 8 0 116
616 0 12 0 118
617 0 7 0 123
618 0 6 0 115
619 0 1 0 129
620 0 13 0 117
621 0 3 0 124
622 0 9 0 106
623 0 2 0 125
624 0 14 0 109
625 0 18 0 129
626 0 22 0 163
627 0 24 0 158
628 0 19 0 159
629 0 20 0 148
630 0 12 0 176
631 0 10 0 181
632 0 12 0 160
633 0 8 0 179
634 0 9 0 165
635 0 6 0 121
636 0 7 0 98
637 0 1 0 108
638 0 5 0 109
639 0 9 0 102
640 0 14 0 138
641 0 7 0 114
642 0 10 0 142
643 0 1 0 161
644 0 4 0 144
645 0 11 0 152
646 0 2 0 148
647 0 2 0 132
648 0 6 0 124
649 0 5 0 125
650 0 2 0 123
651 0 3 0 145
652 0 7 0 143
653 0 3 0 148
654 0 8 0 125
655 0 1 0 129
656 0 7 0 149
657 0 8 0 115
658 0 1 0 140
659 0 1 0 131
660 0 21 0 138
661 0 16 0 119
662 0 3 0 141
663 0 4 0 130
664 0 7 0 155
665 0 7 0 130
666 0 11 0 160
667 0 10 0 159
668 0 17 0 138
669 0 8 0 130
670 0 10 0 134
671 0 7 0 142
672 0 6 0 134
673 0 9 0 130
674 0 12 0 143
675 0 10 0 152
676 0 6 0 141
677 0 8 0 127
678 0 10 0 142
679 0 16 0 148
680 0 6 0 98
681 0 0 0 106
682 0 3 0 59
683 0 0 0 60
684 0 1 0 99
685 0 5 0 116
686 0 1 0 93
687 0 2 0 111
688 0 0 0 108
689 0 0 0 72
690 0 4 0 98
691 0 5 0 124
692 0 6 0 124
693 0 11 0 179
694 0 7 0 138
695 0 16 0 165
696 0 9 0 112
697 0 3 0 105
698 0 6 0 135
699 0 5 0 132
700 0 23 0 94
701 0 26 0 100
702 0 23 0 80
703 0 22 0 87
704 0 15 0 91
705 0 27 0 87
706 0 22 0 92
707 0 13 0 68
708 0 33 0 76
709 0 31 0 88
710 0 39 0 100
711 0 28 0 75
712 0 23 0 75
713 0 31 0 74
714 0 27 0 77
715 0 21 0 78
716 0 31 0 95
717 0 15 0 86
718 0 22 0 66
719 0 41 0 89
720 0 23 0 85
721 0 7 0 92
722 0 30 0 77
723 0 30 0 104
724 0 28 0 113
725 0 29 0 97
726 0 49 0 109
727 0 22 0 102
728 0 39 0 107
729 0 35 0 102
730 0 40 0 84
731 0 39 0 89
732 0 50 0 120
733 0 45 0 74
734 0 28 0 99
735 0 29 0 110
736 0 47 0 102
737 0 27 0 80
738 0 31 0 80
739 0 32 0 96
740 0 32 0 73
741 0 21 0 41
742 0 30 0 61
743 0 26 0 95
744 0 29 0 97
745 0 26 0 109
746 0 25 0 87
747 0 26 0 94
748 0 19 0 82
749 0 27 0 88
750 0 23 0 84
751 0 23 0 81
752 0 17 0 87
753 0 33 0 106
754 0 8 0 65
755 0 17 0 89
756 0 4 0 56
757 0 10 0 82
758 0 9 0 81
759 0 9 0 82
760 0 11 0 85
761 0 13 0 76
762 0 14 0 126
763 0 26 0 133
764 0 25 0 119
765 0 10 0 131
766 0 30 0 129
767 0 17 0 101
768 0 12 0 115
769 0 28 0 116
770 0 16 0 112
771 0 31 0 126
772 0 18 0 106
773 0 32 0 111
774 0 34 0 138
775 0 24 0 116
776 0 16 0 143
777 0 33 0 119
778 0 30 0 127
779 0 24 0 116
780 0 12 0 100
781 0 34 0 90
782 0 44 0 117
783 0 27 0 103
784 0 18 0 85
785 0 26 0 120
786 0 20 0 95
787 0 17 0 100
788 0 23 0 91
789 0 44 0 118
790 0 35 0 118
791 0 28 0 110
792 0 24 0 131
793 0 21 0 120
794 0 33 0 126
795 0 23 0 113
796 0 24 0 112
797 0 16 0 112
798 0 32 0 106
799 0 25 0 117
800 0 30 0 126
801 0 13 0 141
802 0 28 0 110
803 0 34 0 122
804 0 8 0 111
805 0 20 0 127
806 0 28 0 130
807 0 22 0 109
808 0 23 0 117
809 0 19 0 134
810 0 18 0 108
811 0 28 0 135
812 0 20 0 124
813 0 22 0 117
814 0 37 0 137
815 0 26 0 102
816 0 26 0 120
817 0 31 0 127
818 0 29 0 109
819 0 16 0 114
820 0 26 0 111
821 0 24 0 128
822 0 32 0 108
823 0 32 0 99
824 0 29 0 112
825 0 31 0 111
826 0 22 0 114
827 0 15 0 110
828 0 22 0 105
829 0 25 0 105
830 0 36 0 117
831 0 17 0 120
832 0 23 0 143
833 0 8 0 121
834 0 25 0 109
835 0 19 0 101
836 0 32 0 81
837 0 33 0 68
838 0 28 0 71
839 0 23 0 99
840 0 26 0 92
841 0 19 0 69
842 0 30 0 107
843 0 29 0 94
844 0 21 0 103
845 0 20 0 99
846 0 25 0 92
847 0 25 0 77
848 0 25 0 71
849 0 24 0 109
850 0 28 0 101
851 0 35 0 94
852 0 24 0 61
853 0 15 0 134
854 0 47 0 117
855 0 27 0 121
856 0 26 0 114
857 0 33 0 99
858 0 35 0 125
859 0 24 0 132
860 0 15 0 124
861 0 34 0 106
862 0 40 0 120
863 0 30 0 107
864 0 27 0 113
865 0 25 0 137
866 0 34 0 135
867 0 31 0 132
868 0 15 0 99
869 0 23 0 99
870 0 39 0 122
871 0 42 0 99
872 0 29 0 86
873 0 30 0 98
874 0 6 0 110
875 0 8 0 119
876 0 0 0 138
877 0 22 0 132
878 0 20 0 120
879 0 30 0 86
880 0 25 0 59
881 0 31 0 14
882 0 21 0 52
883 0 2 0 33
884 0 22 0 65
885 0 27 0 68
886 0 9 0 103
887 0 11 0 81
888 0 9 0 92
889 0 15 0 106
890 0 21 0 91
891 0 18 0 79
892 0 24 0 63
893 0 23 0 94
894 0 34 0 81
895 0 33 0 94
896 0 34 0 77
897 0 25 0 88
898 0 13 0 82
899 0 35 0 88
900 0 29 0 76
901 0 26 0 64
902 0 33 0 84
903 0 23 0 103
904 0 22 0 95
905 0 31 0 115
906 0 2 0 82
907 0 33 0 68
908 0 24 0 104
909 0 26 0 119
910 0 34 0 131
911 0 31 0 119
912 0 35 0 95
913 0 30 0 118
914 0 42 0 94
915 0 33 0 135
916 0 30 0 134
917 0 32 0 160
918 0 25 0 113
919 0 36 0 145
920 0 33 0 167
921 0 26 0 127
922 0 32 0 112
923 0 29 0 154
924 0 40 0 132
925 0 29 0 118
926 0 26 0 139
927 0 35 0 172
928 0 31 0 170
929 0 32 0 163
930 0 21 0 156
931 0 19 0 152
932 0 27 0 153
933 0 24 0 120
934 0 41 0 130
935 0 22 0 128
936 0 31 0 151
937 0 29 0 151
938 0 36 0 134
939 0 21 0 154
940 0 33 0 172
941 0 25 0 185
942 0 23 0 183
943 0 33 0 123
944 0 6 0 177
945 0 25 0 147
946 0 20 0 142
947 0 33 0 185
948 0 28 0 149
949 0 17 0 150
950 0 35 0 122
951 0 28 0 157
952 0 23 0 139
953 0 13 0 157
954 0 17 0 161
955 0 19 0 158
956 0 15 0 143
957 0 15 0 155
958 0 22 0 190
959 0 27 0 164
960 0 25 0 149
961 0 25 0 169
962 0 29 0 172
963 0 40 0 166
964 0 38 0 152
965 0 31 0 149
966 0 23 0 160
967 0 32 0 153
968 0 42 0 158
969 0 27 0 158
970 0 36 0 174
971 0 32 0 155
972 0 24 0 129
973 0 13 0 181
974 0 17 0 177
975 0 10 0 184
976 0 20 0 167
977 0 25 0 191
978 0 22 0 181
979 0 3 0 139
980 0 5 0 137
981 0 10 0 152
982 0 5 0 153
983 0 7 0 167
984 0 12 0 151
985 0 14 0 161
986 0 5 0 158
987 0 19 0 154
988 0 12 0 150
989 0 19 0 168
990 0 16 0 158
991 0 7 0 159
992 0 8 0 156
993 0 12 0 147
994 0 9 0 159
995 0 14 0 150
996 0 12 0 159
997 0 17 0 168
998 0 8 0 144
999 0 24 0 161
1000 0 14 0 140
1001 0 21 0 149
1002 0 17 0 168
1003 0 18 0 196
1004 0 6 0 169
1005 0 39 0 195
1006 0 50 0 178
1007 0 34 0 168
1008 0 23 0 174
1009 0 12 0 183
1010 0 13 0 182
1011 0 29 0 208
1012 0 11 0 186
1013 0 13 0 203
1014 0 6 0 198
1015 0 13 0 170
1016 0 14 0 184
1017 0 15 0 191
1018 0 26 0 204
1019 0 3 0 205
1020 0 11 0 179
1021 0 8 0 204
1022 0 1 0 174
1023 0 9 0 179
1024 0 16 0 169
1025 0 9 0 198
1026 0 8 0 206
1027 0 17 0 187
1028 0 8 0 174
1029 0 14 0 190
1030 0 20 0 194
1031 0 7 0 187
1032 0 7 0 185
1033 0 2 0 214
1034 0 4 0 164
1035 0 11 0 191
1036 0 7 0 179
1037 0 5 0 183
1038 0 8 0 173
1039 0 12 0 188
1040 0 3 0 187
1041 0 5 0 221
1042 0 22 0 198
1043 0 10 0 193
1044 0 10 0 177
1045 0 18 0 191
1046 0 14 0 192
1047 0 5 0 168
1048 0 28 0 230
1049 0 33 0 195
1050 0 26 0 207
1051 0 18 0 221
1052 0 34 0 190
1053 0 36 0 200
1054 0 31 0 201
1055 0 21 0 178
1056 0 9 0 213
1057 0 33 0 198
1058 0 21 0 218
1059 0 28 0 207
1060 0 22 0 204
1061 0 33 0 195
1062 0 21 0 200
1063 0 19 0 196
1064 0 23 0 186
1065 0 27 0 193
1066 0 15 0 217
1067 0 28 0 233
1068 0 28 0 211
1069 0 32 0 193
1070 0 29 0 206
1071 0 29 0 205
1072 0 20 0 237
1073 0 11 0 190
1074 0 32 0 237
1075 0 19 0 191
1076 0 21 0 188
1077 0 22 0 217
1078 0 26 0 220
1079 0 20 0 211
1080 0 2 0 217
1081 0 8 0 216
1082 0 17 0 191
1083 0 15 0 222
1084 0 19 0 201
1085 0 15 0 240
1086 0 21 0 212
1087 0 34 0 186
1088 0 27 0 192
1089 0 12 0 205
1090 0 7 0 220
1091 0 29 0 185
1092 0 15 0 202
1093 0 29 0 190
1094 0 33 0 164
1095 0 21 0 196
1096 0 23 0 229
1097 0 24 0 193
1098 0 20 0 215
1099 0 36 0 171
1100 0 34 0 172
1101 0 32 0 203
1102 0 29 0 196
1103 0 30 0 192
1104 0 27 0 160
1105 0 25 0 196
1106 0 43 0 148
1107 0 32 0 210
1108 0 40 0 202
1109 0 36 0 205
1110 0 39 0 201
1111 0 37 0 226
1112 0 23 0 207
1113 0 36 0 219
1114 0 27 0 208
1115 0 27 0 239
1116 0 29 0 194
1117 0 20 0 194
1118 0 33 0 183
1119 0 33 0 194
1120 0 25 0 191
1121 0 34 0 205
1122 0 31 0 215
1123 0 21 0 170
1124 0 31 0 178
1125 0 26 0 206
1126 0 16 0 175
1127 0 27 0 190
1128 0 23 0 204
1129 0 18 0 216
1130 0 24 0 203
1131 0 12 0 201
1132 0 26 0 195
1133 0 28 0 218
1134 0 31 0 207
1135 0 20 0 206
1136 0 24 0 213
1137 0 26 0 195
1138 0 22 0 189
1139 0 22 0 217
1140 0 22 0 195
1141 0 23 0 198
1142 0 40 0 197
1143 0 18 0 222
1144 0 32 0 169
1145 0 22 0 167
1146 0 22 0 211
1147 0 37 0 186
1148 0 19 0 174
1149 0 31 0 189
1150 0 24 0 195
1151 0 15 0 210
1152 0 39 0 198
1153 0 29 0 158
1154 0 31 0 194
1155 0 33 0 179
1156 0 25 0 217
1157 0 8 0 215
1158 0 6 0 223
1159 0 14 0 224
1160 0 9 0 179
1161 0 13 0 184
1162 0 5 0 202
1163 0 16 0 213
1164 0 17 0 189
1165 0 16 0 201
1166 0 1 0 205
1167 0 15 0 182
1168 0 23 0 196
1169 0 17 0 210
1170 0 22 0 218
1171 0 14 0 199
1172 0 3 0 194
1173 0 5 0 200
1174 0 21 0 233
1175 0 3 0 182
1176 0 24 0 204
1177 0 13 0 191
1178 0 28 0 213
1179 0 4 0 186
1180 0 8 0 171
1181 0 7 0 199
1182 0 12 0 149
1183 0 7 0 176
1184 0 14 0 205
1185 0 21 0 190
1186 0 6 0 188
1187 0 4 0 168
1188 0 12 0 203
1189 0 9 0 205
1190 0 2 0 198
1191 0 7 0 211
1192 0 16 0 199
1193 0 16 0 194
1194 0 2 0 165
1195 0 6 0 193
1196 0 10 0 175
1197 0 8 0 195
1198 0 5 0 191
1199 0 5 0 174
1200 0 1 0 175
1201 0 4 0 163
1202 0 8 0 178
1203 0 3 0 207
1204 0 8 0 199
1205 0 5 0 206
1206 0 19 0 237
1207 0 8 0 202
1208 0 16 0 224
1209 0 6 0 210
1210 0 12 0 212
1211 0 16 0 210
1212 0 12 0 209
1213 0 18 0 202
1214 0 6 0 218
1215 0 10 0 202
1216 0 21 0 215
1217 0 22 0 222
1218 0 46 0 178
1219 0 14 0 211
1220 0 22 0 170
1221 0 23 0 208
1222 0 37 0 180
1223 0 29 0 177
1224 0 25 0 209
1225 0 25 0 200
1226 0 22 0 209
1227 0 21 0 231
1228 0 28 0 200
1229 0 32 0 193
1230 0 34 0 221
1231 0 32 0 187
1232 0 29 0 218
1233 0 35 0 212
1234 0 24 0 185
1235 0 16 0 204
1236 0 11 0 197
1237 0 7 0 209
1238 0 17 0 194
1239 0 18 0 211
1240 0 10 0 203
1241 0 15 0 170
1242 0 21 0 169
1243 0 19 0 195
1244 0 18 0 211
1245 0 35 0 190
1246 0 15 0 192
1247 0 35 0 198
1248 0 9 0 160
1249 0 18 0 174
1250 0 33 0 186
1251 0 27 0 223
1252 0 40 0 154
1253 0 19 0 217
1254 0 25 0 235
1255 0 14 0 166
1256 0 17 0 210
1257 0 14 0 160
1258 0 17 0 164
1259 0 5 0 140
1260 0 28 0 154
1261 0 18 0 170
1262 0 23 0 192
1263 0 18 0 196
1264 0 19 0 197
1265 0 21 0 202
1266 0 29 0 190
1267 0 25 0 156
1268 0 26 0 182
1269 0 20 0 211
1270 0 10 0 187
1271 0 21 0 203
1272 0 23 0 182
1273 0 19 0 201
1274 0 13 0 190
1275 0 18 0 191
1276 0 27 0 198
1277 0 19 0 192
1278 0 26 0 188
1279 0 19 0 186
1280 0 30 0 194
1281 0 20 0 211
1282 0 23 0 171
1283 0 19 0 202
1284 0 39 0 170
1285 0 36 0 200
1286 0 17 0 212
1287 0 36 0 215
1288 0 28 0 207
1289 0 39 0 197
1290 0 14 0 208
1291 0 30 0 184
1292 0 18 0 220
1293 0 10 0 205
1294 0 29 0 205
1295 0 29 0 156
1296 0 21 0 209
1297 0 25 0 197
1298 0 41 0 207
1299 0 17 0 181
1300 0 18 0 119
1301 0 7 0 153
1302 0 15 0 140
1303 0 21 0 102
1304 0 26 0 129
1305 0 13 0 148
1306 0 22 0 140
1307 0 31 0 152
1308 0 39 0 144
1309 0 45 0 135
1310 0 14 0 129
1311 0 18 0 126
1312 0 23 0 127
1313 0 17 0 116
1314 0 36 0 127
1315 0 30 0 143
1316 0 25 0 136
1317 0 21 0 118
1318 0 9 0 129
1319 0 28 0 136
1320 0 16 0 141
1321 0 29 0 138
1322 0 7 0 133
1323 0 24 0 130
1324 0 19 0 136
1325 0 12 0 144
1326 0 31 0 108
1327 0 18 0 147
1328 0 17 0 148
1329 0 11 0 126
1330 0 19 0 119
1331 0 23 0 113
1332 0 26 0 133
1333 0 21 0 129
1334 0 10 0 138
1335 0 12 0 122
1336 0 21 0 121
1337 0 27 0 131
1338 0 19 0 142
1339 0 8 0 125
1340 0 47 0 140
1341 0 25 0 161
1342 0 10 0 148
1343 0 33 0 147
1344 0 45 0 141
1345 0 5 0 127
1346 0 20 0 152
1347 0 29 0 114
1348 0 24 0 118
1349 0 35 0 127
1350 0 38 0 173
1351 0 23 0 169
1352 0 31 0 141
1353 0 35 0 144
1354 0 30 0 125
1355 0 22 0 163
1356 0 31 0 147
1357 0 33 0 154
1358 0 27 0 166
1359 0 14 0 160
1360 0 30 0 149
1361 0 12 0 143
1362 0 20 0 165
1363 0 28 0 158
1364 0 36 0 155
1365 0 27 0 158
1366 0 23 0 133
1367 0 16 0 149
1368 0 21 0 104
1369 0 22 0 98
1370 0 32 0 135
1371 0 14 0 122
1372 0 13 0 170
1373 0 28 0 162
1374 0 24 0 149
1375 0 30 0 140
1376 0 21 0 169
1377 0 31 0 141
1378 0 27 0 173
1379 0 16 0 171
1380 0 0 0 169
1381 0 3 0 168
1382 0 3 0 137
1383 0 0 0 141
1384 0 7 0 136
1385 0 24 0 142
1386 0 31 0 166
1387 0 16 0 136
1388 0 19 0 158
1389 0 21 0 163
1390 0 25 0 169
1391 0 31 0 183
1392 0 34 0 172
1393 0 14 0 196
1394 0 15 0 121
1395 0 22 0 198
1396 0 23 0 180
1397 0 15 0 210
1398 0 28 0 151
1399 0 30 0 193
1400 0 71 0 87
1401 0 60 0 143
1402 0 69 0 121
1403 0 73 0 112
1404 0 69 0 120
1405 0 70 0 103
1406 0 71 0 102
1407 0 65 0 103
1408 0 60 0 113
1409 0 48 0 122
1410 0 64 0 154
1411 0 73 0 116
1412 0 62 0 107
1413 0 63 0 119
1414 0 68 0 140
1415 0 62 0 115
1416 0 66 0 148
1417 0 70 0 141
1418 0 69 0 154
1419 0 72 0 148
1420 0 68 0 126
1421 0 54 0 135
1422 0 56 0 119
1423 0 68 0 149
1424 0 73 0 138
1425 0 57 0 141
1426 0 56 0 131
1427 0 60 0 121
1428 0 67 0 147
1429 0 68 0 146
1430 0 67 0 151
1431 0 70 0 122
1432 0 57 0 151
1433 0 55 0 136
1434 0 49 0 162
1435 0 67 0 159
1436 0 68 0 129
1437 0 67 0 132
1438 0 61 0 144
1439 0 70 0 165
1440 0 58 0 138
1441 0 59 0 153
1442 0 63 0 147
1443 0 63 0 132
1444 0 67 0 132
1445 0 72 0 144
1446 0 74 0 145
1447 0 70 0 113
1448 0 65 0 144
1449 0 54 0 140
1450 0 64 0 112
1451 0 56 0 138
1452 0 60 0 129
1453 0 55 0 133
1454 0 63 0 131
1455 0 87 0 137
1456 0 63 0 142
1457 0 68 0 122
1458 0 72 0 141
1459 0 63 0 148
1460 0 58 0 151
1461 0 70 0 151
1462 0 65 0 154
1463 0 59 0 146
1464 0 77 0 133
1465 0 85 0 136
1466 0 68 0 157
1467 0 59 0 145
1468 0 64 0 133
1469 0 60 0 136
1470 0 76 0 146
1471 0 74 0 129
1472 0 70 0 138
1473 0 71 0 160
1474 0 77 0 137
1475 0 64 0 112
1476 0 73 0 136
1477 0 67 0 135
1478 0 63 0 157
1479 0 53 0 116
1480 0 59 0 137
1481 0 60 0 116
1482 0 62 0 150
1483 0 54 0 164
1484 0 62 0 133
1485 0 57 0 138
1486 0 64 0 117
1487 0 78 0 180
1488 0 67 0 131
1489 0 49 0 140
1490 0 60 0 146
1491 0 62 0 144
1492 0 45 0 137
1493 0 63 0 119
1494 0 68 0 145
1495 0 60 0 106
1496 0 67 0 108
1497 0 57 0 131
1498 0 58 0 111
1499 0 72 0 91
1500 0 52 0 89
1501 0 57 0 102
1502 0 68 0 95
1503 0 58 0 75
1504 0 61 0 76
1505 0 72 0 76
1506 0 52 0 80
1507 0 47 0 93
1508 0 61 0 69
1509 0 69 0 74
1510 0 72 0 76
1511 0 61 0 64
1512 0 53 0 61
1513 0 56 0 70
1514 0 79 0 77
1515 0 65 0 101
1516 0 62 0 82
1517 0 63 0 99
1518 0 78 0 102
1519 0 50 0 98
1520 0 64 0 125
1521 0 61 0 116
1522 0 66 0 93
1523 0 71 0 100
1524 0 65 0 124
1525 0 58 0 136
1526 0 58 0 128
1527 0 57 0 115
1528 0 68 0 76
1529 0 51 0 91
1530 0 72 0 124
1531 0 49 0 102
1532 0 40 0 116
1533 0 49 0 90
1534 0 75 0 52
1535 0 71 0 81
1536 0 52 0 47
1537 0 72 0 72
1538 0 60 0 94
1539 0 72 0 83
1540 0 58 0 97
1541 0 61 0 114
1542 0 52 0 124
1543 0 59 0 108
1544 0 88 0 136
1545 0 77 0 124
1546 0 72 0 120
1547 0 80 0 89
1548 0 68 0 116
1549 0 51 0 107
1550 0 64 0 114
1551 0 77 0 112
1552 0 71 0 139
1553 0 56 0 150
1554 0 64 0 158
1555 0 70 0 152
1556 0 73 0 131
1557 0 69 0 154
1558 0 82 0 145
1559 0 67 0 158
1560 0 59 0 163
1561 0 42 0 135
1562 0 60 0 127
1563 0 59 0 135
1564 0 54 0 121
1565 0 57 0 145
1566 0 63 0 158
1567 0 56 0 153
1568 0 56 0 127
1569 0 69 0 125
1570 0 65 0 139
1571 0 54 0 153
1572 0 62 0 127
1573 0 54 0 143
1574 0 52 0 150
1575 0 61 0 124
1576 0 67 0 120
1577 0 57 0 130
1578 0 58 0 142
1579 0 56 0 133
1580 0 75 0 124
1581 0 73 0 149
1582 0 70 0 161
1583 0 69 0 132
1584 0 57 0 130
1585 0 70 0 107
1586 0 65 0 89
1587 0 74 0 128
1588 0 70 0 88
1589 0 69 0 100
1590 0 66 0 111
1591 0 63 0 105
1592 0 70 0 102
1593 0 55 0 85
1594 0 46 0 132
1595 0 66 0 129
1596 0 60 0 141
1597 0 63 0 166
1598 0 59 0 143
1599 0 64 0 119
1600 0 48 0 130
1601 0 75 0 121
1602 0 81 0 117
1603 0 66 0 131
1604 0 74 0 155
1605 0 58 0 151
1606 0 52 0 185
1607 0 84 0 166
1608 0 66 0 147
1609 0 53 0 159
1610 0 57 0 135
1611 0 55 0 139
1612 0 72 0 169
1613 0 68 0 161
1614 0 72 0 173
1615 0 68 0 149
1616 0 63 0 165
1617 0 77 0 155
1618 0 70 0 172
1619 0 69 0 110
1620 0 63 0 126
1621 0 75 0 165
1622 0 63 0 105
1623 0 69 0 116
1624 0 64 0 98
1625 0 76 0 145
1626 0 70 0 146
1627 0 68 0 115
1628 0 68 0 136
1629 0 69 0 141
1630 0 69 0 122
1631 0 63 0 130
1632 0 53 0 90
1633 0 61 0 102
1634 0 55 0 74
1635 0 55 0 66
1636 0 67 0 62
1637 0 55 0 76
1638 0 66 0 91
1639 0 60 0 69
1640 0 62 0 64
1641 0 60 0 41
1642 0 71 0 60
1643 0 79 0 44
1644 0 54 0 49
1645 0 52 0 42
1646 0 56 0 57
1647 0 64 0 67
1648 0 76 0 72
1649 0 56 0 70
1650 0 73 0 73
1651 0 68 0 56
1652 0 65 0 69
1653 0 55 0 73
1654 0 60 0 51
1655 0 69 0 64
1656 0 77 0 52
1657 0 58 0 75
1658 0 58 0 47
1659 0 68 0 50
1660 0 62 0 49
1661 0 68 0 57
1662 0 65 0 75
1663 0 51 0 63
1664 0 47 0 80
1665 0 51 0 77
1666 0 44 0 59
1667 0 54 0 32
1668 0 58 0 24
1669 0 52 0 30
1670 0 47 0 50
1671 0 56 0 73
1672 0 46 0 72
1673 0 52 0 41
1674 0 60 0 61
1675 0 69 0 80
1676 0 48 0 79
1677 0 55 0 75
1678 0 48 0 98
1679 0 54 0 74
1680 0 57 0 87
1681 0 43 0 85
1682 0 56 0 81
1683 0 60 0 75
1684 0 51 0 88
1685 0 50 0 84
1686 0 53 0 80
1687 0 59 0 56
1688 0 71 0 49
1689 0 69 0 83
1690 0 57 0 36
1691 0 65 0 39
1692 0 70 0 45
1693 0 40 0 21
1694 0 58 0 13
1695 0 40 0 54
1696 0 64 0 31
1697 0 63 0 20
1698 0 57 0 7
1699 0 55 0 19
1700 0 58 0 11
1701 0 55 0 22
1702 0 47 0 29
1703 0 66 0 16
1704 0 61 0 23
1705 0 51 0 9
1706 0 59 0 48
1707 0 65 0 54
1708 0 42 0 41
1709 0 58 0 52
1710 0 51 0 62
1711 0 50 0 51
1712 0 63 0 40
1713 0 49 0 48
1714 0 54 0 36
1715 0 44 0 42
1716 0 66 0 9
1717 0 46 0 10
1718 0 41 0 34
1719 0 59 0 40
1720 0 48 0 21
1721 0 72 0 28
1722 0 57 0 40
1723 0 43 0 31
1724 0 48 0 58
1725 0 48 0 50
1726 0 52 0 55
1727 0 59 0 57
1728 0 54 0 41
1729 0 55 0 75
1730 0 47 0 93
1731 0 56 0 89
1732 0 55 0 100
1733 0 51 0 83
1734 0 36 0 61
1735 0 54 0 73
1736 0 63 0 59
1737 0 60 0 56
1738 0 65 0 55
1739 0 39 0 33
1740 0 58 0 34
1741 0 59 0 10
1742 0 49 0 23
1743 0 44 0 22
1744 0 70 0 24
1745 0 62 0 25
1746 0 51 0 21
1747 0 54 0 46
1748 0 57 0 4
1749 0 43 0 5
1750 0 66 0 50
1751 0 55 0 16
1752 0 56 0 23
1753 0 59 0 36
1754 0 57 0 31
1755 0 55 0 44
1756 0 40 0 16
1757 0 54 0 18
1758 0 40 0 20
1759 0 53 0 50
1760 0 62 0 35
1761 0 50 0 40
1762 0 56 0 31
1763 0 48 0 37
1764 0 59 0 41
1765 0 41 0 58
1766 0 58 0 48
1767 0 56 0 30
1768 0 47 0 39
1769 0 35 0 45
1770 0 63 0 52
1771 0 48 0 55
1772 0 46 0 39
1773 0 53 0 52
1774 0 58 0 63
1775 0 51 0 40
1776 0 54 0 60
1777 0 48 0 48
1778 0 48 0 66
1779 0 51 0 47
1780 0 42 0 61
1781 0 58 0 66
1782 0 44 0 57
1783 0 62 0 58
1784 0 42 0 59
1785 0 50 0 64
1786 0 49 0 86
1787 0 53 0 64
1788 0 71 0 105
1789 0 60 0 94
1790 0 66 0 88
1791 0 66 0 67
1792 0 74 0 103
1793 0 53 0 85
1794 0 71 0 96
1795 0 53 0 108
1796 0 79 0 61
1797 0 64 0 70
1798 0 59 0 58
1799 0 67 0 69
1800 0 66 0 61
1801 0 64 0 80
1802 0 52 0 74
1803 0 61 0 83
1804 0 48 0 62
1805 0 75 0 55
1806 0 63 0 95
1807 0 73 0 87
1808 0 51 0 76
1809 0 70 0 67
1810 0 64 0 64
1811 0 63 0 65
1812 0 73 0 73
1813 0 65 0 84
1814 0 63 0 94
1815 0 68 0 78
1816 0 79 0 114
1817 0 60 0 86
1818 0 47 0 84
1819 0 44 0 79
1820 0 65 0 87
1821 0 68 0 96
1822 0 39 0 103
1823 0 63 0 110
1824 0 81 0 75
1825 0 56 0 72
1826 0 58 0 52
1827 0 69 0 76
1828 0 74 0 50
1829 0 59 0 72
1830 0 61 0 48
1831 0 60 0 57
1832 0 60 0 51
1833 0 72 0 78
1834 0 38 0 63
1835 0 59 0 47
1836 0 56 0 72
1837 0 55 0 62
1838 0 58 0 40
1839 0 49 0 54
1840 0 50 0 57
1841 0 46 0 62
1842 0 58 0 47
1843 0 63 0 55
1844 0 68 0 42
1845 0 64 0 62
1846 0 65 0 53
1847 0 60 0 54
1848 0 76 0 59
1849 0 71 0 49
1850 0 51 0 61
1851 0 56 0 67
1852 0 82 0 63
1853 0 57 0 72
1854 0 60 0 66
1855 0 65 0 60
1856 0 72 0 57
1857 0 68 0 77
1858 0 50 0 15
1859 0 69 0 24
1860 0 52 0 27
1861 0 45 0 30
1862 0 54 0 25
1863 0 42 0 28
1864 0 75 0 30
1865 0 50 0 37
1866 0 66 0 24
1867 0 70 0 26
1868 0 52 0 25
1869 0 58 0 44
1870 0 59 0 46
1871 0 56 0 41
1872 0 69 0 47
1873 0 52 0 47
1874 0 66 0 60
1875 0 72 0 49
1876 0 65 0 43
1877 0 64 0 31
1878 0 58 0 32
1879 0 74 0 41
1880 0 45 0 50
1881 0 57 0 42
1882 0 49 0 35
1883 0 57 0 37
1884 0 47 0 40
1885 0 50 0 40
1886 0 51 0 55
1887 0 49 0 67
1888 0 39 0 93
1889 0 39 0 93
1890 0 53 0 94
1891 0 42 0 87
1892 0 39 0 111
1893 0 52 0 89
1894 0 53 0 102
1895 0 64 0 80
1896 0 53 0 87
1897 0 58 0 99
1898 0 46 0 75
1899 0 43 0 62
1900 0 49 0 47
1901 0 59 0 38
1902 0 49 0 69
1903 0 43 0 55
1904 0 52 0 58
1905 0 43 0 78
1906 0 57 0 76
1907 0 63 0 102
1908 0 67 0 83
1909 0 49 0 96
1910 0 45 0 105
1911 0 31 0 81
1912 0 43 0 75
1913 0 68 0 48
1914 0 65 0 55
1915 0 61 0 52
1916 0 41 0 26
1917 0 57 0 46
1918 0 57 0 52
1919 0 56 0 55
1920 0 55 0 52
1921 0 65 0 57
1922 0 62 0 50
1923 0 51 0 71
1924 0 48 0 73
1925 0 59 0 59
1926 0 48 0 30
1927 0 47 0 25
1928 0 50 0 76
1929 0 35 0 85
1930 0 34 0 62
1931 0 42 0 89
1932 0 51 0 93
1933 0 30 0 97
1934 0 35 0 92
1935 0 39 0 89
1936 0 38 0 93
1937 0 36 0 107
1938 0 44 0 98
1939 0 56 0 94
1940 0 50 0 100
1941 0 61 0 109
1942 0 68 0 95
1943 0 48 0 102
1944 0 66 0 103
1945 0 71 0 114
1946 0 39 0 119
1947 0 52 0 101
1948 0 43 0 76
1949 0 55 0 110
1950 0 53 0 82
1951 0 64 0 82
1952 0 49 0 117
1953 0 46 0 115
1954 0 32 0 95
1955 0 28 0 109
1956 0 49 0 90
1957 0 39 0 96
1958 0 53 0 105
1959 0 50 0 112
1960 0 58 0 107
1961 0 44 0 108
1962 0 37 0 116
1963 0 45 0 92
1964 0 23 0 100
1965 0 33 0 117
1966 0 35 0 73
1967 0 50 0 86
1968 0 40 0 89
1969 0 38 0 94
1970 0 51 0 71
1971 0 62 0 84
1972 0 43 0 117
1973 0 69 0 106
1974 0 44 0 109
1975 0 55 0 96
1976 0 50 0 92
1977 0 47 0 132
1978 0 50 0 100
1979 0 63 0 93
1980 0 48 0 65
1981 0 50 0 98
1982 0 43 0 98
1983 0 45 0 93
1984 0 45 0 146
1985 0 59 0 142
1986 0 65 0 108
1987 0 53 0 126
1988 0 48 0 124
1989 0 53 0 123
1990 0 49 0 117
1991 0 53 0 126
1992 0 65 0 118
1993 0 57 0 106
1994 0 56 0 120
1995 0 64 0 101
1996 0 61 0 78
1997 0 67 0 75
1998 0 52 0 86
1999 0 53 0 65
2000 0 47 0 63
2001 0 63 0 79
2002 0 53 0 102
2003 0 54 0 92
2004 0 63 0 73
2005 0 46 0 83
2006 0 64 0 105
2007 0 82 0 101
2008 0 61 0 95
2009 0 61 0 142
2010 0 62 0 133
2011 0 62 0 127
2012 0 70 0 106
2013 0 65 0 128
2014 0 78 0 115
2015 0 62 0 122
2016 0 64 0 131
2017 0 68 0 117
2018 0 58 0 121
2019 0 71 0 137
2020 0 61 0 166
2021 0 66 0 126
2022 0 81 0 140
2023 0 67 0 119
2024 0 65 0 141
2025 0 64 0 122
2026 0 70 0 97
2027 0 64 0 94
2028 0 65 0 125
2029 0 64 0 111
2030 0 52 0 122
2031 0 57 0 134
2032 0 62 0 109
2033 0 52 0 100
2034 0 53 0 141
2035 0 64 0 92
2036 0 62 0 99
2037 0 39 0 108
2038 0 65 0 111
2039 0 75 0 92
2040 0 64 0 105
2041 0 57 0 100
2042 0 60 0 84
2043 0 52 0 76
2044 0 82 0 85
2045 0 75 0 62
2046 0 58 0 81
2047 0 61 0 118
2048 0 56 0 102
2049 0 69 0 125
2050 0 72 0 131
2051 0 53 0 130
2052 0 75 0 108
2053 0 63 0 106
2054 0 81 0 123
2055 0 69 0 142
2056 0 50 0 113
2057 0 71 0 133
2058 0 65 0 148
2059 0 64 0 151
2060 0 61 0 141
2061 0 40 0 117
2062 0 67 0 118
2063 0 63 0 140
2064 0 80 0 124
2065 0 65 0 128
2066 0 65 0 135
2067 0 60 0 146
2068 0 68 0 144
2069 0 53 0 154
2070 0 61 0 121
2071 0 57 0 139
2072 0 65 0 135
2073 0 65 0 135
2074 0 59 0 131
2075 0 71 0 124
2076 0 53 0 134
2077 0 71 0 151
2078 0 55 0 157
2079 0 65 0 159
2080 0 68 0 149
2081 0 77 0 188
2082 0 69 0 170
2083 0 73 0 184
2084 0 67 0 160
2085 0 84 0 138
2086 0 77 0 170
2087 0 64 0 124
2088 0 74 0 134
2089 0 70 0 134
2090 0 76 0 155
2091 0 72 0 136
2092 0 70 0 119
2093 0 69 0 147
2094 0 70 0 142
2095 0 63 0 146
2096 0 56 0 150
2097 0 78 0 164
2098 0 93 0 178
2099 0 70 0 166
2100 0 6 0 150
2101 0 5 0 151
2102 0 3 0 132
2103 0 8 0 141
2104 0 10 0 145
2105 0 7 0 147
2106 0 5 0 142
2107 0 9 0 163
2108 0 15 0 126
2109 0 5 0 129
2110 0 4 0 123
2111 0 3 0 155
2112 0 3 0 131
2113 0 17 0 166
2114 0 16 0 151
2115 0 15 0 119
2116 0 20 0 105
2117 0 9 0 136
2118 0 12 0 153
2119 0 15 0 128
2120 0 28 0 140
2121 0 7 0 154
2122 0 10 0 148
2123 0 4 0 146
2124 0 3 0 139
2125 0 7 0 147
2126 0 3 0 158
2127 0 6 0 141
2128 0 2 0 164
2129 0 1 0 129
2130 0 5 0 114
2131 0 5 0 148
2132 0 8 0 154
2133 0 3 0 120
2134 0 5 0 137
2135 0 2 0 113
2136 0 2 0 112
2137 0 2 0 124
2138 0 7 0 119
2139 0 8 0 129
2140 0 7 0 108
2141 0 8 0 121
2142 0 8 0 111
2143 0 2 0 115
2144 0 7 0 155
2145 0 1 0 152
2146 0 2 0 157
2147 0 16 0 150
2148 0 1 0 148
2149 0 7 0 133
2150 0 7 0 112
2151 0 4 0 140
2152 0 10 0 142
2153 0 7 0 116
2154 0 11 0 140
2155 0 6 0 142
2156 0 13 0 136
2157 0 6 0 103
2158 0 3 0 112
2159 0 7 0 114
2160 0 3 0 108
2161 0 7 0 150
2162 0 3 0 147
2163 0 15 0 139
2164 0 5 0 134
2165 0 13 0 159
2166 0 2 0 156
2167 0 9 0 159
2168 0 5 0 150
2169 0 10 0 167
2170 0 3 0 166
2171 0 13 0 182
2172 0 5 0 170
2173 0 0 0 158
2174 0 7 0 153
2175 0 1 0 132
2176 0 4 0 119
2177 0 11 0 138
2178 0 5 0 109
2179 0 7 0 111
2180 0 12 0 108
2181 0 10 0 129
2182 0 4 0 134
2183 0 5 0 143
2184 0 0 0 103
2185 0 11 0 123
2186 0 5 0 101
2187 0 4 0 107
2188 0 7 0 141
2189 0 8 0 132
2190 0 5 0 123
2191 0 9 0 107
2192 0 13 0 95
2193 0 8 0 121
2194 0 4 0 123
2195 0 8 0 145
2196 0 13 0 132
2197 0 9 0 136
2198 0 2 0 132
2199 0 13 0 162
2200 0 25 0 146
2201 0 3 0 149
2202 0 15 0 142
2203 0 18 0 164
2204 0 26 0 158
2205 0 26 0 158
2206 0 9 0 172
2207 0 1 0 143
2208 0 9 0 154
2209 0 5 0 130
2210 0 0 0 162
2211 0 2 0 103
2212 0 6 0 157
2213 0 15 0 157
2214 0 18 0 142
2215 0 28 0 164
2216 0 17 0 159
2217 0 28 0 146
2218 0 15 0 153
2219 0 14 0 175
2220 0 20 0 154
2221 0 12 0 145
2222 0 20 0 151
2223 0 16 0 177
2224 0 33 0 143
2225 0 16 0 162
2226 0 27 0 166
2227 0 26 0 136
2228 0 25 0 157
2229 0 14 0 146
2230 0 10 0 164
2231 0 22 0 142
2232 0 15 0 133
2233 0 14 0 152
2234 0 32 0 141
2235 0 6 0 123
2236 0 10 0 129
2237 0 3 0 123
2238 0 17 0 144
2239 0 18 0 134
2240 0 29 0 121
2241 0 31 0 111
2242 0 32 0 119
2243 0 14 0 120
2244 0 27 0 113
2245 0 28 0 146
2246 0 17 0 129
2247 0 26 0 127
2248 0 28 0 118
2249 0 36 0 113
2250 0 38 0 118
2251 0 30 0 119
2252 0 27 0 113
2253 0 28 0 116
2254 0 26 0 125
2255 0 12 0 123
2256 0 35 0 142
2257 0 12 0 143
2258 0 20 0 122
2259 0 31 0 106
2260 0 20 0 113
2261 0 29 0 107
2262 0 13 0 101
2263 0 27 0 111
2264 0 13 0 110
2265 0 22 0 119
2266 0 36 0 147
2267 0 1 0 135
2268 0 0 0 134
2269 0 7 0 143
2270 0 6 0 126
2271 0 3 0 101
2272 0 14 0 119
2273 0 10 0 130
2274 0 5 0 143
2275 0 15 0 137
2276 0 15 0 149
2277 0 15 0 106
2278 0 9 0 100
2279 0 8 0 160
2280 0 3 0 157
2281 0 9 0 168
2282 0 4 0 168
2283 0 0 0 162
2284 0 9 0 167
2285 0 26 0 147
2286 0 12 0 146
2287 0 15 0 148
2288 0 18 0 140
2289 0 20 0 137
2290 0 24 0 135
2291 0 23 0 128
2292 0 20 0 140
2293 0 35 0 182
2294 0 29 0 180
2295 0 21 0 147
2296 0 24 0 188
2297 0 26 0 198
2298 0 14 0 220
2299 0 24 0 164
2300 0 23 0 196
2301 0 8 0 179
2302 0 24 0 173
2303 0 23 0 202
2304 0 23 0 172
2305 0 27 0 164
2306 0 27 0 186
2307 0 16 0 161
2308 0 7 0 179
2309 0 21 0 146
2310 0 31 0 190
2311 0 14 0 147
2312 0 15 0 160
2313 0 24 0 174
2314 0 21 0 160
2315 0 15 0 154
2316 0 20 0 174
2317 0 21 0 136
2318 0 18 0 157
2319 0 36 0 103
2320 0 21 0 162
2321 0 24 0 144
2322 0 28 0 135
2323 0 27 0 163
2324 0 31 0 154
2325 0 28 0 163
2326 0 40 0 158
2327 0 48 0 147
2328 0 38 0 147
2329 0 47 0 131
2330 0 32 0 160
2331 0 33 0 189
2332 0 36 0 140
2333 0 25 0 154
2334 0 42 0 157
2335 0 43 0 166
2336 0 29 0 144
2337 0 20 0 125
2338 0 21 0 153
2339 0 29 0 134
2340 0 33 0 139
2341 0 30 0 149
2342 0 35 0 149
2343 0 21 0 137
2344 0 18 0 138
2345 0 14 0 130
2346 0 33 0 190
2347 0 35 0 122
2348 0 43 0 141
2349 0 33 0 84
2350 0 30 0 92
2351 0 22 0 62
2352 0 29 0 98
2353 0 28 0 103
2354 0 30 0 123
2355 0 22 0 103
2356 0 32 0 94
2357 0 27 0 138
2358 0 34 0 131
2359 0 18 0 141
2360 0 23 0 128
2361 0 31 0 128
2362 0 22 0 130
2363 0 16 0 140
2364 0 5 0 133
2365 0 21 0 112
2366 0 22 0 133
2367 0 24 0 134
2368 0 15 0 153
2369 0 25 0 141
2370 0 37 0 137
2371 0 35 0 136
2372 0 19 0 126
2373 0 32 0 125
2374 0 41 0 104
2375 0 45 0 92
2376 0 25 0 100
2377 0 21 0 157
2378 0 27 0 170
2379 0 24 0 151
2380 0 23 0 159
2381 0 25 0 163
2382 0 45 0 158
2383 0 38 0 198
2384 0 28 0 206
2385 0 22 0 181
2386 0 29 0 196
2387 0 28 0 197
2388 0 27 0 166
2389 0 6 0 160
2390 0 26 0 189
2391 0 25 0 176
2392 0 30 0 189
2393 0 16 0 181
2394 0 23 0 166
2395 0 22 0 161
2396 0 18 0 163
2397 0 18 0 186
2398 0 38 0 225
2399 0 29 0 203
2400 0 28 0 194
2401 0 21 0 165
2402 0 17 0 192
2403 0 22 0 172
2404 0 27 0 202
2405 0 16 0 198
2406 0 27 0 179
2407 0 11 0 202
2408 0 18 0 164
2409 0 21 0 189
2410 0 28 0 195
2411 0 48 0 159
2412 0 25 0 187
2413 0 22 0 200
2414 0 26 0 194
2415 0 27 0 202
2416 0 21 0 184
2417 0 15 0 224
2418 0 24 0 207
2419 0 18 0 198
2420 0 23 0 183
2421 0 34 0 191
2422 0 18 0 168
2423 0 33 0 183
2424 0 28 0 187
2425 0 49 0 194
2426 0 45 0 172
2427 0 25 0 179
2428 0 36 0 206
2429 0 55 0 168
2430 0 36 0 194
2431 0 34 0 206
2432 0 39 0 176
2433 0 47 0 183
2434 0 32 0 195
2435 0 46 0 196
2436 0 19 0 186
2437 0 36 0 198
2438 0 14 0 187
2439 0 39 0 178
2440 0 53 0 176
2441 0 59 0 178
2442 0 48 0 167
2443 0 53 0 171
2444 0 51 0 183
2445 0 44 0 189
2446 0 59 0 176
2447 0 45 0 215
2448 0 53 0 220
2449 0 68 0 166
2450 0 54 0 182
2451 0 43 0 195
2452 0 49 0 148
2453 0 58 0 196
2454 0 57 0 183
2455 0 62 0 186
2456 0 69 0 159
2457 0 68 0 144
2458 0 64 0 162
2459 0 42 0 173
2460 0 49 0 141
2461 0 59 0 184
2462 0 65 0 189
2463 0 54 0 147
2464 0 68 0 184
2465 0 59 0 166
2466 0 58 0 197
2467 0 56 0 142
2468 0 64 0 159
2469 0 56 0 138
2470 0 45 0 138
2471 0 65 0 119
2472 0 75 0 90
2473 0 45 0 92
2474 0 42 0 118
2475 0 37 0 151
2476 0 47 0 117
2477 0 62 0 154
2478 0 57 0 145
2479 0 60 0 97
2480 0 68 0 117
2481 0 58 0 94
2482 0 76 0 94
2483 0 53 0 98
2484 0 101 0 101
2485 0 88 0 102
2486 0 77 0 103
2487 0 79 0 105
2488 0 68 0 156
2489 0 65 0 127
2490 0 75 0 116
2491 0 70 0 117
2492 0 62 0 136
2493 0 60 0 142
2494 0 67 0 109
2495 0 72 0 97
2496 0 66 0 111
2497 0 72 0 105
2498 0 73 0 99
2499 0 73 0 93
2500 0 75 0 102
2501 0 37 0 106
2502 0 55 0 103
2503 0 51 0 95
2504 0 59 0 125
2505 0 54 0 103
2506 0 55 0 81
2507 0 58 0 75
2508 0 51 0 109
2509 0 49 0 101
2510 0 68 0 116
2511 0 68 0 77
2512 0 76 0 93
2513 0 71 0 94
2514 0 60 0 80
2515 0 76 0 122
2516 0 68 0 133
2517 0 49 0 136
2518 0 67 0 154
2519 0 67 0 128
2520 0 58 0 140
2521 0 77 0 110
2522 0 58 0 133
2523 0 69 0 126
2524 0 57 0 115
2525 0 62 0 137
2526 0 89 0 135
2527 0 58 0 145
2528 0 88 0 147
2529 0 41 0 151
2530 0 37 0 156
2531 0 39 0 174
2532 0 19 0 143
2533 0 42 0 135
2534 0 42 0 156
2535 0 38 0 147
2536 0 38 0 156
2537 0 42 0 171
2538 0 35 0 180
2539 0 24 0 164
2540 0 46 0 162
2541 0 52 0 159
2542 0 43 0 162
2543 0 38 0 152
2544 0 43 0 145
2545 0 35 0 113
2546 0 40 0 163
2547 0 35 0 106
2548 0 36 0 130
2549 0 31 0 132
2550 0 30 0 124
2551 0 24 0 142
2552 0 18 0 149
2553 0 21 0 139
2554 0 20 0 136
2555 0 20 0 146
2556 0 34 0 186
2557 0 26 0 191
2558 0 36 0 148
2559 0 34 0 147
2560 0 33 0 136
2561 0 30 0 144
2562 0 24 0 118
2563 0 39 0 157
2564 0 29 0 155
2565 0 21 0 134
2566 0 40 0 155
2567 0 32 0 140
2568 0 42 0 151
2569 0 41 0 136
2570 0 39 0 138
2571 0 34 0 172
2572 0 37 0 153
2573 0 39 0 132
2574 0 35 0 144
2575 0 46 0 166
2576 0 31 0 199
2577 0 22 0 208
2578 0 27 0 155
2579 0 27 0 149
2580 0 32 0 156
2581 0 43 0 146
2582 0 28 0 131
2583 0 23 0 128
2584 0 30 0 170
2585 0 26 0 153
2586 0 27 0 161
2587 0 19 0 150
2588 0 35 0 148
2589 0 27 0 153
2590 0 30 0 133
2591 0 28 0 145
2592 0 34 0 185
2593 0 19 0 156
2594 0 20 0 177
2595 0 30 0 177
2596 0 17 0 174
2597 0 31 0 166
2598 0 12 0 178
2599 0 12 0 174
2600 0 27 0 178
2601 0 25 0 197
2602 0 20 0 150
2603 0 17 0 165
2604 0 20 0 171
2605 0 23 0 165
2606 0 17 0 162
2607 0 16 0 167
2608 0 27 0 143
2609 0 16 0 131
2610 0 33 0 150
2611 0 9 0 152
2612 0 10 0 128
2613 0 16 0 160
2614 0 16 0 170
2615 0 34 0 158
2616 0 7 0 191
2617 0 17 0 208
2618 0 0 0 184
2619 0 17 0 174
2620 0 16 0 182
2621 0 21 0 171
2622 0 7 0 182
2623 0 25 0 158
2624 0 24 0 172
2625 0 13 0 158
2626 0 12 0 161
2627 0 13 0 144
2628 0 2 0 173
2629 0 4 0 173
2630 0 10 0 150
2631 0 14 0 165
2632 0 22 0 151
2633 0 18 0 137
2634 0 21 0 138
2635 0 20 0 159
2636 0 24 0 149
2637 0 23 0 151
2638 0 22 0 149
2639 0 24 0 171
2640 0 35 0 165
2641 0 29 0 158
2642 0 21 0 177
2643 0 36 0 171
2644 0 26 0 168
2645 0 18 0 157
2646 0 22 0 161
2647 0 18 0 166
2648 0 39 0 143
2649 0 19 0 139
2650 0 8 0 147
2651 0 12 0 158
2652 0 12 0 161
2653 0 5 0 175
2654 0 10 0 159
2655 0 14 0 138
2656 0 4 0 157
2657 0 11 0 157
2658 0 3 0 147
2659 0 9 0 143
2660 0 10 0 141
2661 0 7 0 148
2662 0 5 0 133
2663 0 2 0 139
2664 0 2 0 147
2665 0 16 0 154
2666 0 18 0 150
2667 0 9 0 150
2668 0 9 0 142
2669 0 10 0 151
2670 0 22 0 169
2671 0 18 0 173
2672 0 20 0 129
2673 0 12 0 178
2674 0 16 0 160
2675 0 15 0 163
2676 0 14 0 180
2677 0 24 0 156
2678 0 25 0 173
2679 0 15 0 181
2680 0 19 0 143
2681 0 30 0 152
2682 0 34 0 153
2683 0 18 0 144
2684 0 5 0 149
2685 0 20 0 145
2686 0 3 0 145
2687 0 8 0 140
2688 0 3 0 156
2689 0 16 0 156
2690 0 6 0 151
2691 0 7 0 152
2692 0 7 0 153
2693 0 7 0 166
2694 0 12 0 176
2695 0 18 0 159
2696 0 13 0 183
2697 0 2 0 178
2698 0 8 0 157
2699 0 1 0 166
2700 0 9 0 142
2701 0 1 0 166
2702 0 6 0 136
2703 0 10 0 170
2704 0 9 0 148
2705 0 3 0 164
2706 0 5 0 153
2707 0 1 0 149
2708 0 7 0 159
2709 0 17 0 172
2710 0 16 0 151
2711 0 13 0 163
2712 0 12 0 160
2713 0 28 0 151
2714 0 20 0 127
2715 0 9 0 158
2716 0 9 0 126
2717 0 13 0 146
2718 0 11 0 155
2719 0 20 0 138
2720 0 30 0 162
2721 0 14 0 141
2722 0 24 0 145
2723 0 27 0 191
2724 0 21 0 169
2725 0 27 0 164
2726 0 24 0 155
2727 0 21 0 155
2728 0 13 0 150
2729 0 2 0 146
2730 0 3 0 171
2731 0 13 0 144
2732 0 16 0 157
2733 0 14 0 144
2734 0 27 0 143
2735 0 6 0 156
2736 0 20 0 153
2737 0 20 0 136
2738 0 23 0 123
2739 0 13 0 145
2740 0 29 0 156
2741 0 16 0 177
2742 0 15 0 156
2743 0 10 0 141
2744 0 3 0 148
2745 0 2 0 180
2746 0 9 0 139
2747 0 3 0 164
2748 0 5 0 182
2749 0 5 0 183
2750 0 8 0 156
2751 0 9 0 163
2752 0 14 0 147
2753 0 10 0 183
2754 0 7 0 161
2755 0 1 0 151
2756 0 10 0 145
2757 0 1 0 167
2758 0 4 0 180
2759 0 18 0 126
2760 0 16 0 135
2761 0 19 0 124
2762 0 5 0 125
2763 0 3 0 128
2764 0 14 0 113
2765 0 14 0 125
2766 0 24 0 117
2767 0 21 0 138
2768 0 20 0 139
2769 0 21 0 165
2770 0 24 0 139
2771 0 18 0 169
2772 0 8 0 142
2773 0 4 0 150
2774 0 10 0 196
2775 0 7 0 162
2776 0 9 0 170
2777 0 4 0 150
2778 0 12 0 163
2779 0 10 0 149
2780 0 7 0 163
2781 0 12 0 150
2782 0 4 0 148
2783 0 11 0 154
2784 0 2 0 138
2785 0 5 0 149
2786 0 7 0 154
2787 0 8 0 138
2788 0 15 0 162
2789 0 12 0 169
2790 0 5 0 164
2791 0 8 0 172
2792 0 17 0 159
2793 0 8 0 167
2794 0 4 0 172
2795 0 12 0 126
2796 0 12 0 152
2797 0 10 0 157
2798 0 12 0 158
2799 0 5 0 170
2800 0 60 0 24
2801 0 69 0 34
2802 0 48 0 35
2803 0 64 0 27
2804 0 39 0 19
2805 0 67 0 35
2806 0 61 0 16
2807 0 59 0 18
2808 0 53 0 27
2809 0 75 0 31
2810 0 67 0 25
2811 0 53 0 29
2812 0 55 0 32
2813 0 64 0 47
2814 0 57 0 22
2815 0 58 0 24
2816 0 49 0 18
2817 0 63 0 6
2818 0 56 0 6
2819 0 69 0 32
2820 0 57 0 42
2821 0 60 0 53
2822 0 57 0 22
2823 0 49 0 65
2824 0 57 0 55
2825 0 61 0 40
2826 0 67 0 37
2827 0 55 0 25
2828 0 71 0 18
2829 0 62 0 30
2830 0 55 0 23
2831 0 37 0 15
2832 0 54 0 24
2833 0 41 0 31
2834 0 36 0 24
2835 0 43 0 23
2836 0 46 0 31
2837 0 66 0 32
2838 0 68 0 39
2839 0 59 0 42
2840 0 51 0 63
2841 0 59 0 37
2842 0 61 0 57
2843 0 50 0 43
2844 0 65 0 46
2845 0 37 0 64
2846 0 54 0 46
2847 0 44 0 35
2848 0 57 0 19
2849 0 62 0 18
2850 0 65 0 21
2851 0 50 0 40
2852 0 50 0 20
2853 0 67 0 22
2854 0 56 0 18
2855 0 56 0 18
2856 0 47 0 13
2857 0 47 0 23
2858 0 59 0 26
2859 0 43 0 30
2860 0 53 0 28
2861 0 62 0 13
2862 0 53 0 17
2863 0 75 0 46
2864 0 59 0 46
2865 0 65 0 33
2866 0 72 0 24
2867 0 65 0 31
2868 0 55 0 19
2869 0 61 0 22
2870 0 58 0 34
2871 0 21 0 23
2872 0 33 0 23
2873 0 64 0 15
2874 0 39 0 38
2875 0 55 0 31
2876 0 47 0 35
2877 0 59 0 44
2878 0 20 0 46
2879 0 24 0 29
2880 0 33 0 24
2881 0 41 0 35
2882 0 18 0 56
2883 0 24 0 54
2884 0 31 0 45
2885 0 30 0 90
2886 0 27 0 75
2887 0 31 0 55
2888 0 50 0 57
2889 0 44 0 42
2890 0 31 0 42
2891 0 45 0 51
2892 0 61 0 59
2893 0 44 0 47
2894 0 49 0 43
2895 0 49 0 63
2896 0 57 0 80
2897 0 59 0 72
2898 0 60 0 69
2899 0 40 0 58
2900 0 47 0 46
2901 0 53 0 48
2902 0 48 0 59
2903 0 57 0 58
2904 0 63 0 57
2905 0 71 0 41
2906 0 83 0 32
2907 0 63 0 50
2908 0 54 0 62
2909 0 71 0 69
2910 0 64 0 52
2911 0 73 0 60
2912 0 47 0 65
2913 0 62 0 46
2914 0 62 0 41
2915 0 66 0 32
2916 0 64 0 26
2917 0 56 0 37
2918 0 39 0 25
2919 0 58 0 52
2920 0 74 0 63
2921 0 77 0 41
2922 0 53 0 43
2923 0 57 0 41
2924 0 62 0 45
2925 0 60 0 50
2926 0 48 0 43
2927 0 49 0 55
2928 0 51 0 52
2929 0 60 0 71
2930 0 61 0 39
2931 0 61 0 52
2932 0 46 0 59
2933 0 58 0 69
2934 0 59 0 51
2935 0 54 0 64
2936 0 53 0 36
2937 0 69 0 54
2938 0 61 0 60
2939 0 61 0 13
2940 0 45 0 27
2941 0 59 0 14
2942 0 48 0 18
2943 0 59 0 33
2944 0 44 0 27
2945 0 38 0 22
2946 0 49 0 33
2947 0 70 0 51
2948 0 52 0 27
2949 0 54 0 26
2950 0 59 0 6
2951 0 57 0 11
2952 0 56 0 12
2953 0 69 0 27
2954 0 49 0 36
2955 0 63 0 32
2956 0 44 0 32
2957 0 49 0 31
2958 0 61 0 36
2959 0 59 0 28
2960 0 63 0 30
2961 0 59 0 28
2962 0 54 0 29
2963 0 25 0 42
2964 0 51 0 25
2965 0 29 0 32
2966 0 17 0 42
2967 0 32 0 20
2968 0 22 0 21
2969 0 27 0 30
2970 0 33 0 25
2971 0 31 0 20
2972 0 22 0 41
2973 0 27 0 39
2974 0 17 0 45
2975 0 28 0 20
2976 0 30 0 20
2977 0 18 0 36
2978 0 22 0 40
2979 0 26 0 31
2980 0 29 0 34
2981 0 29 0 41
2982 0 34 0 25
2983 0 28 0 36
2984 0 29 0 43
2985 0 27 0 36
2986 0 36 0 32
2987 0 14 0 35
2988 0 18 0 37
2989 0 35 0 37
2990 0 30 0 30
2991 0 27 0 30
2992 0 30 0 40
2993 0 23 0 24
2994 0 27 0 29
2995 0 38 0 31
2996 0 23 0 26
2997 0 41 0 25
2998 0 35 0 19
2999 0 21 0 26
3000 0 34 0 30
3001 0 33 0 20
3002 0 23 0 39
3003 0 26 0 29
3004 0 28 0 28
3005 0 31 0 19
3006 0 26 0 33
3007 0 35 0 40
3008 0 40 0 24
3009 0 37 0 33
3010 0 52 0 34
3011 0 44 0 45
3012 0 49 0 27
3013 0 45 0 23
3014 0 44 0 29
3015 0 47 0 31
3016 0 45 0 55
3017 0 42 0 54
3018 0 32 0 28
3019 0 31 0 23
3020 0 29 0 23
3021 0 35 0 8
3022 0 52 0 40
3023 0 42 0 44
3024 0 44 0 22
3025 0 29 0 21
3026 0 43 0 53
3027 0 55 0 47
3028 0 43 0 40
3029 0 41 0 44
3030 0 47 0 37
3031 0 41 0 48
3032 0 46 0 28
3033 0 54 0 38
3034 0 53 0 31
3035 0 50 0 39
3036 0 47 0 27
3037 0 48 0 51
3038 0 47 0 21
3039 0 46 0 30
3040 0 56 0 46
3041 0 53 0 32
3042 0 45 0 32
3043 0 39 0 35
3044 0 51 0 52
3045 0 49 0 42
3046 0 43 0 39
3047 0 34 0 25
3048 0 50 0 27
3049 0 46 0 28
3050 0 36 0 42
3051 0 32 0 30
3052 0 25 0 34
3053 0 38 0 44
3054 0 14 0 42
3055 0 18 0 30
3056 0 21 0 22
3057 0 26 0 16
3058 0 15 0 44
3059 0 28 0 35
3060 0 20 0 39
3061 0 23 0 27
3062 0 19 0 31
3063 0 22 0 42
3064 0 31 0 24
3065 0 18 0 22
3066 0 8 0 23
3067 0 11 0 35
3068 0 9 0 40
3069 0 7 0 31
3070 0 9 0 13
3071 0 26 0 12
3072 0 6 0 35
3073 0 15 0 48
3074 0 9 0 53
3075 0 8 0 22
3076 0 4 0 17
3077 0 5 0 25
3078 0 9 0 19
3079 0 12 0 24
3080 0 13 0 33
3081 0 9 0 31
3082 0 11 0 33
3083 0 24 0 24
3084 0 28 0 25
3085 0 10 0 26
3086 0 26 0 23
3087 0 22 0 26
3088 0 17 0 35
3089 0 22 0 37
3090 0 9 0 47
3091 0 33 0 55
3092 0 32 0 49
3093 0 20 0 27
3094 0 26 0 49
3095 0 5 0 43
3096 0 7 0 56
3097 0 17 0 43
3098 0 18 0 46
3099 0 20 0 55
3100 0 14 0 53
3101 0 31 0 22
3102 0 16 0 41
3103 0 26 0 17
3104 0 32 0 45
3105 0 25 0 46
3106 0 27 0 59
3107 0 18 0 50
3108 0 29 0 45
3109 0 16 0 44
3110 0 18 0 56
3111 0 18 0 41
3112 0 16 0 41
3113 0 17 0 36
3114 0 16 0 36
3115 0 21 0 34
3116 0 17 0 44
3117 0 17 0 42
3118 0 9 0 48
3119 0 16 0 19
3120 0 20 0 34
3121 0 3 0 33
3122 0 6 0 25
3123 0 3 0 32
3124 0 22 0 22
3125 0 15 0 20
3126 0 13 0 28
3127 0 18 0 42
3128 0 23 0 25
3129 0 16 0 36
3130 0 13 0 33
3131 0 18 0 26
3132 0 21 0 29
3133 0 17 0 45
3134 0 21 0 36
3135 0 23 0 45
3136 0 12 0 41
3137 0 9 0 43
3138 0 8 0 48
3139 0 7 0 41
3140 0 6 0 39
3141 0 26 0 52
3142 0 4 0 36
3143 0 20 0 38
3144 0 27 0 43
3145 0 25 0 39
3146 0 20 0 46
3147 0 19 0 36
3148 0 20 0 43
3149 0 17 0 52
3150 0 20 0 19
3151 0 26 0 42
3152 0 29 0 38
3153 0 17 0 33
3154 0 18 0 44
3155 0 27 0 40
3156 0 33 0 38
3157 0 42 0 37
3158 0 18 0 36
3159 0 26 0 43
3160 0 34 0 37
3161 0 48 0 51
3162 0 29 0 50
3163 0 22 0 34
3164 0 24 0 41
3165 0 34 0 51
3166 0 23 0 51
3167 0 15 0 50
3168 0 6 0 58
3169 0 9 0 46
3170 0 26 0 47
3171 0 25 0 56
3172 0 20 0 43
3173 0 16 0 39
3174 0 26 0 37
3175 0 40 0 49
3176 0 22 0 21
3177 0 20 0 34
3178 0 16 0 50
3179 0 17 0 23
3180 0 19 0 36
3181 0 14 0 46
3182 0 32 0 41
3183 0 27 0 26
3184 0 8 0 33
3185 0 22 0 51
3186 0 32 0 40
3187 0 30 0 38
3188 0 31 0 46
3189 0 16 0 26
3190 0 13 0 46
3191 0 35 0 21
3192 0 16 0 15
3193 0 32 0 17
3194 0 26 0 20
3195 0 36 0 18
3196 0 21 0 12
3197 0 15 0 1
3198 0 42 0 15
3199 0 24 0 27
3200 0 13 0 6
3201 0 21 0 9
3202 0 22 0 20
3203 0 15 0 9
3204 0 18 0 19
3205 0 26 0 31
3206 0 29 0 28
3207 0 43 0 21
3208 0 68 0 22
3209 0 42 0 10
3210 0 50 0 34
3211 0 48 0 27
3212 0 61 0 31
3213 0 55 0 29
3214 0 59 0 32
3215 0 46 0 21
3216 0 29 0 40
3217 0 55 0 42
3218 0 53 0 41
3219 0 52 0 24
3220 0 44 0 20
3221 0 27 0 20
3222 0 58 0 31
3223 0 46 0 16
3224 0 52 0 17
3225 0 38 0 19
3226 0 62 0 24
3227 0 64 0 28
3228 0 66 0 18
3229 0 54 0 20
3230 0 51 0 17
3231 0 50 0 39
3232 0 61 0 21
3233 0 60 0 29
3234 0 50 0 30
3235 0 18 0 33
3236 0 40 0 30
3237 0 28 0 43
3238 0 17 0 46
3239 0 25 0 41
3240 0 35 0 42
3241 0 29 0 48
3242 0 27 0 50
3243 0 24 0 32
3244 0 8 0 40
3245 0 30 0 27
3246 0 44 0 39
3247 0 36 0 46
3248 0 23 0 38
3249 0 42 0 45
3250 0 36 0 20
3251 0 56 0 39
3252 0 72 0 49
3253 0 54 0 24
3254 0 59 0 26
3255 0 46 0 41
3256 0 18 0 40
3257 0 33 0 28
3258 0 26 0 40
3259 0 27 0 39
3260 0 17 0 33
3261 0 49 0 34
3262 0 47 0 38
3263 0 38 0 32
3264 0 30 0 33
3265 0 46 0 32
3266 0 61 0 34
3267 0 54 0 39
3268 0 48 0 46
3269 0 51 0 41
3270 0 27 0 34
3271 0 23 0 26
3272 0 29 0 19
3273 0 35 0 18
3274 0 18 0 23
3275 0 29 0 24
3276 0 33 0 16
3277 0 27 0 20
3278 0 23 0 28
3279 0 37 0 42
3280 0 21 0 37
3281 0 23 0 33
3282 0 31 0 29
3283 0 48 0 52
3284 0 51 0 64
3285 0 53 0 54
3286 0 22 0 35
3287 0 49 0 47
3288 0 51 0 42
3289 0 51 0 43
3290 0 56 0 35
3291 0 46 0 33
3292 0 67 0 43
3293 0 45 0 35
3294 0 42 0 39
3295 0 56 0 37
3296 0 59 0 26
3297 0 55 0 36
3298 0 58 0 42
3299 0 60 0 33
3300 0 52 0 43
3301 0 41 0 42
3302 0 52 0 35
3303 0 56 0 23
3304 0 45 0 37
3305 0 59 0 19
3306 0 45 0 25
3307 0 57 0 35
3308 0 61 0 22
3309 0 61 0 30
3310 0 22 0 17
3311 0 32 0 26
3312 0 53 0 31
3313 0 54 0 20
3314 0 46 0 14
3315 0 51 0 17
3316 0 59 0 40
3317 0 39 0 21
3318 0 58 0 36
3319 0 50 0 44
3320 0 50 0 28
3321 0 34 0 36
3322 0 68 0 9
3323 0 62 0 5
3324 0 71 0 18
3325 0 45 0 0
3326 0 70 0 5
3327 0 57 0 23
3328 0 52 0 18
3329 0 56 0 27
3330 0 44 0 22
3331 0 42 0 14
3332 0 58 0 6
3333 0 59 0 19
3334 0 48 0 0
3335 0 41 0 10
3336 0 52 0 11
3337 0 54 0 34
3338 0 63 0 13
3339 0 55 0 19
3340 0 32 0 11
3341 0 49 0 8
3342 0 51 0 5
3343 0 51 0 16
3344 0 37 0 22
3345 0 45 0 11
3346 0 45 0 5
3347 0 73 0 22
3348 0 58 0 0
3349 0 43 0 11
3350 0 55 0 0
3351 0 55 0 0
3352 0 54 0 14
3353 0 44 0 6
3354 0 53 0 11
3355 0 53 0 15
3356 0 56 0 11
3357 0 57 0 10
3358 0 44 0 14
3359 0 54 0 12
3360 0 54 0 9
3361 0 36 0 12
3362 0 59 0 15
3363 0 47 0 13
3364 0 64 0 12
3365 0 67 0 13
3366 0 58 0 7
3367 0 73 0 4
3368 0 62 0 8
3369 0 51 0 10
3370 0 51 0 13
3371 0 51 0 9
3372 0 61 0 13
3373 0 48 0 5
3374 0 39 0 9
3375 0 54 0 18
3376 0 50 0 1
3377 0 66 0 0
3378 0 50 0 2
3379 0 52 0 8
3380 0 68 0 14
3381 0 52 0 10
3382 0 46 0 11
3383 0 60 0 19
3384 0 59 0 7
3385 0 55 0 8
3386 0 34 0 14
3387 0 53 0 8
3388 0 60 0 13
3389 0 72 0 8
3390 0 65 0 5
3391 0 61 0 8
3392 0 51 0 5
3393 0 59 0 5
3394 0 57 0 13
3395 0 53 0 17
3396 0 63 0 23
3397 0 49 0 24
3398 0 38 0 28
3399 0 64 0 33
3400 0 59 0 16
3401 0 66 0 10
3402 0 48 0 19
3403 0 41 0 11
3404 0 57 0 11
3405 0 53 0 1
3406 0 48 0 0
3407 0 77 0 1
3408 0 54 0 7
3409 0 49 0 9
3410 0 46 0 0
3411 0 39 0 2
3412 0 48 0 23
3413 0 50 0 1
3414 0 47 0 12
3415 0 60 0 13
3416 0 55 0 0
3417 0 47 0 0
3418 0 73 0 0
3419 0 59 0 0
3420 0 54 0 0
3421 0 52 0 0
3422 0 41 0 6
3423 0 53 0 15
3424 0 54 0 16
3425 0 54 0 7
3426 0 59 0 0
3427 0 54 0 20
3428 0 50 0 2
3429 0 51 0 8
3430 0 72 0 7
3431 0 45 0 9
3432 0 53 0 0
3433 0 60 0 7
3434 0 63 0 1
3435 0 44 0 0
3436 0 61 0 10
3437 0 57 0 22
3438 0 45 0 26
3439 0 43 0 14
3440 0 47 0 14
3441 0 62 0 17
3442 0 52 0 12
3443 0 43 0 12
3444 0 35 0 8
3445 0 55 0 7
3446 0 30 0 22
3447 0 39 0 9
3448 0 12 0 6
3449 0 8 0 5
3450 0 20 0 7
3451 0 39 0 5
3452 0 56 0 18
3453 0 55 0 5
3454 0 61 0 1
3455 0 44 0 9
3456 0 60 0 10
3457 0 55 0 8
3458 0 58 0 24
3459 0 51 0 3
3460 0 66 0 3
3461 0 45 0 11
3462 0 55 0 6
3463 0 52 0 14
3464 0 50 0 1
3465 0 59 0 1
3466 0 49 0 0
3467 0 56 0 14
3468 0 62 0 8
3469 0 61 0 5
3470 0 62 0 7
3471 0 45 0 5
3472 0 54 0 0
3473 0 61 0 13
3474 0 73 0 0
3475 0 39 0 0
3476 0 48 0 0
3477 0 45 0 16
3478 0 62 0 3
3479 0 60 0 6
3480 0 58 0 22
3481 0 53 0 13
3482 0 65 0 11
3483 0 44 0 8
3484 0 58 0 7
3485 0 67 0 12
3486 0 67 0 2
3487 0 49 0 0
3488 0 60 0 17
3489 0 46 0 26
3490 0 50 0 24
3491 0 43 0 32
3492 0 58 0 42
3493 0 41 0 33
3494 0 53 0 30
3495 0 36 0 42
3496 0 55 0 35
3497 0 52 0 24
3498 0 33 0 22
3499 0 60 0 28
