# #DNA 92-96,199-203
# #Frame H2A H2B H3 H4 (contacts)
0 0 0 0 26
1 0 0 0 24
2 0 0 0 14
3 0 0 0 11
4 0 0 0 19
5 0 0 0 48
6 0 0 0 57
7 0 0 0 55
8 0 0 0 53
9 0 0 0 44
10 0 0 0 48
11 0 0 0 44
12 0 0 0 50
13 0 0 0 60
14 0 0 0 71
15 0 0 0 56
16 0 0 0 48
17 0 0 0 45
18 0 0 3 62
19 0 0 19 82
20 0 0 10 88
21 0 0 23 59
22 0 0 21 81
23 0 0 18 84
24 0 0 15 55
25 0 0 32 46
26 0 0 24 53
27 0 0 22 45
28 0 0 16 47
29 0 0 21 61
30 0 0 22 57
31 0 0 25 52
32 0 0 20 54
33 0 0 29 42
34 0 0 23 44
35 0 0 25 46
36 0 0 29 54
37 0 0 15 45
38 0 0 22 56
39 0 0 21 49
40 0 0 31 54
41 0 0 16 55
42 0 0 18 54
43 0 0 10 34
44 0 0 10 43
45 0 0 0 46
46 0 0 0 45
47 0 0 1 47
48 0 0 1 49
49 0 0 1 47
50 0 0 1 57
51 0 0 1 69
52 0 0 0 47
53 0 0 1 47
54 0 0 8 35
55 0 0 13 57
56 0 0 0 68
57 0 0 0 80
58 0 0 0 66
59 0 0 3 80
60 0 0 0 85
61 0 0 0 66
62 0 0 0 74
63 0 0 8 80
64 0 0 0 76
65 0 0 0 75
66 0 0 0 64
67 0 0 0 88
68 0 0 5 73
69 0 0 0 51
70 0 0 0 77
71 0 0 0 79
72 0 0 1 81
73 0 0 1 70
74 0 0 0 90
75 0 0 0 73
76 0 0 7 74
77 0 0 0 71
78 0 0 0 68
79 0 0 0 77
80 0 0 0 89
81 0 0 2 77
82 0 0 0 78
83 0 0 0 61
84 0 0 0 76
85 0 0 0 80
86 0 0 0 73
87 0 0 0 78
88 0 0 0 86
89 0 0 0 62
90 0 0 0 80
91 0 0 0 108
92 0 0 0 84
93 0 0 0 66
94 0 0 0 70
95 0 0 0 53
96 0 0 4 67
97 0 0 8 73
98 0 0 15 75
99 0 0 9 70
100 0 0 3 72
101 0 0 6 85
102 0 0 10 83
103 0 0 0 63
104 0 0 0 78
105 0 0 14 106
106 0 0 5 97
107 0 0 2 73
108 0 0 3 74
109 0 0 0 101
110 0 0 0 110
111 0 0 0 81
112 0 0 7 93
113 0 0 0 104
114 0 0 5 76
115 0 0 0 89
116 0 0 6 81
117 0 0 1 84
118 0 0 7 81
119 0 0 1 49
120 0 0 8 52
121 0 0 0 59
122 0 0 24 55
123 0 0 0 63
124 0 0 4 83
125 0 0 4 86
126 0 0 7 89
127 0 0 6 85
128 0 0 8 96
129 0 0 29 96
130 0 0 20 95
131 0 0 16 86
132 0 0 5 83
133 0 0 6 63
134 0 0 20 62
135 0 0 22 91
136 0 0 18 77
137 0 0 25 87
138 0 0 24 79
139 0 0 23 80
140 0 0 28 83
141 0 0 16 84
142 0 0 40 103
143 0 0 25 97
144 0 0 22 78
145 0 0 21 62
146 0 0 17 77
147 0 0 18 82
148 0 0 22 82
149 0 0 19 63
150 0 0 0 87
151 0 0 0 74
152 0 0 0 86
153 0 0 0 92
154 0 0 0 74
155 0 0 0 74
156 0 0 0 73
157 0 0 0 87
158 0 0 0 84
159 0 0 0 80
160 0 0 0 76
161 0 0 0 78
162 0 0 0 80
163 0 0 0 66
164 0 0 0 60
165 0 0 0 80
166 0 0 0 75
167 0 0 0 66
168 0 0 0 72
169 0 0 0 52
170 0 0 0 87
171 0 0 0 75
172 0 0 0 61
173 0 0 0 66
174 0 0 0 74
175 0 0 0 76
176 0 0 0 53
177 0 0 0 82
178 0 0 0 79
179 0 0 0 69
180 0 0 0 71
181 0 0 0 82
182 0 0 0 69
183 0 0 3 72
184 0 0 3 86
185 0 0 0 83
186 0 0 0 77
187 0 0 1 92
188 0 0 1 87
189 0 0 1 105
190 0 0 0 93
191 0 0 1 86
192 0 0 0 101
193 0 0 0 90
194 0 0 3 108
195 0 0 7 89
196 0 0 5 83
197 0 0 0 86
198 0 0 2 89
199 0 0 3 91
200 0 0 0 110
201 0 0 0 80
202 0 0 0 101
203 0 0 0 96
204 0 0 0 104
205 0 0 0 99
206 0 0 0 100
207 0 0 0 88
208 0 0 0 76
209 0 0 0 76
210 0 0 0 103
211 0 0 0 96
212 0 0 3 97
213 0 0 1 86
214 0 0 0 83
215 0 0 0 107
216 0 0 0 71
217 0 0 2 64
218 0 0 4 96
219 0 0 0 86
220 0 0 8 80
221 0 0 0 55
222 0 0 0 22
223 0 0 0 15
224 0 0 0 26
225 0 0 0 35
226 0 0 0 56
227 0 0 0 52
228 0 0 0 59
229 0 0 0 63
230 0 0 4 33
231 0 0 4 13
232 0 0 3 4
233 0 0 4 34
234 0 0 4 47
235 0 0 1 28
236 0 0 0 32
237 0 0 1 73
238 0 0 0 37
239 0 0 5 48
240 0 0 3 41
241 0 0 0 51
242 0 0 1 82
243 0 0 5 53
244 0 0 1 67
245 0 0 1 61
246 0 0 0 62
247 0 0 5 62
248 0 0 0 53
249 0 0 1 31
250 0 0 1 45
251 0 0 0 38
252 0 0 1 34
253 0 0 0 28
254 0 0 2 48
255 0 0 0 43
256 0 0 0 46
257 0 0 0 19
258 0 0 10 19
259 0 0 12 56
260 0 0 14 48
261 0 0 15 50
262 0 0 14 49
263 0 0 8 14
264 0 0 10 26
265 0 0 16 47
266 0 0 11 63
267 0 0 8 77
268 0 0 4 57
269 0 0 4 88
270 0 0 7 78
271 0 0 0 58
272 0 0 0 65
273 0 0 0 72
274 0 0 0 48
275 0 0 0 48
276 0 0 0 80
277 0 0 0 84
278 0 0 0 62
279 0 0 0 72
280 0 0 0 71
281 0 0 0 71
282 0 0 0 60
283 0 0 0 35
284 0 0 0 27
285 0 0 0 65
286 0 0 0 60
287 0 0 0 54
288 0 0 0 56
289 0 0 0 61
290 0 0 0 36
291 0 0 0 25
292 0 0 0 29
293 0 0 0 58
294 0 0 0 53
295 0 0 0 60
296 0 0 0 66
297 0 0 0 61
298 0 0 0 41
299 0 0 0 58
300 0 0 0 70
301 0 0 0 53
302 0 0 0 47
303 0 0 0 67
304 0 0 0 65
305 0 0 0 68
306 0 0 0 76
307 0 0 0 42
308 0 0 0 57
309 0 0 0 62
310 0 0 0 70
311 0 0 0 64
312 0 0 0 64
313 0 0 0 33
314 0 0 0 46
315 0 0 0 37
316 0 0 0 51
317 0 0 0 43
318 0 0 0 28
319 0 0 0 48
320 0 0 0 21
321 0 0 0 14
322 0 0 0 31
323 0 0 0 28
324 0 0 0 44
325 0 0 0 35
326 0 0 0 30
327 0 0 0 39
328 0 0 0 28
329 0 0 0 36
330 0 0 0 27
331 0 0 0 39
332 0 0 0 16
333 0 0 0 16
334 0 0 0 33
335 0 0 0 26
336 0 0 0 51
337 0 0 3 52
338 0 0 0 48
339 0 0 0 43
340 0 0 0 50
341 0 0 0 59
342 0 0 0 30
343 0 0 0 34
344 0 0 0 27
345 0 0 0 8
346 0 0 0 41
347 0 0 0 50
348 0 0 0 35
349 0 0 0 17
350 0 0 0 26
351 0 0 0 28
352 0 0 0 23
353 0 0 0 32
354 0 0 0 26
355 0 0 0 20
356 0 0 0 25
357 0 0 0 27
358 0 0 0 5
359 0 0 0 25
360 0 0 0 37
361 0 0 0 16
362 0 0 0 37
363 0 0 0 27
364 0 0 0 16
365 0 0 0 23
366 0 0 0 25
367 0 0 0 19
368 0 0 0 11
369 0 0 0 6
370 0 0 0 1
371 0 0 0 1
372 0 0 0 8
373 0 0 0 25
374 0 0 0 7
375 0 0 0 6
376 0 0 0 7
377 0 0 0 19
378 0 0 0 11
379 0 0 0 39
380 0 0 0 12
381 0 0 0 19
382 0 0 0 13
383 0 0 0 18
384 0 0 0 27
385 0 0 0 20
386 0 0 0 21
387 0 0 0 19
388 0 0 0 21
389 0 0 0 8
390 0 0 0 19
391 0 0 0 18
392 0 0 0 21
393 0 0 0 8
394 0 0 0 24
395 0 0 1 13
396 0 0 0 12
397 0 0 0 18
398 0 0 0 14
399 0 0 0 22
400 0 0 0 20
401 0 0 0 14
402 0 0 0 10
403 0 0 0 6
404 0 0 0 15
405 0 0 0 19
406 0 0 0 16
407 0 0 0 17
408 0 0 0 10
409 0 0 0 14
410 0 0 0 14
411 0 0 0 10
412 0 0 0 19
413 0 0 0 29
414 0 0 0 6
415 0 0 3 5
416 0 0 0 14
417 0 0 0 9
418 0 0 0 13
419 0 0 0 5
420 0 0 0 13
421 0 0 0 3
422 0 0 0 6
423 0 0 0 22
424 0 0 0 11
425 0 0 0 17
426 0 0 0 19
427 0 0 0 7
428 0 0 0 18
429 0 0 0 19
430 0 0 0 16
431 0 0 0 17
432 0 0 0 2
433 0 0 0 4
434 0 0 0 3
435 0 0 0 1
436 0 0 0 10
437 0 0 0 11
438 0 0 0 15
439 0 0 0 4
440 0 0 0 8
441 0 0 0 20
442 0 0 0 8
443 0 0 0 23
444 0 0 0 15
445 0 0 0 10
446 0 0 0 20
447 0 0 0 12
448 0 0 0 13
449 0 0 0 17
450 0 0 0 16
451 0 0 0 2
452 0 0 0 0
453 0 0 0 5
454 0 0 0 15
455 0 0 0 9
456 0 0 0 44
457 0 0 0 70
458 0 0 0 64
459 0 0 0 77
460 0 0 0 65
461 0 0 0 71
462 0 0 0 60
463 0 0 0 62
464 0 0 0 82
465 0 0 0 56
466 0 0 0 64
467 0 0 0 77
468 0 0 0 70
469 0 0 0 52
470 0 0 0 58
471 0 0 0 71
472 0 0 0 60
473 0 0 0 65
474 0 0 0 70
475 0 0 0 54
476 0 0 0 46
477 0 0 0 75
478 0 0 0 62
479 0 0 0 42
480 0 0 0 47
481 0 0 0 49
482 0 0 0 65
483 0 0 0 54
484 0 0 0 68
485 0 0 0 55
486 0 0 0 69
487 0 0 0 59
488 0 0 0 64
489 0 0 0 53
490 0 0 0 49
491 0 0 0 75
492 0 0 0 69
493 0 0 0 61
494 0 0 0 65
495 0 0 0 64
496 0 0 0 70
497 0 0 0 72
498 0 0 0 50
499 0 0 0 56
500 0 0 0 43
501 0 0 0 50
502 0 0 0 52
503 0 0 0 45
504 0 0 0 61
505 0 0 0 68
506 0 0 1 53
507 0 0 0 60
508 0 0 0 48
509 0 0 0 51
510 0 0 0 67
511 0 0 0 59
512 0 0 0 64
513 0 0 0 75
514 0 0 0 83
515 0 0 0 74
516 0 0 0 71
517 0 0 0 65
518 0 0 0 63
519 0 0 0 65
520 0 0 0 69
521 0 0 0 64
522 0 0 0 60
523 0 0 0 68
524 0 0 0 47
525 0 0 0 56
526 0 0 0 74
527 0 0 0 61
528 0 0 0 87
529 0 0 0 72
530 0 0 0 56
531 0 0 0 52
532 0 0 0 77
533 0 0 0 65
534 0 0 0 62
535 0 0 0 57
536 0 0 0 70
537 0 0 0 60
538 0 0 0 58
539 0 0 0 59
540 0 0 0 50
541 0 0 0 58
542 0 0 0 60
543 0 0 0 47
544 0 0 0 71
545 0 0 0 66
546 0 0 0 66
547 0 0 0 46
548 0 0 0 52
549 0 0 0 60
550 0 0 0 56
551 0 0 0 62
552 0 0 0 61
553 0 0 0 64
554 0 0 0 57
555 0 0 0 62
556 0 0 0 57
557 0 0 0 51
558 0 0 0 68
559 0 0 0 79
560 0 0 0 56
561 0 0 0 75
562 0 0 0 46
563 0 0 0 55
564 0 0 0 61
565 0 0 0 67
566 0 0 0 73
567 0 0 0 64
568 0 0 0 76
569 0 0 0 65
570 0 0 0 61
571 0 0 0 72
572 0 0 0 54
573 0 0 0 70
574 0 0 0 65
575 0 0 0 68
576 0 0 0 58
577 0 0 0 55
578 0 0 0 55
579 0 0 0 61
580 0 0 0 69
581 0 0 0 69
582 0 0 0 63
583 0 0 0 66
584 0 0 0 64
585 0 0 0 63
586 0 0 0 53
587 0 0 0 68
588 0 0 0 77
589 0 0 0 66
590 0 0 0 34
591 0 0 0 61
592 0 0 0 63
593 0 0 0 51
594 0 0 0 67
595 0 0 0 54
596 0 0 0 44
597 0 0 0 49
598 0 0 0 64
599 0 0 0 63
600 0 0 0 72
601 0 0 0 63
602 0 0 0 65
603 0 0 0 64
604 0 0 0 75
605 0 0 0 59
606 0 0 0 63
607 0 0 0 95
608 0 0 0 59
609 0 0 0 66
610 0 0 0 63
611 0 0 0 79
612 0 0 0 80
613 0 0 0 49
614 0 0 0 64
615 0 0 0 91
616 0 0 0 72
617 0 0 0 75
618 0 0 0 75
619 0 0 0 90
620 0 0 0 65
621 0 0 0 64
622 0 0 0 89
623 0 0 0 69
624 0 0 0 60
625 0 0 0 58
626 0 0 0 63
627 0 0 0 69
628 0 0 0 60
629 0 0 0 82
630 0 0 0 74
631 0 0 0 65
632 0 0 0 71
633 0 0 0 59
634 0 0 0 59
635 0 0 0 81
636 0 0 0 71
637 0 0 0 85
638 0 0 0 64
639 0 0 0 74
640 0 0 0 82
641 0 0 0 76
642 0 0 0 72
643 0 0 0 74
644 0 0 0 63
645 0 0 0 72
646 0 0 0 90
647 0 0 0 113
648 0 0 0 110
649 0 0 0 102
650 0 0 0 82
651 0 0 0 84
652 0 0 0 83
653 0 0 0 57
654 0 0 0 66
655 0 0 0 68
656 0 0 0 90
657 0 0 0 108
658 0 0 0 77
659 0 0 0 87
660 0 0 0 95
661 0 0 0 81
662 0 0 0 51
663 0 0 0 100
664 0 0 0 102
665 0 0 0 100
666 0 0 0 109
667 0 0 0 105
668 0 0 0 74
669 0 0 0 86
670 0 0 0 66
671 0 0 0 88
672 0 0 0 87
673 0 0 0 81
674 0 0 0 76
675 0 0 0 118
676 0 0 0 89
677 0 0 0 67
678 0 0 0 93
679 0 0 0 95
680 0 0 0 85
681 0 0 0 91
682 0 0 0 109
683 0 0 0 84
684 0 0 0 92
685 0 0 0 91
686 0 0 0 88
687 0 0 0 97
688 0 0 0 84
689 0 0 0 94
690 0 0 0 83
691 0 0 0 98
692 0 0 0 82
693 0 0 0 84
694 0 0 0 87
695 0 0 0 96
696 0 0 0 85
697 0 0 0 114
698 0 0 0 112
699 0 0 0 103
700 0 0 0 96
701 0 0 0 80
702 0 0 0 80
703 0 0 0 74
704 0 0 0 88
705 0 0 0 93
706 0 0 0 87
707 0 0 0 90
708 0 0 0 94
709 0 0 0 85
710 0 0 0 86
711 0 0 0 84
712 0 0 0 82
713 0 0 0 78
714 0 0 0 70
715 0 0 0 76
716 0 0 0 89
717 0 0 0 98
718 0 0 0 100
719 0 0 0 87
720 0 0 0 78
721 0 0 0 80
722 0 0 0 79
723 0 0 0 76
724 0 0 0 81
725 0 0 0 78
726 0 0 0 81
727 0 0 0 71
728 0 0 0 91
729 0 0 0 73
730 0 0 0 75
731 0 0 0 69
732 0 0 0 80
733 0 0 0 61
734 0 0 0 64
735 0 0 0 55
736 0 0 0 64
737 0 0 0 85
738 0 0 0 85
739 0 0 0 87
740 0 0 0 55
741 0 0 0 72
742 0 0 0 67
743 0 0 0 77
744 0 0 0 81
745 0 0 0 79
746 0 0 0 65
747 0 0 0 78
748 0 0 0 76
749 0 0 0 79
750 0 0 0 90
751 0 0 0 68
752 0 0 0 74
753 0 0 0 61
754 0 0 0 65
755 0 0 0 62
756 0 0 0 71
757 0 0 0 77
758 0 0 0 65
759 0 0 0 86
760 0 0 0 65
761 0 0 0 84
762 0 0 0 77
763 0 0 0 65
764 0 0 0 69
765 0 0 0 97
766 0 0 0 92
767 0 0 0 90
768 0 0 0 100
769 0 0 0 102
770 0 0 0 81
771 0 0 0 91
772 0 0 0 96
773 0 0 0 82
774 0 0 0 96
775 0 0 0 86
776 0 0 0 90
777 0 0 0 92
778 0 0 0 81
779 0 0 0 89
780 0 0 0 99
781 0 0 0 85
782 0 0 0 97
783 0 0 0 83
784 0 0 0 85
785 0 0 0 95
786 0 0 0 80
787 0 0 0 85
788 0 0 0 97
789 0 0 0 95
790 0 0 0 84
791 0 0 0 95
792 0 0 0 81
793 0 0 0 94
794 0 0 0 85
795 0 0 0 73
796 0 0 0 99
797 0 0 0 105
798 0 0 0 85
799 0 0 0 94
800 0 0 0 100
801 0 0 0 97
802 0 0 0 87
803 0 0 0 81
804 0 0 0 87
805 0 0 0 94
806 0 0 0 107
807 0 0 0 89
808 0 0 0 96
809 0 0 0 82
810 0 0 0 89
811 0 0 0 85
812 0 0 0 92
813 0 0 0 88
814 0 0 0 82
815 0 0 0 83
816 0 0 0 94
817 0 0 0 97
818 0 0 0 98
819 0 0 0 74
820 0 0 0 65
821 0 0 0 88
822 0 0 0 69
823 0 0 0 87
824 0 0 0 78
825 0 0 0 83
826 0 0 0 87
827 0 0 0 82
828 0 0 0 82
829 0 0 0 51
830 0 0 0 94
831 0 0 0 91
832 0 0 0 79
833 0 0 0 88
834 0 0 0 87
835 0 0 0 85
836 0 0 0 82
837 0 0 0 70
838 0 0 0 70
839 0 0 0 94
840 0 0 0 82
841 0 0 0 81
842 0 0 0 78
843 0 0 0 98
844 0 0 0 107
845 0 0 0 101
846 0 0 0 96
847 0 0 0 70
848 0 0 0 97
849 0 0 0 90
850 0 0 0 95
851 0 0 0 86
852 0 0 0 78
853 0 0 0 80
854 0 0 0 78
855 0 0 0 80
856 0 0 0 71
857 0 0 0 84
858 0 0 0 62
859 0 0 0 70
860 0 0 0 70
861 0 0 0 73
862 0 0 0 76
863 0 0 0 88
864 0 0 0 69
865 0 0 0 75
866 0 0 0 94
867 0 0 0 84
868 0 0 0 92
869 0 0 0 86
870 0 0 0 72
871 0 0 0 89
872 0 0 0 71
873 0 0 0 84
874 0 0 0 75
875 0 0 0 85
876 0 0 0 83
877 0 0 0 76
878 0 0 0 100
879 0 0 0 69
880 0 0 0 59
881 0 0 0 82
882 0 0 0 74
883 0 0 0 86
884 0 0 0 80
885 0 0 0 93
886 0 0 0 87
887 0 0 0 82
888 0 0 0 70
889 0 0 0 101
890 0 0 0 89
891 0 0 0 73
892 0 0 0 97
893 0 0 0 103
894 0 0 0 95
895 0 0 0 76
896 0 0 0 82
897 0 0 0 84
898 0 0 0 88
899 0 0 0 87
900 0 0 0 76
901 0 0 0 101
902 0 0 0 92
903 0 0 0 93
904 0 0 0 71
905 0 0 0 91
906 0 0 0 96
907 0 0 0 103
908 0 0 0 95
909 0 0 0 91
910 0 0 0 92
911 0 0 0 91
912 0 0 0 82
913 0 0 0 87
914 0 0 0 71
915 0 0 0 78
916 0 0 0 82
917 0 0 0 86
918 0 0 0 93
919 0 0 0 80
920 0 0 0 99
921 0 0 0 96
922 0 0 0 76
923 0 0 0 87
924 0 0 0 89
925 0 0 0 94
926 0 0 0 98
927 0 0 0 76
928 0 0 0 86
929 0 0 0 84
930 0 0 0 73
931 0 0 0 93
932 0 0 0 97
933 0 0 0 107
934 0 0 0 94
935 0 0 0 91
936 0 0 0 96
937 0 0 0 88
938 0 0 0 103
939 0 0 0 84
940 0 0 0 81
941 0 0 0 93
942 0 0 0 83
943 0 0 0 88
944 0 0 0 101
945 0 0 0 82
946 0 0 0 74
947 0 0 0 59
948 0 0 0 72
949 0 0 0 64
950 0 0 0 63
951 0 0 0 83
952 0 0 0 77
953 0 0 0 65
954 0 0 0 80
955 0 0 0 84
956 0 0 0 84
957 0 0 0 91
958 0 0 0 95
959 0 0 0 86
960 0 0 0 97
961 0 0 0 97
962 0 0 0 96
963 0 0 0 103
964 0 0 0 88
965 0 0 0 89
966 0 0 0 99
967 0 0 0 101
968 0 0 0 79
969 0 0 0 98
970 0 0 0 101
971 0 0 0 96
972 0 0 0 103
973 0 0 0 94
974 0 0 0 92
975 0 0 0 88
976 0 0 0 86
977 0 0 0 94
978 0 0 0 90
979 0 0 0 93
980 0 0 0 76
981 0 0 0 82
982 0 0 0 80
983 0 0 0 72
984 0 0 0 73
985 0 0 0 66
986 0 0 0 87
987 0 0 0 98
988 0 0 0 52
989 0 0 0 82
990 0 0 0 94
991 0 0 0 91
992 0 0 0 96
993 0 0 0 72
994 0 0 0 81
995 0 0 0 78
996 0 0 0 71
997 0 0 0 89
998 0 0 0 86
999 0 0 0 91
1000 0 0 0 88
1001 0 0 0 90
1002 0 0 0 75
1003 0 0 0 71
1004 0 0 0 100
1005 0 0 0 105
1006 0 0 0 98
1007 0 0 0 85
1008 0 0 0 77
1009 0 0 0 93
1010 0 0 0 81
1011 0 0 0 95
1012 0 0 0 96
1013 0 0 0 78
1014 0 0 0 90
1015 0 0 0 69
1016 0 0 0 69
1017 0 0 0 88
1018 0 0 0 92
1019 0 0 0 80
1020 0 0 0 67
1021 0 0 0 94
1022 0 0 0 79
1023 0 0 0 82
1024 0 0 0 71
1025 0 0 0 72
1026 0 0 0 94
1027 0 0 0 88
1028 0 0 0 86
1029 0 0 0 114
1030 0 0 0 87
1031 0 0 0 93
1032 0 0 0 80
1033 0 0 0 74
1034 0 0 0 83
1035 0 0 0 80
1036 0 0 0 103
1037 0 0 0 73
1038 0 0 0 78
1039 0 0 0 83
1040 0 0 0 82
1041 0 0 0 92
1042 0 0 0 86
1043 0 0 0 100
1044 0 0 0 79
1045 0 0 0 92
1046 0 0 0 87
1047 0 0 0 92
1048 0 0 0 81
1049 0 0 0 99
1050 0 0 0 90
1051 0 0 0 85
1052 0 0 0 88
1053 0 0 0 72
1054 0 0 0 88
1055 0 0 0 72
1056 0 0 0 72
1057 0 0 0 99
1058 0 0 0 91
1059 0 0 0 81
1060 0 0 0 94
1061 0 0 0 90
1062 0 0 0 90
1063 0 0 0 105
1064 0 0 0 102
1065 0 0 0 100
1066 0 0 0 86
1067 0 0 0 90
1068 0 0 0 89
1069 0 0 0 79
1070 0 0 0 109
1071 0 0 0 80
1072 0 0 0 78
1073 0 0 0 106
1074 0 0 0 76
1075 0 0 0 76
1076 0 0 0 112
1077 0 0 0 89
1078 0 0 0 70
1079 0 0 0 82
1080 0 0 0 85
1081 0 0 0 83
1082 0 0 0 97
1083 0 0 0 100
1084 0 0 0 77
1085 0 0 0 98
1086 0 0 0 78
1087 0 0 0 101
1088 0 0 0 75
1089 0 0 0 94
1090 0 0 0 102
1091 0 0 0 77
1092 0 0 0 92
1093 0 0 0 89
1094 0 0 0 78
1095 0 0 0 94
1096 0 0 0 92
1097 0 0 0 93
1098 0 0 0 83
1099 0 0 0 89
1100 0 0 0 91
1101 0 0 0 86
1102 0 0 0 96
1103 0 0 0 102
1104 0 0 0 90
1105 0 0 0 103
1106 0 0 0 103
1107 0 0 0 92
1108 0 0 0 98
1109 0 0 0 71
1110 0 0 0 79
1111 0 0 0 92
1112 0 0 0 91
1113 0 0 0 103
1114 0 0 0 85
1115 0 0 0 93
1116 0 0 0 102
1117 0 0 0 109
1118 0 0 0 100
1119 0 0 0 98
1120 0 0 0 100
1121 0 0 0 100
1122 0 0 0 101
1123 0 0 0 89
1124 0 0 0 86
1125 0 0 0 94
1126 0 0 0 98
1127 0 0 0 78
1128 0 0 0 98
1129 0 0 0 91
1130 0 0 0 109
1131 0 0 0 97
1132 0 0 0 102
1133 0 0 0 81
1134 0 0 0 93
1135 0 0 0 92
1136 0 0 0 103
1137 0 0 0 103
1138 0 0 0 92
1139 0 0 0 115
1140 0 0 0 104
1141 0 0 0 105
1142 0 0 0 94
1143 0 0 0 97
1144 0 0 0 80
1145 0 0 0 81
1146 0 0 0 97
1147 0 0 0 94
1148 0 0 0 95
1149 0 0 0 92
1150 0 0 0 94
1151 0 0 0 85
1152 0 0 0 62
1153 0 0 0 91
1154 0 0 0 79
1155 0 0 0 67
1156 0 0 0 93
1157 0 0 0 83
1158 0 0 0 69
1159 0 0 0 78
1160 0 0 0 75
1161 0 0 0 94
1162 0 0 0 77
1163 0 0 0 96
1164 0 0 0 95
1165 0 0 0 86
1166 0 0 0 87
1167 0 0 0 94
1168 0 0 0 85
1169 0 0 0 98
1170 0 0 0 100
1171 0 0 0 96
1172 0 0 0 83
1173 0 0 0 79
1174 0 0 0 92
1175 0 0 0 87
1176 0 0 0 86
1177 0 0 0 86
1178 0 0 0 97
1179 0 0 0 89
1180 0 0 0 96
1181 0 0 0 100
1182 0 0 0 109
1183 0 0 0 121
1184 0 0 0 75
1185 0 0 0 92
1186 0 0 0 86
1187 0 0 0 90
1188 0 0 0 95
1189 0 0 0 78
1190 0 0 0 76
1191 0 0 0 81
1192 0 0 0 63
1193 0 0 0 87
1194 0 0 0 108
1195 0 0 0 102
1196 0 0 0 81
1197 0 0 0 76
1198 0 0 0 79
1199 0 0 0 81
1200 0 0 0 81
1201 0 0 0 93
1202 0 0 0 88
1203 0 0 0 105
1204 0 0 0 109
1205 0 0 0 96
1206 0 0 0 109
1207 0 0 0 101
1208 0 0 0 99
1209 0 0 0 80
1210 0 0 0 100
1211 0 0 0 99
1212 0 0 0 87
1213 0 0 0 90
1214 0 0 0 98
1215 0 0 0 105
1216 0 0 0 80
1217 0 0 0 91
1218 0 0 0 85
1219 0 0 0 99
1220 0 0 0 89
1221 0 0 0 87
1222 0 0 0 93
1223 0 0 0 85
1224 0 0 0 80
1225 0 0 0 89
1226 0 0 0 99
1227 0 0 0 97
1228 0 0 0 81
1229 0 0 0 84
1230 0 0 0 83
1231 0 0 0 91
1232 0 0 0 97
1233 0 0 0 89
1234 0 0 0 98
1235 0 0 0 93
1236 0 0 0 92
1237 0 0 0 100
1238 0 0 0 99
1239 0 0 0 84
1240 0 0 0 96
1241 0 0 0 102
1242 0 0 0 84
1243 0 0 0 102
1244 0 0 0 76
1245 0 0 0 96
1246 0 0 0 94
1247 0 0 0 99
1248 0 0 0 89
1249 0 0 0 98
1250 0 0 0 90
1251 0 0 0 107
1252 0 0 0 107
1253 0 0 0 89
1254 0 0 0 91
1255 0 0 0 77
1256 0 0 0 67
1257 0 0 0 82
1258 0 0 0 76
1259 0 0 0 83
1260 0 0 0 86
1261 0 0 0 62
1262 0 0 0 74
1263 0 0 0 71
1264 0 0 0 77
1265 0 0 0 87
1266 0 0 0 70
1267 0 0 0 84
1268 0 0 0 88
1269 0 0 0 98
1270 0 0 0 78
1271 0 0 0 76
1272 0 0 0 82
1273 0 0 0 80
1274 0 0 0 94
1275 0 0 0 94
1276 0 0 0 97
1277 0 0 0 83
1278 0 0 0 91
1279 0 0 0 92
1280 0 0 0 94
1281 0 0 0 90
1282 0 0 0 103
1283 0 0 0 85
1284 0 0 0 99
1285 0 0 0 82
1286 0 0 0 91
1287 0 0 0 90
1288 0 0 0 93
1289 0 0 0 88
1290 0 0 0 85
1291 0 0 0 85
1292 0 0 0 97
1293 0 0 0 88
1294 0 0 0 104
1295 0 0 0 93
1296 0 0 0 92
1297 0 0 0 74
1298 0 0 0 91
1299 0 0 0 103
1300 0 0 0 106
1301 0 0 0 103
1302 0 0 0 98
1303 0 0 0 94
1304 0 0 0 97
1305 0 0 0 107
1306 0 0 0 100
1307 0 0 0 107
1308 0 0 0 106
1309 0 0 0 94
1310 0 0 0 105
1311 0 0 0 88
1312 0 0 0 104
1313 0 0 0 87
1314 0 0 0 74
1315 0 0 0 72
1316 0 0 0 78
1317 0 0 0 78
1318 0 0 0 82
1319 0 0 0 91
1320 0 0 0 83
1321 0 0 0 83
1322 0 0 0 83
1323 0 0 0 87
1324 0 0 0 89
1325 0 0 0 86
1326 0 0 0 73
1327 0 0 0 82
1328 0 0 0 93
1329 0 0 0 75
1330 0 0 0 72
1331 0 0 0 76
1332 0 0 0 85
1333 0 0 0 98
1334 0 0 0 64
1335 0 0 0 88
1336 0 0 0 56
1337 0 0 0 73
1338 0 0 0 73
1339 0 0 0 114
1340 0 0 0 88
1341 0 0 0 113
1342 0 0 0 69
1343 0 0 0 90
1344 0 0 0 90
1345 0 0 0 86
1346 0 0 0 77
1347 0 0 0 72
1348 0 0 0 96
1349 0 0 0 116
1350 0 0 0 139
1351 0 0 0 165
1352 0 0 0 121
1353 0 0 0 145
1354 0 0 0 142
1355 0 0 0 148
1356 0 0 0 124
1357 0 0 0 151
1358 0 0 0 147
1359 0 0 0 138
1360 0 0 0 147
1361 0 0 0 138
1362 0 0 0 166
1363 0 0 0 132
1364 0 0 0 157
1365 0 0 0 167
1366 0 0 0 191
1367 0 0 0 165
1368 0 0 0 99
1369 0 0 0 94
1370 0 0 0 127
1371 0 0 0 133
1372 0 0 0 56
1373 0 0 0 63
1374 0 0 0 62
1375 0 0 0 86
1376 0 0 0 95
1377 0 0 0 82
1378 0 0 0 71
1379 0 0 0 104
1380 0 0 0 90
1381 0 0 0 65
1382 0 0 0 113
1383 0 0 0 128
1384 0 0 0 116
1385 0 0 0 125
1386 0 0 0 100
1387 0 0 0 99
1388 0 0 0 66
1389 0 0 0 86
1390 0 0 0 86
1391 0 0 0 67
1392 0 0 0 70
1393 0 0 0 55
1394 0 0 0 74
1395 0 0 0 75
1396 0 0 0 68
1397 0 0 0 87
1398 0 0 0 85
1399 0 0 0 77
1400 0 0 0 17
1401 0 0 0 7
1402 0 0 0 0
1403 0 0 0 8
1404 0 0 0 15
1405 0 0 0 23
1406 0 0 0 16
1407 0 0 0 9
1408 0 0 0 16
1409 0 0 0 22
1410 0 0 0 47
1411 0 0 0 37
1412 0 0 0 19
1413 0 0 0 13
1414 0 0 0 13
1415 0 0 0 14
1416 0 0 0 46
1417 0 0 0 26
1418 0 0 0 37
1419 0 0 0 18
1420 0 0 0 39
1421 0 0 0 25
1422 0 0 0 39
1423 0 0 0 38
1424 0 0 0 25
1425 0 0 0 57
1426 0 0 0 38
1427 0 0 0 50
1428 0 0 0 36
1429 0 0 0 31
1430 0 0 0 41
1431 0 0 0 44
1432 0 0 0 40
1433 0 0 0 48
1434 0 0 0 43
1435 0 0 0 41
1436 0 0 0 32
1437 0 0 0 30
1438 0 0 0 36
1439 0 0 0 32
1440 0 0 0 36
1441 0 0 0 49
1442 0 0 0 37
1443 0 0 0 19
1444 0 0 0 17
1445 0 0 0 35
1446 0 0 0 35
1447 0 0 0 30
1448 0 0 0 38
1449 0 0 0 28
1450 0 0 0 47
1451 0 0 0 33
1452 0 0 0 33
1453 0 0 0 40
1454 0 0 0 35
1455 0 0 0 36
1456 0 0 0 39
1457 0 0 0 33
1458 0 0 0 36
1459 0 0 0 41
1460 0 0 0 35
1461 0 0 0 23
1462 0 0 0 8
1463 0 0 0 1
1464 0 0 0 15
1465 0 0 0 12
1466 0 0 0 13
1467 0 0 0 1
1468 0 0 0 26
1469 0 0 0 42
1470 0 0 0 3
1471 0 0 0 15
1472 0 0 0 30
1473 0 0 0 26
1474 0 0 0 40
1475 0 0 0 48
1476 0 0 0 26
1477 0 0 0 14
1478 0 0 0 14
1479 0 0 0 12
1480 0 0 0 12
1481 0 0 0 9
1482 0 0 0 19
1483 0 0 0 18
1484 0 0 0 14
1485 0 0 0 10
1486 0 0 0 7
1487 0 0 0 30
1488 0 0 0 9
1489 0 0 0 12
1490 0 0 0 21
1491 0 0 0 11
1492 0 0 0 20
1493 0 0 0 28
1494 0 0 0 13
1495 0 0 0 7
1496 0 0 0 4
1497 0 0 0 4
1498 0 0 0 10
1499 0 0 0 6
1500 0 0 0 13
1501 0 0 0 12
1502 0 0 0 14
1503 0 0 0 3
1504 0 0 0 14
1505 0 0 0 8
1506 0 0 0 10
1507 0 0 0 6
1508 0 0 0 6
1509 0 0 0 8
1510 0 0 0 6
1511 0 0 0 2
1512 0 0 0 4
1513 0 0 0 2
1514 0 0 0 1
1515 0 0 0 9
1516 0 0 0 20
1517 0 0 0 15
1518 0 0 0 38
1519 0 0 0 20
1520 0 0 0 30
1521 0 0 0 31
1522 0 0 0 36
1523 0 0 0 50
1524 0 0 0 41
1525 0 0 0 36
1526 0 0 0 32
1527 0 0 0 41
1528 0 0 0 41
1529 0 0 0 43
1530 0 0 0 32
1531 0 0 0 41
1532 0 0 0 32
1533 0 0 0 20
1534 0 0 0 30
1535 0 0 0 31
1536 0 0 0 41
1537 0 0 0 36
1538 0 0 0 25
1539 0 0 0 13
1540 0 0 0 38
1541 0 0 0 38
1542 0 0 0 36
1543 0 0 0 30
1544 0 0 0 33
1545 0 0 0 35
1546 0 0 0 26
1547 0 0 0 47
1548 0 0 0 32
1549 0 0 0 30
1550 0 0 0 34
1551 0 0 0 30
1552 0 0 0 38
1553 0 0 0 39
1554 0 0 0 31
1555 0 0 0 28
1556 0 0 0 22
1557 0 0 0 32
1558 0 0 0 54
1559 0 0 0 29
1560 0 0 0 25
1561 0 0 0 40
1562 0 0 0 21
1563 0 0 0 31
1564 0 0 0 21
1565 0 0 0 35
1566 0 0 0 17
1567 0 0 0 11
1568 0 0 0 27
1569 0 0 0 36
1570 0 0 0 42
1571 0 0 0 25
1572 0 0 0 19
1573 0 0 0 35
1574 0 0 0 21
1575 0 0 0 17
1576 0 0 0 13
1577 0 0 0 26
1578 0 0 0 14
1579 0 0 0 15
1580 0 0 0 30
1581 0 0 0 18
1582 0 0 0 23
1583 0 0 0 15
1584 0 0 0 31
1585 0 0 0 36
1586 0 0 0 31
1587 0 0 0 65
1588 0 0 0 54
1589 0 0 0 55
1590 0 0 0 27
1591 0 0 0 42
1592 0 0 0 63
1593 0 0 0 42
1594 0 0 0 37
1595 0 0 0 24
1596 0 0 0 12
1597 0 0 0 24
1598 0 0 0 11
1599 0 0 0 20
1600 0 0 0 24
1601 0 0 0 17
1602 0 0 0 13
1603 0 0 0 18
1604 0 0 0 26
1605 0 0 0 15
1606 0 0 0 19
1607 0 0 0 19
1608 0 0 0 18
1609 0 0 0 12
1610 0 0 0 23
1611 0 0 0 32
1612 0 0 0 31
1613 0 0 0 29
1614 0 0 0 31
1615 0 0 0 38
1616 0 0 0 24
1617 0 0 0 23
1618 0 0 0 36
1619 0 0 0 23
1620 0 0 0 25
1621 0 0 0 13
1622 0 0 0 32
1623 0 0 0 22
1624 0 0 0 17
1625 0 0 0 25
1626 0 0 0 45
1627 0 0 0 52
1628 0 0 0 28
1629 0 0 0 10
1630 0 0 0 10
1631 0 0 0 30
1632 0 0 0 18
1633 0 0 0 32
1634 0 0 0 23
1635 0 0 0 29
1636 0 0 0 17
1637 0 0 0 34
1638 0 0 0 9
1639 0 0 0 9
1640 0 0 0 18
1641 0 0 0 12
1642 0 0 0 22
1643 0 0 0 20
1644 0 0 0 11
1645 0 0 0 13
1646 0 0 0 13
1647 0 0 0 14
1648 0 0 0 13
1649 0 0 0 21
1650 0 0 0 25
1651 0 0 0 8
1652 0 0 0 4
1653 0 0 0 4
1654 0 0 0 4
1655 0 0 0 5
1656 0 0 0 0
1657 0 0 0 2
1658 0 0 0 0
1659 0 0 0 3
1660 0 0 0 18
1661 0 0 0 24
1662 0 0 0 27
1663 0 0 0 17
1664 0 0 0 22
1665 0 0 0 10
1666 0 0 0 11
1667 0 0 0 14
1668 0 0 0 29
1669 0 0 0 32
1670 0 0 0 26
1671 0 0 0 33
1672 0 0 0 14
1673 0 0 0 19
1674 0 0 0 26
1675 0 0 0 26
1676 0 0 0 30
1677 0 0 0 16
1678 0 0 0 15
1679 0 0 0 24
1680 0 0 0 22
1681 0 0 0 21
1682 0 0 0 21
1683 0 0 0 24
1684 0 0 0 24
1685 0 0 0 15
1686 0 0 0 15
1687 0 0 0 33
1688 0 0 0 27
1689 0 0 0 33
1690 0 0 0 47
1691 0 0 0 41
1692 0 0 0 47
1693 0 0 0 15
1694 0 0 0 11
1695 0 0 0 21
1696 0 0 0 12
1697 0 0 0 22
1698 0 0 0 22
1699 0 0 0 22
1700 0 0 0 36
1701 0 0 0 22
1702 0 0 0 29
1703 0 0 0 43
1704 0 0 0 30
1705 0 0 0 38
1706 0 0 0 18
1707 0 0 0 19
1708 0 0 0 26
1709 0 0 0 18
1710 0 0 0 17
1711 0 0 0 17
1712 0 0 0 10
1713 0 0 0 26
1714 0 0 0 34
1715 0 0 0 29
1716 0 0 0 14
1717 0 0 0 4
1718 0 0 0 26
1719 0 0 0 8
1720 0 0 0 7
1721 0 0 0 13
1722 0 0 0 24
1723 0 0 0 30
1724 0 0 0 28
1725 0 0 0 39
1726 0 0 0 36
1727 0 0 0 16
1728 0 0 0 15
1729 0 0 0 11
1730 0 0 0 5
1731 0 0 0 18
1732 0 0 0 15
1733 0 0 0 11
1734 0 0 0 28
1735 0 0 0 22
1736 0 0 0 5
1737 0 0 0 11
1738 0 0 0 5
1739 0 0 0 12
1740 0 0 0 34
1741 0 0 0 28
1742 0 0 0 16
1743 0 0 0 10
1744 0 0 0 36
1745 0 0 0 25
1746 0 0 0 32
1747 0 0 0 20
1748 0 0 0 24
1749 0 0 0 22
1750 0 0 0 11
1751 0 0 0 8
1752 0 0 0 35
1753 0 0 0 18
1754 0 0 0 10
1755 0 0 0 11
1756 0 0 0 17
1757 0 0 0 26
1758 0 0 0 14
1759 0 0 0 21
1760 0 0 0 23
1761 0 0 0 54
1762 0 0 0 69
1763 0 0 0 72
1764 0 0 0 41
1765 0 0 0 62
1766 0 0 0 45
1767 0 0 0 69
1768 0 0 0 39
1769 0 0 0 64
1770 0 0 0 53
1771 0 0 0 69
1772 0 0 0 65
1773 0 0 0 82
1774 0 0 0 51
1775 0 0 0 53
1776 0 0 0 68
1777 0 0 0 64
1778 0 0 0 49
1779 0 0 0 65
1780 0 0 0 57
1781 0 0 0 66
1782 0 0 0 68
1783 0 0 0 77
1784 0 0 0 75
1785 0 0 0 54
1786 0 0 0 78
1787 0 0 0 69
1788 0 0 0 45
1789 0 0 0 53
1790 0 0 0 56
1791 0 0 0 72
1792 0 0 0 47
1793 0 0 0 39
1794 0 0 0 41
1795 0 0 0 68
1796 0 0 0 66
1797 0 0 0 54
1798 0 0 0 40
1799 0 0 0 73
1800 0 0 0 56
1801 0 0 0 59
1802 0 0 0 52
1803 0 0 0 45
1804 0 0 0 53
1805 0 0 0 44
1806 0 0 0 47
1807 0 0 0 51
1808 0 0 0 51
1809 0 0 0 47
1810 0 0 0 19
1811 0 0 0 24
1812 0 0 0 12
1813 0 0 0 30
1814 0 0 0 14
1815 0 0 0 5
1816 0 0 0 8
1817 0 0 0 41
1818 0 0 0 39
1819 0 0 0 25
1820 0 0 0 64
1821 0 0 0 49
1822 0 0 0 64
1823 0 0 0 62
1824 0 0 0 69
1825 0 0 0 85
1826 0 0 0 69
1827 0 0 0 72
1828 0 0 0 102
1829 0 0 0 50
1830 0 0 0 62
1831 0 0 0 69
1832 0 0 0 48
1833 0 0 0 56
1834 0 0 0 56
1835 0 0 0 63
1836 0 0 0 55
1837 0 0 0 79
1838 0 0 0 59
1839 0 0 0 40
1840 0 0 0 63
1841 0 0 0 69
1842 0 0 0 73
1843 0 0 0 65
1844 0 0 0 63
1845 0 0 0 76
1846 0 0 0 62
1847 0 0 0 67
1848 0 0 0 57
1849 0 0 0 68
1850 0 0 0 51
1851 0 0 0 60
1852 0 0 0 38
1853 0 0 0 54
1854 0 0 0 57
1855 0 0 0 61
1856 0 0 0 60
1857 0 0 0 68
1858 0 0 0 69
1859 0 0 0 64
1860 0 0 0 78
1861 0 0 0 50
1862 0 0 0 74
1863 0 0 0 56
1864 0 0 0 46
1865 0 0 0 50
1866 0 0 0 57
1867 0 0 0 71
1868 0 0 0 60
1869 0 0 0 59
1870 0 0 0 67
1871 0 0 0 48
1872 0 0 0 63
1873 0 0 0 62
1874 0 0 0 49
1875 0 0 0 53
1876 0 0 0 83
1877 0 0 0 60
1878 0 0 0 51
1879 0 0 0 19
1880 0 0 0 41
1881 0 0 0 51
1882 0 0 0 49
1883 0 0 0 39
1884 0 0 0 44
1885 0 0 0 56
1886 0 0 0 65
1887 0 0 0 69
1888 0 0 0 54
1889 0 0 0 50
1890 0 0 0 45
1891 0 0 0 45
1892 0 0 0 53
1893 0 0 0 42
1894 0 0 0 25
1895 0 0 0 6
1896 0 0 0 6
1897 0 0 0 10
1898 0 0 0 13
1899 0 0 0 51
1900 0 0 0 17
1901 0 0 0 6
1902 0 0 0 76
1903 0 0 0 52
1904 0 0 0 71
1905 0 0 0 66
1906 0 0 0 72
1907 0 0 0 70
1908 0 0 0 51
1909 0 0 0 70
1910 0 0 0 74
1911 0 0 0 51
1912 0 0 0 60
1913 0 0 0 71
1914 0 0 0 68
1915 0 0 0 43
1916 0 0 0 50
1917 0 0 0 54
1918 0 0 0 49
1919 0 0 0 50
1920 0 0 0 57
1921 0 0 0 69
1922 0 0 0 64
1923 0 0 0 73
1924 0 0 0 91
1925 0 0 0 78
1926 0 0 0 55
1927 0 0 0 76
1928 0 0 0 86
1929 0 0 0 85
1930 0 0 0 59
1931 0 0 0 86
1932 0 0 0 58
1933 0 0 0 38
1934 0 0 0 81
1935 0 0 0 89
1936 0 0 0 102
1937 0 0 0 100
1938 0 0 0 99
1939 0 0 0 93
1940 0 0 0 58
1941 0 0 0 79
1942 0 0 0 65
1943 0 0 0 66
1944 0 0 0 72
1945 0 0 0 40
1946 0 0 0 83
1947 0 0 0 78
1948 0 0 0 60
1949 0 0 0 66
1950 0 0 0 76
1951 0 0 0 67
1952 0 0 0 60
1953 0 0 0 55
1954 0 0 0 25
1955 0 0 0 32
1956 0 0 0 9
1957 0 0 0 6
1958 0 0 0 14
1959 0 0 0 28
1960 0 0 0 27
1961 0 0 0 6
1962 0 0 0 23
1963 0 0 0 78
1964 0 0 0 42
1965 0 0 0 28
1966 0 0 0 50
1967 0 0 0 24
1968 0 0 0 56
1969 0 0 0 33
1970 0 0 0 51
1971 0 0 0 38
1972 0 0 0 39
1973 0 0 0 52
1974 0 0 0 28
1975 0 0 0 25
1976 0 0 0 37
1977 0 0 0 39
1978 0 0 0 29
1979 0 0 0 36
1980 0 0 0 21
1981 0 0 0 18
1982 0 0 0 7
1983 0 0 0 22
1984 0 0 0 31
1985 0 0 0 11
1986 0 0 0 4
1987 0 0 0 22
1988 0 0 0 21
1989 0 0 0 20
1990 0 0 0 29
1991 0 0 0 15
1992 0 0 0 30
1993 0 0 0 27
1994 0 0 0 25
1995 0 0 0 27
1996 0 0 0 17
1997 0 0 0 34
1998 0 0 0 31
1999 0 0 0 44
2000 0 0 0 54
2001 0 0 0 39
2002 0 0 0 53
2003 0 0 0 36
2004 0 0 0 35
2005 0 0 0 17
2006 0 0 0 10
2007 0 0 0 32
2008 0 0 0 27
2009 0 0 0 34
2010 0 0 0 16
2011 0 0 0 13
2012 0 0 0 22
2013 0 0 0 38
2014 0 0 0 36
2015 0 0 0 15
2016 0 0 0 24
2017 0 0 0 31
2018 0 0 0 14
2019 0 0 0 18
2020 0 0 0 21
2021 0 0 0 4
2022 0 0 0 27
2023 0 0 0 11
2024 0 0 0 13
2025 0 0 0 13
2026 0 0 0 12
2027 0 0 0 7
2028 0 0 0 5
2029 0 0 0 11
2030 0 0 0 17
2031 0 0 0 28
2032 0 0 0 44
2033 0 0 0 31
2034 0 0 0 30
2035 0 0 0 32
2036 0 0 0 31
2037 0 0 0 34
2038 0 0 0 29
2039 0 0 0 41
2040 0 0 0 62
2041 0 0 0 37
2042 0 0 0 33
2043 0 0 0 43
2044 0 0 0 44
2045 0 0 0 39
2046 0 0 0 43
2047 0 0 0 51
2048 0 0 0 52
2049 0 0 0 88
2050 0 0 0 95
2051 0 0 0 97
2052 0 0 0 93
2053 0 0 0 75
2054 0 0 0 85
2055 0 0 0 89
2056 0 0 0 82
2057 0 0 0 80
2058 0 0 0 89
2059 0 0 0 70
2060 0 0 0 64
2061 0 0 0 83
2062 0 0 0 75
2063 0 0 0 74
2064 0 0 0 72
2065 0 0 0 87
2066 0 0 0 58
2067 0 0 0 66
2068 0 0 0 70
2069 0 0 0 66
2070 0 0 0 62
2071 0 0 0 77
2072 0 0 0 73
2073 0 0 0 84
2074 0 0 0 71
2075 0 0 0 68
2076 0 0 0 78
2077 0 0 0 88
2078 0 0 0 75
2079 0 0 0 63
2080 0 0 0 76
2081 0 0 0 77
2082 0 0 0 86
2083 0 0 0 72
2084 0 0 0 89
2085 0 0 0 78
2086 0 0 0 78
2087 0 0 0 58
2088 0 0 0 68
2089 0 0 0 73
2090 0 0 0 62
2091 0 0 0 66
2092 0 0 0 81
2093 0 0 0 73
2094 0 0 0 86
2095 0 0 0 66
2096 0 0 0 75
2097 0 0 0 61
2098 0 0 0 80
2099 0 0 0 77
2100 0 0 0 50
2101 0 0 0 43
2102 0 0 0 59
2103 0 0 0 56
2104 0 0 0 65
2105 0 0 0 56
2106 0 0 0 56
2107 0 0 0 48
2108 0 0 0 52
2109 0 0 0 41
2110 0 0 0 56
2111 0 0 0 33
2112 0 0 0 19
2113 0 0 0 25
2114 0 0 0 14
2115 0 0 0 30
2116 0 0 0 26
2117 0 0 0 47
2118 0 0 0 23
2119 0 0 0 20
2120 0 0 0 28
2121 0 0 0 18
2122 0 0 0 24
2123 0 0 0 29
2124 0 0 0 41
2125 0 0 0 51
2126 0 0 0 32
2127 0 0 0 28
2128 0 0 0 40
2129 0 0 0 21
2130 0 0 0 35
2131 0 0 0 25
2132 0 0 0 36
2133 0 0 0 37
2134 0 0 0 28
2135 0 0 0 38
2136 0 0 0 34
2137 0 0 0 34
2138 0 0 0 30
2139 0 0 0 28
2140 0 0 0 70
2141 0 0 0 47
2142 0 0 0 30
2143 0 0 0 38
2144 0 0 0 48
2145 0 0 0 38
2146 0 0 0 58
2147 0 0 0 52
2148 0 0 0 45
2149 0 0 0 36
2150 0 0 0 50
2151 0 0 0 44
2152 0 0 0 48
2153 0 0 0 63
2154 0 0 0 57
2155 0 0 0 65
2156 0 0 0 57
2157 0 0 0 49
2158 0 0 0 61
2159 0 0 0 72
2160 0 0 0 58
2161 0 0 0 52
2162 0 0 0 64
2163 0 0 0 65
2164 0 0 0 65
2165 0 0 0 56
2166 0 0 0 57
2167 0 0 0 49
2168 0 0 0 61
2169 0 0 0 49
2170 0 0 0 52
2171 0 0 0 52
2172 0 0 0 58
2173 0 0 0 40
2174 0 0 0 49
2175 0 0 0 47
2176 0 0 0 48
2177 0 0 0 53
2178 0 0 0 42
2179 0 0 0 45
2180 0 0 0 52
2181 0 0 0 56
2182 0 0 0 29
2183 0 0 0 7
2184 0 0 0 22
2185 0 0 0 26
2186 0 0 0 28
2187 0 0 0 60
2188 0 0 0 80
2189 0 0 0 71
2190 0 0 0 70
2191 0 0 0 51
2192 0 0 0 64
2193 0 0 0 53
2194 0 0 0 57
2195 0 0 0 38
2196 0 0 0 18
2197 0 0 0 44
2198 0 0 0 26
2199 0 0 0 44
2200 0 0 0 35
2201 0 0 0 39
2202 0 0 0 39
2203 0 0 0 58
2204 0 0 0 47
2205 0 0 0 48
2206 0 0 0 47
2207 0 0 0 37
2208 0 0 0 44
2209 0 0 0 57
2210 0 0 0 54
2211 0 0 0 27
2212 0 0 0 13
2213 0 0 0 39
2214 0 0 0 40
2215 0 0 0 77
2216 0 0 0 52
2217 0 0 0 69
2218 0 0 0 78
2219 0 0 0 68
2220 0 0 0 64
2221 0 0 0 46
2222 0 0 0 34
2223 0 0 0 26
2224 0 0 0 40
2225 0 0 0 43
2226 0 0 0 41
2227 0 0 0 22
2228 0 0 0 22
2229 0 0 0 30
2230 0 0 0 45
2231 0 0 0 52
2232 0 0 0 40
2233 0 0 0 34
2234 0 0 0 42
2235 0 0 0 45
2236 0 0 0 61
2237 0 0 0 40
2238 0 0 0 37
2239 0 0 0 48
2240 0 0 0 45
2241 0 0 0 39
2242 0 0 0 40
2243 0 0 0 43
2244 0 0 0 31
2245 0 0 0 20
2246 0 0 0 55
2247 0 0 0 32
2248 0 0 0 34
2249 0 0 0 41
2250 0 0 0 46
2251 0 0 0 31
2252 0 0 0 43
2253 0 0 0 48
2254 0 0 0 43
2255 0 0 0 29
2256 0 0 0 36
2257 0 0 0 33
2258 0 0 0 39
2259 0 0 0 64
2260 0 0 0 42
2261 0 0 0 44
2262 0 0 0 47
2263 0 0 0 54
2264 0 0 0 45
2265 0 0 0 37
2266 0 0 0 38
2267 0 0 0 43
2268 0 0 0 54
2269 0 0 0 59
2270 0 0 0 52
2271 0 0 0 35
2272 0 0 0 45
2273 0 0 0 37
2274 0 0 0 49
2275 0 0 0 52
2276 0 0 0 60
2277 0 0 0 29
2278 0 0 0 50
2279 0 0 0 34
2280 0 0 0 46
2281 0 0 0 45
2282 0 0 0 46
2283 0 0 0 34
2284 0 0 0 60
2285 0 0 0 37
2286 0 0 0 39
2287 0 0 0 65
2288 0 0 0 42
2289 0 0 0 53
2290 0 0 0 46
2291 0 0 0 40
2292 0 0 0 38
2293 0 0 0 41
2294 0 0 0 45
2295 0 0 0 43
2296 0 0 0 37
2297 0 0 0 36
2298 0 0 0 36
2299 0 0 0 42
2300 0 0 0 45
2301 0 0 0 56
2302 0 0 0 46
2303 0 0 0 53
2304 0 0 0 59
2305 0 0 0 29
2306 0 0 0 37
2307 0 0 0 37
2308 0 0 0 48
2309 0 0 0 56
2310 0 0 0 54
2311 0 0 0 62
2312 0 0 0 28
2313 0 0 0 36
2314 0 0 0 44
2315 0 0 0 38
2316 0 0 0 67
2317 0 0 0 39
2318 0 0 0 44
2319 0 0 0 49
2320 0 0 0 43
2321 0 0 0 46
2322 0 0 0 39
2323 0 0 0 59
2324 0 0 0 45
2325 0 0 0 36
2326 0 0 0 47
2327 0 0 0 64
2328 0 0 0 51
2329 0 0 0 45
2330 0 0 0 49
2331 0 0 0 58
2332 0 0 0 55
2333 0 0 0 45
2334 0 0 0 48
2335 0 0 0 46
2336 0 0 0 45
2337 0 0 0 67
2338 0 0 0 62
2339 0 0 0 45
2340 0 0 0 49
2341 0 0 0 45
2342 0 0 0 45
2343 0 0 0 49
2344 0 0 0 45
2345 0 0 0 34
2346 0 0 0 56
2347 0 0 0 42
2348 0 0 0 48
2349 0 0 0 54
2350 0 0 0 51
2351 0 0 0 47
2352 0 0 0 48
2353 0 0 0 47
2354 0 0 0 46
2355 0 0 0 48
2356 0 0 0 56
2357 0 0 0 54
2358 0 0 0 40
2359 0 0 0 55
2360 0 0 0 52
2361 0 0 0 48
2362 0 0 0 53
2363 0 0 0 43
2364 0 0 0 51
2365 0 0 0 45
2366 0 0 0 47
2367 0 0 0 49
2368 0 0 0 38
2369 0 0 0 50
2370 0 0 0 45
2371 0 0 0 58
2372 0 0 0 61
2373 0 0 0 51
2374 0 0 0 47
2375 0 0 0 35
2376 0 0 0 43
2377 0 0 0 38
2378 0 0 0 41
2379 0 0 0 36
2380 0 0 0 38
2381 0 0 0 41
2382 0 0 0 47
2383 0 0 0 45
2384 0 0 0 37
2385 0 0 0 50
2386 0 0 0 36
2387 0 0 0 57
2388 0 0 0 48
2389 0 0 0 46
2390 0 0 0 44
2391 0 0 0 62
2392 0 0 0 54
2393 0 0 0 52
2394 0 0 0 53
2395 0 0 0 47
2396 0 0 0 44
2397 0 0 0 45
2398 0 0 0 37
2399 0 0 0 35
2400 0 0 0 16
2401 0 0 0 38
2402 0 0 0 44
2403 0 0 0 38
2404 0 0 0 31
2405 0 0 0 41
2406 0 0 0 30
2407 0 0 0 40
2408 0 0 0 25
2409 0 0 0 30
2410 0 0 0 24
2411 0 0 0 46
2412 0 0 0 36
2413 0 0 0 31
2414 0 0 0 33
2415 0 0 0 24
2416 0 0 0 39
2417 0 0 0 27
2418 0 0 0 27
2419 0 0 0 38
2420 0 0 0 40
2421 0 0 0 40
2422 0 0 0 41
2423 0 0 0 49
2424 0 0 0 34
2425 0 0 0 22
2426 0 0 0 38
2427 0 0 0 35
2428 0 0 0 25
2429 0 0 0 31
2430 0 0 0 30
2431 0 0 0 33
2432 0 0 0 28
2433 0 0 0 41
2434 0 0 0 26
2435 0 0 0 41
2436 0 0 0 34
2437 0 0 0 37
2438 0 0 0 33
2439 0 0 0 34
2440 0 0 0 41
2441 0 0 0 38
2442 0 0 0 26
2443 0 0 0 24
2444 0 0 0 33
2445 0 0 0 37
2446 0 0 0 29
2447 0 0 0 27
2448 0 0 0 33
2449 0 0 0 28
2450 0 0 0 33
2451 0 0 0 25
2452 0 0 0 31
2453 0 0 0 29
2454 0 0 0 32
2455 0 0 0 26
2456 0 0 0 30
2457 0 0 0 47
2458 0 0 0 37
2459 0 0 0 41
2460 0 0 0 30
2461 0 0 0 21
2462 0 0 0 36
2463 0 0 0 29
2464 0 0 0 27
2465 0 0 0 25
2466 0 0 0 18
2467 0 0 0 25
2468 0 0 0 42
2469 0 0 0 41
2470 0 0 0 22
2471 0 0 0 15
2472 0 0 0 24
2473 0 0 0 11
2474 0 0 0 32
2475 0 0 0 25
2476 0 0 0 35
2477 0 0 0 25
2478 0 0 0 25
2479 0 0 0 21
2480 0 0 0 18
2481 0 0 0 27
2482 0 0 0 24
2483 0 0 0 41
2484 0 0 0 32
2485 0 0 0 40
2486 0 0 0 36
2487 0 0 0 36
2488 0 0 0 29
2489 0 0 0 38
2490 0 0 0 23
2491 0 0 0 31
2492 0 0 0 23
2493 0 0 0 33
2494 0 0 0 23
2495 0 0 0 23
2496 0 0 0 39
2497 0 0 0 32
2498 0 0 0 33
2499 0 0 0 25
2500 0 0 0 30
2501 0 0 0 55
2502 0 0 0 44
2503 0 0 0 25
2504 0 0 0 25
2505 0 0 0 24
2506 0 0 0 34
2507 0 0 0 32
2508 0 0 0 48
2509 0 0 0 35
2510 0 0 0 34
2511 0 0 0 43
2512 0 0 0 44
2513 0 0 0 43
2514 0 0 0 41
2515 0 0 0 41
2516 0 0 0 49
2517 0 0 0 42
2518 0 0 0 27
2519 0 0 0 38
2520 0 0 0 27
2521 0 0 0 29
2522 0 0 0 26
2523 0 0 0 38
2524 0 0 0 31
2525 0 0 0 25
2526 0 0 0 32
2527 0 0 0 40
2528 0 0 0 35
2529 0 0 0 20
2530 0 0 0 21
2531 0 0 0 37
2532 0 0 0 31
2533 0 0 0 14
2534 0 0 0 23
2535 0 0 0 24
2536 0 0 0 28
2537 0 0 0 26
2538 0 0 0 55
2539 0 0 0 54
2540 0 0 0 62
2541 0 0 0 40
2542 0 0 0 47
2543 0 0 0 44
2544 0 0 0 30
2545 0 0 0 40
2546 0 0 0 24
2547 0 0 0 27
2548 0 0 0 27
2549 0 0 0 33
2550 0 0 0 25
2551 0 0 0 40
2552 0 0 0 34
2553 0 0 0 28
2554 0 0 0 9
2555 0 0 0 19
2556 0 0 0 28
2557 0 0 0 28
2558 0 0 0 16
2559 0 0 0 50
2560 0 0 0 15
2561 0 0 0 29
2562 0 0 0 23
2563 0 0 0 19
2564 0 0 0 26
2565 0 0 0 23
2566 0 0 0 25
2567 0 0 0 20
2568 0 0 0 11
2569 0 0 0 21
2570 0 0 0 18
2571 0 0 0 16
2572 0 0 0 21
2573 0 0 0 22
2574 0 0 0 19
2575 0 0 0 19
2576 0 0 0 20
2577 0 0 0 23
2578 0 0 0 28
2579 0 0 0 25
2580 0 0 0 22
2581 0 0 0 26
2582 0 0 0 28
2583 0 0 0 17
2584 0 0 0 21
2585 0 0 0 18
2586 0 0 0 31
2587 0 0 0 19
2588 0 0 0 19
2589 0 0 0 31
2590 0 0 0 24
2591 0 0 0 26
2592 0 0 0 22
2593 0 0 0 18
2594 0 0 0 20
2595 0 0 0 27
2596 0 0 0 14
2597 0 0 0 18
2598 0 0 0 22
2599 0 0 0 26
2600 0 0 0 28
2601 0 0 0 23
2602 0 0 0 29
2603 0 0 0 20
2604 0 0 0 24
2605 0 0 0 29
2606 0 0 0 29
2607 0 0 0 16
2608 0 0 0 17
2609 0 0 0 16
2610 0 0 0 22
2611 0 0 0 21
2612 0 0 0 14
2613 0 0 0 21
2614 0 0 0 22
2615 0 0 0 19
2616 0 0 0 18
2617 0 0 0 29
2618 0 0 0 17
2619 0 0 0 34
2620 0 0 0 27
2621 0 0 0 21
2622 0 0 0 24
2623 0 0 0 18
2624 0 0 0 25
2625 0 0 0 32
2626 0 0 0 20
2627 0 0 0 18
2628 0 0 0 25
2629 0 0 0 20
2630 0 0 0 26
2631 0 0 0 25
2632 0 0 0 20
2633 0 0 0 20
2634 0 0 0 22
2635 0 0 0 22
2636 0 0 0 20
2637 0 0 0 18
2638 0 0 0 14
2639 0 0 0 23
2640 0 0 0 23
2641 0 0 0 18
2642 0 0 0 29
2643 0 0 0 24
2644 0 0 0 15
2645 0 0 0 37
2646 0 0 0 37
2647 0 0 0 27
2648 0 0 0 28
2649 0 0 0 30
2650 0 0 0 20
2651 0 0 0 18
2652 0 0 0 19
2653 0 0 0 20
2654 0 0 0 30
2655 0 0 0 33
2656 0 0 0 15
2657 0 0 0 18
2658 0 0 0 23
2659 0 0 0 16
2660 0 0 0 25
2661 0 0 0 25
2662 0 0 0 30
2663 0 0 0 30
2664 0 0 0 31
2665 0 0 0 26
2666 0 0 0 25
2667 0 0 0 23
2668 0 0 0 20
2669 0 0 0 19
2670 0 0 0 22
2671 0 0 0 18
2672 0 0 0 24
2673 0 0 0 40
2674 0 0 0 33
2675 0 0 0 31
2676 0 0 0 25
2677 0 0 0 22
2678 0 0 0 20
2679 0 0 0 29
2680 0 0 0 19
2681 0 0 0 31
2682 0 0 0 32
2683 0 0 0 17
2684 0 0 0 27
2685 0 0 0 22
2686 0 0 0 31
2687 0 0 0 24
2688 0 0 0 24
2689 0 0 0 20
2690 0 0 0 25
2691 0 0 0 55
2692 0 0 0 42
2693 0 0 0 42
2694 0 0 0 47
2695 0 0 0 12
2696 0 0 0 14
2697 0 0 0 40
2698 0 0 0 27
2699 0 0 0 22
2700 0 0 0 32
2701 0 0 0 22
2702 0 0 0 20
2703 0 0 0 42
2704 0 0 0 26
2705 0 0 0 23
2706 0 0 0 28
2707 0 0 0 26
2708 0 0 0 28
2709 0 0 0 38
2710 0 0 0 25
2711 0 0 0 26
2712 0 0 0 22
2713 0 0 0 30
2714 0 0 0 28
2715 0 0 0 25
2716 0 0 0 44
2717 0 0 0 25
2718 0 0 0 13
2719 0 0 0 31
2720 0 0 0 31
2721 0 0 0 30
2722 0 0 0 26
2723 0 0 0 24
2724 0 0 0 30
2725 0 0 0 36
2726 0 0 0 52
2727 0 0 0 58
2728 0 0 0 45
2729 0 0 0 38
2730 0 0 0 40
2731 0 0 0 45
2732 0 0 0 34
2733 0 0 0 41
2734 0 0 0 39
2735 0 0 0 18
2736 0 0 0 25
2737 0 0 0 18
2738 0 0 0 20
2739 0 0 0 29
2740 0 0 0 22
2741 0 0 0 24
2742 0 0 0 24
2743 0 0 0 21
2744 0 0 0 25
2745 0 0 0 29
2746 0 0 0 25
2747 0 0 0 40
2748 0 0 0 22
2749 0 0 0 20
2750 0 0 0 21
2751 0 0 0 27
2752 0 0 0 23
2753 0 0 0 24
2754 0 0 0 21
2755 0 0 0 28
2756 0 0 0 35
2757 0 0 0 17
2758 0 0 0 27
2759 0 0 0 19
2760 0 0 0 25
2761 0 0 0 17
2762 0 0 0 16
2763 0 0 0 19
2764 0 0 0 21
2765 0 0 0 24
2766 0 0 0 16
2767 0 0 0 21
2768 0 0 0 29
2769 0 0 0 18
2770 0 0 0 24
2771 0 0 0 29
2772 0 0 0 18
2773 0 0 0 20
2774 0 0 0 19
2775 0 0 0 20
2776 0 0 0 33
2777 0 0 0 19
2778 0 0 0 24
2779 0 0 0 23
2780 0 0 0 18
2781 0 0 0 24
2782 0 0 0 27
2783 0 0 0 22
2784 0 0 0 20
2785 0 0 0 26
2786 0 0 0 24
2787 0 0 0 25
2788 0 0 0 26
2789 0 0 0 26
2790 0 0 0 25
2791 0 0 0 26
2792 0 0 0 32
2793 0 0 0 28
2794 0 0 0 24
2795 0 0 0 23
2796 0 0 0 28
2797 0 0 0 23
2798 0 0 0 17
2799 0 0 0 21
2800 0 0 23 13
2801 0 0 10 19
2802 0 0 12 52
2803 0 0 13 21
2804 0 0 13 21
2805 0 0 11 20
2806 0 0 12 17
2807 0 0 10 20
2808 0 0 14 26
2809 0 0 9 11
2810 0 0 10 11
2811 0 0 10 14
2812 0 0 34 16
2813 0 0 15 13
2814 0 0 21 18
2815 0 0 2 13
2816 0 0 10 11
2817 0 0 8 12
2818 0 0 0 27
2819 0 0 8 28
2820 0 0 11 23
2821 0 0 24 30
2822 0 0 15 31
2823 0 0 0 24
2824 0 0 22 12
2825 0 0 17 37
2826 0 0 11 20
2827 0 0 13 23
2828 0 0 26 15
2829 0 0 10 28
2830 0 0 13 15
2831 0 0 25 11
2832 0 0 6 11
2833 0 0 19 8
2834 0 0 21 12
2835 0 0 10 13
2836 0 0 17 11
2837 0 0 0 14
2838 0 0 6 10
2839 0 0 0 27
2840 0 0 0 24
2841 0 0 22 17
2842 0 0 19 19
2843 0 0 18 15
2844 0 0 29 14
2845 0 0 19 28
2846 0 0 32 24
2847 0 0 27 11
2848 0 0 6 10
2849 0 0 17 15
2850 0 0 0 14
2851 0 0 1 22
2852 0 0 11 31
2853 0 0 11 15
2854 0 0 10 8
2855 0 0 13 38
2856 0 0 12 17
2857 0 0 11 12
2858 0 0 12 21
2859 0 0 12 20
2860 0 0 11 23
2861 0 0 5 14
2862 0 0 16 9
2863 0 0 11 20
2864 0 0 11 25
2865 0 0 12 26
2866 0 0 7 24
2867 0 0 12 22
2868 0 0 12 18
2869 0 0 28 31
2870 0 0 11 27
2871 0 0 12 25
2872 0 0 10 29
2873 0 0 10 23
2874 0 0 14 12
2875 0 0 10 6
2876 0 0 10 12
2877 0 0 4 15
2878 0 0 3 7
2879 0 0 0 16
2880 0 0 6 15
2881 0 0 6 29
2882 0 0 9 26
2883 0 0 7 29
2884 0 0 11 26
2885 0 0 3 22
2886 0 0 13 27
2887 0 0 7 22
2888 0 0 2 12
2889 0 0 9 21
2890 0 0 12 9
2891 0 0 11 20
2892 0 0 11 15
2893 0 0 10 31
2894 0 0 11 27
2895 0 0 10 28
2896 0 0 17 28
2897 0 0 6 25
2898 0 0 28 26
2899 0 0 20 27
2900 0 0 21 19
2901 0 0 17 26
2902 0 0 14 14
2903 0 0 25 22
2904 0 0 24 31
2905 0 0 26 27
2906 0 0 23 29
2907 0 0 17 23
2908 0 0 9 11
2909 0 0 1 13
2910 0 0 3 12
2911 0 0 1 14
2912 0 0 4 14
2913 0 0 0 11
2914 0 0 3 16
2915 0 0 0 25
2916 0 0 0 34
2917 0 0 6 11
2918 0 0 6 12
2919 0 0 0 11
2920 0 0 0 27
2921 0 0 0 26
2922 0 0 0 23
2923 0 0 1 20
2924 0 0 0 11
2925 0 0 0 13
2926 0 0 11 14
2927 0 0 12 19
2928 0 0 31 20
2929 0 0 30 16
2930 0 0 32 25
2931 0 0 25 17
2932 0 0 7 26
2933 0 0 26 20
2934 0 0 33 31
2935 0 0 27 26
2936 0 0 24 27
2937 0 0 27 13
2938 0 0 24 11
2939 0 0 10 9
2940 0 0 24 25
2941 0 0 12 20
2942 0 0 20 12
2943 0 0 14 19
2944 0 0 26 11
2945 0 0 25 25
2946 0 0 12 17
2947 0 0 11 18
2948 0 0 24 22
2949 0 0 20 26
2950 0 0 19 11
2951 0 0 12 13
2952 0 0 13 1
2953 0 0 21 11
2954 0 0 22 6
2955 0 0 21 12
2956 0 0 12 7
2957 0 0 0 10
2958 0 0 0 16
2959 0 0 0 14
2960 0 0 0 15
2961 0 0 1 14
2962 0 0 0 5
2963 0 0 0 19
2964 0 0 0 11
2965 0 0 0 17
2966 0 0 0 29
2967 0 0 0 29
2968 0 0 1 21
2969 0 0 0 27
2970 0 0 0 11
2971 0 0 0 1
2972 0 0 0 12
2973 0 0 3 6
2974 0 0 2 10
2975 0 0 2 11
2976 0 0 0 8
2977 0 0 0 2
2978 0 0 0 11
2979 0 0 0 10
2980 0 0 0 11
2981 0 0 1 14
2982 0 0 3 11
2983 0 0 0 11
2984 0 0 1 12
2985 0 0 0 3
2986 0 0 0 3
2987 0 0 0 5
2988 0 0 0 11
2989 0 0 14 13
2990 0 0 8 4
2991 0 0 11 10
2992 0 0 16 13
2993 0 0 2 11
2994 0 0 0 12
2995 0 0 2 11
2996 0 0 3 6
2997 0 0 0 13
2998 0 0 0 12
2999 0 0 0 8
3000 0 0 0 18
3001 0 0 0 11
3002 0 0 0 11
3003 0 0 0 4
3004 0 0 0 6
3005 0 0 1 13
3006 0 0 0 15
3007 0 0 0 14
3008 0 0 1 16
3009 0 0 0 21
3010 0 0 0 29
3011 0 0 0 28
3012 0 0 0 8
3013 0 0 5 13
3014 0 0 19 28
3015 0 0 17 17
3016 0 0 20 12
3017 0 0 9 16
3018 0 0 16 12
3019 0 0 10 13
3020 0 0 11 13
3021 0 0 17 16
3022 0 0 23 22
3023 0 0 0 14
3024 0 0 11 16
3025 0 0 17 11
3026 0 0 12 12
3027 0 0 12 14
3028 0 0 13 11
3029 0 0 13 7
3030 0 0 8 11
3031 0 0 13 12
3032 0 0 10 22
3033 0 0 12 11
3034 0 0 9 7
3035 0 0 9 15
3036 0 0 13 11
3037 0 0 11 14
3038 0 0 0 11
3039 0 0 11 4
3040 0 0 17 15
3041 0 0 16 11
3042 0 0 1 11
3043 0 0 17 11
3044 0 0 16 11
3045 0 0 12 5
3046 0 0 15 15
3047 0 0 15 11
3048 0 0 10 11
3049 0 0 9 15
3050 0 0 0 20
3051 0 0 0 11
3052 0 0 0 15
3053 0 0 2 13
3054 0 0 10 14
3055 0 0 13 7
3056 0 0 7 13
3057 0 0 15 7
3058 0 0 2 30
3059 0 0 0 23
3060 0 0 16 25
3061 0 0 6 17
3062 0 0 8 22
3063 0 0 1 23
3064 0 0 0 14
3065 0 0 1 9
3066 0 0 0 15
3067 0 0 0 13
3068 0 0 0 13
3069 0 0 0 7
3070 0 0 0 1
3071 0 0 0 13
3072 0 0 1 14
3073 0 0 10 12
3074 0 0 27 13
3075 0 0 35 25
3076 0 0 15 40
3077 0 0 33 30
3078 0 0 25 26
3079 0 0 0 21
3080 0 0 0 25
3081 0 0 1 42
3082 0 0 0 21
3083 0 0 1 3
3084 0 0 3 20
3085 0 0 2 8
3086 0 0 0 9
3087 0 0 0 17
3088 0 0 6 7
3089 0 0 0 13
3090 0 0 0 12
3091 0 0 8 16
3092 0 0 0 14
3093 0 0 1 14
3094 0 0 14 8
3095 0 0 0 4
3096 0 0 7 13
3097 0 0 8 17
3098 0 0 3 12
3099 0 0 20 11
3100 0 0 28 12
3101 0 0 31 12
3102 0 0 2 20
3103 0 0 38 19
3104 0 0 19 11
3105 0 0 38 6
3106 0 0 11 11
3107 0 0 16 11
3108 0 0 0 12
3109 0 0 27 13
3110 0 0 24 15
3111 0 0 11 17
3112 0 0 2 7
3113 0 0 15 9
3114 0 0 7 12
3115 0 0 0 13
3116 0 0 20 13
3117 0 0 34 14
3118 0 0 7 14
3119 0 0 24 14
3120 0 0 30 13
3121 0 0 53 12
3122 0 0 27 13
3123 0 0 39 18
3124 0 0 28 14
3125 0 0 40 23
3126 0 0 38 18
3127 0 0 18 26
3128 0 0 9 22
3129 0 0 23 31
3130 0 0 15 32
3131 0 0 15 26
3132 0 0 2 24
3133 0 0 5 24
3134 0 0 9 25
3135 0 0 0 32
3136 0 0 12 19
3137 0 0 2 8
3138 0 0 0 18
3139 0 0 5 22
3140 0 0 10 20
3141 0 0 15 16
3142 0 0 25 15
3143 0 0 15 24
3144 0 0 12 22
3145 0 0 0 23
3146 0 0 1 29
3147 0 0 0 17
3148 0 0 3 23
3149 0 0 10 21
3150 0 0 2 13
3151 0 0 13 10
3152 0 0 12 15
3153 0 0 11 14
3154 0 0 9 22
3155 0 0 4 18
3156 0 0 21 21
3157 0 0 16 19
3158 0 0 11 17
3159 0 0 12 24
3160 0 0 18 18
3161 0 0 13 24
3162 0 0 16 25
3163 0 0 15 23
3164 0 0 19 19
3165 0 0 4 21
3166 0 0 13 23
3167 0 0 17 27
3168 0 0 22 27
3169 0 0 15 26
3170 0 0 21 13
3171 0 0 15 45
3172 0 0 21 24
3173 0 0 23 19
3174 0 0 11 27
3175 0 0 10 24
3176 0 0 15 15
3177 0 0 10 21
3178 0 0 33 26
3179 0 0 46 25
3180 0 0 54 20
3181 0 0 10 27
3182 0 0 6 23
3183 0 0 7 25
3184 0 0 1 26
3185 0 0 2 25
3186 0 0 3 21
3187 0 0 12 21
3188 0 0 0 18
3189 0 0 9 15
3190 0 0 18 21
3191 0 0 22 18
3192 0 0 17 15
3193 0 0 18 24
3194 0 0 12 11
3195 0 0 16 13
3196 0 0 12 15
3197 0 0 19 11
3198 0 0 17 11
3199 0 0 25 40
3200 0 0 28 23
3201 0 0 7 19
3202 0 0 8 12
3203 0 0 10 21
3204 0 0 7 22
3205 0 0 8 29
3206 0 0 22 24
3207 0 0 11 25
3208 0 0 15 24
3209 0 0 37 19
3210 0 0 21 20
3211 0 0 10 19
3212 0 0 23 20
3213 0 0 3 24
3214 0 0 5 31
3215 0 0 11 20
3216 0 0 11 22
3217 0 0 19 30
3218 0 0 18 24
3219 0 0 10 24
3220 0 0 15 24
3221 0 0 12 30
3222 0 0 15 27
3223 0 0 12 24
3224 0 0 12 31
3225 0 0 14 23
3226 0 0 17 25
3227 0 0 16 27
3228 0 0 4 19
3229 0 0 22 22
3230 0 0 23 19
3231 0 0 15 20
3232 0 0 19 15
3233 0 0 19 12
3234 0 0 3 25
3235 0 0 8 29
3236 0 0 17 7
3237 0 0 17 17
3238 0 0 19 14
3239 0 0 20 14
3240 0 0 13 26
3241 0 0 13 43
3242 0 0 9 33
3243 0 0 0 16
3244 0 0 0 18
3245 0 0 0 14
3246 0 0 0 21
3247 0 0 0 33
3248 0 0 0 18
3249 0 0 0 32
3250 0 0 0 11
3251 0 0 0 18
3252 0 0 0 24
3253 0 0 0 16
3254 0 0 0 14
3255 0 0 0 19
3256 0 0 2 16
3257 0 0 0 17
3258 0 0 0 20
3259 0 0 0 13
3260 0 0 0 23
3261 0 0 0 21
3262 0 0 0 23
3263 0 0 0 6
3264 0 0 0 23
3265 0 0 0 18
3266 0 0 0 21
3267 0 0 0 17
3268 0 0 0 23
3269 0 0 0 30
3270 0 0 0 29
3271 0 0 0 32
3272 0 0 0 21
3273 0 0 0 3
3274 0 0 0 27
3275 0 0 0 4
3276 0 0 0 7
3277 0 0 0 4
3278 0 0 0 12
3279 0 0 0 14
3280 0 0 0 9
3281 0 0 0 10
3282 0 0 0 22
3283 0 0 0 12
3284 0 0 1 3
3285 0 0 0 9
3286 0 0 0 4
3287 0 0 0 13
3288 0 0 0 23
3289 0 0 0 13
3290 0 0 0 12
3291 0 0 0 13
3292 0 0 0 8
3293 0 0 1 19
3294 0 0 1 14
3295 0 0 0 20
3296 0 0 0 4
3297 0 0 0 22
3298 0 0 0 29
3299 0 0 0 7
3300 0 0 0 9
3301 0 0 0 2
3302 0 0 0 5
3303 0 0 0 22
3304 0 0 0 23
3305 0 0 0 21
3306 0 0 0 22
3307 0 0 0 24
3308 0 0 0 26
3309 0 0 0 25
3310 0 0 0 14
3311 0 0 0 27
3312 0 0 0 19
3313 0 0 0 18
3314 0 0 0 19
3315 0 0 0 5
3316 0 0 0 25
3317 0 0 0 29
3318 0 0 0 13
3319 0 0 0 14
3320 0 0 0 23
3321 0 0 0 33
3322 0 0 0 14
3323 0 0 0 3
3324 0 0 0 5
3325 0 0 0 2
3326 0 0 0 1
3327 0 0 0 8
3328 0 0 0 6
3329 0 0 0 8
3330 0 0 0 14
3331 0 0 0 0
3332 0 0 0 3
3333 0 0 1 17
3334 0 0 0 11
3335 0 0 0 11
3336 0 0 0 16
3337 0 0 0 21
3338 0 0 0 23
3339 0 0 0 21
3340 0 0 0 27
3341 0 0 0 24
3342 0 0 0 19
3343 0 0 0 22
3344 0 0 0 21
3345 0 0 0 19
3346 0 0 0 13
3347 0 0 0 48
3348 0 0 0 31
3349 0 0 10 33
3350 0 0 0 26
3351 0 0 20 13
3352 0 0 14 32
3353 0 0 25 33
3354 0 0 13 16
3355 0 0 15 13
3356 0 0 10 25
3357 0 0 0 21
3358 0 0 0 19
3359 0 0 0 22
3360 0 0 0 33
3361 0 0 0 30
3362 0 0 0 18
3363 0 0 0 20
3364 0 0 0 42
3365 0 0 0 40
3366 0 0 0 36
3367 0 0 0 43
3368 0 0 0 42
3369 0 0 0 32
3370 0 0 0 37
3371 0 0 2 12
3372 0 0 0 24
3373 0 0 1 18
3374 0 0 0 21
3375 0 0 0 27
3376 0 0 0 21
3377 0 0 1 18
3378 0 0 0 20
3379 0 0 0 34
3380 0 0 0 38
3381 0 0 0 37
3382 0 0 1 38
3383 0 0 0 33
3384 0 0 0 41
3385 0 0 0 42
3386 0 0 0 43
3387 0 0 8 24
3388 0 0 19 18
3389 0 0 15 21
3390 0 0 12 43
3391 0 0 23 24
3392 0 0 14 26
3393 0 0 8 27
3394 0 0 1 24
3395 0 0 0 26
3396 0 0 0 26
3397 0 0 0 25
3398 0 0 1 28
3399 0 0 21 26
3400 0 0 0 24
3401 0 0 10 46
3402 0 0 0 34
3403 0 0 1 34
3404 0 0 0 36
3405 0 0 0 31
3406 0 0 10 32
3407 0 0 5 37
3408 0 0 0 30
3409 0 0 1 37
3410 0 0 2 34
3411 0 0 7 34
3412 0 0 2 43
3413 0 0 0 35
3414 0 0 15 25
3415 0 0 22 37
3416 0 0 3 47
3417 0 0 13 37
3418 0 0 19 50
3419 0 0 8 47
3420 0 0 0 25
3421 0 0 0 22
3422 0 0 0 27
3423 0 0 1 41
3424 0 0 11 32
3425 0 0 7 32
3426 0 0 7 50
3427 0 0 0 14
3428 0 0 7 25
3429 0 0 4 37
3430 0 0 6 47
3431 0 0 8 36
3432 0 0 12 49
3433 0 0 10 14
3434 0 0 8 16
3435 0 0 9 9
3436 0 0 7 25
3437 0 0 8 22
3438 0 0 5 23
3439 0 0 2 23
3440 0 0 9 14
3441 0 0 8 22
3442 0 0 8 30
3443 0 0 0 23
3444 0 0 31 23
3445 0 0 4 26
3446 0 0 0 26
3447 0 0 0 20
3448 0 0 0 30
3449 0 0 0 20
3450 0 0 3 23
3451 0 0 0 16
3452 0 0 0 12
3453 0 0 15 13
3454 0 0 22 9
3455 0 0 14 6
3456 0 0 28 9
3457 0 0 4 20
3458 0 0 5 28
3459 0 0 13 10
3460 0 0 13 14
3461 0 0 11 8
3462 0 0 0 15
3463 0 0 0 9
3464 0 0 13 2
3465 0 0 19 13
3466 0 0 14 5
3467 0 0 9 31
3468 0 0 9 9
3469 0 0 6 17
3470 0 0 0 14
3471 0 0 0 8
3472 0 0 0 3
3473 0 0 0 0
3474 0 0 0 1
3475 0 0 0 0
3476 0 0 0 0
3477 0 0 0 6
3478 0 0 0 6
3479 0 0 0 8
3480 0 0 0 10
3481 0 0 0 14
3482 0 0 0 20
3483 0 0 8 14
3484 0 0 0 14
3485 0 0 0 15
3486 0 0 0 14
3487 0 0 2 12
3488 0 0 0 25
3489 0 0 0 21
3490 0 0 0 15
3491 0 0 0 11
3492 0 0 0 10
3493 0 0 0 29
3494 0 0 0 14
3495 0 0 0 16
3496 0 0 0 22
3497 0 0 0 15
3498 0 0 0 20
3499 0 0 0 11
