# #DNA 57-61,234-238
# #Frame H2A H2B H3 H4 (contacts)
0 0 0 78 92
1 0 0 70 91
2 0 0 92 89
3 0 0 100 68
4 0 0 100 80
5 0 0 104 65
6 0 0 111 65
7 0 0 68 79
8 0 0 104 63
9 0 0 102 64
10 0 0 77 62
11 0 0 66 52
12 0 0 67 64
13 0 0 38 92
14 0 0 48 45
15 0 0 52 59
16 0 0 65 65
17 0 0 58 85
18 0 0 75 74
19 0 0 68 45
20 0 0 47 33
21 0 0 57 49
22 0 0 45 52
23 0 0 44 54
24 0 0 41 51
25 0 0 56 53
26 0 0 63 40
27 0 0 66 35
28 0 0 85 37
29 0 0 76 55
30 0 0 52 51
31 0 0 78 38
32 0 0 82 41
33 0 0 78 46
34 0 0 88 42
35 0 0 129 34
36 0 0 104 45
37 0 0 95 36
38 0 0 63 52
39 0 0 66 47
40 0 0 65 82
41 0 0 71 50
42 0 0 71 72
43 0 0 47 48
44 0 0 54 77
45 0 0 58 84
46 0 0 68 52
47 0 0 90 41
48 0 0 57 79
49 0 0 37 57
50 0 0 43 46
51 0 0 88 37
52 0 0 79 57
53 0 0 69 58
54 0 0 95 55
55 0 0 95 56
56 0 0 95 12
57 0 0 77 31
58 0 0 101 58
59 0 0 63 59
60 0 0 30 52
61 0 0 43 21
62 0 0 53 26
63 0 0 41 25
64 0 0 12 23
65 0 0 18 33
66 0 0 20 34
67 0 0 9 16
68 0 0 8 10
69 0 0 1 11
70 0 0 4 8
71 0 0 18 7
72 0 0 15 5
73 0 0 24 7
74 0 0 11 6
75 0 0 24 1
76 0 0 20 1
77 0 0 19 0
78 0 0 39 0
79 0 0 38 0
80 0 0 45 0
81 0 0 52 0
82 0 0 52 0
83 0 0 51 0
84 0 0 52 0
85 0 0 45 0
86 0 0 51 0
87 0 0 45 0
88 0 0 33 0
89 0 0 53 1
90 0 0 21 0
91 0 0 45 0
92 0 0 61 1
93 0 0 45 0
94 0 0 44 0
95 0 0 42 0
96 0 0 47 0
97 0 0 41 0
98 0 0 47 0
99 0 0 64 1
100 0 0 56 1
101 0 0 52 0
102 0 0 48 0
103 0 0 38 0
104 0 0 48 0
105 0 0 49 1
106 0 0 50 3
107 0 0 55 1
108 0 0 60 0
109 0 0 54 0
110 0 0 32 0
111 0 0 52 0
112 0 0 79 7
113 0 0 72 1
114 0 0 39 13
115 0 0 44 10
116 0 0 39 0
117 0 0 80 18
118 0 0 71 15
119 0 0 85 11
120 0 0 54 15
121 0 0 59 10
122 0 0 63 33
123 0 0 84 23
124 0 0 55 23
125 0 0 48 40
126 0 0 64 29
127 0 0 58 29
128 0 0 71 19
129 0 0 56 27
130 0 0 63 28
131 0 0 71 20
132 0 0 65 24
133 0 0 57 17
134 0 0 66 17
135 0 0 68 27
136 0 0 75 28
137 0 0 68 18
138 0 0 60 37
139 0 0 76 36
140 0 0 89 16
141 0 0 82 16
142 0 0 52 29
143 0 0 69 14
144 0 0 57 1
145 0 0 53 16
146 0 0 63 29
147 0 0 61 30
148 0 0 54 13
149 0 0 65 21
150 0 0 57 18
151 0 0 52 2
152 0 0 38 13
153 0 0 46 25
154 0 0 44 4
155 0 0 35 1
156 0 0 19 0
157 0 0 34 0
158 0 0 40 12
159 0 0 29 26
160 0 0 34 17
161 0 0 9 15
162 0 0 18 17
163 0 0 31 12
164 0 0 13 14
165 0 0 17 12
166 0 0 7 8
167 0 0 27 10
168 0 0 11 19
169 0 0 27 32
170 0 0 8 40
171 0 0 33 40
172 0 0 21 31
173 0 0 27 43
174 0 0 40 32
175 0 0 24 34
176 0 0 20 34
177 0 0 23 49
178 0 0 47 77
179 0 0 47 48
180 0 0 21 41
181 0 0 13 46
182 0 0 49 51
183 0 0 27 56
184 0 0 41 36
185 0 0 60 43
186 0 0 31 73
187 0 0 30 25
188 0 0 22 58
189 0 0 23 51
190 0 0 20 45
191 0 0 29 19
192 0 0 19 54
193 0 0 26 53
194 0 0 33 20
195 0 0 23 4
196 0 0 31 0
197 0 0 23 1
198 0 0 31 13
199 0 1 25 30
200 0 0 17 15
201 0 5 23 4
202 0 0 2 23
203 0 0 3 1
204 0 0 8 15
205 0 0 0 22
206 0 0 11 5
207 0 0 5 2
208 0 0 11 0
209 0 0 34 4
210 0 0 48 7
211 0 0 30 3
212 0 0 20 12
213 0 0 45 30
214 0 0 32 37
215 0 0 23 31
216 0 0 59 8
217 0 0 17 2
218 0 0 47 5
219 0 0 20 17
220 0 0 46 21
221 0 0 21 3
222 0 0 36 0
223 0 0 63 20
224 0 0 47 2
225 0 0 48 38
226 0 0 43 28
227 0 0 30 38
228 0 0 44 64
229 0 0 42 72
230 0 0 38 70
231 0 0 28 75
232 0 0 16 77
233 0 0 10 53
234 0 0 38 90
235 0 0 43 68
236 0 0 46 75
237 0 0 29 22
238 0 0 39 40
239 0 0 47 18
240 0 0 65 14
241 0 0 36 9
242 0 0 59 11
243 0 0 59 17
244 0 0 30 17
245 0 0 27 15
246 0 0 46 15
247 0 0 39 41
248 0 0 47 16
249 0 0 50 20
250 0 0 57 17
251 0 0 27 23
252 0 0 16 20
253 0 0 7 26
254 0 0 53 20
255 0 0 46 28
256 0 0 61 15
257 0 0 41 20
258 0 0 55 15
259 0 0 48 19
260 0 0 50 11
261 0 0 51 42
262 0 0 41 14
263 0 0 51 12
264 0 0 64 31
265 0 0 30 15
266 0 0 60 18
267 0 0 51 20
268 0 0 30 16
269 0 0 6 26
270 0 0 16 17
271 0 0 25 18
272 0 0 7 12
273 0 0 29 24
274 0 0 8 8
275 0 0 22 22
276 0 0 15 20
277 0 0 35 15
278 0 0 32 35
279 0 0 22 10
280 0 0 43 22
281 0 0 21 13
282 0 0 13 40
283 0 0 31 25
284 0 0 36 23
285 0 0 55 29
286 0 0 61 15
287 0 0 49 28
288 0 0 27 42
289 0 0 44 29
290 0 0 66 43
291 0 0 41 24
292 0 0 41 43
293 0 0 69 37
294 0 0 38 37
295 0 0 40 33
296 0 0 22 32
297 0 0 13 33
298 0 0 26 22
299 0 0 33 18
300 0 0 27 25
301 0 0 28 25
302 0 0 41 15
303 0 0 30 21
304 0 0 43 34
305 0 0 10 17
306 0 0 24 17
307 0 0 29 8
308 0 0 11 21
309 0 0 30 21
310 0 0 47 34
311 0 0 49 11
312 0 0 23 10
313 0 0 6 11
314 0 0 0 17
315 0 0 4 15
316 0 0 7 13
317 0 0 38 33
318 0 2 11 13
319 0 1 28 12
320 0 0 22 6
321 0 0 22 10
322 0 0 27 3
323 0 0 16 10
324 0 0 21 8
325 0 1 24 16
326 0 0 18 22
327 0 0 8 6
328 0 0 22 26
329 0 0 7 12
330 0 0 28 11
331 0 0 5 11
332 0 0 0 22
333 0 0 13 30
334 0 0 25 26
335 0 0 27 18
336 0 0 22 21
337 0 0 12 22
338 0 0 22 10
339 0 0 1 23
340 0 0 20 16
341 0 0 36 23
342 0 0 28 12
343 0 0 8 15
344 0 0 35 27
345 0 0 63 20
346 0 0 8 21
347 0 0 0 31
348 0 0 0 30
349 0 0 0 35
350 0 0 1 63
351 0 0 0 40
352 0 0 13 49
353 0 0 31 46
354 0 0 12 17
355 0 0 28 18
356 0 0 23 12
357 0 2 2 9
358 0 0 21 28
359 0 4 17 16
360 0 0 26 21
361 0 0 37 20
362 0 0 34 10
363 0 0 38 24
364 0 0 34 15
365 0 0 27 25
366 0 0 25 27
367 0 0 26 22
368 0 0 26 5
369 0 0 23 1
370 0 0 8 5
371 0 0 23 11
372 0 0 19 3
373 0 0 19 35
374 0 0 36 24
375 0 0 19 41
376 0 0 21 34
377 0 0 30 39
378 0 0 23 33
379 0 0 28 23
380 0 0 24 9
381 0 0 40 20
382 0 0 9 18
383 0 0 36 4
384 0 0 28 10
385 0 0 48 21
386 0 0 38 23
387 0 0 52 28
388 0 0 48 24
389 0 0 33 21
390 0 0 47 26
391 0 0 42 24
392 0 0 39 36
393 0 0 37 19
394 0 0 56 14
395 0 0 38 15
396 0 0 51 14
397 0 0 39 14
398 0 0 49 14
399 0 0 37 0
400 0 0 49 7
401 0 0 39 7
402 0 0 47 1
403 0 0 27 13
404 0 0 22 21
405 0 0 40 18
406 0 0 40 29
407 0 0 26 11
408 0 0 35 5
409 0 0 14 16
410 0 0 24 8
411 0 0 36 9
412 0 0 27 12
413 0 0 35 7
414 0 0 59 8
415 0 0 62 12
416 0 0 78 5
417 0 0 56 1
418 0 0 40 7
419 0 0 58 10
420 0 0 68 12
421 0 0 63 31
422 0 0 53 20
423 0 0 59 19
424 0 0 60 17
425 0 0 67 28
426 0 0 80 3
427 0 0 48 6
428 0 0 60 1
429 0 0 67 0
430 0 0 72 11
431 0 0 58 4
432 0 0 37 23
433 0 0 70 8
434 0 0 44 1
435 0 0 56 1
436 0 0 55 4
437 0 0 61 0
438 0 0 44 1
439 0 0 70 3
440 0 0 54 9
441 0 0 67 12
442 0 0 67 15
443 0 0 57 13
444 0 0 72 0
445 0 0 59 12
446 0 0 29 3
447 0 0 59 4
448 0 0 61 0
449 0 0 36 0
450 0 0 55 1
451 0 0 75 9
452 0 0 58 7
453 0 0 47 6
454 0 0 42 0
455 0 0 31 1
456 0 0 43 6
457 0 0 37 9
458 0 0 14 5
459 0 0 33 7
460 0 0 54 3
461 0 0 14 1
462 0 0 19 5
463 0 0 21 20
464 0 0 17 2
465 0 0 15 3
466 0 0 41 1
467 0 0 51 24
468 0 0 50 0
469 0 0 54 0
470 0 0 75 0
471 0 0 88 0
472 0 0 85 0
473 0 0 65 0
474 0 0 76 0
475 0 0 84 0
476 0 0 48 0
477 0 0 42 0
478 0 0 50 0
479 0 0 20 0
480 0 0 30 0
481 0 0 9 0
482 0 0 13 0
483 0 0 9 1
484 0 0 9 2
485 0 0 31 1
486 0 0 24 11
487 0 0 42 35
488 0 0 52 1
489 0 0 6 0
490 0 0 13 0
491 0 0 9 0
492 0 0 8 0
493 0 0 15 0
494 0 0 0 0
495 0 0 16 6
496 0 0 3 8
497 0 0 9 19
498 0 0 10 19
499 0 0 12 3
500 0 0 35 10
501 0 0 49 7
502 0 0 27 7
503 0 0 38 17
504 0 0 51 20
505 0 0 54 5
506 0 0 39 18
507 0 0 44 50
508 0 0 46 41
509 0 0 47 47
510 0 0 46 40
511 0 0 38 35
512 0 0 37 35
513 0 0 52 40
514 0 0 39 21
515 0 0 13 30
516 0 0 33 32
517 0 0 54 27
518 0 0 23 24
519 0 0 37 32
520 0 0 33 16
521 0 0 42 13
522 0 0 23 15
523 0 0 47 46
524 0 0 37 18
525 0 0 17 42
526 0 0 49 40
527 0 0 47 44
528 0 0 73 43
529 0 0 37 65
530 0 0 56 74
531 0 0 55 83
532 0 0 72 92
533 0 0 55 104
534 0 0 42 110
535 0 0 41 96
536 0 0 44 104
537 0 0 37 115
538 0 0 39 109
539 0 0 47 113
540 0 0 55 116
541 0 0 48 114
542 0 0 36 115
543 0 0 46 106
544 0 0 27 93
545 0 0 40 112
546 0 0 23 103
547 0 0 32 108
548 0 0 26 95
549 0 0 21 101
550 0 0 15 87
551 0 0 19 111
552 0 0 27 100
553 0 0 26 107
554 0 0 36 116
555 0 0 34 142
556 0 0 17 106
557 0 0 26 106
558 0 0 18 118
559 0 0 34 73
560 0 0 31 102
561 0 0 47 84
562 0 0 51 88
563 0 0 52 102
564 0 0 53 91
565 0 0 55 89
566 0 0 64 90
567 0 0 70 86
568 0 0 78 92
569 0 0 37 90
570 0 0 41 90
571 0 0 33 89
572 0 0 61 88
573 0 0 66 109
574 0 0 23 69
575 0 0 21 77
576 0 0 10 105
577 0 0 38 86
578 0 0 25 99
579 0 0 22 99
580 0 0 65 88
581 0 0 44 121
582 0 0 63 114
583 0 0 59 75
584 0 0 56 83
585 0 0 55 117
586 0 0 61 100
587 0 0 57 102
588 0 0 60 93
589 0 0 67 99
590 0 0 77 71
591 0 0 109 81
592 0 0 101 70
593 0 0 103 78
594 0 0 65 83
595 0 0 94 85
596 0 0 108 101
597 0 0 88 97
598 0 0 103 85
599 0 0 57 81
600 0 0 113 92
601 0 0 98 91
602 0 0 71 81
603 0 0 98 100
604 0 0 109 82
605 0 0 114 75
606 0 0 148 84
607 0 0 79 67
608 0 0 94 56
609 0 0 68 55
610 0 0 82 59
611 0 0 83 51
612 0 0 76 55
613 0 0 84 53
614 0 0 105 39
615 0 0 94 73
616 0 0 95 58
617 0 0 107 72
618 0 0 100 74
619 0 0 72 72
620 0 0 88 87
621 0 0 96 82
622 0 0 105 83
623 0 0 105 50
624 0 0 79 53
625 0 0 104 36
626 0 0 92 62
627 0 0 112 48
628 0 0 79 71
629 0 0 96 83
630 0 0 93 48
631 0 0 97 62
632 0 0 106 58
633 0 0 103 68
634 0 0 101 66
635 0 0 95 70
636 0 0 86 66
637 0 0 104 57
638 0 0 83 80
639 0 0 95 70
640 0 0 120 70
641 0 0 119 61
642 0 0 122 59
643 0 0 116 73
644 0 0 109 103
645 0 0 125 74
646 0 0 127 88
647 0 0 121 89
648 0 0 134 91
649 0 0 117 84
650 0 0 124 86
651 0 0 137 82
652 0 0 127 83
653 0 0 141 75
654 0 0 113 77
655 0 0 111 121
656 0 0 138 107
657 0 0 83 100
658 0 0 114 97
659 0 0 131 88
660 0 0 128 105
661 0 0 130 90
662 0 0 106 87
663 0 0 135 75
664 0 0 82 70
665 0 0 118 86
666 0 0 138 52
667 0 0 128 103
668 0 0 131 79
669 0 0 99 72
670 0 0 97 80
671 0 0 143 97
672 0 0 128 72
673 0 0 134 79
674 0 0 120 97
675 0 0 122 94
676 0 0 118 95
677 0 0 126 95
678 0 0 142 88
679 0 0 125 100
680 0 0 119 92
681 0 0 96 80
682 0 0 118 103
683 0 0 122 77
684 0 0 85 62
685 0 0 95 69
686 0 0 91 80
687 0 0 96 108
688 0 0 92 84
689 0 0 55 75
690 0 0 133 89
691 0 0 144 63
692 0 0 123 104
693 0 0 112 72
694 0 0 124 76
695 0 0 143 102
696 0 0 148 81
697 0 0 134 87
698 0 0 151 75
699 0 0 138 71
700 0 2 0 173
701 0 10 0 186
702 0 0 0 173
703 0 0 0 131
704 0 0 0 162
705 0 1 0 160
706 0 0 0 160
707 0 0 0 180
708 0 5 0 182
709 0 2 0 193
710 0 8 0 160
711 0 5 0 178
712 0 10 0 165
713 0 0 0 167
714 0 3 0 186
715 0 6 0 189
716 0 2 0 159
717 0 0 0 207
718 0 6 0 201
719 0 0 0 203
720 0 0 0 202
721 0 1 0 168
722 0 0 0 184
723 0 0 0 173
724 0 0 0 177
725 0 0 0 158
726 0 0 0 146
727 0 0 0 164
728 0 0 0 137
729 0 0 0 147
730 0 3 0 145
731 0 6 0 134
732 0 0 0 140
733 0 0 0 157
734 0 0 0 168
735 0 0 0 149
736 0 0 0 149
737 0 0 0 138
738 0 16 0 162
739 0 6 0 161
740 0 6 0 140
741 0 1 0 143
742 0 1 0 151
743 0 12 0 131
744 0 3 0 159
745 0 0 0 134
746 0 0 0 121
747 0 0 0 135
748 0 0 0 128
749 0 1 0 131
750 0 0 0 150
751 0 0 0 125
752 0 0 0 142
753 0 0 0 134
754 0 0 0 146
755 0 0 0 120
756 0 1 0 108
757 0 0 0 136
758 0 0 0 117
759 0 6 0 144
760 0 0 0 162
761 0 0 0 139
762 0 4 0 129
763 0 6 0 146
764 0 3 0 128
765 0 0 0 121
766 0 0 0 130
767 0 0 0 149
768 0 0 0 120
769 0 1 0 133
770 0 7 0 116
771 0 8 0 120
772 0 0 0 112
773 0 0 0 112
774 0 0 0 142
775 0 6 0 112
776 0 0 0 127
777 0 0 0 163
778 0 0 0 129
779 0 0 0 132
780 0 0 0 165
781 0 0 0 140
782 0 0 0 152
783 0 0 0 133
784 0 0 0 130
785 0 1 0 168
786 0 0 0 139
787 0 0 0 148
788 0 0 0 172
789 0 0 0 155
790 0 0 0 146
791 0 4 0 141
792 0 6 0 176
793 0 0 0 146
794 0 0 0 105
795 0 0 0 138
796 0 0 0 146
797 0 0 0 181
798 0 0 0 177
799 0 0 0 183
800 0 0 0 172
801 0 0 0 171
802 0 0 0 176
803 0 0 0 151
804 0 0 0 185
805 0 0 0 163
806 0 4 0 159
807 0 8 0 197
808 0 0 0 168
809 0 2 0 210
810 0 10 0 172
811 0 10 0 186
812 0 0 0 176
813 0 9 0 187
814 0 0 0 162
815 0 0 0 156
816 0 0 0 202
817 0 0 0 192
818 0 0 1 189
819 0 0 0 205
820 0 0 0 198
821 0 0 0 215
822 0 0 0 218
823 0 0 0 184
824 0 0 0 220
825 0 12 0 244
826 0 0 0 197
827 0 0 0 243
828 0 0 0 204
829 0 0 0 195
830 0 3 0 178
831 0 0 0 183
832 0 4 0 229
833 0 0 0 248
834 0 0 0 248
835 0 0 0 199
836 0 2 1 250
837 0 1 0 208
838 0 1 1 250
839 0 0 2 242
840 0 0 1 201
841 0 0 2 203
842 0 0 2 211
843 0 0 5 222
844 0 0 0 195
845 0 0 0 221
846 0 0 0 225
847 0 0 0 228
848 0 0 0 194
849 0 0 0 204
850 0 0 0 208
851 0 0 0 204
852 0 0 0 175
853 0 0 0 210
854 0 0 1 192
855 0 0 0 182
856 0 0 0 234
857 0 0 0 176
858 0 5 0 181
859 0 4 0 178
860 0 2 0 177
861 0 1 1 184
862 0 0 1 203
863 0 0 0 194
864 0 0 1 165
865 0 0 1 178
866 0 1 0 160
867 0 0 2 214
868 0 0 2 202
869 0 0 4 172
870 0 6 2 173
871 0 0 2 199
872 0 0 2 195
873 0 0 2 183
874 0 0 2 199
875 0 6 3 191
876 0 6 3 225
877 0 0 9 187
878 0 1 9 169
879 0 0 9 181
880 0 0 0 198
881 0 0 0 157
882 0 0 0 184
883 0 1 0 118
884 0 0 0 153
885 0 1 0 151
886 0 0 10 146
887 0 1 7 143
888 0 0 6 148
889 0 0 0 169
890 0 0 0 164
891 0 1 0 185
892 0 0 0 194
893 0 6 0 175
894 0 4 0 169
895 0 0 0 136
896 0 1 0 173
897 0 2 0 184
898 0 0 0 176
899 0 0 0 158
900 0 6 0 150
901 0 7 0 173
902 0 0 0 168
903 0 0 0 171
904 0 0 0 160
905 0 0 0 169
906 0 0 0 180
907 0 1 0 175
908 0 0 0 168
909 0 1 0 177
910 0 0 0 167
911 0 0 0 180
912 0 0 0 157
913 0 0 0 166
914 0 0 0 196
915 0 0 0 142
916 0 0 0 156
917 0 0 0 141
918 0 1 0 137
919 0 9 0 151
920 0 13 0 168
921 0 16 0 185
922 0 2 0 175
923 0 3 0 164
924 0 7 0 168
925 0 29 0 165
926 0 3 0 172
927 0 6 0 157
928 0 3 0 173
929 0 1 0 162
930 0 1 0 180
931 0 0 0 193
932 0 0 0 165
933 0 0 0 182
934 0 7 0 181
935 0 9 0 179
936 0 0 0 200
937 0 13 0 168
938 0 5 0 167
939 0 1 0 156
940 0 1 0 167
941 0 0 0 154
942 0 2 0 154
943 0 8 0 175
944 0 9 0 172
945 0 1 0 171
946 0 0 0 163
947 0 0 0 164
948 0 0 0 170
949 0 1 0 169
950 0 0 0 153
951 0 0 0 176
952 0 5 0 171
953 0 5 0 165
954 0 2 0 148
955 0 0 0 160
956 0 0 0 180
957 0 0 0 184
958 0 0 0 157
959 0 1 0 172
960 0 10 0 161
961 0 5 0 141
962 0 5 0 165
963 0 13 0 167
964 0 0 0 161
965 0 0 0 157
966 0 5 0 147
967 0 0 0 142
968 0 0 0 183
969 0 0 0 172
970 0 0 0 156
971 0 10 0 163
972 0 0 0 156
973 0 0 0 169
974 0 4 0 158
975 0 24 0 152
976 0 21 0 167
977 0 33 0 165
978 0 21 0 144
979 0 27 0 179
980 0 25 0 162
981 0 23 0 165
982 0 11 0 178
983 0 33 0 164
984 0 30 0 165
985 0 22 0 168
986 0 50 0 192
987 0 23 0 154
988 0 29 0 159
989 0 0 0 165
990 0 21 0 139
991 0 23 0 169
992 0 34 0 171
993 0 17 0 180
994 0 0 0 163
995 0 0 0 126
996 0 2 0 143
997 0 0 0 150
998 0 0 0 155
999 0 0 0 137
1000 0 0 0 158
1001 0 0 0 172
1002 0 0 0 159
1003 0 1 0 164
1004 0 6 0 160
1005 0 2 0 140
1006 0 0 0 155
1007 0 5 0 160
1008 0 5 0 146
1009 0 3 0 145
1010 0 2 0 146
1011 0 2 0 147
1012 0 1 0 125
1013 0 18 0 127
1014 0 7 0 135
1015 0 0 0 147
1016 0 0 0 114
1017 0 4 0 157
1018 0 0 0 151
1019 0 0 0 124
1020 0 8 0 114
1021 0 15 0 138
1022 0 24 0 135
1023 0 4 0 168
1024 0 24 0 155
1025 0 5 0 154
1026 0 25 0 159
1027 0 15 0 148
1028 0 23 0 151
1029 0 8 0 143
1030 0 18 0 131
1031 0 11 0 147
1032 0 19 0 168
1033 0 11 0 137
1034 0 4 0 184
1035 0 21 0 176
1036 0 16 0 182
1037 0 26 0 166
1038 0 19 0 167
1039 0 4 0 162
1040 0 1 0 176
1041 0 7 0 186
1042 0 0 0 169
1043 0 3 0 170
1044 0 10 0 191
1045 0 6 0 157
1046 0 4 0 167
1047 0 4 0 136
1048 0 4 0 159
1049 0 11 0 156
1050 0 10 0 138
1051 0 19 0 147
1052 0 18 0 170
1053 0 18 0 161
1054 0 1 0 159
1055 0 7 0 179
1056 0 5 0 171
1057 0 8 0 163
1058 0 0 0 171
1059 0 0 0 184
1060 0 1 0 165
1061 0 1 0 169
1062 0 15 0 156
1063 0 15 0 176
1064 0 12 0 182
1065 0 6 0 160
1066 0 10 0 188
1067 0 12 0 172
1068 0 1 0 166
1069 0 8 0 132
1070 0 9 0 132
1071 0 12 0 173
1072 0 6 0 188
1073 0 3 0 162
1074 0 34 0 153
1075 0 4 0 180
1076 0 29 0 176
1077 0 8 0 152
1078 0 6 0 137
1079 0 4 0 179
1080 0 0 0 160
1081 0 1 0 173
1082 0 12 0 198
1083 0 6 0 224
1084 0 3 0 233
1085 0 2 0 196
1086 0 0 0 186
1087 0 0 0 155
1088 0 17 0 157
1089 0 20 0 175
1090 0 0 0 159
1091 0 18 0 170
1092 0 21 0 178
1093 0 11 0 151
1094 0 20 0 157
1095 0 27 0 164
1096 0 15 0 154
1097 0 9 0 166
1098 0 10 0 186
1099 0 2 0 184
1100 0 1 0 179
1101 0 0 0 180
1102 0 12 0 184
1103 0 10 0 180
1104 0 13 0 185
1105 0 0 0 193
1106 0 0 0 163
1107 0 9 0 178
1108 0 1 0 161
1109 0 7 0 186
1110 0 0 0 174
1111 0 0 0 183
1112 0 0 0 193
1113 0 0 0 182
1114 0 0 0 175
1115 0 0 0 159
1116 0 0 0 150
1117 0 0 0 188
1118 0 0 0 174
1119 0 0 0 165
1120 0 0 0 184
1121 0 0 0 172
1122 0 0 0 161
1123 0 0 0 189
1124 0 0 0 194
1125 0 0 0 163
1126 0 0 0 202
1127 0 0 0 185
1128 0 0 0 168
1129 0 0 0 197
1130 0 0 0 187
1131 0 0 0 162
1132 0 0 0 176
1133 0 0 0 188
1134 0 0 0 173
1135 0 0 0 196
1136 0 0 0 177
1137 0 0 0 189
1138 0 0 0 166
1139 0 0 0 173
1140 0 0 0 162
1141 0 0 0 152
1142 0 0 0 157
1143 0 0 0 182
1144 0 0 0 177
1145 0 0 0 183
1146 0 0 0 169
1147 0 0 0 180
1148 0 0 0 176
1149 0 0 0 172
1150 0 0 0 184
1151 0 0 0 183
1152 0 0 0 172
1153 0 0 0 169
1154 0 0 0 170
1155 0 0 0 172
1156 0 0 0 159
1157 0 0 0 180
1158 0 0 0 197
1159 0 0 0 177
1160 0 0 0 190
1161 0 0 0 188
1162 0 0 0 192
1163 0 0 0 164
1164 0 0 0 166
1165 0 0 0 178
1166 0 0 0 161
1167 0 0 0 173
1168 0 0 0 188
1169 0 0 0 160
1170 0 0 0 194
1171 0 0 0 170
1172 0 0 0 180
1173 0 0 0 180
1174 0 0 0 156
1175 0 0 0 201
1176 0 0 0 188
1177 0 0 0 173
1178 0 0 0 168
1179 0 0 0 149
1180 0 0 0 153
1181 0 0 0 159
1182 0 0 0 172
1183 0 0 0 132
1184 0 0 0 153
1185 0 0 0 157
1186 0 0 0 144
1187 0 0 0 166
1188 0 0 0 181
1189 0 0 0 177
1190 0 0 0 139
1191 0 0 0 178
1192 0 0 0 181
1193 0 0 0 168
1194 0 0 0 154
1195 0 0 0 174
1196 0 0 0 160
1197 0 0 0 173
1198 0 0 0 143
1199 0 0 0 167
1200 0 1 0 162
1201 0 0 0 161
1202 0 0 0 165
1203 0 0 0 169
1204 0 0 0 158
1205 0 0 0 157
1206 0 0 0 137
1207 0 0 0 143
1208 0 0 0 169
1209 0 0 0 157
1210 0 0 0 181
1211 0 0 0 181
1212 0 0 0 155
1213 0 0 0 163
1214 0 0 0 172
1215 0 0 0 167
1216 0 0 0 174
1217 0 0 0 147
1218 0 0 0 160
1219 0 0 0 163
1220 0 0 0 141
1221 0 0 0 137
1222 0 0 0 155
1223 0 0 0 136
1224 0 0 0 165
1225 0 0 0 170
1226 0 0 0 167
1227 0 0 0 171
1228 0 0 0 173
1229 0 0 1 168
1230 0 0 0 186
1231 0 0 0 156
1232 0 0 0 164
1233 0 0 2 170
1234 0 0 1 171
1235 0 0 0 156
1236 0 0 0 163
1237 0 0 8 172
1238 0 0 9 152
1239 0 0 9 135
1240 0 0 1 125
1241 0 0 0 138
1242 0 0 0 175
1243 0 0 0 146
1244 0 0 0 180
1245 0 0 4 156
1246 0 0 7 160
1247 0 0 0 161
1248 0 1 3 154
1249 0 0 18 154
1250 0 0 1 163
1251 0 0 0 150
1252 0 0 0 141
1253 0 0 0 157
1254 0 0 0 147
1255 0 0 0 128
1256 0 0 6 149
1257 0 0 2 164
1258 0 0 3 164
1259 0 0 5 172
1260 0 0 7 152
1261 0 0 8 166
1262 0 0 0 160
1263 0 0 0 167
1264 0 0 0 169
1265 0 0 0 166
1266 0 0 0 160
1267 0 0 0 148
1268 0 0 0 182
1269 0 0 0 181
1270 0 0 6 165
1271 0 0 3 156
1272 0 0 8 155
1273 0 0 0 179
1274 0 0 0 160
1275 0 0 0 153
1276 0 0 0 173
1277 0 0 1 166
1278 0 0 0 191
1279 0 0 0 151
1280 0 0 0 159
1281 0 0 0 179
1282 0 0 23 165
1283 0 0 9 169
1284 0 0 0 160
1285 0 0 0 151
1286 0 0 0 164
1287 0 0 0 201
1288 0 0 0 176
1289 0 0 0 165
1290 0 0 0 151
1291 0 0 0 164
1292 0 0 0 154
1293 0 0 0 144
1294 0 0 0 162
1295 0 0 0 178
1296 0 0 12 146
1297 0 0 1 154
1298 0 0 0 151
1299 0 0 1 187
1300 0 0 0 180
1301 0 0 0 187
1302 0 0 0 180
1303 0 0 0 192
1304 0 0 0 167
1305 0 0 0 170
1306 0 0 0 167
1307 0 0 7 174
1308 0 0 0 148
1309 0 0 0 181
1310 0 0 0 168
1311 0 0 0 169
1312 0 0 0 178
1313 0 0 0 170
1314 0 0 0 178
1315 0 0 0 160
1316 0 0 0 174
1317 0 0 0 168
1318 0 0 1 167
1319 0 0 0 145
1320 0 0 0 171
1321 0 0 0 166
1322 0 0 0 162
1323 0 0 14 166
1324 0 0 4 119
1325 0 0 1 152
1326 0 0 11 166
1327 0 0 1 165
1328 0 0 0 161
1329 0 0 5 155
1330 0 0 5 159
1331 0 0 6 167
1332 0 0 8 147
1333 0 0 1 153
1334 0 0 5 169
1335 0 0 3 166
1336 0 0 0 175
1337 0 0 0 160
1338 0 0 6 182
1339 0 0 1 146
1340 0 0 0 161
1341 0 0 0 152
1342 0 0 8 162
1343 0 0 14 150
1344 0 0 3 175
1345 0 0 1 148
1346 0 0 7 162
1347 0 0 16 151
1348 0 0 2 156
1349 0 0 4 151
1350 0 0 7 183
1351 0 0 0 175
1352 0 0 0 173
1353 0 0 8 157
1354 0 0 0 148
1355 0 0 1 174
1356 0 0 10 158
1357 0 0 11 191
1358 0 0 0 197
1359 0 0 4 185
1360 0 0 4 200
1361 0 0 5 153
1362 0 0 0 152
1363 0 0 6 164
1364 0 0 8 156
1365 0 0 2 158
1366 0 0 3 143
1367 0 0 4 177
1368 0 0 8 161
1369 0 0 22 175
1370 0 0 11 153
1371 0 0 10 157
1372 0 1 6 164
1373 0 7 5 150
1374 0 7 3 162
1375 0 0 8 175
1376 0 0 9 186
1377 0 29 5 129
1378 0 25 0 176
1379 0 21 0 163
1380 0 0 1 162
1381 0 0 5 162
1382 0 0 12 163
1383 0 0 7 157
1384 0 0 8 170
1385 0 0 12 162
1386 0 0 11 181
1387 0 0 23 181
1388 0 0 18 156
1389 0 0 13 158
1390 0 0 18 141
1391 0 0 7 143
1392 0 0 5 160
1393 0 0 2 163
1394 0 0 0 142
1395 0 0 1 160
1396 0 0 5 153
1397 0 0 1 156
1398 0 0 20 157
1399 0 0 20 159
1400 0 0 0 106
1401 0 0 0 112
1402 0 0 0 117
1403 0 0 0 95
1404 0 0 0 113
1405 0 0 0 97
1406 0 0 0 120
1407 0 0 0 124
1408 0 0 0 136
1409 0 0 0 138
1410 0 0 0 149
1411 0 0 0 163
1412 0 0 0 105
1413 0 0 0 129
1414 0 0 0 150
1415 0 0 0 173
1416 0 0 0 157
1417 0 0 0 126
1418 0 0 0 193
1419 0 0 0 138
1420 0 0 0 164
1421 0 0 0 104
1422 0 0 0 103
1423 0 0 0 131
1424 0 0 0 147
1425 0 0 0 106
1426 0 0 0 104
1427 0 0 0 109
1428 0 0 0 96
1429 0 0 0 104
1430 0 0 0 111
1431 0 0 0 126
1432 0 0 0 96
1433 0 0 0 146
1434 0 0 0 158
1435 0 0 0 124
1436 0 0 0 127
1437 0 0 0 160
1438 0 0 0 122
1439 0 0 0 119
1440 0 0 0 139
1441 0 0 0 148
1442 0 0 0 134
1443 0 0 0 167
1444 0 0 0 132
1445 0 0 0 144
1446 0 0 0 144
1447 0 0 0 158
1448 0 0 0 147
1449 0 0 0 145
1450 0 0 0 103
1451 0 0 0 92
1452 0 0 0 131
1453 0 0 0 130
1454 0 0 0 135
1455 0 0 0 103
1456 0 0 0 86
1457 0 0 0 112
1458 0 0 0 118
1459 0 0 0 118
1460 0 0 0 146
1461 0 0 0 104
1462 0 0 0 131
1463 0 0 0 117
1464 0 0 0 110
1465 0 0 0 103
1466 0 0 0 112
1467 0 0 0 95
1468 0 0 0 97
1469 0 0 0 95
1470 0 0 0 95
1471 0 0 0 93
1472 0 0 0 81
1473 0 0 0 114
1474 0 0 0 143
1475 0 0 0 153
1476 0 0 0 137
1477 0 0 0 155
1478 0 0 0 132
1479 0 0 0 144
1480 0 0 0 116
1481 0 0 0 153
1482 0 0 0 138
1483 0 0 0 138
1484 0 0 0 148
1485 0 0 0 78
1486 0 0 0 100
1487 0 0 0 96
1488 0 0 0 65
1489 0 0 0 93
1490 0 0 0 71
1491 0 0 0 58
1492 0 0 0 80
1493 0 0 0 75
1494 0 0 0 90
1495 0 0 0 89
1496 0 0 0 94
1497 0 0 0 61
1498 0 0 0 68
1499 0 0 0 116
1500 0 0 0 90
1501 0 0 0 93
1502 0 0 0 89
1503 0 0 0 85
1504 0 0 0 81
1505 0 0 0 89
1506 0 0 0 103
1507 0 0 0 118
1508 0 0 0 109
1509 0 0 0 108
1510 0 0 0 115
1511 0 0 0 94
1512 0 0 0 86
1513 0 0 0 52
1514 0 0 0 113
1515 0 0 0 122
1516 0 0 0 107
1517 0 0 0 65
1518 0 0 0 59
1519 0 0 0 105
1520 0 0 0 108
1521 0 0 0 106
1522 0 0 0 143
1523 0 0 0 116
1524 0 0 0 116
1525 0 0 0 95
1526 0 0 0 61
1527 0 0 0 54
1528 0 0 0 43
1529 0 0 0 69
1530 0 0 0 44
1531 0 0 0 54
1532 0 0 0 57
1533 0 0 0 22
1534 0 0 0 36
1535 0 0 0 39
1536 0 0 0 52
1537 0 0 0 61
1538 0 0 0 44
1539 0 0 0 40
1540 0 0 0 72
1541 0 0 0 59
1542 0 0 0 50
1543 0 0 0 39
1544 0 0 0 37
1545 0 0 0 45
1546 0 0 0 45
1547 0 0 0 32
1548 0 0 0 44
1549 0 0 0 38
1550 0 0 0 68
1551 0 0 0 54
1552 0 0 0 52
1553 0 0 0 35
1554 0 0 0 44
1555 0 0 0 42
1556 0 0 0 48
1557 0 0 0 55
1558 0 0 0 74
1559 0 0 0 58
1560 0 0 0 61
1561 0 0 0 69
1562 0 0 0 60
1563 0 0 0 84
1564 0 0 0 136
1565 0 0 0 123
1566 0 0 0 121
1567 0 0 0 131
1568 0 0 0 69
1569 0 0 0 89
1570 0 0 0 92
1571 0 0 0 91
1572 0 0 0 126
1573 0 0 0 101
1574 0 0 0 129
1575 0 0 0 152
1576 0 0 0 147
1577 0 0 0 134
1578 0 0 0 114
1579 0 0 0 87
1580 0 0 0 123
1581 0 0 0 127
1582 0 0 0 115
1583 0 0 0 96
1584 0 0 0 100
1585 0 0 0 116
1586 0 0 0 131
1587 0 0 0 59
1588 0 0 0 96
1589 0 0 0 83
1590 0 0 0 100
1591 0 0 0 91
1592 0 0 0 88
1593 0 0 0 84
1594 0 0 0 66
1595 0 0 0 92
1596 0 0 0 97
1597 0 0 0 73
1598 0 0 0 77
1599 0 0 0 90
1600 0 0 0 93
1601 0 0 0 81
1602 0 0 0 84
1603 0 0 0 88
1604 0 0 0 99
1605 0 0 0 109
1606 0 0 0 95
1607 0 0 0 83
1608 0 0 0 86
1609 0 0 0 99
1610 0 0 0 88
1611 0 0 0 104
1612 0 0 0 86
1613 0 0 0 88
1614 0 0 0 88
1615 0 0 0 103
1616 0 0 0 120
1617 0 0 0 96
1618 0 0 0 99
1619 0 0 0 100
1620 0 0 0 91
1621 0 0 0 104
1622 0 0 0 98
1623 0 0 0 104
1624 0 0 0 114
1625 0 0 0 133
1626 0 0 0 110
1627 0 0 0 130
1628 0 0 0 99
1629 0 0 0 126
1630 0 0 0 114
1631 0 0 0 126
1632 0 0 0 125
1633 0 0 0 122
1634 0 0 0 137
1635 0 0 0 141
1636 0 0 0 155
1637 0 0 0 117
1638 0 0 0 139
1639 0 0 0 103
1640 0 0 0 121
1641 0 0 0 120
1642 0 0 0 118
1643 0 0 0 106
1644 0 0 0 147
1645 0 0 0 132
1646 0 0 0 133
1647 0 0 0 157
1648 0 0 0 148
1649 0 0 0 114
1650 0 0 0 128
1651 0 0 0 131
1652 0 0 0 105
1653 0 0 0 140
1654 0 0 0 128
1655 0 0 0 102
1656 0 0 0 117
1657 0 0 0 133
1658 0 0 0 137
1659 0 0 0 92
1660 0 0 0 65
1661 0 0 0 130
1662 0 0 0 139
1663 0 0 0 102
1664 0 0 0 115
1665 0 0 0 109
1666 0 0 0 135
1667 0 0 0 131
1668 0 0 0 129
1669 0 0 0 125
1670 0 0 0 106
1671 0 0 0 133
1672 0 0 0 115
1673 0 0 0 137
1674 0 0 0 133
1675 0 0 0 158
1676 0 0 0 169
1677 0 0 0 103
1678 0 0 0 149
1679 0 0 0 114
1680 0 0 0 126
1681 0 0 0 135
1682 0 0 0 119
1683 0 0 0 103
1684 0 0 0 132
1685 0 0 0 153
1686 0 0 0 130
1687 0 0 0 123
1688 0 0 0 114
1689 0 0 0 126
1690 0 0 0 141
1691 0 0 0 91
1692 0 0 0 129
1693 0 0 0 138
1694 0 0 0 125
1695 0 0 0 129
1696 0 0 0 105
1697 0 0 0 109
1698 0 0 0 108
1699 0 0 0 117
1700 0 0 0 104
1701 0 0 0 71
1702 0 0 0 103
1703 0 0 0 125
1704 0 0 0 111
1705 0 0 0 145
1706 0 0 0 145
1707 0 0 0 148
1708 0 0 0 96
1709 0 0 0 125
1710 0 0 0 123
1711 0 0 0 139
1712 0 0 0 136
1713 0 0 0 138
1714 0 0 0 138
1715 0 0 0 158
1716 0 0 0 133
1717 0 0 0 119
1718 0 0 0 131
1719 0 0 0 113
1720 0 0 0 130
1721 0 0 0 139
1722 0 0 0 147
1723 0 0 0 120
1724 0 0 0 138
1725 0 0 0 139
1726 0 0 0 129
1727 0 0 0 138
1728 0 0 0 124
1729 0 0 0 135
1730 0 0 0 142
1731 0 0 0 130
1732 0 0 0 131
1733 0 0 0 130
1734 0 0 0 114
1735 0 0 0 130
1736 0 0 0 118
1737 0 0 0 160
1738 0 0 0 127
1739 0 0 0 148
1740 0 0 0 120
1741 0 0 0 108
1742 0 0 0 138
1743 0 0 0 125
1744 0 0 0 119
1745 0 0 0 119
1746 0 0 0 122
1747 0 0 0 130
1748 0 0 0 133
1749 0 0 0 133
1750 0 0 0 113
1751 0 0 0 177
1752 0 0 0 139
1753 0 0 0 114
1754 0 0 0 123
1755 0 0 0 119
1756 0 0 0 118
1757 0 0 0 150
1758 0 0 0 140
1759 0 0 0 155
1760 0 0 0 144
1761 0 0 0 146
1762 0 0 0 132
1763 0 0 0 173
1764 0 0 0 140
1765 0 0 0 153
1766 0 0 0 175
1767 0 0 0 157
1768 0 0 0 144
1769 0 0 0 144
1770 0 0 0 159
1771 0 0 0 155
1772 0 0 0 170
1773 0 0 0 138
1774 0 0 0 142
1775 0 0 0 171
1776 0 0 0 168
1777 0 0 0 165
1778 0 0 0 164
1779 0 0 0 132
1780 0 0 0 126
1781 0 0 0 135
1782 0 0 0 164
1783 0 0 0 147
1784 0 0 0 131
1785 0 0 0 152
1786 0 0 0 139
1787 0 0 0 132
1788 0 0 0 149
1789 0 0 0 125
1790 0 0 0 176
1791 0 0 0 162
1792 0 0 0 123
1793 0 0 0 153
1794 0 0 0 129
1795 0 0 0 106
1796 0 0 0 93
1797 0 0 0 157
1798 0 0 0 95
1799 0 0 0 98
1800 0 0 0 69
1801 0 0 0 59
1802 0 0 0 95
1803 0 0 0 121
1804 0 0 0 85
1805 0 0 0 76
1806 0 0 0 68
1807 0 0 0 83
1808 0 0 0 86
1809 0 0 0 106
1810 0 0 0 106
1811 0 0 0 96
1812 0 0 0 100
1813 0 0 0 97
1814 0 0 0 101
1815 0 0 0 110
1816 0 0 0 80
1817 0 0 0 80
1818 0 0 0 100
1819 0 0 0 73
1820 0 0 0 84
1821 0 0 0 55
1822 0 0 0 58
1823 0 0 0 38
1824 0 0 0 47
1825 0 0 0 50
1826 0 0 0 57
1827 0 0 0 37
1828 0 0 0 43
1829 0 0 0 63
1830 0 0 0 66
1831 0 0 0 124
1832 0 0 0 121
1833 0 0 0 126
1834 0 0 0 108
1835 0 0 0 112
1836 0 0 0 119
1837 0 0 0 108
1838 0 0 0 122
1839 0 0 0 113
1840 0 0 0 122
1841 0 0 0 99
1842 0 0 0 94
1843 0 0 0 130
1844 0 0 0 114
1845 0 0 0 130
1846 0 0 0 108
1847 0 0 0 91
1848 0 0 0 63
1849 0 0 0 50
1850 0 0 0 74
1851 0 0 0 90
1852 0 0 0 102
1853 0 0 0 118
1854 0 0 0 104
1855 0 0 0 93
1856 0 0 0 104
1857 0 0 0 111
1858 0 0 0 95
1859 0 0 0 76
1860 0 0 0 100
1861 0 0 0 80
1862 0 0 0 70
1863 0 0 0 112
1864 0 0 0 122
1865 0 0 0 135
1866 0 0 0 93
1867 0 0 0 64
1868 0 0 0 87
1869 0 0 0 122
1870 0 0 0 93
1871 0 0 0 73
1872 0 0 0 106
1873 0 0 0 117
1874 0 0 0 76
1875 0 0 0 69
1876 0 0 0 113
1877 0 0 0 92
1878 0 0 0 105
1879 0 0 0 100
1880 0 0 0 72
1881 0 0 0 85
1882 0 0 0 104
1883 0 0 0 74
1884 0 0 0 96
1885 0 0 0 90
1886 0 0 0 93
1887 0 0 0 96
1888 0 0 0 90
1889 0 0 0 79
1890 0 0 0 70
1891 0 0 0 111
1892 0 0 0 87
1893 0 0 0 116
1894 0 0 0 81
1895 0 0 0 97
1896 0 0 0 83
1897 0 0 0 97
1898 0 0 0 62
1899 0 0 0 50
1900 0 0 0 73
1901 0 0 0 64
1902 0 0 0 64
1903 0 0 0 70
1904 0 0 0 89
1905 0 0 0 67
1906 0 0 0 61
1907 0 0 0 70
1908 0 0 0 98
1909 0 0 0 95
1910 0 0 0 93
1911 0 0 0 105
1912 0 0 0 118
1913 0 0 0 113
1914 0 0 0 130
1915 0 0 0 110
1916 0 0 0 110
1917 0 0 0 79
1918 0 0 0 89
1919 0 0 0 97
1920 0 0 0 100
1921 0 0 0 82
1922 0 0 0 111
1923 0 0 0 119
1924 0 0 0 116
1925 0 0 0 146
1926 0 0 0 114
1927 0 0 0 118
1928 0 0 0 118
1929 0 0 0 116
1930 0 0 0 104
1931 0 0 0 92
1932 0 0 0 55
1933 0 0 0 80
1934 0 0 0 81
1935 0 0 0 78
1936 0 0 0 82
1937 0 0 0 88
1938 0 0 0 103
1939 0 0 0 73
1940 0 0 0 75
1941 0 0 0 79
1942 0 0 0 77
1943 0 0 0 85
1944 0 0 0 79
1945 0 0 0 123
1946 0 0 0 72
1947 0 0 0 91
1948 0 0 0 103
1949 0 0 0 117
1950 0 0 0 88
1951 0 0 0 103
1952 0 0 0 124
1953 0 0 0 102
1954 0 0 0 87
1955 0 0 0 90
1956 0 0 0 151
1957 0 0 0 143
1958 0 0 0 95
1959 0 0 0 127
1960 0 0 0 105
1961 0 0 0 67
1962 0 0 0 86
1963 0 0 0 77
1964 0 0 0 80
1965 0 0 0 93
1966 0 0 0 115
1967 0 0 0 150
1968 0 0 0 146
1969 0 0 0 118
1970 0 0 0 95
1971 0 0 0 100
1972 0 0 0 95
1973 0 0 0 82
1974 0 0 0 76
1975 0 0 0 79
1976 0 0 0 111
1977 0 0 0 125
1978 0 0 0 120
1979 0 0 0 131
1980 0 0 0 109
1981 0 0 0 105
1982 0 0 0 85
1983 0 0 0 65
1984 0 0 0 85
1985 0 0 0 56
1986 0 0 0 96
1987 0 0 0 77
1988 0 0 0 75
1989 0 0 0 56
1990 0 0 0 95
1991 0 0 0 79
1992 0 0 0 44
1993 0 0 0 78
1994 0 0 0 64
1995 0 0 0 67
1996 0 0 0 69
1997 0 0 0 46
1998 0 0 0 72
1999 0 0 0 63
2000 0 0 0 86
2001 0 0 0 88
2002 0 0 0 68
2003 0 0 0 63
2004 0 0 0 75
2005 0 0 0 78
2006 0 0 0 71
2007 0 0 0 57
2008 0 0 0 85
2009 0 0 0 81
2010 0 0 0 76
2011 0 0 0 58
2012 0 0 0 75
2013 0 0 0 67
2014 0 0 0 50
2015 0 0 0 54
2016 0 0 0 103
2017 0 0 0 79
2018 0 0 0 82
2019 0 0 0 73
2020 0 0 0 105
2021 0 0 0 106
2022 0 0 0 56
2023 0 0 0 73
2024 0 0 0 94
2025 0 0 0 88
2026 0 0 0 73
2027 0 0 0 88
2028 0 0 0 79
2029 0 0 0 82
2030 0 0 0 79
2031 0 0 0 86
2032 0 0 0 62
2033 0 0 0 85
2034 0 0 0 103
2035 0 0 0 72
2036 0 0 0 95
2037 0 0 0 79
2038 0 0 0 82
2039 0 0 0 68
2040 0 0 0 94
2041 0 0 0 100
2042 0 0 0 132
2043 0 0 0 93
2044 0 0 0 107
2045 0 0 0 103
2046 0 0 0 127
2047 0 0 0 120
2048 0 0 0 142
2049 0 0 0 76
2050 0 0 0 75
2051 0 0 0 72
2052 0 0 0 45
2053 0 0 0 86
2054 0 0 0 114
2055 0 0 0 59
2056 0 0 0 119
2057 0 0 0 102
2058 0 0 0 110
2059 0 0 0 128
2060 0 0 0 109
2061 0 0 0 106
2062 0 0 0 100
2063 0 0 0 140
2064 0 0 0 110
2065 0 0 0 105
2066 0 0 0 119
2067 0 0 0 124
2068 0 0 0 105
2069 0 0 0 128
2070 0 0 0 68
2071 0 0 0 110
2072 0 0 0 107
2073 0 0 0 80
2074 0 0 0 122
2075 0 0 0 125
2076 0 0 0 118
2077 0 0 0 135
2078 0 0 0 136
2079 0 0 0 127
2080 0 0 0 84
2081 0 0 0 84
2082 0 0 0 139
2083 0 0 0 121
2084 0 0 0 99
2085 0 0 0 109
2086 0 0 0 124
2087 0 0 0 92
2088 0 0 0 126
2089 0 0 0 118
2090 0 0 0 131
2091 0 0 0 85
2092 0 0 0 86
2093 0 0 0 109
2094 0 0 0 98
2095 0 0 0 73
2096 0 0 0 99
2097 0 0 0 105
2098 0 0 0 107
2099 0 0 0 90
2100 0 4 14 73
2101 0 6 0 36
2102 0 1 0 52
2103 0 1 3 58
2104 0 1 0 63
2105 0 8 0 64
2106 0 7 0 56
2107 0 3 10 58
2108 0 1 1 67
2109 0 1 0 44
2110 0 0 1 60
2111 0 4 0 64
2112 0 7 0 52
2113 0 7 0 61
2114 0 2 0 50
2115 0 0 15 38
2116 0 4 10 12
2117 0 5 1 46
2118 0 10 9 31
2119 0 6 15 34
2120 0 9 18 40
2121 0 5 21 29
2122 0 3 20 23
2123 0 1 14 23
2124 0 1 5 18
2125 0 0 10 32
2126 0 4 0 23
2127 0 3 10 15
2128 0 0 11 21
2129 0 4 2 22
2130 0 4 0 31
2131 0 5 12 34
2132 0 1 9 35
2133 0 3 6 20
2134 0 0 8 12
2135 0 3 0 33
2136 0 4 3 34
2137 0 7 0 35
2138 0 5 0 33
2139 0 4 0 35
2140 0 2 0 37
2141 0 8 3 32
2142 0 3 0 23
2143 0 9 1 33
2144 0 5 0 31
2145 0 9 0 18
2146 0 0 4 21
2147 0 0 0 27
2148 0 7 0 16
2149 0 1 0 15
2150 0 9 0 19
2151 0 5 0 13
2152 0 9 0 19
2153 0 4 0 23
2154 0 1 0 15
2155 0 7 2 21
2156 0 0 0 20
2157 0 0 0 21
2158 0 0 0 15
2159 0 0 0 17
2160 0 6 0 19
2161 0 0 0 25
2162 0 6 0 22
2163 0 4 0 25
2164 0 0 0 17
2165 0 3 0 24
2166 0 6 0 17
2167 0 3 0 17
2168 0 1 0 31
2169 0 1 0 36
2170 0 7 0 32
2171 0 1 0 30
2172 0 7 0 36
2173 0 2 0 32
2174 0 3 0 24
2175 0 4 0 23
2176 0 1 0 22
2177 0 3 0 28
2178 0 2 0 19
2179 0 6 0 21
2180 0 3 0 22
2181 0 2 4 18
2182 0 4 9 22
2183 0 2 3 12
2184 0 6 0 22
2185 0 6 10 14
2186 0 0 12 21
2187 0 6 9 34
2188 0 8 4 26
2189 0 2 0 32
2190 0 1 4 33
2191 0 2 0 34
2192 0 4 15 27
2193 0 0 14 29
2194 0 6 5 33
2195 0 5 14 33
2196 0 2 7 40
2197 0 3 8 17
2198 0 2 16 32
2199 0 2 1 24
2200 0 3 6 37
2201 0 3 3 35
2202 0 2 13 40
2203 0 1 19 39
2204 0 5 19 19
2205 0 1 28 29
2206 0 6 25 34
2207 0 6 34 38
2208 0 7 25 29
2209 0 8 11 30
2210 0 5 15 28
2211 0 5 14 34
2212 0 4 25 32
2213 0 8 26 33
2214 0 7 17 26
2215 0 3 22 30
2216 0 7 14 27
2217 0 2 6 33
2218 0 4 20 40
2219 0 4 5 23
2220 0 1 28 34
2221 0 2 19 21
2222 0 0 16 30
2223 0 6 18 36
2224 0 4 21 32
2225 0 5 28 24
2226 0 4 14 33
2227 0 4 10 35
2228 0 1 22 26
2229 0 5 3 29
2230 0 12 9 32
2231 0 5 6 33
2232 0 3 6 28
2233 0 7 5 37
2234 0 14 9 31
2235 0 3 10 33
2236 0 9 7 32
2237 0 7 0 39
2238 0 4 1 26
2239 0 0 0 35
2240 0 2 0 18
2241 0 3 8 17
2242 0 1 0 14
2243 0 6 0 29
2244 0 4 0 24
2245 0 4 2 27
2246 0 8 0 19
2247 0 6 0 31
2248 0 12 0 29
2249 0 2 0 27
2250 0 2 6 36
2251 0 4 6 31
2252 0 1 1 28
2253 0 1 4 34
2254 0 9 0 28
2255 0 1 0 34
2256 0 3 2 29
2257 0 0 2 36
2258 0 13 0 32
2259 0 3 1 36
2260 0 1 4 34
2261 0 4 15 28
2262 0 0 3 28
2263 0 0 6 41
2264 0 0 6 26
2265 0 0 9 32
2266 0 0 6 40
2267 0 0 2 34
2268 0 12 0 34
2269 0 5 6 38
2270 0 6 8 22
2271 0 5 5 47
2272 0 11 10 35
2273 0 10 5 37
2274 0 6 7 40
2275 0 9 9 26
2276 0 0 7 43
2277 0 9 7 31
2278 0 10 2 18
2279 0 6 8 19
2280 0 5 2 22
2281 0 8 0 23
2282 0 8 0 27
2283 0 15 6 30
2284 0 1 0 21
2285 0 1 7 19
2286 0 1 1 29
2287 0 7 1 34
2288 0 0 9 51
2289 0 1 1 38
2290 0 7 7 28
2291 0 1 3 35
2292 0 1 1 21
2293 0 2 0 26
2294 0 5 35 20
2295 0 4 30 16
2296 0 1 37 29
2297 0 1 31 18
2298 0 8 34 52
2299 0 12 27 29
2300 0 9 28 38
2301 0 5 27 29
2302 0 7 23 33
2303 0 9 13 42
2304 0 6 33 44
2305 0 8 30 41
2306 0 17 22 58
2307 0 13 19 30
2308 0 11 42 34
2309 0 7 25 31
2310 0 8 38 30
2311 0 3 28 17
2312 0 9 5 48
2313 0 13 0 49
2314 0 12 1 42
2315 0 8 0 43
2316 0 8 1 39
2317 0 4 0 25
2318 0 12 13 41
2319 0 13 24 34
2320 0 15 29 29
2321 0 9 12 53
2322 0 6 25 60
2323 0 12 42 30
2324 0 11 37 36
2325 0 5 25 55
2326 0 5 29 42
2327 0 7 21 37
2328 0 10 28 32
2329 0 9 32 34
2330 0 7 12 30
2331 0 6 41 38
2332 0 10 41 46
2333 0 7 33 53
2334 0 4 16 28
2335 0 5 31 36
2336 0 6 31 40
2337 0 4 38 47
2338 0 3 41 34
2339 0 6 39 28
2340 0 4 37 32
2341 0 2 14 29
2342 0 6 18 38
2343 0 2 18 26
2344 0 3 25 25
2345 0 5 18 43
2346 0 1 16 54
2347 0 7 27 34
2348 0 8 18 36
2349 0 6 48 45
2350 0 3 60 37
2351 0 5 35 46
2352 0 8 21 41
2353 0 2 15 46
2354 0 6 24 35
2355 0 7 30 29
2356 0 11 31 32
2357 0 9 22 35
2358 0 10 40 49
2359 0 8 38 62
2360 0 7 38 52
2361 0 2 37 31
2362 0 5 35 41
2363 0 6 32 42
2364 0 9 38 40
2365 0 5 23 51
2366 0 2 35 51
2367 0 10 25 55
2368 0 7 22 48
2369 0 6 27 40
2370 0 5 27 40
2371 0 6 27 39
2372 0 7 39 16
2373 0 1 51 45
2374 0 4 35 21
2375 0 6 19 30
2376 0 7 35 38
2377 0 8 28 19
2378 0 6 25 46
2379 0 8 28 33
2380 0 7 35 39
2381 0 6 20 63
2382 0 8 40 46
2383 0 10 34 40
2384 0 8 38 59
2385 0 6 27 42
2386 0 6 26 65
2387 0 2 30 81
2388 0 7 20 70
2389 0 9 10 64
2390 0 4 12 69
2391 0 7 7 66
2392 0 4 28 46
2393 0 0 37 50
2394 0 0 44 45
2395 0 0 30 23
2396 0 0 42 53
2397 0 0 22 43
2398 0 0 30 42
2399 0 0 21 52
2400 0 0 30 91
2401 0 0 24 90
2402 0 0 50 97
2403 0 2 25 92
2404 0 0 31 102
2405 0 0 10 81
2406 0 0 36 95
2407 0 0 30 100
2408 0 0 35 97
2409 0 0 8 88
2410 0 0 0 83
2411 0 0 7 93
2412 0 0 0 111
2413 0 0 0 119
2414 0 0 0 91
2415 0 0 0 92
2416 0 0 0 107
2417 0 0 0 111
2418 0 0 0 82
2419 0 0 0 97
2420 0 0 0 83
2421 0 0 0 87
2422 0 0 0 84
2423 0 0 0 82
2424 0 0 0 96
2425 0 0 0 93
2426 0 0 0 101
2427 0 0 0 95
2428 0 0 0 98
2429 0 0 0 91
2430 0 0 0 62
2431 0 0 8 87
2432 0 0 0 115
2433 0 0 0 88
2434 0 0 0 89
2435 0 0 0 102
2436 0 0 13 95
2437 0 0 0 103
2438 0 0 0 94
2439 0 0 0 97
2440 0 0 0 83
2441 0 0 1 115
2442 0 0 0 94
2443 0 0 0 75
2444 0 0 0 92
2445 0 0 0 97
2446 0 0 0 92
2447 0 0 3 78
2448 0 0 0 106
2449 0 0 0 87
2450 0 0 1 91
2451 0 0 2 89
2452 0 0 12 113
2453 0 0 16 113
2454 0 0 13 91
2455 0 0 11 99
2456 0 0 10 86
2457 0 0 14 97
2458 0 0 0 85
2459 0 0 1 85
2460 0 0 0 106
2461 0 0 14 103
2462 0 0 26 84
2463 0 0 21 76
2464 0 0 1 92
2465 0 0 2 112
2466 0 0 3 101
2467 0 0 2 95
2468 0 0 5 93
2469 0 0 3 106
2470 0 0 4 100
2471 0 0 9 77
2472 0 0 0 94
2473 0 0 1 91
2474 0 0 9 113
2475 0 0 0 94
2476 0 0 0 76
2477 0 0 2 57
2478 0 0 6 113
2479 0 0 6 101
2480 0 0 1 70
2481 0 0 0 63
2482 0 0 3 46
2483 0 0 0 46
2484 0 0 5 37
2485 0 0 3 37
2486 0 0 0 50
2487 0 0 0 39
2488 0 0 0 54
2489 0 0 0 48
2490 0 0 0 54
2491 0 0 0 53
2492 0 0 0 42
2493 0 0 0 35
2494 0 0 0 48
2495 0 0 0 80
2496 0 0 0 79
2497 0 0 0 65
2498 0 0 0 72
2499 0 0 0 80
2500 0 0 0 88
2501 0 0 0 92
2502 0 0 0 90
2503 0 0 0 86
2504 0 0 0 81
2505 0 0 0 104
2506 0 0 0 86
2507 0 0 0 85
2508 0 0 0 93
2509 0 0 0 89
2510 0 0 0 107
2511 0 0 0 86
2512 0 0 0 101
2513 0 0 0 96
2514 0 0 0 83
2515 0 0 0 106
2516 0 0 0 94
2517 0 0 0 101
2518 0 0 1 65
2519 0 0 0 94
2520 0 0 0 69
2521 0 0 14 63
2522 0 0 20 68
2523 0 0 23 64
2524 0 0 6 44
2525 0 0 6 78
2526 0 0 0 71
2527 0 0 0 55
2528 0 0 11 61
2529 0 0 6 92
2530 0 0 2 71
2531 0 0 5 66
2532 0 0 4 63
2533 0 0 8 78
2534 0 0 6 71
2535 0 0 4 83
2536 0 0 7 81
2537 0 0 10 89
2538 0 0 2 74
2539 0 0 9 80
2540 0 0 3 66
2541 0 0 7 60
2542 0 0 0 71
2543 0 0 2 61
2544 0 0 2 94
2545 0 0 4 83
2546 0 0 5 85
2547 0 0 20 92
2548 0 0 15 106
2549 0 0 0 69
2550 0 0 0 100
2551 0 0 3 93
2552 0 0 3 66
2553 0 0 5 65
2554 0 0 5 79
2555 0 0 3 90
2556 0 0 9 68
2557 0 0 6 80
2558 0 0 3 99
2559 0 0 9 113
2560 0 0 6 55
2561 0 0 0 71
2562 0 0 3 62
2563 0 0 0 63
2564 0 0 5 63
2565 0 0 0 62
2566 0 0 6 27
2567 0 0 0 48
2568 0 0 0 49
2569 0 0 0 63
2570 0 0 0 84
2571 0 0 0 74
2572 0 0 0 42
2573 0 0 0 70
2574 0 0 0 84
2575 0 0 0 72
2576 0 0 0 62
2577 0 0 0 79
2578 0 0 0 79
2579 0 0 0 65
2580 0 0 0 79
2581 0 0 0 70
2582 0 0 0 71
2583 0 0 0 47
2584 0 0 0 54
2585 0 0 0 72
2586 0 0 0 91
2587 0 0 0 73
2588 0 0 0 63
2589 0 0 0 68
2590 0 0 0 77
2591 0 0 0 76
2592 0 0 0 92
2593 0 0 0 49
2594 0 0 0 84
2595 0 0 0 89
2596 0 1 0 94
2597 0 0 0 99
2598 0 0 0 99
2599 0 0 0 93
2600 0 1 0 63
2601 0 0 0 79
2602 0 0 0 83
2603 0 0 0 71
2604 0 2 0 83
2605 0 5 0 81
2606 0 0 0 85
2607 0 0 0 73
2608 0 1 0 78
2609 0 0 0 78
2610 0 0 0 86
2611 0 0 0 100
2612 0 7 0 80
2613 0 0 0 68
2614 0 0 0 65
2615 0 2 0 69
2616 0 3 0 41
2617 0 1 0 42
2618 0 2 2 29
2619 0 7 2 26
2620 0 1 2 30
2621 0 2 0 19
2622 0 2 0 20
2623 0 0 4 28
2624 0 0 4 24
2625 0 0 3 19
2626 0 1 2 38
2627 0 0 4 19
2628 0 0 4 18
2629 0 0 0 26
2630 0 0 0 23
2631 0 0 0 50
2632 0 0 0 39
2633 0 0 0 19
2634 0 0 0 22
2635 0 0 0 14
2636 0 0 0 22
2637 0 0 0 20
2638 0 0 0 23
2639 0 0 1 34
2640 0 3 0 19
2641 0 1 7 15
2642 0 1 0 20
2643 0 3 4 18
2644 0 0 6 17
2645 0 0 0 16
2646 0 0 0 30
2647 0 0 0 24
2648 0 0 0 20
2649 0 0 0 32
2650 0 0 0 26
2651 0 0 0 13
2652 0 0 0 3
2653 0 0 0 5
2654 0 0 0 13
2655 0 1 0 24
2656 0 2 0 25
2657 0 0 0 33
2658 0 0 0 25
2659 0 0 0 33
2660 0 0 0 21
2661 0 0 0 27
2662 0 0 0 17
2663 0 0 0 23
2664 0 1 0 12
2665 0 3 0 29
2666 0 0 5 39
2667 0 5 5 31
2668 0 1 2 4
2669 0 0 0 13
2670 0 0 0 6
2671 0 4 0 10
2672 0 0 0 25
2673 0 0 0 43
2674 0 0 0 24
2675 0 0 0 42
2676 0 1 6 27
2677 0 1 5 15
2678 0 0 5 14
2679 0 0 6 13
2680 0 0 4 26
2681 0 0 0 27
2682 0 1 0 43
2683 0 0 0 19
2684 0 0 0 29
2685 0 0 0 26
2686 0 1 0 18
2687 0 0 0 21
2688 0 0 0 26
2689 0 0 0 14
2690 0 0 0 24
2691 0 0 0 27
2692 0 0 0 24
2693 0 0 0 17
2694 0 0 0 12
2695 0 0 0 13
2696 0 0 0 13
2697 0 0 3 13
2698 0 0 1 16
2699 0 0 3 13
2700 0 0 14 20
2701 0 0 4 14
2702 0 0 0 15
2703 0 0 0 9
2704 0 0 2 16
2705 0 0 1 17
2706 0 5 0 15
2707 0 0 5 13
2708 0 0 8 14
2709 0 0 6 8
2710 0 0 4 12
2711 0 0 8 14
2712 0 1 4 11
2713 0 1 0 15
2714 0 1 7 8
2715 0 0 7 9
2716 0 0 9 13
2717 0 0 9 15
2718 0 0 3 17
2719 0 0 3 22
2720 0 1 7 15
2721 0 0 46 17
2722 0 3 26 18
2723 0 2 28 9
2724 0 0 41 15
2725 0 1 31 16
2726 0 0 30 10
2727 0 0 30 12
2728 0 0 36 8
2729 0 0 31 12
2730 0 2 28 12
2731 0 1 27 12
2732 0 0 27 24
2733 0 4 19 25
2734 0 0 23 22
2735 0 1 22 20
2736 0 3 34 15
2737 0 1 30 30
2738 0 1 36 21
2739 0 0 34 16
2740 0 3 34 19
2741 0 0 26 22
2742 0 3 35 48
2743 0 0 21 32
2744 0 0 31 46
2745 0 0 31 38
2746 0 3 34 29
2747 0 0 36 12
2748 0 1 26 11
2749 0 0 27 16
2750 0 0 22 11
2751 0 0 33 17
2752 0 1 25 14
2753 0 3 20 15
2754 0 0 19 17
2755 0 0 19 10
2756 0 0 18 16
2757 0 1 20 9
2758 0 0 25 16
2759 0 0 22 17
2760 0 0 18 13
2761 0 0 23 26
2762 0 0 18 21
2763 0 1 20 29
2764 0 1 24 27
2765 0 0 27 26
2766 0 0 15 26
2767 0 0 11 27
2768 0 0 23 27
2769 0 0 28 29
2770 0 0 15 25
2771 0 0 28 25
2772 0 0 38 27
2773 0 0 23 27
2774 0 0 29 8
2775 0 0 32 17
2776 0 0 29 24
2777 0 0 18 22
2778 0 3 25 21
2779 0 8 29 26
2780 0 1 32 23
2781 0 5 22 20
2782 0 3 26 16
2783 0 0 18 23
2784 0 0 22 17
2785 0 0 25 22
2786 0 0 29 28
2787 0 1 31 24
2788 0 0 32 26
2789 0 0 25 28
2790 0 0 31 32
2791 0 0 27 16
2792 0 0 31 27
2793 0 0 29 22
2794 0 0 25 24
2795 0 0 35 15
2796 0 1 38 16
2797 0 0 40 31
2798 0 0 36 24
2799 0 1 28 19
2800 0 3 0 17
2801 0 8 0 30
2802 0 0 7 14
2803 0 1 1 23
2804 0 1 0 23
2805 0 2 0 38
2806 0 7 0 27
2807 0 5 7 18
2808 0 0 9 36
2809 0 3 1 19
2810 0 0 0 28
2811 0 14 0 26
2812 0 15 4 5
2813 0 0 0 14
2814 0 7 0 5
2815 0 11 0 13
2816 0 4 0 9
2817 0 1 7 25
2818 0 17 5 35
2819 0 13 4 52
2820 0 1 0 67
2821 0 4 0 44
2822 0 0 3 30
2823 0 0 5 33
2824 0 1 4 18
2825 0 0 0 28
2826 0 0 0 15
2827 0 0 0 33
2828 0 0 0 43
2829 0 0 4 70
2830 0 0 0 50
2831 0 6 0 10
2832 0 1 2 24
2833 0 0 4 66
2834 0 0 0 62
2835 0 0 6 47
2836 0 7 0 47
2837 0 1 0 38
2838 0 0 0 68
2839 0 0 0 49
2840 0 0 0 58
2841 0 1 4 58
2842 0 0 0 80
2843 0 1 0 42
2844 0 1 0 79
2845 0 0 0 33
2846 0 0 0 34
2847 0 0 0 24
2848 0 0 0 39
2849 0 0 0 35
2850 0 0 0 47
2851 0 0 0 49
2852 0 0 0 54
2853 0 0 0 32
2854 0 1 0 64
2855 0 0 0 51
2856 0 4 0 49
2857 0 3 0 42
2858 0 0 0 56
2859 0 5 0 56
2860 0 2 0 41
2861 0 2 0 45
2862 0 0 0 37
2863 0 7 0 51
2864 0 1 0 23
2865 0 0 0 36
2866 0 9 0 45
2867 0 7 0 48
2868 0 11 0 48
2869 0 6 0 43
2870 0 10 0 41
2871 0 2 0 62
2872 0 9 6 53
2873 0 10 0 52
2874 0 8 0 74
2875 0 9 0 57
2876 0 5 6 48
2877 0 13 1 54
2878 0 10 0 52
2879 0 16 6 46
2880 0 9 9 33
2881 0 1 9 49
2882 0 0 5 52
2883 0 1 5 49
2884 0 0 3 57
2885 0 0 9 59
2886 0 13 7 52
2887 0 17 5 46
2888 0 1 7 54
2889 0 0 6 39
2890 0 0 3 45
2891 0 1 3 30
2892 0 5 6 69
2893 0 20 8 66
2894 0 14 0 49
2895 0 11 4 60
2896 0 34 0 35
2897 0 46 5 48
2898 0 30 9 41
2899 0 5 7 41
2900 0 5 0 53
2901 0 0 2 46
2902 0 1 8 47
2903 0 6 5 55
2904 0 0 5 55
2905 0 0 0 58
2906 0 0 4 40
2907 0 1 6 57
2908 0 0 6 54
2909 0 0 5 43
2910 0 0 3 43
2911 0 0 7 53
2912 0 0 8 58
2913 0 0 9 47
2914 0 0 2 47
2915 0 0 2 45
2916 0 0 5 47
2917 0 0 8 63
2918 0 0 6 46
2919 0 0 4 46
2920 0 0 5 54
2921 0 0 7 53
2922 0 0 9 43
2923 0 3 4 32
2924 0 0 5 49
2925 0 0 5 48
2926 0 0 1 49
2927 0 0 8 40
2928 0 0 3 51
2929 0 0 0 42
2930 0 13 6 43
2931 0 10 1 47
2932 0 0 0 43
2933 0 5 6 43
2934 0 6 6 58
2935 0 13 0 50
2936 0 0 0 32
2937 0 0 0 41
2938 0 0 0 41
2939 0 0 0 63
2940 0 0 0 60
2941 0 3 0 54
2942 0 0 0 53
2943 0 0 0 52
2944 0 1 0 65
2945 0 2 0 65
2946 0 2 2 81
2947 0 0 8 62
2948 0 4 5 36
2949 0 3 5 51
2950 0 0 4 49
2951 0 0 5 45
2952 0 0 0 38
2953 0 0 0 62
2954 0 0 0 38
2955 0 0 0 99
2956 0 0 0 72
2957 0 0 0 84
2958 0 0 0 79
2959 0 0 1 43
2960 0 0 6 64
2961 0 0 6 39
2962 0 0 0 52
2963 0 0 0 55
2964 0 0 0 39
2965 0 0 0 72
2966 0 0 0 78
2967 0 0 0 75
2968 0 0 1 62
2969 0 0 1 53
2970 0 0 0 50
2971 0 0 0 45
2972 0 0 0 48
2973 0 0 4 46
2974 0 0 7 67
2975 0 0 0 46
2976 0 0 0 54
2977 0 0 0 41
2978 0 0 4 43
2979 0 0 4 36
2980 0 0 0 76
2981 0 0 0 68
2982 0 0 1 103
2983 0 0 0 82
2984 0 0 8 72
2985 0 0 5 86
2986 0 0 7 88
2987 0 0 9 131
2988 0 0 6 113
2989 0 0 0 69
2990 0 0 8 76
2991 0 0 6 88
2992 0 0 0 116
2993 0 0 7 96
2994 0 0 8 76
2995 0 0 4 51
2996 0 0 6 103
2997 0 0 5 88
2998 0 0 7 113
2999 0 0 1 104
3000 0 0 5 109
3001 0 0 4 111
3002 0 0 6 101
3003 0 0 0 120
3004 0 0 6 61
3005 0 0 5 86
3006 0 0 2 87
3007 0 0 2 130
3008 0 0 7 93
3009 0 0 4 117
3010 0 0 8 142
3011 0 0 9 81
3012 0 0 0 129
3013 0 0 6 129
3014 0 0 9 115
3015 0 0 8 96
3016 0 0 6 131
3017 0 0 2 91
3018 0 0 5 92
3019 0 0 9 23
3020 0 0 0 49
3021 0 0 5 68
3022 0 0 4 80
3023 0 0 3 105
3024 0 0 4 88
3025 0 0 7 115
3026 0 0 3 107
3027 0 0 6 88
3028 0 0 4 112
3029 0 0 7 84
3030 0 0 9 89
3031 0 0 8 107
3032 0 0 0 106
3033 0 0 5 92
3034 0 0 0 85
3035 0 0 0 92
3036 0 0 0 125
3037 0 0 4 117
3038 0 0 0 77
3039 0 0 5 83
3040 0 0 0 67
3041 0 0 5 72
3042 0 0 5 82
3043 0 0 4 96
3044 0 0 8 79
3045 0 0 4 81
3046 0 0 7 72
3047 0 0 9 63
3048 0 0 0 83
3049 0 0 9 84
3050 0 0 6 100
3051 0 0 8 105
3052 0 0 5 131
3053 0 0 6 104
3054 0 0 10 111
3055 0 0 10 95
3056 0 0 6 107
3057 0 0 8 84
3058 0 0 9 91
3059 0 0 4 73
3060 0 0 8 102
3061 0 0 8 108
3062 0 0 5 100
3063 0 0 10 130
3064 0 0 4 77
3065 0 0 9 85
3066 0 0 9 80
3067 0 0 9 75
3068 0 0 5 69
3069 0 0 3 84
3070 0 0 6 84
3071 0 0 5 108
3072 0 0 6 116
3073 0 0 0 73
3074 0 0 10 66
3075 0 0 3 88
3076 0 0 3 91
3077 0 0 8 67
3078 0 0 6 97
3079 0 0 6 72
3080 0 0 7 102
3081 0 0 7 81
3082 0 0 1 65
3083 0 0 6 42
3084 0 0 5 90
3085 0 0 7 131
3086 0 0 10 97
3087 0 0 9 85
3088 0 0 4 90
3089 0 0 6 73
3090 0 0 9 95
3091 0 0 9 94
3092 0 0 7 88
3093 0 0 8 84
3094 0 0 9 92
3095 0 0 0 85
3096 0 0 1 73
3097 0 0 0 91
3098 0 0 0 84
3099 0 0 0 84
3100 0 0 0 74
3101 0 0 0 61
3102 0 0 0 71
3103 0 0 6 67
3104 0 0 4 87
3105 0 0 1 73
3106 0 0 1 108
3107 0 0 0 93
3108 0 0 0 92
3109 0 0 3 87
3110 0 0 2 63
3111 0 0 8 78
3112 0 0 7 75
3113 0 0 7 84
3114 0 0 4 99
3115 0 0 3 91
3116 0 0 4 93
3117 0 0 5 111
3118 0 0 5 104
3119 0 0 5 109
3120 0 0 6 97
3121 0 0 2 126
3122 0 0 6 110
3123 0 0 8 124
3124 0 0 9 121
3125 0 0 6 118
3126 0 0 8 126
3127 0 0 8 96
3128 0 0 8 91
3129 0 0 2 92
3130 0 0 8 91
3131 0 0 9 97
3132 0 0 9 116
3133 0 0 0 109
3134 0 0 6 110
3135 0 0 6 76
3136 0 0 9 70
3137 0 0 9 80
3138 0 0 6 69
3139 0 0 9 68
3140 0 0 8 96
3141 0 0 6 83
3142 0 0 6 56
3143 0 0 9 64
3144 0 0 6 70
3145 0 0 8 73
3146 0 0 9 72
3147 0 0 8 82
3148 0 0 6 93
3149 0 0 6 88
3150 0 0 4 86
3151 0 0 8 101
3152 0 0 9 103
3153 0 0 9 82
3154 0 0 8 90
3155 0 0 5 97
3156 0 0 5 93
3157 0 0 0 138
3158 0 0 1 167
3159 0 0 0 162
3160 0 0 0 172
3161 0 0 5 163
3162 0 0 8 129
3163 0 0 0 167
3164 0 0 3 131
3165 0 0 0 151
3166 0 0 3 224
3167 0 0 4 195
3168 0 0 8 157
3169 0 0 4 126
3170 0 0 9 119
3171 0 0 6 104
3172 0 0 4 142
3173 0 0 0 91
3174 0 0 0 124
3175 0 0 0 122
3176 0 0 6 116
3177 0 0 0 73
3178 0 0 6 83
3179 0 0 8 91
3180 0 0 4 108
3181 0 0 4 87
3182 0 0 5 98
3183 0 0 6 120
3184 0 0 6 107
3185 0 0 7 105
3186 0 0 0 119
3187 0 0 5 122
3188 0 0 8 105
3189 0 0 9 132
3190 0 0 7 157
3191 0 0 9 125
3192 0 0 6 155
3193 0 0 5 153
3194 0 0 6 163
3195 0 0 3 148
3196 0 0 1 172
3197 0 0 0 143
3198 0 0 0 151
3199 0 0 1 129
3200 0 0 0 140
3201 0 0 0 135
3202 0 0 0 185
3203 0 0 5 155
3204 0 0 0 140
3205 0 0 9 158
3206 0 0 9 179
3207 0 0 0 151
3208 0 0 0 167
3209 0 0 0 146
3210 0 0 0 154
3211 0 0 8 128
3212 0 0 9 153
3213 0 0 6 111
3214 0 0 0 163
3215 0 0 6 165
3216 0 0 8 134
3217 0 0 0 153
3218 0 0 5 156
3219 0 0 8 99
3220 0 0 5 112
3221 0 0 7 113
3222 0 0 9 131
3223 0 0 8 131
3224 0 0 8 159
3225 0 0 9 143
3226 0 0 8 126
3227 0 0 9 138
3228 0 0 8 118
3229 0 0 7 112
3230 0 0 0 103
3231 0 0 4 141
3232 0 0 9 108
3233 0 0 4 73
3234 0 0 9 68
3235 0 0 0 78
3236 0 0 5 88
3237 0 0 9 80
3238 0 0 6 83
3239 0 0 4 114
3240 0 0 0 101
3241 0 0 1 126
3242 0 0 1 121
3243 0 0 0 97
3244 0 0 0 110
3245 0 0 7 111
3246 0 0 5 87
3247 0 0 9 103
3248 0 0 6 121
3249 0 0 5 123
3250 0 0 8 89
3251 0 0 9 117
3252 0 0 8 95
3253 0 0 9 106
3254 0 0 6 83
3255 0 0 5 101
3256 0 0 0 92
3257 0 0 3 93
3258 0 0 6 85
3259 0 0 6 99
3260 0 0 0 131
3261 0 0 5 152
3262 0 0 5 130
3263 0 0 0 170
3264 0 0 0 133
3265 0 0 0 128
3266 0 0 6 121
3267 0 0 0 130
3268 0 0 0 148
3269 0 0 9 173
3270 0 0 0 133
3271 0 0 7 175
3272 0 0 9 163
3273 0 0 0 111
3274 0 0 1 98
3275 0 0 0 133
3276 0 0 0 142
3277 0 0 0 120
3278 0 0 1 189
3279 0 0 6 159
3280 0 0 0 174
3281 0 0 6 166
3282 0 0 2 122
3283 0 0 2 143
3284 0 0 6 150
3285 0 0 2 154
3286 0 0 6 164
3287 0 0 6 146
3288 0 0 0 161
3289 0 0 8 139
3290 0 0 7 139
3291 0 0 9 121
3292 0 0 0 116
3293 0 0 4 103
3294 0 0 0 121
3295 0 0 6 116
3296 0 0 0 109
3297 0 0 6 124
3298 0 0 0 129
3299 0 0 6 139
3300 0 0 0 76
3301 0 0 0 133
3302 0 0 5 143
3303 0 0 8 156
3304 0 0 0 133
3305 0 0 0 147
3306 0 0 9 127
3307 0 0 9 160
3308 0 0 8 157
3309 0 0 9 148
3310 0 0 8 118
3311 0 0 8 120
3312 0 0 8 113
3313 0 0 7 142
3314 0 0 9 102
3315 0 0 9 146
3316 0 0 6 107
3317 0 0 7 129
3318 0 0 6 128
3319 0 0 5 130
3320 0 0 3 116
3321 0 0 8 64
3322 0 0 8 94
3323 0 0 7 126
3324 0 0 0 107
3325 0 0 0 112
3326 0 0 3 75
3327 0 0 6 110
3328 0 0 0 70
3329 0 0 0 121
3330 0 0 7 103
3331 0 0 6 121
3332 0 0 8 110
3333 0 0 8 144
3334 0 0 9 136
3335 0 0 1 155
3336 0 0 5 167
3337 0 0 2 151
3338 0 0 0 138
3339 0 0 9 136
3340 0 0 0 133
3341 0 0 7 129
3342 0 0 1 142
3343 0 0 0 135
3344 0 0 0 119
3345 0 2 0 137
3346 0 1 0 107
3347 0 0 0 115
3348 0 5 0 95
3349 0 8 0 114
3350 0 0 0 119
3351 0 7 0 101
3352 0 0 0 101
3353 0 0 0 115
3354 0 1 0 136
3355 0 0 0 130
3356 0 0 3 113
3357 0 0 5 130
3358 0 1 6 124
3359 0 0 1 103
3360 0 0 4 92
3361 0 0 5 99
3362 0 0 5 127
3363 0 0 5 119
3364 0 0 0 96
3365 0 0 0 125
3366 0 0 5 139
3367 0 0 9 151
3368 0 0 6 155
3369 0 0 0 168
3370 0 0 0 127
3371 0 0 0 138
3372 0 0 0 140
3373 0 0 0 178
3374 0 0 0 146
3375 0 0 0 126
3376 0 0 2 171
3377 0 0 0 147
3378 0 0 0 178
3379 0 0 0 139
3380 0 0 0 116
3381 0 0 0 123
3382 0 0 0 91
3383 0 0 0 104
3384 0 0 0 110
3385 0 0 0 135
3386 0 0 0 125
3387 0 0 0 131
3388 0 0 0 153
3389 0 0 0 147
3390 0 0 0 146
3391 0 0 0 176
3392 0 0 0 144
3393 0 0 0 135
3394 0 0 0 155
3395 0 0 2 145
3396 0 0 9 154
3397 0 0 7 141
3398 0 0 6 149
3399 0 0 8 138
3400 0 0 4 151
3401 0 0 7 136
3402 0 0 8 164
3403 0 0 7 168
3404 0 0 8 126
3405 0 0 1 152
3406 0 0 4 152
3407 0 0 9 159
3408 0 0 0 187
3409 0 0 0 182
3410 0 0 0 180
3411 0 0 0 125
3412 0 0 0 134
3413 0 0 5 145
3414 0 0 0 151
3415 0 0 0 177
3416 0 0 0 129
3417 0 0 1 89
3418 0 0 6 100
3419 0 0 1 116
3420 0 0 8 117
3421 0 0 9 154
3422 0 0 7 129
3423 0 0 4 108
3424 0 0 7 73
3425 0 0 6 153
3426 0 0 1 108
3427 0 0 0 57
3428 0 0 0 48
3429 0 0 0 99
3430 0 0 0 95
3431 0 0 0 80
3432 0 0 0 71
3433 0 0 7 99
3434 0 0 0 95
3435 0 0 0 89
3436 0 0 0 116
3437 0 0 2 108
3438 0 0 5 131
3439 0 0 0 118
3440 0 0 1 142
3441 0 0 5 132
3442 0 0 0 156
3443 0 0 0 147
3444 0 0 0 146
3445 0 0 0 171
3446 0 0 0 157
3447 0 0 0 118
3448 0 0 0 126
3449 0 0 0 101
3450 0 0 0 144
3451 0 0 0 169
3452 0 0 0 122
3453 0 0 0 136
3454 0 0 0 134
3455 0 0 0 126
3456 0 0 0 183
3457 0 0 4 135
3458 0 0 3 108
3459 0 0 4 157
3460 0 0 7 111
3461 0 0 0 137
3462 0 0 0 149
3463 0 0 8 136
3464 0 0 6 118
3465 0 0 4 118
3466 0 0 0 126
3467 0 0 0 141
3468 0 0 0 116
3469 0 0 0 147
3470 0 0 0 126
3471 0 0 0 138
3472 0 0 0 129
3473 0 0 0 135
3474 0 0 0 118
3475 0 0 0 105
3476 0 0 0 155
3477 0 0 0 109
3478 0 0 0 131
3479 0 0 0 94
3480 0 0 2 131
3481 0 0 6 139
3482 0 0 0 149
3483 0 0 0 140
3484 0 0 5 118
3485 0 0 1 139
3486 0 0 2 147
3487 0 0 3 131
3488 0 0 0 98
3489 0 0 3 141
3490 0 0 0 140
3491 0 0 0 110
3492 0 0 6 155
3493 0 0 1 133
3494 0 0 0 158
3495 0 0 3 153
3496 0 0 0 150
3497 0 0 3 185
3498 0 0 7 175
3499 0 0 7 171
